procs -----------memory---------- ---swap-- -----io---- -system-- -------cpu-------
 r  b   swpd   free   buff  cache   si   so    bi    bo   in   cs us sy id wa st gu
 4  0 395040 91622708 2151812 60819028    2    7 16020 21615 11661    3  2  0 97  0  0  0
17  0 395040 91521844 2151816 60819088    0    0     0 360252 109378 222694 18  2 80  0  0  0
19  0 395040 91513456 2151816 60822412    0    0     0 305500 158653 614692 18  5 77  0  0  0
23  0 395040 91505112 2151816 60827460    0    0     0 303692 161223 609754 18  5 77  0  0  0
21  1 395040 91502320 2151816 60831912    0    0     0 307976 159228 613979 18  5 77  0  0  0
19  0 395040 91496824 2151816 60836648    0    0     0 308252 159205 616646 18  5 77  0  0  0
23  1 395040 91490212 2151824 60841356    0    0     0 305440 159590 621020 18  5 77  1  0  0
21  0 395040 91487824 2151824 60845992    0    0     0 305052 159557 621942 18  5 77  1  0  0
18  0 395040 91485872 2151824 60850644    0    0     0 303528 159022 617795 18  5 77  1  0  0
18  0 395040 91479752 2151824 60855344    0    0     0 303340 158444 617219 18  5 77  1  0  0
18  0 395040 91470008 2151824 60859540    0    0     0 303412 158273 612683 18  5 77  1  0  0
18  0 395040 91472616 2151828 60864464    0    0     0 307648 159706 618495 18  5 77  1  0  0
14  1 395040 91473036 2151828 60869228    0    0     0 310032 158592 621482 18  5 77  1  0  0
21  0 395040 91472372 2151828 60873600    0    0     0 308820 157559 613841 18  5 77  1  0  0
17  1 395040 91466864 2151828 60878408    0    0     0 311424 158772 614947 18  5 77  1  0  0
19  1 395040 91457820 2151828 60883132    0    0     0 312320 158926 618070 18  5 77  1  0  0
21  0 395040 91456000 2151828 60887756    0    0     0 309152 158079 618524 18  5 77  0  0  0
18  1 395040 91456484 2151828 60892360    0    0     0 312612 159115 620041 18  5 77  1  0  0
20  1 395040 91448648 2151828 60897044    0    0     0 314372 158909 623355 18  5 77  1  0  0
18  0 395040 91446588 2151828 60901656    0    0     0 316144 159305 621838 18  5 77  1  0  0
16  0 395040 91444260 2151828 60906252    0    0     0 311372 158356 619139 18  5 77  1  0  0
procs -----------memory---------- ---swap-- -----io---- -system-- -------cpu-------
 r  b   swpd   free   buff  cache   si   so    bi    bo   in   cs us sy id wa st gu
19  0 395040 91435504 2151828 60910896    0    0     0 306552 156478 610405 18  5 77  1  0  0
18  1 395040 91438276 2151828 60915764    0    0     0 306056 156371 605110 18  5 77  1  0  0
18  0 395040 91443452 2151828 60920108    0    0     0 315148 160152 617351 18  5 77  0  0  0
16  2 395040 91433736 2151828 60925196    0    0     0 313204 158393 614365 18  5 77  1  0  0
18  0 395040 91425856 2151828 60929608    0    0     0 314336 158795 615505 18  5 77  1  0  0
17  1 395040 91422392 2151836 60933792    0    0     0 315764 158347 618740 18  5 77  1  0  0
19  1 395040 91421248 2151836 60939048    0    0     0 312244 156773 613812 18  5 77  1  0  0
17  0 395040 91370564 2151836 60943408    0    0     0 304540 154324 576202 17  5 78  1  0  0
21  0 395040 91366008 2151836 60948032    0    0     0 315504 157636 613793 18  5 77  1  0  0
18  1 395040 91424628 2151836 60952520    0    0     0 317648 159150 614283 18  5 77  1  0  0
18  0 395040 91422280 2151836 60957168    0    0     0 314324 158266 616074 18  5 77  0  0  0
20  0 395040 91415324 2151836 60961884    0    0     0 318932 159335 623699 18  5 77  0  0  0
21  1 395040 91411564 2151836 60966480    0    0     0 316080 157422 616779 18  5 77  1  0  0
18  1 395040 91412272 2151836 60971212    0    0     0 314588 157378 613483 18  5 77  1  0  0
19  0 395040 91408392 2151836 60975868    0    0     0 318912 158726 618647 18  5 77  1  0  0
22  0 395040 91400048 2151836 60980500    0    0     0 315168 157714 616436 18  5 77  1  0  0
19  1 395040 91393564 2151836 60984984    0    0     0 316316 158345 618209 18  5 77  1  0  0
19  0 395040 91392616 2151836 60989736    0    0     0 318540 158521 620044 18  5 77  1  0  0
20  0 395040 91384308 2151836 60994296    0    0     0 314276 157520 610625 18  5 77  1  0  0
17  2 395040 91379472 2151836 60998900    0    0     0 311636 156529 605042 18  5 77  1  0  0
17  1 395040 91376284 2151836 61003340    0    0     0 316816 158232 618289 18  5 77  1  0  0
procs -----------memory---------- ---swap-- -----io---- -system-- -------cpu-------
 r  b   swpd   free   buff  cache   si   so    bi    bo   in   cs us sy id wa st gu
17  1 395040 91372020 2151836 61008176    0    0     0 349908 159606 612589 18  5 77  1  0  0
20  1 395040 91364436 2151836 61012952    0    0     0 351636 160204 619581 18  5 77  1  0  0
18  0 395040 91363732 2151836 61017244    0    0     0 346512 157904 612985 17  5 77  1  0  0
18  1 395040 91350640 2151836 61021832    0    0     0 344932 157892 613823 18  5 77  1  0  0
20  0 395040 91345736 2151836 61026680    0    0     0 350188 159289 621377 18  5 77  1  0  0
23  0 395040 91341756 2151836 61031340    0    0     0 348028 158242 613712 18  5 77  1  0  0
17  0 395040 91329340 2151836 61036044    0    0     0 349224 159698 617040 18  5 77  1  0  0
19  0 395040 91326332 2151836 61040588    0    0     0 346504 157833 607766 18  5 77  1  0  0
19  0 395040 91324432 2151836 61044984    0    0     0 346820 157546 610085 18  5 77  1  0  0
20  0 395040 91323476 2151840 61049644    0    0     0 348576 157698 611639 18  5 77  1  0  0
14  2 395040 91316132 2151840 61054176    0    0     0 351712 159092 610270 18  5 77  1  0  0
17  1 395040 91314556 2151840 61058468    0    0     0 344680 157183 604795 18  5 77  1  0  0
17  2 395040 91307708 2151840 61063268    0    0     0 346916 158158 603876 18  5 77  1  0  0
17  1 395040 91303108 2151840 61067784    0    0     0 344920 158694 607300 18  5 77  1  0  0
21  0 395040 91295820 2151840 61072264    0    0     0 343504 158360 602327 18  5 77  1  0  0
21  0 395040 91298920 2151840 61076912    0    0     0 341328 157428 603313 17  5 77  1  0  0
15  1 395040 91289088 2151840 61081432    0    0     0 348156 159851 615721 18  5 77  1  0  0
18  1 395040 91266928 2151840 61085960    0    0     0 350680 160274 613408 18  5 77  1  0  0
18  0 395040 91262908 2151840 61090280    0    0     0 351728 160617 615902 18  5 76  1  0  0
18  1 395040 91258712 2151844 61094884    0    0     0 352336 160235 617264 18  5 77  1  0  0
18  1 395040 91252280 2151844 61099684    0    0     0 352172 159366 612038 17  5 77  1  0  0
procs -----------memory---------- ---swap-- -----io---- -system-- -------cpu-------
 r  b   swpd   free   buff  cache   si   so    bi    bo   in   cs us sy id wa st gu
20  0 395040 91242648 2151844 61104268    0    0     0 350528 158900 617384 18  5 77  1  0  0
18  1 395040 91238848 2151844 61108804    0    0     0 352060 159577 617273 18  5 77  1  0  0
19  0 395040 91230744 2151844 61113544    0    0     0 350996 159803 611438 18  5 77  1  0  0
22  0 395040 91234280 2151848 61117960    0    0     0 335320 155282 598155 17  5 77  1  0  0
17  1 395040 91230716 2151848 61122424    0    0     0 339196 155680 599805 17  5 77  1  0  0
23  0 395040 91226496 2151848 61127020    0    0     0 351536 158507 609020 18  5 77  1  0  0
19  1 395040 91225852 2151848 61131548    0    0     0 355072 159881 618368 18  5 77  1  0  0
19  0 395040 91221812 2151848 61136268    0    0     0 353108 158500 607644 17  5 77  1  0  0
20  0 395040 91215640 2151848 61140728    0    0     0 352780 158617 608471 17  5 77  1  0  0
19  0 395040 91213736 2151848 61145288    0    0     0 375416 158294 604736 17  5 77  1  0  0
19  0 395040 91211024 2151848 61149764    0    0     0 373660 158288 601985 17  5 77  1  0  0
17  1 395040 91210808 2151848 61154096    0    0     0 373912 157732 598166 17  5 77  1  0  0
19  0 395040 91206996 2151848 61158644    0    0     0 374332 159967 602525 17  5 77  1  0  0
19  0 395040 91199288 2151852 61163232    0    0     0 377024 160892 612252 18  5 77  1  0  0
19  0 395040 91204608 2151852 61167524    0    0     0 366444 157492 590065 17  5 77  1  0  0
17  1 395040 91196656 2151852 61172136    0    0     0 367952 156631 586636 17  5 78  1  0  0
17  1 395040 91188496 2151852 61176320    0    0     0 371132 158689 591966 17  5 77  1  0  0
17  1 395040 91181712 2151852 61180812    0    0     0 375920 159858 602495 17  5 77  1  0  0
18  1 395040 91175692 2151852 61185308    0    0     0 376732 160350 603514 17  5 77  1  0  0
18  1 395040 91174532 2151852 61189636    0    0     0 377056 159211 604234 17  5 77  1  0  0
17  1 395040 91170124 2151852 61194228    0    0     0 379772 161251 608989 17  5 77  1  0  0
procs -----------memory---------- ---swap-- -----io---- -system-- -------cpu-------
 r  b   swpd   free   buff  cache   si   so    bi    bo   in   cs us sy id wa st gu
21  1 395040 91160364 2151852 61198748    0    0     0 379376 160615 606870 17  5 77  1  0  0
24  1 395040 91159664 2151852 61203216    0    0     0 376592 160837 606013 17  5 77  1  0  0
19  1 395040 91156264 2151852 61207720    0    0     0 374996 159997 605901 17  5 77  1  0  0
18  0 395040 91156904 2151852 61212196    0    0     0 376560 160101 606034 17  5 77  1  0  0
 1  0 395040 91149052 2151852 61216816    0    0     0 373412 158882 599946 17  5 77  1  0  0
18  0 395040 91148668 2151852 61221128    0    0     0 371276 159025 598364 17  5 77  1  0  0
19  1 395040 91144344 2151852 61225276    0    0     0 375808 158397 605153 18  5 77  1  0  0
17  1 395040 91135808 2151856 61230172    0    0     0 376060 159659 604830 17  5 77  1  0  0
20  0 395040 91130764 2151856 61234764    0    0     0 375984 159147 602369 18  5 77  1  0  0
20  0 395040 91122904 2151856 61239020    0    0     0 373912 159341 595772 17  5 77  1  0  0
18  0 395040 91119000 2151856 61243492    0    0     0 374236 158600 595956 17  5 77  1  0  0
19  0 395040 91123996 2151856 61247668    0    0     0 373460 158404 596048 17  5 77  1  0  0
17  1 395040 91121408 2151860 61252352    0    0     0 372132 157343 600122 17  5 77  1  0  0
19  1 395040 91108724 2151860 61257004    0    0     0 372700 158570 602756 17  5 77  1  0  0
16  1 395040 91099288 2151860 61261336    0    0     0 373304 160230 603863 18  5 77  1  0  0
20  0 395040 91098928 2151860 61265996    0    0     0 377708 161399 611353 18  5 77  1  0  0
16  1 395040 91088716 2151860 61270540    0    0     0 379168 160842 614941 18  5 77  1  0  0
20  0 395040 91080972 2151860 61275152    0    0     0 377316 160451 607840 17  5 77  1  0  0
19  0 395040 91077212 2151860 61279596    0    0     0 388464 160265 602490 17  5 77  1  0  0
20  0 395040 91053180 2151860 61284096    0    0     0 370020 154493 576778 17  4 78  1  0  0
17  1 395040 91058320 2151860 61288420    0    0     0 371600 155435 585941 17  5 77  1  0  0
procs -----------memory---------- ---swap-- -----io---- -system-- -------cpu-------
 r  b   swpd   free   buff  cache   si   so    bi    bo   in   cs us sy id wa st gu
24  1 395040 91056788 2151860 61292888    0    0     0 380284 157541 591601 17  5 77  1  0  0
18  0 395040 91052036 2151860 61297396    0    0     0 390196 159648 608827 18  5 77  1  0  0
21  0 395040 91041572 2151860 61301972    0    0     0 388092 160336 608168 18  5 77  1  0  0
18  0 395040 91039400 2151860 61306332    0    0     0 384136 157350 590908 17  5 77  1  0  0
17  1 395040 91032900 2151860 61310880    0    0     0 384552 157718 599183 17  5 77  1  0  0
17  1 395040 91028876 2151860 61315356    0    0     0 387796 158448 594013 17  5 77  1  0  0
19  2 395040 91029360 2151864 61319816    0    0     0 397596 162622 608061 18  5 77  1  0  0
18  1 395040 91020892 2151864 61324340    0    0     0 408864 167911 617628 18  5 77  1  0  0
18  0 395040 91019788 2151864 61328756    0    0     0 407020 165278 599957 17  4 78  1  0  0
16  1 395040 91013524 2151864 61333028    0    0     0 406320 166546 603777 17  5 77  1  0  0
18  0 395040 91002736 2151864 61337400    0    0     0 394108 161184 599572 17  5 77  1  0  0
20  0 395040 90998896 2151872 61341796    0    0     0 391960 157664 605128 18  5 77  1  0  0
18  0 395040 90992272 2151872 61346408    0    0     0 395600 159102 608604 18  5 77  1  0  0
17  1 395040 90987136 2151872 61351080    0    0     0 397964 159473 609236 18  5 77  1  0  0
19  0 395040 90983828 2151872 61355584    0    0     0 397712 159826 604545 18  5 77  1  0  0
23  0 395040 90981904 2151872 61360080    0    0     0 397888 158719 604899 18  5 77  1  0  0
23  0 395040 90981472 2151876 61364392    0    0     0 402160 160022 604822 18  5 77  1  0  0
19  1 395040 90986068 2151876 61369088    0    0     0 401704 161045 610863 17  5 77  1  0  0
17  1 395040 90979348 2151876 61373528    0    0     0 399396 159209 604322 17  5 77  1  0  0
19  0 395040 90975784 2151876 61378160    0    0     0 400188 160962 605281 18  5 77  1  0  0
18  0 395040 90967496 2151876 61382588    0    0     0 399668 159590 601092 18  5 77  1  0  0
procs -----------memory---------- ---swap-- -----io---- -system-- -------cpu-------
 r  b   swpd   free   buff  cache   si   so    bi    bo   in   cs us sy id wa st gu
18  1 395040 90957928 2151876 61387084    0    0     0 394788 158703 596667 17  5 77  1  0  0
17  1 395040 90953172 2151876 61391596    0    0     0 398124 160945 606585 18  5 77  1  0  0
17  0 395040 90944036 2151876 61396128    0    0     0 399824 160395 606570 18  5 77  1  0  0
17  1 395040 90945512 2151876 61400516    0    0     0 398632 159433 601373 17  5 77  1  0  0
18  0 395040 90935332 2151876 61405012    0    0     0 400736 159741 601380 17  5 77  1  0  0
18  0 395040 90929884 2151876 61409600    0    0     0 395836 159390 593796 17  5 77  1  0  0
19  0 395040 90921000 2151876 61413712    0    0     0 408660 159995 598974 17  5 77  1  0  0
17  1 395040 90916864 2151876 61418352    0    0     0 405892 158648 602509 17  5 77  1  0  0
16  1 395040 90919964 2151880 61422908    0    0     0 410644 160724 605875 18  5 77  1  0  0
20  1 395040 90916268 2151880 61427384    0    0     0 410308 159756 598847 17  5 77  1  0  0
17  0 395040 90905284 2151884 61431768    0    0     0 416348 159212 592920 17  5 77  1  0  0
20  1 395040 90899272 2151884 61436148    0    0     0 407316 156153 578675 17  5 77  1  0  0
20  0 395040 90901184 2151884 61440480    0    0     0 406940 154883 575273 17  5 78  1  0  0
23  0 395040 90898960 2151884 61444816    0    0     0 418976 157880 588823 17  5 77  1  0  0
19  0 395040 90895532 2151884 61449272    0    0     0 418992 158534 591801 17  5 77  1  0  0
19  1 395040 90886180 2151884 61453556    0    0     0 418748 159299 597559 17  5 77  1  0  0
19  0 395040 90885588 2151884 61457996    0    0     0 415568 157725 589765 17  4 78  1  0  0
19  0 395040 90879772 2151884 61462360    0    0     0 413524 158561 582404 17  5 78  1  0  0
18  0 395040 90872220 2151884 61466720    0    0     0 411796 158742 591721 17  5 77  1  0  0
20  0 395040 90864980 2151884 61471176    0    0     0 410136 159157 592725 17  5 77  1  0  0
21  0 395040 90862544 2151892 61475440    0    0     0 402380 156910 573103 17  4 78  1  0  0
procs -----------memory---------- ---swap-- -----io---- -system-- -------cpu-------
 r  b   swpd   free   buff  cache   si   so    bi    bo   in   cs us sy id wa st gu
21  0 395040 90851728 2151892 61479756    0    0     0 407700 159020 592524 17  5 77  1  0  0
17  1 395040 90806860 2151892 61484220    0    0     0 397192 154846 563601 16  5 78  1  0  0
19  0 395040 90805224 2151892 61488272    0    0     0 411280 160354 601143 17  5 77  1  0  0
18  1 395040 90807960 2151892 61492816    0    0     0 411092 160009 606238 17  5 77  1  0  0
20  0 395040 90861028 2151900 61497272    0    0     0 409508 159881 602241 17  5 77  1  0  0
20  0 395040 90851340 2151900 61501824    0    0     0 406936 158724 605353 17  5 77  1  0  0
20  0 395040 90849468 2151900 61506344    0    0     0 409500 160544 606017 18  5 77  1  0  0
20  0 395040 90839768 2151900 61510692    0    0     0 407556 161446 608707 18  5 77  1  0  0
22  0 395040 90835824 2151900 61515440    0    0     0 408124 161577 608788 18  5 77  1  0  0
20  0 395040 90833380 2151904 61519900    0    0     0 406644 162128 606623 17  5 77  1  0  0
16  2 395040 90828772 2151904 61524368    0    0     0 403736 159981 601646 18  5 77  1  0  0
18  0 395040 90823828 2151904 61528828    0    0     0 399492 159484 597486 17  5 77  1  0  0
18  1 395040 90817968 2151904 61533292    0    0     0 402148 159558 598723 17  5 77  1  0  0
18  0 395040 90812556 2151904 61537708    0    0     0 400572 158765 599183 18  5 77  1  0  0
19  0 395040 90803732 2151908 61542188    0    0     0 403012 159088 600267 17  5 77  1  0  0
19  0 395040 90800040 2151908 61546564    0    0     0 404828 157721 595099 17  5 77  1  0  0
20  0 395040 90800904 2151908 61551084    0    0     0 418292 162688 609418 18  5 77  1  0  0
18  1 395040 90795332 2151908 61555520    0    0     0 426244 167663 623528 18  5 77  1  0  0
20  0 395040 90793140 2151912 61560092    0    0     0 422636 165783 620659 17  5 77  1  0  0
19  0 395040 90785420 2151912 61564588    0    0     0 411996 162177 607786 17  5 77  1  0  0
17  0 395040 90783264 2151912 61569020    0    0     0 403572 159015 598983 17  5 77  1  0  0
procs -----------memory---------- ---swap-- -----io---- -system-- -------cpu-------
 r  b   swpd   free   buff  cache   si   so    bi    bo   in   cs us sy id wa st gu
18  0 395040 90750836 2151912 61573432    0    0     0 387452 156025 580903 17  5 77  1  0  0
19  1 395040 90730760 2151912 61577984    0    0     0 387652 156592 584202 18  5 76  1  0  0
18  0 395040 90730744 2151912 61582400    0    0     0 382868 154196 584680 17  5 77  1  0  0
21  0 395040 90728700 2151924 61586768    0    0     0 380028 153833 576377 17  5 77  1  0  0
17  1 395040 90739152 2151924 61591068    0    0     0 403716 159065 602720 17  5 77  1  0  0
18  0 395040 90742088 2151924 61595604    0    0     0 402764 160453 601715 18  5 77  1  0  0
18  1 395040 90735716 2151924 61600108    0    0     0 400028 158405 601398 17  5 77  1  0  0
16  1 395040 90738164 2151928 61604524    0    0     0 396728 158468 585867 17  5 77  1  0  0
18  0 395040 90732052 2151928 61608928    0    0     0 396628 156914 589408 17  4 78  1  0  0
18  1 395040 90729160 2151928 61613348    0    0     0 397852 157120 587339 17  5 78  1  0  0
18  1 395040 90724440 2151928 61617648    0    0     0 399140 158598 598764 17  5 77  1  0  0
20  0 395040 90717820 2151932 61622216    0    0     0 389544 155652 580297 17  5 77  1  0  0
21  1 395040 90717024 2151932 61626568    0    0     0 390072 155938 583219 17  5 77  1  0  0
21  0 395040 90704736 2151932 61630844    0    0     0 390568 156557 588371 17  4 77  1  0  0
18  1 395040 90702740 2151932 61635372    0    0     0 392372 156463 597183 17  5 77  1  0  0
20  0 395040 90699292 2151932 61639756    0    0     0 392524 157367 591242 17  5 77  1  0  0
18  0 395040 90695988 2151932 61644108    0    0     0 399012 158792 598093 17  5 77  1  0  0
19  0 395040 90693660 2151932 61648568    0    0     0 398172 159513 598796 17  5 77  1  0  0
18  1 395040 90688824 2151932 61652712    0    0     0 397332 159867 595923 17  5 77  1  0  0
18  1 395040 90688664 2151932 61657404    0    0     0 395440 160295 600109 17  5 77  1  0  0
19  1 395040 90681504 2151932 61661904    0    0     0 397592 161295 604038 17  5 77  1  0  0
procs -----------memory---------- ---swap-- -----io---- -system-- -------cpu-------
 r  b   swpd   free   buff  cache   si   so    bi    bo   in   cs us sy id wa st gu
17  1 395040 90680384 2151936 61666340    0    0     0 394136 160359 603589 17  5 77  1  0  0
17  0 395040 90680508 2151936 61670872    0    0     0 395376 159673 599330 17  5 77  1  0  0
17  1 395040 90681476 2151936 61675248    0    0     0 394820 158343 598674 17  5 77  1  0  0
19  0 395040 90673880 2151936 61679828    0    0     0 392280 157981 600752 17  5 77  1  0  0
19  0 395040 90676524 2151936 61684140    0    0     0 392876 158165 596939 17  5 77  1  0  0
18  0 395040 90671524 2151936 61688420    0    0     0 395116 159296 599811 17  5 77  1  0  0
18  0 395040 90659596 2151936 61693220    0    0     0 394008 159152 598849 17  5 77  1  0  0
19  0 395040 90659936 2151936 61697540    0    0     0 394688 159942 596729 17  5 77  1  0  0
17  1 395040 90659940 2151940 61702104    0    0     0 390456 157661 593029 17  5 77  1  0  0
17  1 395040 90654388 2151940 61706552    0    0     0 390828 159496 596490 17  5 77  1  0  0
18  0 395040 90651824 2151940 61710864    0    0     0 392808 160783 595555 17  5 77  1  0  0
18  0 395040 90643352 2151940 61715372    0    0     0 393552 160676 601637 17  5 77  1  0  0
16  1 395040 90638260 2151940 61719768    0    0     0 389848 158922 595521 17  5 77  1  0  0
18  0 395040 90632420 2151940 61724152    0    0     0 389444 157684 596971 17  5 77  1  0  0
18  0 395040 90627360 2151940 61728680    0    0     0 392464 158065 602472 17  5 77  1  0  0
17  1 395040 90623096 2151944 61733080    0    0     0 390096 157384 598910 17  5 77  1  0  0
18  0 395040 90614840 2151944 61737552    0    0     0 359148 150095 567248 17  4 78  1  0  0
18  1 395040 90613108 2151944 61741936    0    0     0 379576 155539 589372 17  4 77  1  0  0
18  0 395040 90614104 2151944 61746340    0    0     0 395380 159718 604684 17  5 77  1  0  0
18  1 395040 90602384 2151944 61750820    0    0     0 395752 159944 600749 17  5 77  1  0  0
18  0 395040 90591452 2151944 61755220    0    0     0 393936 160149 596239 17  5 77  1  0  0
procs -----------memory---------- ---swap-- -----io---- -system-- -------cpu-------
 r  b   swpd   free   buff  cache   si   so    bi    bo   in   cs us sy id wa st gu
19  0 395040 90590532 2151944 61759672    0    0     0 389796 157866 584354 17  5 77  1  0  0
18  2 395040 90568088 2151944 61763836    0    0     0 381652 156361 568103 17  4 78  1  0  0
17  1 395040 90556888 2151944 61768100    0    0     0 388404 158034 590438 17  4 78  1  0  0
17  1 395040 90553984 2151944 61772620    0    0     0 385604 157324 583677 17  5 78  1  0  0
17  1 395040 90548048 2151944 61776608    0    0     0 383672 157087 581098 17  4 78  1  0  0
18  0 395040 90544036 2151944 61781332    0    0     0 390160 158242 596236 17  5 77  1  0  0
18  1 395040 90541176 2151944 61785688    0    0     0 390520 157725 596301 17  5 77  1  0  0
16  0 395040 90547488 2151944 61790104    0    0     0 386572 156956 594937 17  5 77  1  0  0
18  0 395040 90545292 2151944 61794356    0    0     0 373240 154565 576975 17  4 78  1  0  0
14  2 395040 90536584 2151944 61798864    0    0     0 370424 154005 577099 17  4 78  1  0  0
20  0 395040 90531660 2151944 61803168    0    0     0 367360 152550 571108 17  5 77  1  0  0
16  1 395040 90526328 2151944 61807576    0    0     0 375644 154311 582478 17  4 77  1  0  0
19  0 395040 90523608 2151944 61812000    0    0     0 375524 154982 587718 17  4 77  1  0  0
20  3 395040 90526564 2151944 61816444    0    0     0 378052 155267 590776 17  5 77  1  0  0
18  1 395040 90527920 2151944 61820812    0    0     0 377680 154737 591712 17  5 77  1  0  0
18  0 395040 90522736 2151944 61825256    0    0     0 376224 155261 591742 17  4 77  1  0  0
18  0 395040 90498268 2151944 61829704    0    0     0 369656 153707 576077 17  4 78  1  0  0
19  0 395040 90494180 2151944 61834108    0    0     0 375052 154959 586528 17  4 77  1  0  0
17  1 395040 90483996 2151944 61838148    0    0     0 373948 154570 584211 17  5 77  1  0  0
16  1 395040 90478264 2151944 61842876    0    0     0 376128 155649 583234 17  5 77  1  0  0
15  0 395040 90479184 2151944 61847264    0    0     0 375872 155735 578554 17  4 78  1  0  0
procs -----------memory---------- ---swap-- -----io---- -system-- -------cpu-------
 r  b   swpd   free   buff  cache   si   so    bi    bo   in   cs us sy id wa st gu
16  2 395040 90478388 2151944 61851276    0    0     0 372144 154929 574512 17  4 78  1  0  0
18  1 395040 90476436 2151944 61855932    0    0     0 373832 154821 583036 17  5 77  1  0  0
19  1 395040 90468196 2151944 61860284    0    0     0 374912 154468 585905 17  5 77  1  0  0
18  1 395040 90465504 2151948 61864732    0    0     0 377748 156748 592701 17  5 77  1  0  0
10  2 395040 90457240 2151948 61869248    0    0     0 379320 156595 591523 17  5 77  1  0  0
16  0 395040 90455588 2151948 61873680    0    0     0 378972 157234 592121 17  5 77  1  0  0
18  1 395040 90454428 2151948 61877916    0    0     0 371544 154297 583517 17  5 77  1  0  0
20  0 395040 90449964 2151948 61882436    0    0     0 367884 154230 579191 17  5 77  1  0  0
20  0 395040 90451352 2151952 61886496    0    0     0 338284 145835 551787 17  4 78  1  0  0
20  0 395040 90446740 2151952 61891176    0    0     0 373252 154793 589190 17  5 77  1  0  0
17  1 395040 90442548 2151952 61895552    0    0     0 371912 155365 585558 17  5 77  1  0  0
19  1 395040 90439444 2151952 61899884    0    0     0 371088 153965 580286 17  5 77  1  0  0
18  1 395040 90435116 2151952 61904292    0    0     0 377744 155625 587550 17  5 77  1  0  0
17  0 395040 90431176 2151952 61908576    0    0     0 380028 157221 591826 17  5 77  1  0  0
18  0 395040 90420968 2151952 61913084    0    0     0 375432 155476 578104 17  5 78  1  0  0
17  0 395040 90412560 2151952 61917412    0    0     0 368476 153459 566976 17  4 78  1  0  0
20  1 395040 90401644 2151952 61921464    0    0     0 368680 153505 571669 17  4 78  1  0  0
17  1 395040 90399112 2151952 61926052    0    0     0 371752 154662 585414 17  5 77  1  0  0
18  2 395040 90393960 2151952 61930364    0    0     0 370976 154657 576692 17  5 78  1  0  0
17  0 395040 90384524 2151952 61934752    0    0     0 367836 153760 570789 17  4 78  1  0  0
16  0 395040 90389752 2151952 61939036    0    0     0 365836 153616 572498 17  5 78  1  0  0
procs -----------memory---------- ---swap-- -----io---- -system-- -------cpu-------
 r  b   swpd   free   buff  cache   si   so    bi    bo   in   cs us sy id wa st gu
18  1 395040 90385020 2151952 61943404    0    0     0 368516 154233 579297 17  5 77  1  0  0
18  0 395040 90378828 2151952 61947732    0    0     0 371304 154217 584806 17  4 77  1  0  0
17  1 395040 90373192 2151952 61952296    0    0     0 372616 154966 581281 17  5 78  1  0  0
21  0 395040 90369004 2151952 61956536    0    0     0 377316 156499 592223 17  5 77  1  0  0
27  0 395040 90363520 2151952 61960952    0    0     0 371008 154853 582718 17  4 78  1  0  0
18  1 395040 90364044 2151952 61965296    0    0     0 373368 154449 589244 17  5 77  1  0  0
17  0 395040 90353832 2151952 61969904    0    0     0 371628 154575 591480 17  5 77  1  0  0
20  0 395040 90348636 2151952 61974472    0    0     0 375044 156008 594630 17  5 77  1  0  0
16  1 395040 90347432 2151952 61978644    0    0     0 367164 153846 584505 17  4 78  1  0  0
20  0 395040 90343544 2151952 61983216    0    0     0 367208 153479 586799 17  5 77  1  0  0
15  1 395040 90337944 2151952 61987560    0    0     0 374116 155918 590697 17  5 77  1  0  0
18  0 395040 90327884 2151952 61992040    0    0     0 373320 156346 590683 17  5 77  1  0  0
18  0 395040 90330180 2151952 61996400    0    0     0 370392 154975 580114 17  5 78  1  0  0
20  0 395040 90325792 2151952 62000652    0    0     0 372012 155626 583745 17  5 77  1  0  0
19  0 395040 90315060 2151952 62005192    0    0     0 371028 155089 587752 17  5 77  1  0  0
19  0 395040 90310832 2151952 62009580    0    0     0 378304 156916 591678 17  4 77  1  0  0
17  2 395040 90302792 2151952 62013992    0    0     0 380292 158090 590324 17  5 77  1  0  0
21  0 395040 90292712 2151956 62018504    0    0     0 381156 157647 594565 17  5 77  1  0  0
22  1 395040 90289216 2151956 62022804    0    0     0 382076 157767 595457 17  5 77  1  0  0
22  1 395040 90292872 2151956 62027236    0    0     0 377752 156724 587964 17  5 77  1  0  0
19  1 395040 90249320 2151956 62031260    0    0     0 366652 151692 555311 16  4 79  1  0  0
procs -----------memory---------- ---swap-- -----io---- -system-- -------cpu-------
 r  b   swpd   free   buff  cache   si   so    bi    bo   in   cs us sy id wa st gu
18  1 395040 90244544 2151956 62035812    0    0     0 378700 155984 592709 17  5 77  1  0  0
19  0 395040 90308204 2151956 62040224    0    0     0 361324 151005 575546 17  4 78  1  0  0
18  0 395040 90306948 2151956 62044492    0    0     0 368240 152820 581833 17  5 78  1  0  0
18  0 395040 90300836 2151956 62048952    0    0     0 385672 157421 600933 17  5 77  1  0  0
20  0 395040 90300180 2151956 62053412    0    0     0 382572 156491 595083 17  5 77  1  0  0
19  1 395040 90286820 2151956 62057892    0    0     0 382204 156734 599338 17  5 77  1  0  0
18  0 395040 90283788 2151956 62062076    0    0     0 386412 158171 600909 17  5 77  1  0  0
22  0 395040 90280892 2151956 62066796    0    0     0 381904 158252 590691 17  5 77  1  0  0
19  0 395040 90276192 2151956 62071144    0    0     0 372612 154052 577185 17  4 78  1  0  0
19  0 395040 90272112 2151956 62075452    0    0     0 344932 146425 547045 16  4 78  1  0  0
18  2 395040 90262520 2151956 62079472    0    0     0 355240 151166 566615 17  5 78  1  0  0
18  1 395040 90255516 2151956 62083688    0    0     0 361680 152554 573942 17  5 77  1  0  0
18  0 395040 90259724 2151956 62088264    0    0     0 369696 153750 579456 17  4 78  1  0  0
19  0 395040 90250372 2151956 62092568    0    0     0 367248 153953 572393 17  5 78  1  0  0
17  0 395040 90241728 2151956 62096828    0    0     0 374376 156192 580572 17  5 77  1  0  0
19  0 395040 90236948 2151956 62101284    0    0     0 376916 156884 591644 17  5 77  1  0  0
17  0 395040 90234584 2151956 62105736    0    0     0 383180 159935 595968 17  4 77  1  0  0
20  0 395040 90231268 2151956 62109908    0    0     0 398312 164887 614563 18  5 77  1  0  0
17  0 395040 90227168 2151956 62114560    0    0     0 389024 161850 603808 17  4 77  1  0  0
19  1 395040 90225448 2151956 62118996    0    0     0 393712 163382 607309 17  5 77  1  0  0
19  1 395040 90222948 2151956 62123464    0    0     0 389816 162033 604046 17  5 77  1  0  0
procs -----------memory---------- ---swap-- -----io---- -system-- -------cpu-------
 r  b   swpd   free   buff  cache   si   so    bi    bo   in   cs us sy id wa st gu
19  1 395040 90214472 2151956 62127948    0    0     0 396344 163769 605768 17  5 77  1  0  0
22  0 395040 90204548 2151956 62132312    0    0     0 390728 162059 601265 17  5 77  1  0  0
16  0 395040 90200268 2151956 62136840    0    0     0 385168 160454 596426 17  5 77  1  0  0
18  0 395040 90196728 2151956 62141216    0    0     0 391812 162026 605508 17  5 77  1  0  0
19  0 395040 90190016 2151956 62145528    0    0     0 380636 158755 595891 17  5 77  1  0  0
18  1 395040 90183304 2151956 62150084    0    0     0 377708 157683 587249 17  5 77  1  0  0
17  1 395040 90176532 2151956 62154520    0    0     0 374280 156937 583639 18  5 77  1  0  0
16  1 395040 90175140 2151956 62158840    0    0     0 370088 154591 582440 17  4 78  1  0  0
20  0 395040 90166536 2151956 62163244    0    0     0 381176 158167 599531 17  5 77  1  0  0
19  0 395040 90164784 2151956 62167736    0    0     0 377944 155966 596179 17  4 77  1  0  0
20  0 395040 90170336 2151956 62172264    0    0     0 370704 154669 585364 17  4 77  1  0  0
17  2 395040 90159388 2151956 62176540    0    0     0 364320 152742 577318 17  4 78  1  0  0
18  2 395040 90151468 2151956 62181028    0    0     0 365384 153857 581606 17  4 77  1  0  0
22  0 395040 90146128 2151956 62185200    0    0     0 380220 157129 588748 17  4 78  1  0  0
17  1 395040 90153528 2151956 62189896    0    0     0 381160 157435 596217 17  5 77  1  0  0
18  1 395040 90149124 2151956 62194100    0    0     0 383224 156834 591591 17  5 77  1  0  0
19  1 395040 90146624 2151956 62198884    0    0     0 385904 158112 602106 17  5 77  1  0  0
19  0 395040 90137620 2151956 62203216    0    0     0 387000 159488 599798 17  5 77  1  0  0
20  0 395040 90130884 2151956 62207688    0    0     0 379204 156997 585796 17  5 77  1  0  0
22  1 395040 90123316 2151956 62212036    0    0     0 378964 156959 588897 17  5 77  1  0  0
22  0 395040 90116080 2151960 62216472    0    0     0 381236 157359 596612 17  5 77  1  0  0
procs -----------memory---------- ---swap-- -----io---- -system-- -------cpu-------
 r  b   swpd   free   buff  cache   si   so    bi    bo   in   cs us sy id wa st gu
17  0 395040 90115244 2151960 62221020    0    0     0 382268 157142 587298 17  5 77  1  0  0
17  2 395040 90111112 2151960 62225392    0    0     0 381808 157628 601202 18  5 77  1  0  0
16  0 395040 90106864 2151960 62229776    0    0     0 364756 153563 563891 17  4 78  1  0  0
21  0 395040 90104428 2151960 62233740    0    0     0 366576 153076 565687 17  4 78  1  0  0
16  1 395040 90094300 2151964 62238052    0    0     0 371268 154705 572359 17  5 78  1  0  0
19  1 395040 90090988 2151964 62242472    0    0     0 368432 154423 581173 17  5 77  1  0  0
19  0 395040 90086768 2151964 62246924    0    0     0 365264 154255 573824 17  4 78  1  0  0
17  1 395040 90078464 2151964 62251232    0    0     0 367176 154987 574367 17  5 77  1  0  0
18  0 395040 90078516 2151964 62255512    0    0     0 371992 156271 585190 17  4 77  1  0  0
20  1 395040 90074372 2151964 62260024    0    0     0 372500 155628 583266 17  4 78  1  0  0
19  0 395040 90073964 2151964 62264344    0    0     0 375060 156978 593089 17  5 77  1  0  0
23  0 395040 90070096 2151964 62268748    0    0     0 372440 156135 588346 17  5 77  1  0  0
17  1 395040 90066980 2151964 62273140    0    0     0 371456 155169 581041 17  5 77  1  0  0
16  0 395040 90058100 2151964 62277572    0    0     0 373904 156991 594932 17  5 77  1  0  0
16  1 395040 90057372 2151964 62282080    0    0     0 373624 156340 592186 17  5 77  1  0  0
16  0 395040 90049580 2151964 62286252    0    0     0 368400 154364 581291 17  5 77  1  0  0
20  0 395040 90047460 2151964 62290908    0    0     0 369772 155433 581344 17  4 78  1  0  0
21  0 395040 90040656 2151964 62295204    0    0     0 372076 155920 583857 17  4 77  1  0  0
18  1 395040 90030812 2151964 62299704    0    0     0 367908 154377 581851 17  5 77  1  0  0
16  1 395040 90010080 2151964 62303556    0    0     0 362188 152084 564144 17  4 78  1  0  0
18  1 395040 90010792 2151964 62308220    0    0     0 368288 153902 578076 17  5 77  1  0  0
procs -----------memory---------- ---swap-- -----io---- -system-- -------cpu-------
 r  b   swpd   free   buff  cache   si   so    bi    bo   in   cs us sy id wa st gu
18  1 395040 90005692 2151964 62312696    0    0     0 369244 154209 576410 17  5 77  1  0  0
18  0 395040 90001204 2151964 62316888    0    0     0 371092 154619 579426 17  4 77  1  0  0
17  0 395040 89991328 2151964 62321336    0    0     0 372468 155235 587958 17  4 77  1  0  0
20  0 395040 89989248 2151972 62325828    0    0     0 373012 156598 588990 17  5 77  1  0  0
18  0 395040 89987804 2151972 62330204    0    0     0 379528 156893 589864 17  5 77  1  0  0
21  0 395040 89981764 2151972 62334712    0    0     0 381880 158134 594572 17  5 77  1  0  0
22  0 395040 89976324 2151972 62339124    0    0     0 378292 157098 593117 17  5 78  1  0  0
17  1 395040 89988708 2151972 62343524    0    0     0 379068 158108 594271 17  5 77  1  0  0
16  2 395040 89985336 2151976 62348108    0    0     0 374836 156769 589727 17  5 77  1  0  0
18  0 395040 89984868 2151976 62352364    0    0     0 380676 158911 597870 17  5 77  1  0  0
20  0 395040 89977160 2151976 62356916    0    0     0 378608 158377 593130 17  5 77  1  0  0
19  0 395040 89966112 2151976 62361376    0    0     0 379940 158414 596534 17  5 77  1  0  0
19  0 395040 89960496 2151976 62365740    0    0     0 377204 157714 594962 17  5 77  1  0  0
17  1 395040 89936584 2151976 62370204    0    0     0 371068 155724 580547 17  4 78  1  0  0
19  0 395040 89924364 2151976 62374668    0    0     0 380936 159017 601082 17  5 77  1  0  0
17  1 395040 89922732 2151976 62378904    0    0     0 381152 159201 599556 18  5 77  1  0  0
18  0 395040 89919848 2151976 62383584    0    0     0 374516 156443 585512 17  5 77  1  0  0
17  2 395040 89914220 2151976 62388012    0    0     0 373204 156042 579991 17  4 78  1  0  0
20  1 395040 89909928 2151976 62392284    0    0     0 373956 155267 575497 17  5 78  1  0  0
18  1 395040 89900620 2151976 62396712    0    0     0 377428 157548 589040 17  5 77  1  0  0
19  1 395040 89898296 2151976 62401044    0    0     0 384160 159104 601618 17  5 77  1  0  0
procs -----------memory---------- ---swap-- -----io---- -system-- -------cpu-------
 r  b   swpd   free   buff  cache   si   so    bi    bo   in   cs us sy id wa st gu
18  0 395040 89889936 2151976 62405584    0    0     0 377808 157637 590759 17  5 77  1  0  0
17  1 395040 89888092 2151976 62410000    0    0     0 377864 157533 586603 17  5 77  1  0  0
19  1 395040 89884364 2151976 62414184    0    0     0 377220 158208 591490 17  4 77  1  0  0
19  1 395040 89882480 2151976 62418744    0    0     0 379180 158413 599905 17  5 77  1  0  0
17  1 395040 89878848 2151976 62423316    0    0     0 376436 157245 596129 17  5 77  1  0  0
21  1 395040 89880372 2151976 62427812    0    0     0 382512 159191 604528 17  5 77  1  0  0
15  2 395040 89879848 2151976 62432392    0    0     0 380920 157991 601953 17  5 77  1  0  0
19  1 395040 89872824 2151976 62436816    0    0     0 380384 158134 596780 17  5 77  1  0  0
18  0 395040 89865268 2151976 62441304    0    0     0 382384 159044 601006 17  5 77  1  0  0
19  0 395040 89858176 2151976 62445824    0    0     0 379580 158245 593467 17  5 77  1  0  0
18  0 395040 89854744 2151976 62450164    0    0     0 378540 158218 591712 17  5 77  1  0  0
18  0 395040 89843428 2151976 62454512    0    0     0 381784 158692 593365 17  5 77  1  0  0
20  0 395040 89838220 2151980 62458972    0    0     0 374636 156951 588484 17  5 77  1  0  0
21  0 395040 89839496 2151980 62463128    0    0     0 376664 157472 589703 17  5 77  1  0  0
21  0 395040 89832380 2151980 62467772    0    0     0 376188 158064 594875 17  5 77  1  0  0
17  0 395040 89830672 2151980 62472296    0    0     0 381680 158338 600035 17  5 77  1  0  0
18  0 395040 89827964 2151980 62476796    0    0     0 381376 159249 599990 17  5 77  1  0  0
15  0 395040 89821496 2151984 62481204    0    0     0 380552 159302 600900 17  5 77  1  0  0
18  1 395040 89815908 2151984 62485796    0    0     0 379456 159026 604676 17  5 77  1  0  0
22  0 395040 89813688 2151984 62490268    0    0     0 378544 158059 600875 17  5 77  1  0  0
18  1 395040 89814140 2151984 62494748    0    0     0 380744 157965 606716 17  5 77  1  0  0
procs -----------memory---------- ---swap-- -----io---- -system-- -------cpu-------
 r  b   swpd   free   buff  cache   si   so    bi    bo   in   cs us sy id wa st gu
18  0 395040 89804752 2151984 62499372    0    0     0 378808 156669 599544 17  5 77  1  0  0
20  0 395040 89797776 2151984 62503664    0    0     0 380036 157961 603553 17  5 77  1  0  0
17  0 395040 89793480 2151984 62508276    0    0     0 373344 156282 593380 17  5 77  1  0  0
17  1 395040 89795196 2151984 62512736    0    0     0 384068 159221 609394 17  5 77  1  0  0
18  0 395040 89791204 2151984 62517260    0    0     0 387828 160894 615840 18  5 77  1  0  0
20  0 395040 89784564 2151984 62521900    0    0     0 386168 160716 608342 17  5 77  1  0  0
20  0 395040 89773528 2151984 62526396    0    0     0 384656 159549 606978 17  5 77  1  0  0
23  0 395040 89758588 2151984 62530860    0    0     0 382304 158795 603485 17  5 77  1  0  0
18  1 395040 89755008 2151984 62535468    0    0     0 383988 159601 607695 17  5 77  1  0  0
18  2 395040 89742392 2151984 62539964    0    0     0 388780 161529 618883 18  5 77  1  0  0
20  0 395040 89738556 2151984 62544508    0    0     0 386908 162012 598502 17  5 77  1  0  0
18  0 395040 89733376 2151984 62548932    0    0     0 393664 164444 598622 17  5 77  1  0  0
18  0 395040 89727228 2151984 62553244    0    0     0 379096 157752 587861 17  5 78  1  0  0
19  0 395040 89722704 2151984 62557636    0    0     0 385864 160210 602927 18  5 77  1  0  0
16  1 395040 89719344 2151984 62562200    0    0     0 386980 161051 608547 18  5 77  1  0  0
18  1 395040 89717968 2151984 62566604    0    0     0 384328 159684 602466 18  5 77  1  0  0
17  1 395040 89677220 2151984 62571076    0    0     0 370268 153360 561599 16  4 79  1  0  0
19  0 395040 89672148 2151984 62575184    0    0     0 386076 158406 610320 18  5 77  1  0  0
19  0 395040 89667892 2151984 62579868    0    0     0 388244 159332 609569 17  5 77  1  0  0
19  0 395040 89719368 2151984 62584368    0    0     0 385776 159972 603345 17  5 77  1  0  0
18  0 395040 89724860 2151984 62588808    0    0     0 388728 159997 604941 17  5 77  1  0  0
procs -----------memory---------- ---swap-- -----io---- -system-- -------cpu-------
 r  b   swpd   free   buff  cache   si   so    bi    bo   in   cs us sy id wa st gu
18  1 395040 89718352 2151984 62593304    0    0     0 388620 159739 609225 17  5 77  1  0  0
19  0 395040 89711288 2151984 62597828    0    0     0 388948 160359 607140 18  5 77  1  0  0
20  1 395040 89704140 2151984 62602412    0    0     0 390708 160700 612196 17  5 77  1  0  0
17  1 395040 89701428 2151984 62606880    0    0     0 390864 160355 609044 17  5 77  1  0  0
18  1 395040 89696220 2151984 62611312    0    0     0 388152 159702 605876 17  5 77  1  0  0
19  1 395040 89691652 2151984 62615804    0    0     0 385708 159935 604334 17  5 77  1  0  0
18  0 395040 89683100 2151984 62620256    0    0     0 379824 158305 598241 17  5 77  1  0  0
19  0 395040 89675724 2151984 62624816    0    0     0 387348 160494 613487 17  5 77  1  0  0
18  0 395040 89674020 2151984 62629276    0    0     0 383700 158709 606007 17  5 77  1  0  0
21  1 395040 89669556 2151984 62633824    0    0     0 389992 160984 614386 18  5 77  1  0  0
18  0 395040 89668136 2151988 62638392    0    0     0 388720 160455 611041 17  5 77  1  0  0
20  0 395040 89662932 2151988 62642448    0    0     0 388276 161159 612430 17  5 77  1  0  0
18  0 395040 89662756 2151988 62647444    0    0     0 391036 161980 612125 17  5 77  1  0  0
20  0 395040 89662028 2151988 62651808    0    0     0 384416 159888 605871 17  5 77  1  0  0
19  0 395040 89658448 2151988 62656348    0    0     0 389332 160629 609911 17  5 77  1  0  0
18  0 395040 89656364 2151996 62660928    0    0     0 395260 161495 617909 17  5 77  1  0  0
18  0 395040 89647024 2151996 62665680    0    0     0 386764 159814 607552 17  5 77  1  0  0
19  0 395040 89641252 2151996 62670000    0    0     0 393188 161603 618531 17  5 77  1  0  0
17  1 395040 89634048 2151996 62674576    0    0     0 390048 161176 609680 18  5 77  1  0  0
18  0 395040 89628560 2151996 62678720    0    0     0 389844 160242 603498 17  5 77  1  0  0
21  0 395040 89621884 2151996 62683596    0    0     0 389136 160647 606429 18  5 77  1  0  0
procs -----------memory---------- ---swap-- -----io---- -system-- -------cpu-------
 r  b   swpd   free   buff  cache   si   so    bi    bo   in   cs us sy id wa st gu
19  1 395040 89615372 2151996 62687884    0    0     0 382748 158579 596262 18  5 77  1  0  0
19  0 395040 89606412 2151996 62692388    0    0     0 388556 160914 611187 18  5 77  1  0  0
21  0 395040 89596116 2151996 62696812    0    0     0 388536 161185 609272 17  5 77  1  0  0
18  1 395040 89594180 2151996 62701388    0    0     0 391916 161975 612870 18  5 77  1  0  0
19  0 395040 89588784 2152000 62705904    0    0     0 383308 158745 595970 17  5 77  1  0  0
16  1 395040 89591976 2152000 62710192    0    0     0 381076 158862 593366 17  5 77  1  0  0
17  0 395040 89569124 2152000 62714740    0    0     0 377372 156535 586218 17  4 78  1  0  0
18  1 395040 89574560 2152000 62719100    0    0     0 382460 159436 603018 17  5 77  1  0  0
19  0 395040 89572380 2152000 62723592    0    0     0 383132 159241 601267 17  5 77  1  0  0
22  0 395040 89571320 2152000 62727928    0    0     0 385992 159225 602959 17  5 77  1  0  0
18  0 395040 89574092 2152000 62732472    0    0     0 388764 159577 607357 18  5 77  1  0  0
19  1 395040 89568716 2152000 62737016    0    0     0 387228 159585 603907 17  5 77  1  0  0
18  0 395040 89562388 2152000 62741396    0    0     0 385744 158602 600986 17  5 77  1  0  0
19  0 395040 89561080 2152000 62745944    0    0     0 385824 159726 607823 18  5 77  1  0  0
20  0 395040 89534512 2152000 62750512    0    0     0 385676 159970 603411 17  5 77  1  0  0
18  0 395040 89528328 2152000 62754844    0    0     0 384864 159827 606053 17  5 77  1  0  0
16  2 395040 89521300 2152000 62759376    0    0     0 386944 160343 605286 17  5 77  1  0  0
18  1 395040 89524596 2152000 62763596    0    0     0 390176 161395 614229 17  5 77  1  0  0
17  1 395040 89517380 2152000 62768456    0    0     0 390936 161456 607516 18  5 77  1  0  0
20  0 395040 89516244 2152000 62772872    0    0     0 387656 160499 603929 17  5 77  1  0  0
17  1 395040 89512588 2152000 62777368    0    0     0 386800 161040 608123 17  5 77  1  0  0
procs -----------memory---------- ---swap-- -----io---- -system-- -------cpu-------
 r  b   swpd   free   buff  cache   si   so    bi    bo   in   cs us sy id wa st gu
19  0 395040 89512632 2152000 62781816    0    0     0 386052 160423 608799 17  5 77  1  0  0
19  0 395040 89505636 2152000 62786380    0    0     0 388372 160814 609236 17  5 77  1  0  0
17  1 395040 89498564 2152000 62790820    0    0     0 390668 161487 610699 17  5 77  1  0  0
20  0 395040 89493684 2152000 62795424    0    0     0 390032 161748 610043 17  5 77  1  0  0
18  1 395040 89493876 2152000 62799768    0    0     0 390648 161167 607494 17  5 77  1  0  0
21  1 395040 89484920 2152000 62804388    0    0     0 390400 161971 610822 18  5 77  1  0  0
20  1 395040 89474652 2152000 62808792    0    0     0 387932 160420 605580 17  5 77  1  0  0
18  0 395040 89473460 2152000 62813352    0    0     0 392524 161665 615573 17  5 77  1  0  0
19  1 395040 89469376 2152004 62817896    0    0     0 389316 161291 604157 17  5 77  1  0  0
18  0 395040 89465504 2152004 62822140    0    0     0 387684 160881 606318 17  5 77  1  0  0
18  0 395040 89456212 2152004 62826748    0    0     0 388472 160030 609316 17  5 77  1  0  0
18  0 395040 89451536 2152004 62831360    0    0     0 390768 161095 607929 17  5 77  1  0  0
17  1 395040 89456312 2152004 62835976    0    0     0 390520 161789 609475 18  5 77  1  0  0
18  0 395040 89443264 2152008 62840492    0    0     0 390288 162082 608166 17  5 77  1  0  0
15  0 395040 89439292 2152008 62844604    0    0     0 387952 160443 602561 18  5 77  1  0  0
20  0 395040 89430308 2152008 62849324    0    0     0 379188 158425 585989 17  5 78  1  0  0
19  1 395040 89429076 2152008 62853716    0    0     0 385572 159894 597838 17  5 77  1  0  0
19  0 395040 89425552 2152008 62858044    0    0     0 386128 160251 601875 17  5 77  1  0  0
18  0 395040 89416380 2152016 62862596    0    0     0 391464 161146 614906 18  5 77  1  0  0
17  1 395040 89412852 2152016 62867116    0    0     0 382072 158422 589028 17  5 78  1  0  0
20  0 395040 89403456 2152016 62871496    0    0     0 386604 160132 590576 17  5 77  1  0  0
procs -----------memory---------- ---swap-- -----io---- -system-- -------cpu-------
 r  b   swpd   free   buff  cache   si   so    bi    bo   in   cs us sy id wa st gu
20  0 395040 89405936 2152016 62875912    0    0     0 383124 159317 585061 17  5 77  1  0  0
20  0 395040 89407276 2152016 62880116    0    0     0 387324 161268 600057 17  5 77  1  0  0
22  0 395040 89401536 2152016 62884616    0    0     0 390904 161429 607983 17  5 77  1  0  0
22  1 395040 89395664 2152016 62889084    0    0     0 383152 158928 599349 17  5 78  1  0  0
19  0 395040 89398160 2152016 62893324    0    0     0 386944 159526 605059 17  5 77  1  0  0
18  0 395040 89392112 2152016 62898068    0    0     0 384816 158644 599249 17  5 77  1  0  0
18  0 395040 89386200 2152016 62902356    0    0     0 382448 157533 599679 17  5 77  1  0  0
19  0 395040 89376024 2152024 62906936    0    0     0 386216 160198 601975 18  5 77  1  0  0
20  0 395040 89372684 2152024 62911404    0    0     0 386816 160997 606542 17  5 77  1  0  0
17  0 395040 89344292 2152024 62915820    0    0     0 387692 160361 601776 17  5 77  1  0  0
19  1 395040 89345520 2152024 62920356    0    0     0 386532 159314 606279 17  5 77  1  0  0
20  0 395040 89333264 2152024 62924916    0    0     0 386696 159791 604964 18  5 77  1  0  0
19  1 395040 89325384 2152032 62929436    0    0     0 388588 160437 604171 17  5 77  1  0  0
20  0 395040 89316100 2152032 62933868    0    0     0 386844 160396 603061 17  5 77  1  0  0
17  1 395040 89311484 2152032 62938252    0    0     0 385400 159842 600560 17  5 77  1  0  0
18  0 395040 89312580 2152032 62942776    0    0     0 385384 159238 600876 17  5 77  1  0  0
19  0 395040 89304636 2152032 62947148    0    0     0 384640 158462 597634 17  5 77  1  0  0
19  0 395040 89303576 2152036 62951604    0    0     0 384244 159263 602020 17  5 77  1  0  0
20  0 395040 89305300 2152036 62956076    0    0     0 389192 160370 603624 17  5 77  1  0  0
18  0 395040 89297592 2152036 62960556    0    0     0 390976 161164 603710 18  5 77  1  0  0
21  0 395040 89301688 2152036 62964988    0    0     0 389868 160399 603932 17  5 77  1  0  0
procs -----------memory---------- ---swap-- -----io---- -system-- -------cpu-------
 r  b   swpd   free   buff  cache   si   so    bi    bo   in   cs us sy id wa st gu
19  0 395040 89298392 2152036 62969508    0    0     0 393392 162296 604890 17  5 77  1  0  0
19  0 395040 89303228 2152044 62974036    0    0     0 395292 161551 607046 18  5 77  1  0  0
20  0 395040 89295772 2152044 62978132    0    0     0 396420 161258 612198 18  5 77  1  0  0
19  1 395040 89290588 2152044 62983104    0    0     0 395664 160648 605874 17  5 77  1  0  0
21  0 395040 89282240 2152044 62987368    0    0     0 393056 160427 605904 17  5 77  1  0  0
18  0 395040 89276092 2152044 62991976    0    0     0 395516 161622 606923 17  5 77  1  0  0
18  0 395040 89273428 2152044 62996624    0    0     0 392232 160794 602555 17  5 77  1  0  0
15  1 395040 89266752 2152044 63000924    0    0     0 396440 161699 607893 17  5 77  1  0  0
20  0 395040 89261372 2152044 63005520    0    0     0 388604 159445 603242 17  5 77  1  0  0
17  0 395040 89251280 2152044 63010024    0    0     0 388372 158761 600312 17  5 77  1  0  0
17  0 395040 89250540 2152044 63014512    0    0     0 388992 159172 601247 17  5 77  1  0  0
 1  0 395040 89243728 2152044 63018932    0    0     0 392400 159593 594891 17  5 77  1  0  0
20  1 395040 89242024 2152044 63023388    0    0     0 398180 161717 621861 18  5 77  1  0  0
19  1 395040 89235368 2152044 63028000    0    0     0 386648 159624 589956 17  5 78  1  0  0
18  1 395040 89234120 2152044 63032356    0    0     0 385760 157647 585711 17  5 78  1  0  0
18  0 395040 89227496 2152044 63036668    0    0     0 387764 158060 595501 17  5 77  1  0  0
18  1 395040 89221668 2152048 63041356    0    0     0 388808 158974 600348 17  5 77  1  0  0
19  2 395040 89216212 2152048 63045652    0    0     0 392268 160523 611229 17  5 77  1  0  0
23  0 395040 89213240 2152048 63050104    0    0     0 391912 159266 605262 17  5 77  1  0  0
18  1 395040 89208444 2152048 63054600    0    0     0 391712 158326 608995 17  5 77  1  0  0
23  0 395040 89207804 2152048 63059060    0    0     0 392024 160121 609191 17  5 77  1  0  0
procs -----------memory---------- ---swap-- -----io---- -system-- -------cpu-------
 r  b   swpd   free   buff  cache   si   so    bi    bo   in   cs us sy id wa st gu
19  0 395040 89202572 2152048 63063604    0    0     0 394624 160555 608019 17  5 77  1  0  0
15  0 395040 89193852 2152048 63068152    0    0     0 394896 161506 613296 17  5 77  1  0  0
18  0 395040 89192804 2152048 63072532    0    0     0 393248 160429 608952 17  5 77  1  0  0
19  0 395040 89192284 2152048 63077016    0    0     0 393752 160408 609951 18  5 77  1  0  0
17  2 395040 89184196 2152048 63081568    0    0     0 391888 159797 609704 18  5 77  1  0  0
16  2 395040 89178364 2152056 63086168    0    0     0 390432 159757 600354 17  5 77  1  0  0
18  0 395040 89170988 2152056 63090532    0    0     0 391256 160793 603362 17  5 77  1  0  0
18  0 395040 89167528 2152056 63094980    0    0     0 394068 161105 610793 17  5 77  1  0  0
17  1 395040 89160076 2152056 63099552    0    0     0 390216 160619 603675 17  5 77  1  0  0
17  0 395040 89149996 2152056 63103960    0    0     0 387032 159645 598486 17  5 77  1  0  0
18  1 395040 89146432 2152056 63108380    0    0     0 387124 158901 596128 17  5 77  1  0  0
19  0 395040 89145144 2152056 63112828    0    0     0 391368 159897 606618 17  5 77  1  0  0
19  1 395040 89106920 2152056 63117500    0    0     0 375384 154293 567438 17  5 77  1  0  0
24  1 395040 89103108 2152056 63121532    0    0     0 385264 158720 610238 17  5 77  1  0  0
21  1 395040 89159548 2152056 63126120    0    0     0 387336 159749 602694 17  5 77  1  0  0
19  1 395040 89151668 2152056 63130548    0    0     0 391372 160336 610925 17  5 77  1  0  0
19  0 395040 89144960 2152056 63135072    0    0     0 386676 157960 603080 17  5 77  1  0  0
19  1 395040 89141648 2152056 63139628    0    0     0 388392 159519 604480 17  5 77  1  0  0
16  1 395040 89138076 2152056 63143980    0    0     0 392904 160599 611549 17  5 77  1  0  0
15  3 395040 89133656 2152056 63148668    0    0     0 393020 161021 615887 18  5 77  1  0  0
20  0 395040 89128860 2152056 63152896    0    0     0 383480 158899 599964 17  5 77  1  0  0
procs -----------memory---------- ---swap-- -----io---- -system-- -------cpu-------
 r  b   swpd   free   buff  cache   si   so    bi    bo   in   cs us sy id wa st gu
16  2 395040 89123236 2152056 63157612    0    0     0 390712 160619 609206 17  5 77  1  0  0
20  0 395040 89110336 2152056 63162252    0    0     0 392332 160981 610828 17  5 77  1  0  0
19  0 395040 89110064 2152056 63166676    0    0     0 385500 158616 599529 17  5 77  1  0  0
18  1 395040 89107144 2152056 63171160    0    0     0 382084 156957 591966 17  5 77  1  0  0
16  1 395040 89104252 2152056 63175672    0    0     0 389796 159242 609939 18  5 77  1  0  0
16  1 395040 89100332 2152056 63180248    0    0     0 389740 159004 612963 18  5 77  1  0  0
17  1 395040 89095236 2152056 63184664    0    0     0 386204 160138 602167 17  5 77  1  0  0
19  0 395040 89091496 2152056 63189272    0    0     0 383760 158190 593084 17  5 77  1  0  0
23  1 395040 89089084 2152056 63193688    0    0     0 380744 157356 592609 17  5 78  1  0  0
20  1 395040 89083100 2152060 63197944    0    0     0 392360 161804 607662 18  5 77  1  0  0
19  0 395040 89076384 2152068 63202736    0    0     0 390180 161267 609462 18  5 77  1  0  0
17  1 395040 89076456 2152068 63206912    0    0     0 385932 160285 602084 17  5 77  1  0  0
16  2 395040 89069184 2152068 63211456    0    0     0 385760 160683 607310 18  5 77  1  0  0
19  0 395040 89068652 2152068 63216128    0    0     0 388456 160066 606637 17  5 77  1  0  0
17  1 395040 89070372 2152068 63220356    0    0     0 385080 158742 599298 17  4 77  1  0  0
18  1 395040 89062532 2152072 63224808    0    0     0 392772 161140 609170 18  5 77  1  0  0
20  0 395040 89055024 2152072 63229336    0    0     0 386632 159949 606575 17  5 77  1  0  0
20  0 395040 89050216 2152072 63233788    0    0     0 389048 159661 609831 17  5 77  1  0  0
17  0 395040 89048156 2152072 63238328    0    0     0 390756 160490 609960 18  5 77  1  0  0
18  0 395040 89039024 2152072 63242772    0    0     0 389912 159796 609271 18  5 77  1  0  0
18  1 395040 89030080 2152072 63247344    0    0     0 386692 159506 608799 17  5 77  1  0  0
procs -----------memory---------- ---swap-- -----io---- -system-- -------cpu-------
 r  b   swpd   free   buff  cache   si   so    bi    bo   in   cs us sy id wa st gu
17  1 395040 89026976 2152072 63252064    0    0     0 383928 159116 601676 17  5 77  1  0  0
21  0 395040 89022836 2152072 63256360    0    0     0 390256 161218 614418 18  5 77  1  0  0
17  1 395040 89023672 2152072 63260804    0    0     0 385168 158885 598754 17  5 77  1  0  0
17  1 395040 89015756 2152072 63265256    0    0     0 388972 159905 602150 17  5 77  1  0  0
17  1 395040 89011460 2152072 63269772    0    0     0 387640 160429 605192 18  5 77  1  0  0
17  0 395040 89011216 2152072 63274428    0    0     0 390124 160763 606320 17  5 77  1  0  0
16  1 395040 89005280 2152072 63278680    0    0     0 389732 160258 607675 17  5 77  1  0  0
24  1 395040 89005056 2152072 63283264    0    0     0 390732 160443 605186 17  5 77  1  0  0
23  1 395040 89005400 2152072 63288184    0    0     0 387764 160279 603533 17  5 77  1  0  0
20  2 395040 88991296 2152072 63292040    0    0     0 388908 160079 610655 17  5 77  1  0  0
19  1 395040 88988312 2152072 63297100    0    0     0 389340 161081 610334 17  5 77  1  0  0
17  0 395040 88986736 2152072 63301872    0    0     0 385752 159530 603097 17  5 77  1  0  0
18  0 395040 88980256 2152072 63305740    0    0     0 390428 161919 614176 18  5 77  1  0  0
19  0 395040 88970772 2152072 63310844    0    0     0 392768 162428 614810 17  5 77  1  0  0
17  1 395040 88972368 2152072 63314704    0    0     0 390124 162396 609074 18  5 77  1  0  0
20  0 395040 88965276 2152072 63319248    0    0     0 388564 161135 604561 17  5 77  1  0  0
18  0 395040 88960412 2152072 63323764    0    0     0 393260 162199 610653 17  5 77  1  0  0
18  0 395040 88949208 2152072 63328180    0    0     0 390820 161573 607389 18  5 77  1  0  0
21  1 395040 88950048 2152072 63333020    0    0     0 392908 162703 614607 17  5 77  1  0  0
19  0 395040 88948524 2152072 63337848    0    0     0 396620 162748 620562 18  5 77  1  0  0
17  1 395040 88940224 2152072 63341828    0    0     0 386444 160591 599041 17  5 77  1  0  0
procs -----------memory---------- ---swap-- -----io---- -system-- -------cpu-------
 r  b   swpd   free   buff  cache   si   so    bi    bo   in   cs us sy id wa st gu
18  0 395040 88937860 2152072 63346144    0    0     0 384632 159663 592029 17  5 78  1  0  0
19  1 395040 88924036 2152072 63351316    0    0     0 385092 161175 599976 17  5 78  1  0  0
19  0 395040 88923872 2152072 63355072    0    0     0 385964 160993 603846 17  5 77  1  0  0
16  1 395040 88927396 2152072 63359684    0    0     0 385560 159724 600526 17  5 77  1  0  0
17  1 395040 88916528 2152072 63364000    0    0     0 383892 158756 598743 17  5 77  1  0  0
19  0 395040 88907668 2152072 63368692    0    0     0 385880 159177 598160 17  5 77  1  0  0
19  1 395040 88906828 2152072 63373444    0    0     0 386440 158858 603585 17  5 77  1  0  0
22  0 395040 88908348 2152072 63377536    0    0     0 384516 157464 596470 17  5 77  1  0  0
19  0 395040 88899876 2152072 63382400    0    0     0 383264 158009 596410 17  5 77  1  0  0
18  0 395040 88896764 2152072 63386864    0    0     0 384892 158380 594466 17  5 77  1  0  0
19  1 395040 88876732 2152072 63390788    0    0     0 381928 157714 591867 17  5 78  1  0  0
19  0 395040 88869768 2152072 63395556    0    0     0 382752 157897 599623 17  5 77  1  0  0
18  0 395040 88865228 2152072 63400536    0    0     0 381684 158121 594595 17  5 77  1  0  0
20  0 395040 88860320 2152072 63404676    0    0     0 387040 160248 601235 18  5 77  1  0  0
20  0 395040 88856332 2152072 63409444    0    0     0 382492 158799 604723 17  5 77  1  0  0
21  0 395040 88854276 2152072 63413168    0    0     0 383992 158939 598753 17  5 77  1  0  0
18  1 395040 88848604 2152072 63418248    0    0     0 387180 160449 605604 17  5 77  1  0  0
19  0 395040 88840768 2152072 63422924    0    0     0 381024 158945 598161 17  5 77  1  0  0
17  1 395040 88839348 2152072 63426680    0    0     0 382352 159449 599948 17  5 77  1  0  0
18  0 395040 88833836 2152072 63431196    0    0     0 388668 160589 607465 18  5 77  1  0  0
21  0 395040 88828632 2152072 63435740    0    0     0 379820 157562 601586 17  5 77  1  0  0
procs -----------memory---------- ---swap-- -----io---- -system-- -------cpu-------
 r  b   swpd   free   buff  cache   si   so    bi    bo   in   cs us sy id wa st gu
19  0 395040 88822604 2152072 63440280    0    0     0 384752 159656 604849 17  5 77  1  0  0
18  1 395040 88818716 2152072 63444528    0    0     0 387256 159858 605557 18  5 77  1  0  0
22  0 395040 88817980 2152072 63449900    0    0     0 385384 159913 608625 18  5 77  1  0  0
24  0 395040 88815364 2152072 63453764    0    0     0 384472 158631 600222 17  5 77  1  0  0
18  0 395040 88774764 2152072 63458740    0    0     0 379540 157821 596017 17  5 77  1  0  0
17  0 395040 88774588 2152072 63462824    0    0     0 383876 159281 603692 18  5 77  1  0  0
19  0 395040 88768964 2152072 63467380    0    0     0 381936 157957 605523 18  5 77  1  0  0
18  1 395040 88759012 2152072 63472740    0    0     0 383144 159691 600647 18  5 77  1  0  0
17  2 395040 88758152 2152076 63476356    0    0     0 385692 158783 603972 17  5 77  1  0  0
18  0 395040 88747324 2152076 63481180    0    0     0 386764 159696 607712 17  5 77  1  0  0
18  0 395040 88739884 2152076 63486992    0    0     0 385700 159065 595776 18  5 77  1  0  0
20  1 395040 88736456 2152076 63490392    0    0     0 380060 157203 594696 17  5 77  1  0  0
16  2 395040 88735176 2152076 63495532    0    0     0 386796 159337 608225 17  5 77  1  0  0
18  0 395040 88735204 2152076 63500528    0    0     0 389924 160886 616149 18  5 77  1  0  0
18  0 395040 88730756 2152076 63504272    0    0     0 383032 159246 594045 17  4 77  1  0  0
17  1 395040 88729912 2152076 63509152    0    0     0 379476 158112 586935 17  5 77  1  0  0
19  1 395040 88728304 2152076 63512492    0    0     0 378896 157590 586356 17  5 77  1  0  0
18  0 395040 88726400 2152076 63517180    0    0     0 385960 158949 597528 17  5 77  1  0  0
20  0 395040 88717452 2152080 63522336    0    0     0 385096 159248 599167 17  5 77  1  0  0
21  0 395040 88717932 2152080 63525804    0    0     0 388044 160732 603479 17  5 77  1  0  0
20  1 395040 88712004 2152080 63531132    0    0     0 388248 160822 604983 18  5 77  1  0  0
procs -----------memory---------- ---swap-- -----io---- -system-- -------cpu-------
 r  b   swpd   free   buff  cache   si   so    bi    bo   in   cs us sy id wa st gu
23  1 395040 88707180 2152080 63535900    0    0     0 386596 160264 604509 18  5 77  1  0  0
18  1 395040 88703140 2152080 63539548    0    0     0 383712 158586 603385 17  5 77  1  0  0
22  0 395040 88701140 2152080 63544340    0    0     0 385964 160206 608199 17  5 77  1  0  0
17  0 395040 88697456 2152080 63549200    0    0     0 387440 160085 608399 17  5 77  1  0  0
20  1 395040 88694036 2152080 63553224    0    0     0 388836 160888 614126 18  5 77  1  0  0
18  0 395040 88691512 2152080 63558212    0    0     0 387340 160059 605802 17  5 77  1  0  0
19  1 395040 88690172 2152080 63562044    0    0     0 388352 160708 613745 18  5 77  1  0  0
18  1 395040 88688612 2152080 63567232    0    0     0 386228 160851 605123 18  5 77  1  0  0
20  0 395040 88682028 2152080 63571744    0    0     0 387076 160362 605008 17  5 77  1  0  0
19  0 395040 88675904 2152080 63575592    0    0     0 387072 159842 601945 17  5 77  1  0  0
18  0 395040 88666080 2152080 63580500    0    0     0 381332 159395 594125 17  5 77  1  0  0
17  1 395040 88657812 2152080 63585832    0    0     0 386124 160344 600501 17  5 77  1  0  0
17  0 395040 88651184 2152088 63589904    0    0     0 386544 160386 607074 18  5 77  1  0  0
20  0 395040 88647484 2152088 63594476    0    0     0 387640 160787 606429 18  5 77  1  0  0
20  0 395040 88643860 2152088 63599448    0    0     0 388004 160332 612670 18  5 77  1  0  0
23  0 395040 88638316 2152088 63603580    0    0     0 388156 161449 605476 17  5 77  1  0  0
23  0 395040 88630120 2152088 63607924    0    0     0 385200 160195 603398 17  5 77  1  0  0
19  0 395040 88628928 2152088 63611892    0    0     0 386356 159597 606135 17  5 77  1  0  0
21  0 395040 88626856 2152088 63616796    0    0     0 385812 159558 601060 17  5 77  1  0  0
19  0 395040 88624864 2152088 63621744    0    0     0 389704 160262 608359 18  5 77  1  0  0
18  0 395040 88612028 2152088 63626064    0    0     0 387004 159130 601784 17  5 77  1  0  0
procs -----------memory---------- ---swap-- -----io---- -system-- -------cpu-------
 r  b   swpd   free   buff  cache   si   so    bi    bo   in   cs us sy id wa st gu
17  0 395040 88608284 2152088 63630612    0    0     0 389408 160720 604126 17  5 77  1  0  0
19  1 395040 88603560 2152092 63635424    0    0     0 389288 160465 609383 17  5 77  1  0  0
17  0 395040 88601164 2152092 63639072    0    0     0 382984 158999 600615 17  5 77  1  0  0
18  2 395040 88594440 2152092 63643252    0    0     0 383536 158557 606004 17  5 77  1  0  0
18  0 395040 88596248 2152092 63649012    0    0     0 385536 159814 607368 17  5 77  1  0  0
18  0 395040 88592536 2152092 63652368    0    0     0 382604 159068 597286 17  5 77  1  0  0
 2  0 395040 88560932 2152092 63657556    0    0     0 387624 160013 607314 18  5 77  1  0  0
20  0 395040 88536040 2152092 63661044    0    0     0 377872 156506 573140 17  5 78  1  0  0
19  0 395040 88531940 2152092 63665948    0    0     0 381408 157671 589608 17  5 78  1  0  0
21  0 395040 88584364 2152092 63670504    0    0     0 379148 158459 586065 17  5 78  1  0  0
18  1 395040 88584256 2152092 63674204    0    0     0 385532 159129 600334 17  5 77  1  0  0
21  0 395040 88574700 2152096 63679552    0    0     0 384940 160418 600009 18  5 77  1  0  0
19  1 395040 88570132 2152096 63685000    0    0     0 387904 160517 601981 17  5 77  1  0  0
19  0 395040 88571756 2152096 63688184    0    0     0 388128 160633 605010 18  5 77  1  0  0
19  0 395040 88561552 2152096 63693448    0    0     0 385516 159695 601402 17  5 77  1  0  0
22  0 395040 88554876 2152096 63698048    0    0     0 385252 158672 595661 17  5 77  1  0  0
17  0 395040 88566488 2152096 63701920    0    0     0 385664 158778 602816 17  5 77  1  0  0
16  0 395040 88560068 2152096 63707004    0    0     0 380884 157581 596248 17  5 77  1  0  0
18  0 395040 88558120 2152096 63710452    0    0     0 387060 158848 607288 18  5 77  1  0  0
19  1 395040 88555292 2152096 63715408    0    0     0 384596 157737 598198 17  5 77  1  0  0
22  0 395040 88548116 2152096 63720724    0    0     0 384512 158695 603372 17  5 77  1  0  0
procs -----------memory---------- ---swap-- -----io---- -system-- -------cpu-------
 r  b   swpd   free   buff  cache   si   so    bi    bo   in   cs us sy id wa st gu
20  0 395040 88546048 2152100 63724200    0    0     0 387048 159704 604316 18  5 77  1  0  0
21  0 395040 88536960 2152100 63729236    0    0     0 382888 158192 601503 17  5 77  1  0  0
20  0 395040 88526648 2152100 63734328    0    0     0 384884 159065 603001 17  5 77  1  0  0
22  0 395040 88523704 2152100 63737892    0    0     0 383316 159364 599151 17  5 77  1  0  0
20  0 395040 88521020 2152100 63743228    0    0     0 385676 159015 600932 17  5 77  1  0  0
18  0 395040 88516084 2152100 63746980    0    0     0 381388 157270 592747 17  5 77  1  0  0
21  0 395040 88509184 2152100 63751368    0    0     0 384452 159003 596186 17  5 77  1  0  0
25  0 395040 88492612 2152100 63756656    0    0     0 383208 159311 603855 17  5 77  1  0  0
25  0 395040 88490876 2152100 63760484    0    0     0 381184 158638 599894 17  5 77  1  0  0
12  8 395040 88496064 2152100 63765324    0    0     0 397508 159630 605150 18  5 77  1  0  0
10  6 395040 88485856 2152104 63770328    0    0     0 385548 159601 599955 18  5 77  1  0  0
12  6 395040 88484452 2152104 63774172    0    0     0 386136 160500 598616 17  5 77  1  0  0
 8  5 395040 88484920 2152104 63779120    0    0     0 391216 161075 607287 17  5 77  1  0  0
 8  5 395040 88480252 2152104 63784176    0    0     0 390468 160638 606539 17  5 77  1  0  0
 5  6 395040 88473932 2152104 63787664    0    0     0 387356 158908 598481 17  5 77  1  0  0
 6  2 395040 88468520 2152104 63792880    0    0     0 386340 158757 600009 18  5 77  1  0  0
 8  4 395040 88464340 2152104 63796248    0    0     0 388384 160664 602245 18  5 77  1  0  0
13  2 395040 88460276 2152104 63800800    0    0     0 391252 160677 603988 17  5 77  1  0  0
 5  6 395040 88451552 2152104 63806056    0    0     0 387772 159575 602831 17  5 77  1  0  0
 4  6 395040 88444536 2152104 63809740    0    0     0 388784 158892 599010 17  5 77  1  0  0
 6  4 395040 88436576 2152108 63814692    0    0     0 387752 159195 598582 17  5 77  1  0  0
procs -----------memory---------- ---swap-- -----io---- -system-- -------cpu-------
 r  b   swpd   free   buff  cache   si   so    bi    bo   in   cs us sy id wa st gu
 4  5 395040 88432536 2152108 63820228    0    0     0 390652 162177 612139 18  5 77  1  0  0
 4  1 395040 88422580 2152108 63823768    0    0     0 387736 159535 594460 17  5 77  1  0  0
 2  3 395040 88419580 2152108 63828860    0    0     0 382984 159509 593812 17  5 77  1  0  0
 5  4 395040 88414040 2152108 63833920    0    0     0 387844 158003 592317 17  5 78  1  0  0
 4  3 395040 88401888 2152108 63836920    0    0     0 386044 158956 600406 17  5 77  1  0  0
 5  3 395040 88400136 2152108 63841620    0    0     0 387276 159740 603104 17  5 77  1  0  0
 8  3 395040 88392920 2152108 63845800    0    0     0 388728 158730 596906 17  5 77  1  0  0
17  4 395040 88387492 2152108 63850308    0    0     0 390748 160389 600203 17  5 77  1  0  0
 2  6 395040 88385940 2152108 63855156    0    0     0 388452 159526 598900 17  5 77  1  0  0
 3  5 395040 88387064 2152112 63858680    0    0     0 391300 158264 602550 17  5 77  1  0  0
 4  6 395040 88383896 2152112 63863696    0    0     0 386524 157733 599347 17  5 77  1  0  0
 2  8 395040 88376940 2152112 63868448    0    0     0 390032 158875 603618 17  5 77  1  0  0
 7  5 395040 88369600 2152112 63872292    0    0     0 395044 160923 606166 18  5 77  1  0  0
11  3 395040 88369228 2152112 63877292    0    0     0 391192 159451 602570 17  5 77  1  0  0
 4  5 395040 88357468 2152112 63882216    0    0     0 389532 159179 600865 17  5 77  1  0  0
 5  5 395040 88354244 2152112 63886096    0    0     0 390324 160034 599497 18  5 77  1  0  0
 4  5 395040 88346956 2152112 63890428    0    0     0 388628 158563 598347 17  5 77  1  0  0
 3  4 395040 88344292 2152112 63894352    0    0     0 384632 158986 596434 18  5 77  1  0  0
 7  2 395040 88342320 2152112 63899284    0    0     0 387728 159726 598355 17  5 77  1  0  0
 1  8 395040 88338440 2152116 63904268    0    0     0 386660 160161 600388 17  5 77  1  0  0
14  9 395040 88332504 2152116 63908164    0    0     0 389504 159241 599138 17  5 77  1  0  0
procs -----------memory---------- ---swap-- -----io---- -system-- -------cpu-------
 r  b   swpd   free   buff  cache   si   so    bi    bo   in   cs us sy id wa st gu
 6  4 395040 88328100 2152116 63912936    0    0     0 400668 160191 599294 17  5 77  1  0  0
 1  6 395040 88323740 2152116 63917784    0    0     0 383760 159739 603883 18  5 77  1  0  0
 5  5 395040 88325152 2152116 63921948    0    0     0 384416 159036 597601 18  5 77  1  0  0
 2  4 395040 88317268 2152116 63926972    0    0     0 391556 158575 597425 18  5 77  1  0  0
 5  3 395040 88319268 2152116 63931908    0    0     0 389884 158106 600770 18  5 77  1  0  0
 8  3 395040 88312544 2152116 63935512    0    0     0 381628 157025 589566 17  5 78  1  0  0
 2  7 395040 88304692 2152116 63940676    0    0     0 391724 159608 601267 18  5 77  1  0  0
 6  1 395040 88305212 2152116 63944096    0    0     0 385536 159139 604498 18  5 77  1  0  0
 7  3 395040 88297572 2152116 63949080    0    0     0 395060 159916 606231 18  5 77  1  0  0
 5  6 395040 88291428 2152116 63953936    0    0     0 392152 158897 606692 17  5 77  1  0  0
 2  9 395040 88288036 2152116 63958036    0    0     0 378616 157977 594291 17  5 77  1  0  0
20  2 395040 88287736 2152116 63962744    0    0     0 388448 159064 592730 17  5 77  1  0  0
 7  2 395040 88278908 2152116 63968204    0    0     0 389204 160033 600197 17  5 77  1  0  0
 7  6 395040 88277776 2152116 63971556    0    0     0 413564 161196 607405 18  5 77  1  0  0
 9  2 395040 88265024 2152116 63976672    0    0     0 358052 158970 596541 18  5 77  1  0  0
 4  5 395040 88262636 2152116 63981656    0    0     0 388120 157913 588076 17  4 78  1  0  0
 5  9 395040 88265892 2152116 63985272    0    0     0 385884 159124 594798 17  5 77  1  0  0
 2  7 395040 88264528 2152116 63989820    0    0     0 393780 159413 603719 17  5 77  1  0  0
 6  3 395040 88255888 2152120 63993116    0    0     0 389468 159840 600176 18  5 77  1  0  0
 8  1 395040 88251800 2152120 63998220    0    0     0 385644 158225 596099 17  5 77  1  0  0
 2  6 395040 88222656 2152120 64003108    0    0     0 387424 158000 590171 17  5 77  1  0  0
procs -----------memory---------- ---swap-- -----io---- -system-- -------cpu-------
 r  b   swpd   free   buff  cache   si   so    bi    bo   in   cs us sy id wa st gu
21  4 395040 88219880 2152120 64006748    0    0     0 386776 159330 605838 17  5 77  1  0  0
 5  8 395040 88213648 2152120 64011964    0    0     0 381204 158808 603614 18  5 77  1  0  0
10  5 395040 88206132 2152120 64017152    0    0     0 392984 159727 601549 18  5 77  1  0  0
 5  5 395040 88214768 2152120 64020712    0    0     0 387164 159402 595972 17  5 77  1  0  0
24  2 395040 88205292 2152120 64025892    0    0     0 391432 161091 604471 17  5 77  1  0  0
18  5 395040 88204968 2152120 64030828    0    0     0 390472 159158 595874 17  5 77  1  0  0
18  6 395040 88201340 2152120 64034308    0    0     0 387624 160345 595766 18  5 77  1  0  0
 1  8 395040 88196308 2152120 64038820    0    0     0 389236 160901 610374 18  5 77  1  0  0
 4  3 395040 88188932 2152120 64042892    0    0     0 384476 159742 604831 17  5 77  1  0  0
 3  6 395040 88178220 2152120 64047632    0    0     0 390676 159925 598658 17  5 77  1  0  0
 5  4 395040 88172184 2152120 64053168    0    0     0 382048 161428 596549 17  5 77  1  0  0
 7  5 395040 88165436 2152120 64056612    0    0     0 388136 159749 594471 18  5 77  1  0  0
13  5 395040 88163088 2152120 64061788    0    0     0 393248 160866 600240 18  5 77  1  0  0
 5  5 395040 88163380 2152120 64066816    0    0     0 384420 159663 597483 18  5 77  1  0  0
10  2 395040 88154416 2152120 64070380    0    0     0 389364 159520 603243 18  5 77  1  0  0
14  4 395040 88141856 2152120 64075460    0    0     0 402660 160762 608067 18  5 77  1  0  0
 3  6 395040 88143208 2152120 64080316    0    0     0 380660 160335 604298 18  5 77  1  0  0
21  2 395040 88135168 2152120 64084152    0    0     0 395588 161003 602788 18  5 77  1  0  0
22  1 395040 88132800 2152120 64089564    0    0     0 382560 160264 605244 18  5 77  1  0  0
 3  6 395040 88130428 2152120 64092856    0    0     0 400408 161237 615313 18  5 77  1  0  0
 2  6 395040 88121956 2152120 64098040    0    0     0 387316 159128 603655 18  5 77  1  0  0
procs -----------memory---------- ---swap-- -----io---- -system-- -------cpu-------
 r  b   swpd   free   buff  cache   si   so    bi    bo   in   cs us sy id wa st gu
 2  7 395040 88117748 2152120 64102452    0    0     0 385128 160253 604976 18  5 77  1  0  0
 5  3 395040 88118340 2152120 64106480    0    0     0 395580 160299 605756 17  5 77  1  0  0
 5  3 395040 88111072 2152120 64110924    0    0     0 379772 160559 604649 17  5 77  1  0  0
 1  7 395040 88102316 2152120 64116176    0    0     0 389080 160507 603029 17  5 77  1  0  0
 4  7 395040 88098432 2152120 64119980    0    0     0 384100 159556 597156 17  5 77  1  0  0
 3  7 395040 88091968 2152120 64124792    0    0     0 393528 160742 602121 17  5 77  1  0  0
 7  3 395040 88092024 2152124 64128748    0    0     0 400112 159789 599300 17  5 77  1  0  0
28  1 395040 88084196 2152124 64133284    0    0     0 391136 160852 607277 17  5 77  1  0  0
 3  5 395040 88078120 2152124 64137376    0    0     0 358336 157949 589221 17  5 77  1  0  0
20  5 395040 88076132 2152124 64140700    0    0     0 382932 158133 587488 17  5 77  1  0  0
22  4 395040 88075176 2152124 64146052    0    0     0 388640 159749 597224 17  5 77  1  0  0
28  1 395040 88067408 2152128 64150560    0    0     0 390812 160174 604548 17  5 77  1  0  0
 2  7 395040 88061892 2152128 64154732    0    0     0 388688 159109 598414 17  5 77  1  0  0
 1  4 395040 88063220 2152128 64159772    0    0     0 390820 159930 598060 17  5 77  1  0  0
 4  5 395040 88051064 2152128 64164328    0    0     0 386396 159840 596739 17  5 77  1  0  0
 4  6 395040 88049680 2152128 64168448    0    0     0 383464 158416 599231 17  5 77  1  0  0
 4  4 395040 88047824 2152128 64173628    0    0     0 396532 161597 607503 17  5 77  1  0  0
17  4 395040 88047508 2152128 64177832    0    0     0 387068 159308 605460 17  5 77  1  0  0
 3  3 395040 88041440 2152128 64181768    0    0     0 379492 158367 594790 17  5 77  1  0  0
 4  5 395040 88048620 2152128 64187256    0    0     0 403668 158217 600452 17  5 77  1  0  0
 2  7 395040 88045648 2152128 64190804    0    0     0 378612 158684 601902 18  5 77  1  0  0
procs -----------memory---------- ---swap-- -----io---- -system-- -------cpu-------
 r  b   swpd   free   buff  cache   si   so    bi    bo   in   cs us sy id wa st gu
 4  3 395040 88035204 2152128 64195872    0    0     0 387960 159523 598174 17  5 77  1  0  0
 7  1 395040 88024000 2152128 64199768    0    0     0 391256 160261 599110 17  5 77  1  0  0
 6  4 395040 87985012 2152128 64203784    0    0     0 362836 155154 564406 16  4 79  1  0  0
 4  7 395040 87981628 2152128 64209272    0    0     0 384692 158975 603589 17  5 77  1  0  0
 2  5 395040 87974840 2152128 64214332    0    0     0 380064 160585 600539 17  5 77  1  0  0
 9  2 395040 88028084 2152128 64218724    0    0     0 390016 159555 596387 17  5 77  1  0  0
 1  9 395040 88023528 2152128 64223324    0    0     0 396656 160929 604958 18  4 77  1  0  0
 3  5 395040 88018276 2152128 64227084    0    0     0 392444 160385 594196 17  5 77  1  0  0
 4  2 395040 88012836 2152128 64231820    0    0     0 380180 157020 589776 17  5 77  1  0  0
 8  2 395040 88008212 2152128 64235884    0    0     0 395300 162628 610457 18  5 77  1  0  0
 3  8 395040 88003064 2152136 64240144    0    0     0 397184 162432 602317 18  5 77  1  0  0
 6  3 395040 88001952 2152136 64244500    0    0     0 393936 161852 603378 17  5 77  1  0  0
 1  9 395040 87996952 2152136 64249568    0    0     0 385784 161002 607057 17  5 77  1  0  0
 4  7 395040 87995852 2152136 64253556    0    0     0 390228 160227 601486 17  5 77  1  0  0
 3  5 395040 87989196 2152136 64258024    0    0     0 389532 159598 600653 17  5 77  1  0  0
 9  4 395040 87983412 2152140 64263328    0    0     0 386420 160728 603387 17  5 77  1  0  0
 2  4 395040 87979916 2152140 64268020    0    0     0 392636 158773 605469 18  5 77  1  0  0
 3  4 395040 87975220 2152140 64272732    0    0     0 388632 160099 606982 18  5 77  1  0  0
 7  5 395040 87968516 2152140 64277188    0    0     0 381388 159383 605436 17  5 77  1  0  0
11  2 395040 87966236 2152140 64281096    0    0     0 378868 159550 600202 17  5 77  1  0  0
 6  3 395040 87958100 2152140 64285352    0    0     0 399508 159540 602836 17  5 77  1  0  0
procs -----------memory---------- ---swap-- -----io---- -system-- -------cpu-------
 r  b   swpd   free   buff  cache   si   so    bi    bo   in   cs us sy id wa st gu
 4  6 395040 87951312 2152140 64289128    0    0     0 396680 159080 603889 18  5 77  1  0  0
 3  8 395040 87947596 2152140 64294432    0    0     0 384728 160005 606076 18  5 77  1  0  0
 2  9 395040 87945984 2152140 64298504    0    0     0 337004 155289 585749 17  5 77  1  0  0
 8  9 395040 87942784 2152140 64302624    0    0     0 381656 158423 589208 18  5 77  1  0  0
12  1 395040 87942756 2152144 64307580    0    0     0 408672 163229 601523 17  5 77  1  0  0
 5  3 395040 87935056 2152144 64312272    0    0     0 411308 167241 620494 17  5 77  1  0  0
 6  2 395040 87926048 2152144 64316576    0    0     0 409944 166958 610287 18  5 77  1  0  0
 3  6 395040 87928056 2152144 64321320    0    0     0 397412 166137 614099 18  5 77  1  0  0
 0  9 395040 87926524 2152144 64325512    0    0     0 406768 167800 618567 17  5 77  1  0  0
 2  8 395040 87917812 2152148 64330264    0    0     0 403104 165802 614793 17  5 77  1  0  0
 3  5 395040 87914560 2152148 64335004    0    0     0 400720 165762 621520 17  5 77  1  0  0
20  4 395040 87909156 2152148 64338856    0    0     0 412004 166581 618305 17  5 77  1  0  0
 1  4 395040 87907548 2152148 64343324    0    0     0 410200 166424 616987 17  5 77  1  0  0
 4  4 395040 87900960 2152148 64348412    0    0     0 405580 165755 612888 17  5 77  1  0  0
27  0 395040 87899392 2152148 64352356    0    0     0 401140 165396 626233 18  5 77  1  0  0
19  1 395040 87889104 2152148 64356952    0    0     0 407816 166347 617450 18  5 77  1  0  0
 9  1 395040 87892304 2152148 64362156    0    0     0 404772 165541 623252 18  5 77  1  0  0
 4  2 395040 87881812 2152148 64366356    0    0     0 393732 165780 616292 18  4 77  1  0  0
 2  4 395040 87873788 2152148 64371196    0    0     0 386404 159594 602132 17  5 77  1  0  0
23  1 395040 87864332 2152152 64375044    0    0     0 381852 159851 604854 17  5 77  1  0  0
 4  4 395040 87861248 2152152 64379608    0    0     0 379956 159130 597390 17  5 77  1  0  0
procs -----------memory---------- ---swap-- -----io---- -system-- -------cpu-------
 r  b   swpd   free   buff  cache   si   so    bi    bo   in   cs us sy id wa st gu
15  7 395040 87858168 2152152 64383768    0    0     0 387364 158707 596658 17  5 77  1  0  0
 2  4 395040 87852204 2152152 64388840    0    0     0 390288 160174 597066 17  5 77  1  0  0
12  1 395040 87850276 2152152 64393540    0    0     0 383960 159072 600375 17  5 77  1  0  0
18  4 395040 87847212 2152152 64398192    0    0     0 388068 160501 605110 17  5 77  1  0  0
 4  0 395040 87843424 2152152 64402572    0    0     0 389748 160812 610849 18  5 77  1  0  0
13  0 395040 87838180 2152152 64407424    0    0     0 384328 159271 605075 17  5 77  1  0  0
18  1 395040 87831772 2152152 64412016    0    0     0 386932 160561 609700 17  5 77  1  0  0
19  0 395040 87824984 2152152 64416464    0    0     0 389200 159568 607624 17  5 77  1  0  0
14  2 395040 87825672 2152152 64421088    0    0     0 386600 159118 611134 17  5 77  1  0  0
19  0 395040 87820468 2152152 64425328    0    0     0 383384 158844 605089 17  5 77  1  0  0
18  0 395040 87814720 2152152 64430164    0    0     0 387424 159887 613162 18  5 77  1  0  0
19  0 395040 87814044 2152152 64434824    0    0     0 384260 159393 609093 18  5 77  1  0  0
19  0 395040 87805164 2152152 64438988    0    0     0 383564 157976 600848 17  5 77  1  0  0
 7  2 395040 87799704 2152156 64443872    0    0     0 385644 159254 603948 17  5 77  1  0  0
18  0 395040 87797940 2152156 64448440    0    0     0 383596 158443 603817 18  5 77  1  0  0
14  2 395040 87790944 2152156 64452676    0    0     0 390000 158946 606006 17  5 77  1  0  0
18  0 395040 87787244 2152156 64457652    0    0     0 388380 158954 612055 18  5 77  1  0  0
 3  5 395040 87784208 2152156 64462364    0    0     0 353460 156973 597816 17  5 77  1  0  0
 1  9 395040 87778608 2152160 64466076    0    0     0 385260 156934 584422 17  5 77  1  0  0
25  1 395040 87775976 2152160 64470620    0    0     0 407660 159872 598686 17  5 77  1  0  0
19  0 395040 87772852 2152160 64474116    0    0     0 387920 159388 598552 17  5 77  1  0  0
procs -----------memory---------- ---swap-- -----io---- -system-- -------cpu-------
 r  b   swpd   free   buff  cache   si   so    bi    bo   in   cs us sy id wa st gu
19  0 395040 87762064 2152160 64479324    0    0     0 381200 157383 594193 17  5 77  1  0  0
18  0 395040 87760740 2152160 64483796    0    0     0 374416 156435 572067 17  4 78  1  0  0
18  0 395040 87754292 2152160 64487716    0    0     0 385708 159243 599276 17  5 77  1  0  0
18  0 395040 87747616 2152160 64492788    0    0     0 385180 159456 597531 17  5 77  1  0  0
20  2 395040 87743988 2152160 64497660    0    0     0 350888 150575 566394 17  4 78  1  0  0
18  1 395040 87744640 2152160 64500784    0    0     0 353064 150588 561101 17  4 78  1  0  0
18  0 395040 87735192 2152160 64505832    0    0     0 357820 151572 566267 17  4 78  1  0  0
17  2 395040 87735252 2152164 64509312    0    0     0 351480 150212 569109 17  4 78  1  0  0
20  1 395040 87730744 2152164 64513996    0    0     0 348360 150096 562651 17  4 77  1  0  0
18  1 395040 87724788 2152164 64518792    0    0     0 361220 152305 577542 17  5 77  1  0  0
19  1 395040 87722968 2152164 64522908    0    0     0 355116 151241 574562 17  4 78  1  0  0
18  0 395040 87715896 2152164 64527464    0    0     0 352048 151188 568162 17  4 78  1  0  0
18  1 395040 87710108 2152172 64532128    0    0     0 367560 154832 584980 17  5 77  1  0  0
17  1 395040 87712368 2152172 64535996    0    0     0 362716 153458 582634 17  4 77  1  0  0
17  0 395040 87709784 2152172 64540076    0    0     0 362376 153316 573147 17  5 77  1  0  0
20  0 395040 87702408 2152172 64544672    0    0     0 367228 155917 580828 17  5 77  1  0  0
17  0 395040 87664088 2152176 64548992    0    0     0 361236 153069 577036 17  5 77  1  0  0
18  1 395040 87652168 2152176 64553876    0    0     0 366980 154855 581955 17  4 77  1  0  0
18  0 395040 87649816 2152176 64557328    0    0     0 371972 154711 590095 17  5 77  1  0  0
17  1 395040 87646644 2152176 64562340    0    0     0 367916 154103 588219 17  5 77  1  0  0
19  1 395040 87645148 2152176 64566784    0    0     0 370192 155220 592451 17  5 77  1  0  0
procs -----------memory---------- ---swap-- -----io---- -system-- -------cpu-------
 r  b   swpd   free   buff  cache   si   so    bi    bo   in   cs us sy id wa st gu
19  0 395040 87637784 2152176 64570736    0    0     0 372184 156011 589765 17  4 77  1  0  0
19  0 395040 87641156 2152176 64575768    0    0     0 371000 155558 589568 17  5 77  1  0  0
18  1 395040 87640960 2152176 64580536    0    0     0 371404 154799 589293 17  5 77  1  0  0
18  1 395040 87641388 2152176 64584024    0    0     0 371372 155298 587621 17  4 77  1  0  0
18  0 395040 87635876 2152176 64588776    0    0     0 368916 154707 587670 17  5 77  1  0  0
19  0 395040 87628208 2152176 64593548    0    0     0 368188 154492 583727 17  5 77  1  0  0
18  0 395040 87620936 2152176 64597020    0    0     0 370404 155362 583196 17  5 77  1  0  0
19  0 395040 87614096 2152176 64602440    0    0     0 374680 156142 583781 17  5 77  1  0  0
17  1 395040 87613036 2152176 64605948    0    0     0 377616 157279 591000 17  5 77  1  0  0
19  0 395040 87606304 2152176 64610676    0    0     0 385624 159883 601249 18  5 77  1  0  0
22  2 395040 87613216 2152176 64615824    0    0     0 377420 156373 588262 17  4 77  1  0  0
19  0 395040 87604636 2152176 64619244    0    0     0 373376 156784 584842 17  5 77  1  0  0
18  0 395040 87600716 2152176 64623956    0    0     0 370692 156034 582551 17  5 78  1  0  0
20  0 395040 87595588 2152176 64628624    0    0     0 380320 158309 599477 17  5 77  1  0  0
18  1 395040 87598900 2152176 64633204    0    0     0 381244 158279 596933 17  5 77  1  0  0
19  0 395040 87598320 2152176 64637784    0    0     0 374680 156084 591446 17  5 77  1  0  0
17  1 395040 87586840 2152176 64642304    0    0     0 379964 157305 593593 17  5 77  1  0  0
20  0 395040 87582352 2152176 64646248    0    0     0 378144 157701 599281 17  4 77  1  0  0
18  1 395040 87584232 2152176 64651116    0    0     0 380656 158395 601063 17  5 77  1  0  0
17  0 395040 87575472 2152176 64654732    0    0     0 376768 156792 590475 17  5 77  1  0  0
17  1 395040 87565896 2152176 64659964    0    0     0 380020 158005 596535 17  5 77  1  0  0
procs -----------memory---------- ---swap-- -----io---- -system-- -------cpu-------
 r  b   swpd   free   buff  cache   si   so    bi    bo   in   cs us sy id wa st gu
19  2 395040 87565144 2152176 64664640    0    0     0 367876 154268 582020 17  4 77  1  0  0
20  0 395040 87557088 2152176 64668452    0    0     0 353392 151237 568704 17  5 77  1  0  0
18  1 395040 87553664 2152176 64673212    0    0     0 384016 159485 606407 17  5 77  1  0  0
18  0 395040 87553212 2152176 64677804    0    0     0 386004 160870 614135 17  5 77  1  0  0
17  1 395040 87546256 2152180 64681936    0    0     0 381100 158110 599904 17  5 77  1  0  0
19  0 395040 87536172 2152180 64686720    0    0     0 385172 159887 608459 17  5 77  1  0  0
17  1 395040 87531412 2152180 64691248    0    0     0 380280 158623 595138 17  5 77  1  0  0
19  0 395040 87524852 2152180 64695240    0    0     0 379540 158223 593418 17  5 77  1  0  0
20  0 395040 87517940 2152180 64700160    0    0     0 383404 159508 599151 17  5 77  1  0  0
17  0 395040 87511016 2152184 64704020    0    0     0 377316 157152 592840 17  5 77  1  0  0
17  1 395040 87499656 2152184 64708800    0    0     0 381140 158615 603917 17  5 77  1  0  0
18  1 395040 87498592 2152184 64713252    0    0     0 385544 159084 603936 17  5 77  1  0  0
21  1 395040 87489320 2152184 64717468    0    0     0 379940 157574 591626 17  5 77  1  0  0
18  1 395040 87483116 2152184 64722244    0    0     0 384020 158537 599332 17  5 77  1  0  0
18  1 395040 87481684 2152184 64726800    0    0     0 386668 160001 602712 17  5 77  1  0  0
20  0 395040 87480100 2152184 64730500    0    0     0 386024 159547 606036 17  5 77  1  0  0
17  0 395040 87476480 2152184 64735384    0    0     0 378648 157196 597678 17  5 77  1  0  0
19  0 395040 87478452 2152184 64740116    0    0     0 381492 158535 597598 17  5 77  1  0  0
20  0 395040 87473896 2152184 64744152    0    0     0 382384 158752 599245 17  5 77  1  0  0
20  0 395040 87422836 2152184 64748540    0    0     0 367388 154579 559360 16  5 78  1  0  0
18  0 395040 87416432 2152184 64752780    0    0     0 370200 154483 585028 17  4 77  1  0  0
procs -----------memory---------- ---swap-- -----io---- -system-- -------cpu-------
 r  b   swpd   free   buff  cache   si   so    bi    bo   in   cs us sy id wa st gu
17  1 395040 87406880 2152184 64757720    0    0     0 373744 155977 595135 17  5 77  1  0  0
19  1 395040 87461096 2152184 64762196    0    0     0 380352 157390 600446 17  5 77  1  0  0
17  0 395040 87459524 2152184 64766228    0    0     0 382220 157957 608990 18  5 77  1  0  0
19  0 395040 87456780 2152184 64771080    0    0     0 378708 156935 587884 17  5 78  1  0  0
18  0 395040 87453200 2152184 64775612    0    0     0 376736 157079 591835 17  5 77  1  0  0
18  0 395040 87453640 2152184 64779348    0    0     0 373268 155529 578126 17  5 78  1  0  0
16  1 395040 87448796 2152184 64784016    0    0     0 381168 158820 595448 17  5 77  1  0  0
17  2 395040 87447832 2152184 64788768    0    0     0 384488 159620 605059 17  5 77  1  0  0
21  0 395040 87438268 2152184 64792812    0    0     0 380984 158195 591792 17  5 77  1  0  0
18  0 395040 87428136 2152184 64797472    0    0     0 383096 159209 600709 17  5 77  1  0  0
22  0 395040 87426840 2152184 64801556    0    0     0 385208 159728 605028 17  5 77  1  0  0
20  0 395040 87423796 2152184 64806340    0    0     0 384456 158763 603466 17  5 77  1  0  0
19  0 395040 87420684 2152184 64811232    0    0     0 384840 159357 599516 17  5 77  1  0  0
18  0 395040 87424200 2152184 64815076    0    0     0 382812 158478 598384 17  5 77  1  0  0
18  1 395040 87422448 2152184 64819768    0    0     0 384108 158206 602263 17  5 77  1  0  0
19  0 395040 87416896 2152184 64824428    0    0     0 359000 151983 578990 17  4 78  1  0  0
19  0 395040 87410484 2152184 64828556    0    0     0 372088 155209 591655 17  5 77  1  0  0
19  1 395040 87408420 2152184 64833244    0    0     0 387448 160096 607154 18  5 77  1  0  0
18  1 395040 87400008 2152184 64837756    0    0     0 384844 159931 603939 18  5 77  1  0  0
