procs -----------memory---------- ---swap-- -----io---- -system-- -------cpu-------
 r  b   swpd   free   buff  cache   si   so    bi    bo   in   cs us sy id wa st gu
 4  0 395040 58080556 2153408 92999676    2    7 16018 21666 11679    3  2  0 97  0  0  0
171  0 395040 57952068 2153408 92999748    0    0     0 219988 94982 56356 94  1  4  0  0  0
106  0 395040 57946540 2153408 92999808    0    0     0 328748 98800 45123 97  1  2  0  0  0
108  0 395040 57938040 2153408 92999856    0    0     0 315220 196690 44758 97  1  2  0  0  0
117  0 395040 57930212 2153408 92999904    0    0     0 287796 96952 43934 98  1  1  0  0  0
142  0 395040 57921304 2153408 92999948    0    0     0 315724 97382 46436 98  1  1  0  0  0
128  0 395040 57892140 2153408 92999992    0    0     0 305708 176768 47409 97  1  2  0  0  0
185  0 395040 57877752 2153408 93000052    0    0     0 262916 98828 48046 98  1  1  0  0  0
147  0 395040 57841104 2153408 93000096    0    0     0 307064 99095 52998 98  1  1  0  0  0
131  0 395040 57824392 2153408 93000152    0    0     0 278692 100040 48851 98  1  1  0  0  0
184  0 395040 57788928 2153408 93000196    0    0     0 316532 113859 47498 97  1  2  0  0  0
49  0 395040 56850356 2153412 93000248    0    0     0 395040 700532 179021 67 26  7  0  0  0
31  1 395040 56388244 2153412 93002136    0    0     0 527968 253535 813549 74 20  6  0  0  0
158  0 395040 56373996 2153412 93016012    0    0     0 351508 186868 846877 77 20  4  0  0  0
187  0 395040 56399576 2153412 93030536    0    0     0 362516 171073 862950 76 20  4  0  0  0
173  0 395040 56417096 2153412 93045192    0    0     0 356508 152242 846657 74 19  6  0  0  0
138  0 395040 56401556 2153412 93060200    0    0     0 359668 156610 857682 76 20  5  0  0  0
189  1 395040 56380800 2153412 93074072    0    0     0 366464 172043 868466 76 20  4  0  0  0
150  0 395040 56379276 2153412 93088936    0    0     0 369324 150518 864254 76 20  4  0  0  0
191  0 395040 56377528 2153412 93104332    0    0     0 365456 152721 857226 76 20  4  0  0  0
200  0 395040 56349304 2153412 93118524    0    0     0 366700 146963 825269 75 19  6  0  0  0
procs -----------memory---------- ---swap-- -----io---- -system-- -------cpu-------
 r  b   swpd   free   buff  cache   si   so    bi    bo   in   cs us sy id wa st gu
148  0 395040 56362308 2153412 93133288    0    0     0 370564 145688 849140 76 19  5  0  0  0
219  0 395040 56357776 2153412 93147492    0    0     0 369144 148060 850446 76 19  5  0  0  0
162  0 395040 56351980 2153412 93162144    0    0     0 375688 154878 872721 76 20  4  0  0  0
222  1 395040 56322824 2153412 93177036    0    0     0 362760 149190 842381 75 20  5  0  0  0
196  0 395040 56315476 2153412 93191740    0    0     0 376016 150102 833969 76 20  4  0  0  0
136  0 395040 56302784 2153420 93205720    0    0     0 366396 160939 828982 77 20  3  0  0  0
194  0 395040 56294620 2153420 93219948    0    0     0 368360 172405 839685 76 20  3  0  0  0
219  0 395040 56285408 2153420 93233968    0    0     0 361920 168727 799864 77 20  3  0  0  0
171  0 395040 56274784 2153420 93248252    0    0     0 360780 147153 804044 77 20  3  0  0  0
133  2 395040 56272204 2153420 93262112    0    0     0 380200 145924 805199 76 20  4  0  0  0
150  0 395040 56274300 2153420 93276100    0    0     0 370068 145601 798590 78 20  2  0  0  0
220  0 395040 56267672 2153420 93290352    0    0     0 369584 147325 809038 77 20  4  0  0  0
261  0 395040 56252864 2153420 93303648    0    0     0 378380 145554 807592 76 20  4  0  0  0
201  0 395040 56244544 2153420 93317964    0    0     0 374624 144391 795625 76 20  4  0  0  0
170  0 395040 56236344 2153420 93331632    0    0     0 374252 145694 807996 77 20  3  0  0  0
194  0 395040 56225308 2153424 93346288    0    0     0 382308 150662 807021 76 20  4  0  0  0
236  0 395040 56218612 2153424 93360168    0    0     0 376060 157667 793947 74 19  6  0  0  0
 2  0 395040 56162992 2153424 93372904    0    0     0 371756 144243 771452 74 19  6  0  0  0
213  0 395040 56203268 2153424 93386124    0    0     0 370256 143960 748415 72 19  9  0  0  0
137  0 395040 56195152 2153424 93399844    0    0     0 376488 146147 814385 77 20  3  0  0  0
155  1 395040 56177400 2153428 93413788    0    0     0 351452 147931 797577 78 20  2  0  0  0
procs -----------memory---------- ---swap-- -----io---- -system-- -------cpu-------
 r  b   swpd   free   buff  cache   si   so    bi    bo   in   cs us sy id wa st gu
227  0 395040 56160008 2153428 93428472    0    0     0 422028 148009 805326 76 20  4  0  0  0
175  1 395040 56148776 2153428 93441844    0    0     0 396676 147599 802007 77 20  3  0  0  0
185  0 395040 56133700 2153428 93455396    0    0     0 399824 144488 807241 75 20  5  0  0  0
211  0 395040 56125536 2153428 93469788    0    0     0 397504 147715 808851 77 20  3  0  0  0
153  1 395040 56112804 2153428 93483600    0    0     0 416388 155158 826526 77 20  3  0  0  0
189  0 395040 56097788 2153428 93496960    0    0     0 402548 151794 808134 78 20  2  0  0  0
138  1 395040 56084724 2153428 93512568    0    0     0 395924 145761 796265 76 20  4  0  0  0
150  0 395040 56062172 2153428 93524876    0    0     0 405948 148900 807533 76 20  4  0  0  0
246  0 395040 56047324 2153428 93539144    0    0     0 405640 147021 807233 76 20  4  0  0  0
184  0 395040 56018924 2153428 93553772    0    0     0 406240 162621 818691 76 20  4  0  0  0
209  0 395040 56004692 2153428 93566584    0    0     0 406548 165467 807299 76 20  3  0  0  0
143  0 395040 55990508 2153428 93581072    0    0     0 404708 165970 819260 77 20  3  0  0  0
259  0 395040 55971092 2153428 93596108    0    0     0 404740 183668 810723 77 20  3  0  0  0
219  0 395040 55964836 2153428 93607756    0    0     0 403636 156870 810573 76 20  4  0  0  0
252  0 395040 55951332 2153428 93622844    0    0     0 409500 157117 805397 76 20  3  0  0  0
152  0 395040 55931380 2153428 93639000    0    0     0 408444 156941 806741 77 20  3  0  0  0
215  0 395040 55922232 2153428 93649556    0    0     0 408500 147498 788594 75 19  6  0  0  0
234  0 395040 55905684 2153428 93664800    0    0     0 414500 149031 802543 77 20  3  0  0  0
238  0 395040 55899000 2153428 93677220    0    0     0 406116 150020 807963 76 20  4  0  0  0
158  0 395040 55886496 2153428 93691496    0    0     0 413792 157948 812786 77 20  4  0  0  0
184  0 395040 55871264 2153428 93705908    0    0     0 410824 145722 806615 76 20  4  0  0  0
procs -----------memory---------- ---swap-- -----io---- -system-- -------cpu-------
 r  b   swpd   free   buff  cache   si   so    bi    bo   in   cs us sy id wa st gu
194  0 395040 55837164 2153428 93718660    0    0     0 415672 148219 799373 75 19  5  0  0  0
190  0 395040 55821908 2153428 93733980    0    0     0 409220 147878 792454 74 20  6  0  0  0
235  0 395040 55807512 2153428 93747732    0    0     0 414472 149289 805089 77 20  2  0  0  0
80  0 395040 55793696 2153428 93760036    0    0     0 419908 148315 810538 76 20  4  0  0  0
157  0 395040 55779136 2153428 93775128    0    0     0 419088 147663 805307 76 20  5  0  0  0
115  0 395040 55766956 2153428 93790416    0    0     0 415568 147406 800520 77 20  3  0  0  0
182  0 395040 55754620 2153428 93802340    0    0     0 413024 146829 787811 76 20  4  0  0  0
228  0 395040 55736508 2153428 93817604    0    0     0 415556 149120 822589 77 20  3  0  0  0
256  0 395040 55721656 2153428 93832816    0    0     0 415688 146789 788227 77 19  3  0  0  0
136  0 395040 55710072 2153428 93844164    0    0     0 432008 146670 796396 76 19  4  0  0  0
146  1 395040 55694984 2153428 93859232    0    0     0 430612 149069 776588 73 19  7  0  0  0
237  0 395040 55677396 2153428 93870568    0    0     0 430340 146368 803278 75 20  5  0  0  0
210  0 395040 55667300 2153428 93885064    0    0     0 433028 150149 797602 77 20  4  0  0  0
 8  2 395040 55653568 2153428 93900696    0    0     0 423744 143662 739463 69 18 13  1  0  0
176  0 395040 55636276 2153428 93912004    0    0     0 430184 149130 784605 73 19  7  0  0  0
10  0 395040 55629880 2153428 93925472    0    0     0 432252 148159 759590 73 19  8  0  0  0
130  0 395040 55613148 2153428 93939836    0    0     0 433584 149057 792694 77 20  3  0  0  0
156  0 395040 55595060 2153428 93951856    0    0     0 431496 149049 801625 77 20  3  0  0  0
163  0 395040 55571952 2153428 93967600    0    0     0 432964 149105 804269 78 20  2  0  0  0
170  0 395040 55561164 2153428 93982172    0    0     0 432948 150350 810241 76 20  4  0  0  0
127  0 395040 55551444 2153428 93994244    0    0     0 429040 147544 800521 75 20  6  0  0  0
procs -----------memory---------- ---swap-- -----io---- -system-- -------cpu-------
 r  b   swpd   free   buff  cache   si   so    bi    bo   in   cs us sy id wa st gu
232  0 395040 55533480 2153428 94009332    0    0     0 432476 146538 801676 77 20  4  0  0  0
170  0 395040 55520128 2153428 94024952    0    0     0 430916 146822 810002 77 20  4  0  0  0
259  0 395040 55515080 2153428 94036388    0    0     0 435028 147129 811102 76 20  4  0  0  0
251  0 395040 55495428 2153428 94051304    0    0     0 434508 152567 812102 78 20  2  0  0  0
210  0 395040 55480804 2153432 94063024    0    0     0 436648 147840 807625 75 20  5  0  0  0
216  0 395040 55474128 2153432 94077880    0    0     0 433800 146329 799476 76 20  4  0  0  0
193  0 395040 55456264 2153432 94093084    0    0     0 432160 146175 811560 76 20  4  0  0  0
143  1 395040 55445000 2153432 94104496    0    0     0 436444 149176 816836 77 20  4  0  0  0
121  0 395040 55427360 2153432 94120024    0    0     0 434828 144636 800817 75 20  5  0  0  0
213  0 395040 55407308 2153432 94134792    0    0     0 440732 149376 805746 77 20  3  0  0  0
206  0 395040 55391260 2153432 94146792    0    0     0 439124 148174 808188 77 20  3  0  0  0
154  0 395040 55384664 2153432 94161636    0    0     0 441284 150859 809029 77 20  4  0  0  0
212  1 395040 55368780 2153432 94177976    0    0     0 442936 148078 810841 76 20  4  0  0  0
 1  0 395040 55343248 2153432 94188440    0    0     0 438740 146722 790978 73 19  7  0  0  0
183  0 395040 55329048 2153432 94203456    0    0     0 459064 149695 793304 74 19  7  0  0  0
194  0 395040 55316140 2153432 94218192    0    0     0 496856 150157 810030 76 20  4  0  0  0
97  1 395040 55303628 2153432 94229636    0    0     0 476768 153311 817753 77 20  3  0  0  0
258  0 395040 55286804 2153432 94245064    0    0     0 602952 155755 820013 77 20  3  0  0  0
149  0 395040 55266140 2153432 94260636    0    0     0 545832 151755 789958 73 19  8  0  0  0
160  0 395040 55255328 2153432 94271212    0    0     0 540408 152495 802142 75 19  5  0  0  0
201  0 395040 55245492 2153432 94286280    0    0     0 536732 151797 815222 75 19  5  0  0  0
procs -----------memory---------- ---swap-- -----io---- -system-- -------cpu-------
 r  b   swpd   free   buff  cache   si   so    bi    bo   in   cs us sy id wa st gu
163  0 395040 55234744 2153432 94297512    0    0     0 529808 151075 812126 76 20  4  0  0  0
238  0 395040 55215764 2153436 94312852    0    0     0 524832 148251 803023 74 19  6  0  0  0
151  0 395040 55202052 2153436 94327384    0    0     0 518188 148567 809827 76 20  4  0  0  0
250  0 395040 55195244 2153436 94339144    0    0     0 513984 150461 813470 76 20  4  0  0  0
238  0 395040 55188364 2153436 94354424    0    0     0 505992 150778 814669 76 20  5  0  0  0
158  0 395040 55166008 2153436 94369176    0    0     0 506184 152997 806419 78 20  2  0  0  0
168  0 395040 55163080 2153440 94380840    0    0     0 502720 151111 817500 76 20  4  0  0  0
210  1 395040 55138884 2153440 94395836    0    0     0 501332 150287 814451 76 20  3  0  0  0
160  0 395040 55118984 2153440 94411200    0    0     0 499040 150900 812317 77 20  4  0  0  0
102  0 395040 55104944 2153440 94421988    0    0     0 500168 149702 803640 76 20  4  0  0  0
152  0 395040 55088000 2153440 94437676    0    0     0 488992 147539 764412 72 19  9  1  0  0
189  1 395040 55069604 2153440 94451964    0    0     0 493548 150134 802593 76 20  4  0  0  0
202  0 395040 55029408 2153440 94463212    0    0     0 488044 147884 768097 71 19 10  0  0  0
251  0 395040 55062736 2153440 94478036    0    0     0 489472 149495 808173 76 20  3  0  0  0
172  0 395040 55018100 2153440 94493124    0    0     0 487376 149112 800008 76 21  3  0  0  0
156  0 395040 55005372 2153440 94504816    0    0     0 484572 149956 794767 74 20  6  0  0  0
235  0 395040 54988716 2153448 94518216    0    0     0 488640 151438 799273 75 20  6  0  0  0
201  1 395040 54990236 2153448 94534128    0    0     0 483088 147716 783308 74 19  6  0  0  0
197  0 395040 54970024 2153448 94546392    0    0     0 485996 149301 804676 75 20  5  0  0  0
156  0 395040 54958340 2153448 94559964    0    0     0 480592 149472 799517 76 20  5  0  0  0
167  1 395040 54938396 2153448 94576468    0    0     0 479824 150388 798258 76 20  5  0  0  0
procs -----------memory---------- ---swap-- -----io---- -system-- -------cpu-------
 r  b   swpd   free   buff  cache   si   so    bi    bo   in   cs us sy id wa st gu
155  0 395040 54925260 2153456 94587400    0    0     0 482204 151313 807333 76 20  4  0  0  0
172  1 395040 54913396 2153460 94602356    0    0     0 479136 150597 794931 76 19  5  0  0  0
242  1 395040 54888644 2153460 94613836    0    0     0 477084 148096 798876 75 20  5  0  0  0
225  0 395040 54875964 2153460 94629284    0    0     0 477436 148515 807157 74 19  6  0  0  0
241  0 395040 54858628 2153460 94643732    0    0     0 477440 149632 826168 75 20  5  0  0  0
193  0 395040 54850004 2153460 94654640    0    0     0 480268 150391 809779 77 20  3  0  0  0
178  0 395040 54838900 2153468 94670760    0    0     0 493924 151601 808575 77 20  3  0  0  0
215  0 395040 54817656 2153468 94685372    0    0     0 491544 148738 815802 76 20  3  0  0  0
215  0 395040 54806324 2153468 94697236    0    0     0 489128 149328 803424 76 20  4  0  0  0
193  0 395040 54792716 2153468 94711940    0    0     0 485944 149744 801957 76 20  4  0  0  0
197  0 395040 54780780 2153468 94727328    0    0     0 492040 151847 809450 77 20  3  0  0  0
116  0 395040 54745388 2153472 94739016    0    0     0 492344 150663 789759 74 19  7  0  0  0
160  0 395040 54738120 2153472 94753072    0    0     0 493948 149484 812892 77 20  4  0  0  0
178  0 395040 54726076 2153476 94768148    0    0     0 494248 152435 796229 73 20  7  0  0  0
237  0 395040 54708748 2153476 94780164    0    0     0 486848 149354 799215 74 19  6  0  0  0
142  0 395040 54697016 2153476 94794040    0    0     0 488172 149745 824970 76 20  4  0  0  0
207  0 395040 54668372 2153480 94809464    0    0     0 486912 150318 804180 75 20  5  0  0  0
181  0 395040 54655284 2153480 94820828    0    0     0 487192 150368 810357 76 20  4  0  0  0
214  0 395040 54638324 2153480 94836108    0    0     0 492528 152707 801801 76 20  4  0  0  0
198  0 395040 54620232 2153480 94850432    0    0     0 486584 151869 814080 78 20  2  0  0  0
230  0 395040 54613948 2153480 94863056    0    0     0 481260 149204 805186 75 20  5  0  0  0
procs -----------memory---------- ---swap-- -----io---- -system-- -------cpu-------
 r  b   swpd   free   buff  cache   si   so    bi    bo   in   cs us sy id wa st gu
262  0 395040 54600484 2153480 94878564    0    0     0 486400 154254 820691 77 20  3  0  0  0
226  1 395040 54583976 2153480 94892988    0    0     0 479852 151573 812323 76 20  3  0  0  0
89  1 395040 54576532 2153480 94904764    0    0     0 478588 150958 801439 76 20  4  0  0  0
127  0 395040 54567872 2153480 94919672    0    0     0 479144 148201 809572 77 20  3  0  0  0
123  1 395040 54557504 2153480 94931664    0    0     0 476812 147082 809436 76 20  4  0  0  0
164  0 395040 54543456 2153480 94946216    0    0     0 477264 148054 804423 75 20  5  0  0  0
151  0 395040 54527424 2153480 94961984    0    0     0 481176 152862 809591 75 20  5  0  0  0
221  0 395040 54511244 2153480 94973148    0    0     0 480400 150739 824437 76 20  4  0  0  0
197  0 395040 54501760 2153480 94987740    0    0     0 474408 147857 817949 76 20  3  0  0  0
151  0 395040 54444664 2153480 95003288    0    0     0 469004 145586 764499 72 18 10  0  0  0
188  0 395040 54479536 2153480 95014520    0    0     0 475024 148689 810875 76 20  4  0  0  0
190  0 395040 54466468 2153480 95029408    0    0     0 472564 148232 808529 76 20  5  0  0  0
79  0 395040 54456640 2153480 95044132    0    0     0 467944 148704 808515 76 20  4  0  0  0
114  0 395040 54440672 2153484 95055536    0    0     0 470748 149058 806485 77 20  3  0  0  0
192  0 395040 54425744 2153484 95071164    0    0     0 472732 150783 819084 77 20  3  0  0  0
237  0 395040 54410716 2153484 95087096    0    0     0 472580 148382 816352 77 20  3  0  0  0
177  0 395040 54401032 2153484 95097920    0    0     0 474984 150049 812997 77 20  3  0  0  0
103  0 395040 54384480 2153484 95113036    0    0     0 469732 148966 802750 76 20  4  0  0  0
171  1 395040 54374928 2153488 95124408    0    0     0 472020 149771 810387 77 20  3  0  0  0
188  1 395040 54366640 2153488 95139400    0    0     0 477448 149087 809499 76 20  4  0  0  0
167  0 395040 54334480 2153492 95155212    0    0     0 468924 148757 802158 76 20  5  0  0  0
procs -----------memory---------- ---swap-- -----io---- -system-- -------cpu-------
 r  b   swpd   free   buff  cache   si   so    bi    bo   in   cs us sy id wa st gu
135  0 395040 54324068 2153492 95166060    0    0     0 470992 150359 810830 76 20  4  0  0  0
93  0 395040 54289624 2153492 95181796    0    0     0 470092 149274 810510 77 20  3  0  0  0
99  0 395040 54274080 2153492 95197092    0    0     0 473604 150789 803772 77 20  3  0  0  0
180  0 395040 54265224 2153492 95208964    0    0     0 476908 150174 815520 77 20  3  0  0  0
211  0 395040 54252184 2153492 95223924    0    0     0 475208 149892 813114 75 20  5  0  0  0
98  0 395040 54240368 2153492 95239468    0    0     0 467536 149811 808377 77 20  3  0  0  0
119  0 395040 54228980 2153492 95250364    0    0     0 472624 148418 817296 76 20  4  0  0  0
208  0 395040 54214164 2153492 95265852    0    0     0 475204 149697 805828 78 20  2  0  0  0
102  0 395040 54176316 2153492 95281024    0    0     0 471160 148518 788387 74 20  6  0  0  0
223  0 395040 54167976 2153492 95291316    0    0     0 476564 147198 804327 76 20  5  0  0  0
248  0 395040 54142748 2153492 95307036    0    0     0 472756 152880 798616 74 19  6  0  0  0
204  0 395040 54132160 2153492 95318096    0    0     0 472612 148050 812577 76 20  4  0  0  0
277  0 395040 54115564 2153492 95333984    0    0     0 471504 151156 812937 76 20  4  0  0  0
170  0 395040 54080340 2153492 95348928    0    0     0 473980 150709 802296 76 20  4  0  0  0
176  0 395040 54078360 2153492 95360224    0    0     0 473832 151197 815524 77 20  3  0  0  0
194  0 395040 54056088 2153492 95375764    0    0     0 472296 149267 814873 77 20  3  0  0  0
162  0 395040 54036968 2153492 95390912    0    0     0 469456 152659 808890 77 20  3  0  0  0
240  0 395040 54024076 2153492 95402132    0    0     0 467608 148496 807685 76 20  5  0  0  0
218  0 395040 54015416 2153492 95417612    0    0     0 466784 146851 806419 76 20  5  0  0  0
177  0 395040 53991752 2153500 95433068    0    0     0 467652 150794 809496 77 20  3  0  0  0
226  1 395040 53982892 2153500 95443884    0    0     0 467224 147986 817771 76 20  3  0  0  0
procs -----------memory---------- ---swap-- -----io---- -system-- -------cpu-------
 r  b   swpd   free   buff  cache   si   so    bi    bo   in   cs us sy id wa st gu
213  0 395040 53973788 2153500 95459640    0    0     0 473228 152027 811254 77 20  3  0  0  0
196  0 395040 53954984 2153500 95474848    0    0     0 477124 153943 827921 77 20  2  0  0  0
199  0 395040 53937092 2153500 95486564    0    0     0 481976 154171 809150 75 20  5  0  0  0
191  0 395040 53935988 2153500 95501316    0    0     0 484576 147169 816776 74 19  6  0  0  0
113  0 395040 53918880 2153500 95516160    0    0     0 486920 149068 808469 76 20  4  0  0  0
174  0 395040 53907656 2153500 95527932    0    0     0 490184 151866 813435 78 20  2  0  0  0
240  0 395040 53853048 2153500 95542628    0    0     0 486168 149627 772203 72 19  9  0  0  0
216  0 395040 53889712 2153500 95557248    0    0     0 483564 152027 795078 76 20  4  0  0  0
231  0 395040 53883048 2153504 95568816    0    0     0 480540 148666 811608 77 20  3  0  0  0
171  0 395040 53874732 2153504 95584520    0    0     0 479912 146775 811795 76 20  4  0  0  0
101  0 395040 53855972 2153504 95598952    0    0     0 481816 148515 815730 77 20  3  0  0  0
205  0 395040 53844004 2153504 95611016    0    0     0 484204 150466 814470 77 20  3  0  0  0
186  0 395040 53819812 2153504 95625996    0    0     0 478736 149293 809451 76 20  4  0  0  0
261  0 395040 53807644 2153504 95640448    0    0     0 477820 146734 806035 76 20  4  0  0  0
217  0 395040 53801088 2153504 95652792    0    0     0 479244 148954 816053 75 20  5  0  0  0
217  0 395040 53788652 2153508 95667680    0    0     0 470608 147464 813213 76 20  4  0  0  0
160  2 395040 53774676 2153508 95681212    0    0     0 475228 150241 814082 76 20  4  0  0  0
171  0 395040 53745012 2153508 95694836    0    0     0 478800 150988 812480 75 20  5  0  0  0
252  0 395040 53729988 2153512 95709364    0    0     0 484328 153266 829344 77 20  3  0  0  0
214  0 395040 53710520 2153512 95721436    0    0     0 477596 150639 819117 77 20  3  0  0  0
61  1 395040 53700944 2153512 95736656    0    0     0 481568 151593 820915 77 20  3  0  0  0
procs -----------memory---------- ---swap-- -----io---- -system-- -------cpu-------
 r  b   swpd   free   buff  cache   si   so    bi    bo   in   cs us sy id wa st gu
188  1 395040 53693272 2153512 95750692    0    0     0 480012 150908 819116 77 20  3  0  0  0
113  1 395040 53680740 2153512 95763540    0    0     0 474764 147164 808110 75 20  5  0  0  0
160  0 395040 53663456 2153512 95777824    0    0     0 478500 148828 807578 75 20  5  0  0  0
190  0 395040 53650096 2153512 95791816    0    0     0 485456 151093 825566 77 20  3  0  0  0
222  0 395040 53634308 2153512 95804508    0    0     0 484644 150144 808839 76 20  4  0  0  0
141  0 395040 53604532 2153512 95819212    0    0     0 478864 148490 791314 75 19  6  0  0  0
211  0 395040 53583948 2153512 95832796    0    0     0 487428 149973 820026 76 20  3  0  0  0
204  0 395040 53575948 2153512 95846460    0    0     0 487332 152228 821031 76 20  4  0  0  0
13  0 395040 53561980 2153512 95860548    0    0     0 484640 147813 803974 75 20  5  0  0  0
259  0 395040 53545316 2153512 95874332    0    0     0 483576 150559 812273 77 20  3  0  0  0
193  0 395040 53507936 2153512 95887528    0    0     0 486104 151991 814120 75 20  5  0  0  0
145  0 395040 53497008 2153512 95901660    0    0     0 484080 149019 809194 76 20  4  0  0  0
245  0 395040 53477728 2153512 95915568    0    0     0 491108 149553 817146 76 20  4  0  0  0
178  0 395040 53461408 2153512 95929328    0    0     0 492296 153033 810157 76 20  5  0  0  0
60  0 395040 53448452 2153512 95942708    0    0     0 484120 149432 812701 76 20  4  0  0  0
235  0 395040 53434688 2153512 95956508    0    0     0 482484 149291 810191 77 20  3  0  0  0
206  0 395040 53422964 2153512 95970520    0    0     0 485524 150167 819094 77 20  3  0  0  0
223  0 395040 53404888 2153512 95984700    0    0     0 486724 152501 825156 77 20  3  0  0  0
173  0 395040 53390332 2153512 95998536    0    0     0 484656 150705 809224 78 20  2  0  0  0
87  0 395040 53376904 2153512 96012540    0    0     0 484588 149153 815194 76 20  4  0  0  0
45  0 395040 53363084 2153512 96025796    0    0     0 481444 149375 783111 74 19  7  0  0  0
procs -----------memory---------- ---swap-- -----io---- -system-- -------cpu-------
 r  b   swpd   free   buff  cache   si   so    bi    bo   in   cs us sy id wa st gu
194  0 395040 53355824 2153512 96039244    0    0     0 481944 148326 797288 73 19  7  0  0  0
142  0 395040 53339728 2153516 96053100    0    0     0 485792 150625 811976 78 20  2  0  0  0
137  0 395040 53324560 2153516 96067200    0    0     0 489132 150695 812345 77 20  3  0  0  0
 1  0 395040 53269452 2153516 96081528    0    0     0 482080 147417 794466 76 19  5  0  0  0
249  0 395040 53301928 2153516 96094424    0    0     0 484468 149336 774486 73 19  8  0  0  0
241  0 395040 53292264 2153516 96108004    0    0     0 486464 149858 815059 77 20  3  0  0  0
79  0 395040 53277808 2153524 96121792    0    0     0 484140 149277 810625 77 20  4  0  0  0
235  0 395040 53262916 2153524 96135828    0    0     0 485916 149859 819966 77 20  3  0  0  0
239  0 395040 53250424 2153524 96149588    0    0     0 489688 152650 819035 77 20  3  0  0  0
268  0 395040 53235168 2153524 96163300    0    0     0 484144 149519 805285 76 20  4  0  0  0
236  0 395040 53222824 2153524 96177712    0    0     0 488664 151402 814006 77 20  3  0  0  0
117  0 395040 53208100 2153528 96191104    0    0     0 489032 151108 818265 76 20  4  0  0  0
143  0 395040 53194436 2153528 96204884    0    0     0 484420 151939 816089 77 20  3  0  0  0
217  1 395040 53183000 2153528 96218936    0    0     0 487468 148853 818629 77 20  3  0  0  0
94  0 395040 53169600 2153528 96232952    0    0     0 488824 149892 800818 76 20  4  0  0  0
244  0 395040 53158760 2153528 96246300    0    0     0 485544 150266 800275 75 19  6  0  0  0
148  0 395040 53137304 2153532 96260236    0    0     0 485692 150754 802451 77 20  3  0  0  0
78  0 395040 53126640 2153532 96274228    0    0     0 488028 152500 814245 77 20  3  0  0  0
272  0 395040 53110880 2153532 96287876    0    0     0 483752 147240 817323 75 20  5  0  0  0
140  1 395040 53092904 2153532 96301576    0    0     0 486248 149674 800565 75 19  5  0  0  0
123  0 395040 53081708 2153532 96314608    0    0     0 485716 148279 788096 74 19  7  0  0  0
procs -----------memory---------- ---swap-- -----io---- -system-- -------cpu-------
 r  b   swpd   free   buff  cache   si   so    bi    bo   in   cs us sy id wa st gu
183  0 395040 53066072 2153532 96328964    0    0     0 492984 154242 811849 78 20  2  0  0  0
238  0 395040 53050780 2153532 96342228    0    0     0 496516 151900 815184 75 20  5  0  0  0
132  0 395040 53010944 2153532 96356084    0    0     0 493948 149837 793200 75 19  6  0  0  0
162  0 395040 52996520 2153532 96369772    0    0     0 491552 150554 806287 76 20  4  0  0  0
179  0 395040 52980772 2153532 96383996    0    0     0 493944 151651 816794 78 20  2  0  0  0
135  0 395040 52967668 2153532 96397536    0    0     0 497048 152819 819525 76 20  4  0  0  0
138  0 395040 52955072 2153532 96411360    0    0     0 495164 149159 808364 78 20  2  0  0  0
190  0 395040 52921000 2153532 96425384    0    0     0 499500 153612 809271 76 20  5  0  0  0
263  0 395040 52905672 2153532 96439368    0    0     0 496380 151951 818752 77 20  2  0  0  0
140  0 395040 52891892 2153532 96452944    0    0     0 490812 149344 802266 76 20  4  0  0  0
244  0 395040 52876248 2153536 96466832    0    0     0 494880 153957 813689 76 20  4  0  0  0
137  1 395040 52863024 2153536 96481144    0    0     0 490352 153672 809690 78 20  2  0  0  0
266  0 395040 52845980 2153536 96494688    0    0     0 489764 148487 810945 77 20  3  0  0  0
 7  0 395040 52839012 2153540 96508704    0    0     0 488664 149644 806779 76 20  4  0  0  0
41  0 395040 52819872 2153540 96522740    0    0     0 492244 153509 811183 77 20  3  0  0  0
66  0 395040 52806724 2153544 96536436    0    0     0 486080 147177 803992 76 20  5  0  0  0
107  0 395040 52796368 2153544 96550176    0    0     0 490048 150971 810646 77 20  3  0  0  0
156  0 395040 52781476 2153544 96564136    0    0     0 484592 150797 807083 76 20  4  0  0  0
185  0 395040 52765908 2153544 96577836    0    0     0 492920 154576 816078 77 20  3  0  0  0
183  0 395040 52752896 2153544 96591708    0    0     0 487144 149164 814098 77 20  3  0  0  0
230  0 395040 52741212 2153544 96605668    0    0     0 490344 150061 808263 76 20  4  0  0  0
procs -----------memory---------- ---swap-- -----io---- -system-- -------cpu-------
 r  b   swpd   free   buff  cache   si   so    bi    bo   in   cs us sy id wa st gu
91  0 395040 52727976 2153544 96619204    0    0     0 484152 149667 810297 76 20  4  0  0  0
113  0 395040 52723384 2153544 96632364    0    0     0 485212 148980 765586 71 19 10  0  0  0
228  0 395040 52710544 2153544 96646448    0    0     0 485544 150683 816817 77 20  3  0  0  0
133  0 395040 52698036 2153544 96660008    0    0     0 484168 150626 823126 77 20  3  0  0  0
218  0 395040 52682688 2153548 96673880    0    0     0 481004 149647 794569 77 19  4  0  0  0
249  0 395040 52668984 2153548 96687604    0    0     0 490332 153563 818387 76 20  4  0  0  0
99  0 395040 52649248 2153548 96701416    0    0     0 486500 148473 809017 76 20  4  0  0  0
13  0 395040 52614268 2153552 96715488    0    0     0 492316 157554 802732 76 20  3  0  0  0
121  0 395040 52595836 2153552 96728888    0    0     0 493424 151210 816658 77 20  3  0  0  0
192  0 395040 52592508 2153552 96743104    0    0     0 500328 151608 811908 77 20  4  0  0  0
136  0 395040 52594608 2153552 96756980    0    0     0 505512 154058 830917 77 20  3  0  0  0
258  0 395040 52588364 2153552 96770520    0    0     0 500360 150819 800918 76 20  5  0  0  0
242  0 395040 52571860 2153552 96784496    0    0     0 497360 149893 802868 77 20  3  0  0  0
194  1 395040 52543420 2153552 96798304    0    0     0 499904 153887 819019 78 20  2  0  0  0
70  1 395040 52530512 2153552 96812060    0    0     0 490768 149656 805034 74 19  7  0  0  0
234  0 395040 52517260 2153552 96825652    0    0     0 492836 153017 818260 76 20  4  0  0  0
124  0 395040 52502400 2153552 96839448    0    0     0 491348 151126 802945 78 20  3  0  0  0
228  0 395040 52488820 2153552 96853536    0    0     0 495288 151376 811010 77 20  3  0  0  0
59  2 395040 52478104 2153552 96867000    0    0     0 493548 149733 805359 76 20  4  0  0  0
106  0 395040 52464332 2153556 96880916    0    0     0 498404 150670 814339 76 20  5  0  0  0
133  1 395040 52426356 2153556 96894968    0    0     0 494860 148526 792798 73 19  7  0  0  0
procs -----------memory---------- ---swap-- -----io---- -system-- -------cpu-------
 r  b   swpd   free   buff  cache   si   so    bi    bo   in   cs us sy id wa st gu
257  0 395040 52417500 2153556 96907836    0    0     0 498228 151204 811750 76 20  4  0  0  0
204  0 395040 52411772 2153556 96922024    0    0     0 499552 151297 810555 76 20  4  0  0  0
229  0 395040 52393556 2153556 96936024    0    0     0 494220 149216 799003 78 20  2  0  0  0
274  0 395040 52383596 2153556 96949624    0    0     0 492220 149126 799412 75 20  5  0  0  0
152  0 395040 52345188 2153556 96963680    0    0     0 497428 153319 806581 76 20  4  0  0  0
111  0 395040 52301132 2153556 96976976    0    0     0 488448 185789 819279 77 20  3  0  0  0
46  0 395040 52279792 2153556 96990976    0    0     0 487148 150808 810397 77 20  3  0  0  0
244  0 395040 52277740 2153556 97005100    0    0     0 486856 151780 810590 78 20  2  0  0  0
98  1 395040 52272916 2153560 97018896    0    0     0 487572 150255 806364 77 20  2  0  0  0
228  0 395040 52261932 2153560 97033188    0    0     0 486684 150482 810102 77 20  4  0  0  0
182  0 395040 52255448 2153560 97046588    0    0     0 485792 148093 794066 75 19  5  0  0  0
248  0 395040 52248156 2153560 97059896    0    0     0 487464 151642 805573 74 19  7  0  0  0
126  0 395040 52232316 2153560 97073192    0    0     0 484996 146854 805010 75 19  5  0  0  0
218  0 395040 52216552 2153560 97087460    0    0     0 487900 151787 818226 78 20  2  0  0  0
186  0 395040 52201648 2153560 97101352    0    0     0 491480 153272 826331 77 20  3  0  0  0
212  0 395040 52184540 2153560 97115024    0    0     0 489148 150762 805397 77 20  3  0  0  0
205  0 395040 52178516 2153560 97129056    0    0     0 491100 152050 814154 76 20  4  0  0  0
228  0 395040 52164456 2153560 97143300    0    0     0 490768 151676 809912 77 20  3  0  0  0
191  0 395040 52151196 2153560 97156912    0    0     0 493128 152193 817203 77 20  3  0  0  0
 6  1 395040 52147140 2153560 97170004    0    0     0 487860 147058 767157 72 19 10  0  0  0
252  0 395040 52134548 2153560 97183652    0    0     0 486376 151053 807403 76 20  4  0  0  0
procs -----------memory---------- ---swap-- -----io---- -system-- -------cpu-------
 r  b   swpd   free   buff  cache   si   so    bi    bo   in   cs us sy id wa st gu
262  0 395040 52118732 2153560 97197720    0    0     0 488744 149817 815497 77 20  3  0  0  0
119  1 395040 52103308 2153560 97211240    0    0     0 489756 152181 812948 77 20  3  0  0  0
120  0 395040 52088996 2153564 97225128    0    0     0 491272 150002 816710 77 20  3  0  0  0
12  1 395040 52074204 2153564 97238800    0    0     0 485508 147485 802435 75 20  5  0  0  0
208  0 395040 52057896 2153568 97252932    0    0     0 486292 149722 804829 76 20  4  0  0  0
150  0 395040 52045644 2153568 97266576    0    0     0 488476 149392 815930 76 20  4  0  0  0
264  0 395040 52029176 2153568 97280732    0    0     0 489068 150310 814740 77 20  3  0  0  0
214  0 395040 52012820 2153568 97294448    0    0     0 488744 151422 812772 77 20  3  0  0  0
261  0 395040 52008904 2153568 97308100    0    0     0 487880 151012 802950 75 20  5  0  0  0
180  0 395040 51998968 2153568 97321544    0    0     0 487268 148995 800389 76 20  4  0  0  0
212  1 395040 51981888 2153568 97335536    0    0     0 486592 149153 799920 77 20  3  0  0  0
243  0 395040 51965664 2153568 97349272    0    0     0 486232 148725 815273 77 20  3  0  0  0
57  2 395040 51951052 2153572 97363540    0    0     0 491808 153561 814016 77 20  3  0  0  0
71  1 395040 51941560 2153572 97377404    0    0     0 496444 152330 805936 75 20  5  0  0  0
238  0 395040 51927640 2153572 97391100    0    0     0 494280 149960 811314 76 20  4  0  0  0
116  1 395040 51909372 2153572 97404740    0    0     0 497592 150702 811291 76 20  4  0  0  0
173  0 395040 51895416 2153572 97418228    0    0     0 504396 152869 812233 76 20  4  0  0  0
175  0 395040 51878956 2153572 97432348    0    0     0 498272 150301 819661 77 20  3  0  0  0
203  0 395040 51847788 2153572 97445148    0    0     0 494260 146522 763249 70 19 11  0  0  0
142  0 395040 51839240 2153572 97458672    0    0     0 494388 151053 814162 76 20  3  0  0  0
229  0 395040 51826804 2153572 97472480    0    0     0 494652 149283 811232 76 20  3  0  0  0
procs -----------memory---------- ---swap-- -----io---- -system-- -------cpu-------
 r  b   swpd   free   buff  cache   si   so    bi    bo   in   cs us sy id wa st gu
247  0 395040 51807080 2153572 97486408    0    0     0 494892 149404 812968 77 20  3  0  0  0
158  1 395040 51766004 2153572 97500432    0    0     0 496344 148128 816495 76 20  5  0  0  0
220  0 395040 51752156 2153572 97513996    0    0     0 493296 149125 810990 76 20  4  0  0  0
91  0 395040 51737152 2153572 97527728    0    0     0 491716 149284 809494 76 20  4  0  0  0
 4  0 395040 51693172 2153572 97541700    0    0     0 494168 181152 815653 77 20  3  0  0  0
234  0 395040 51686228 2153572 97555316    0    0     0 492496 151939 811583 77 20  3  0  0  0
224  0 395040 51680056 2153576 97569676    0    0     0 497124 151934 808401 77 20  3  0  0  0
238  0 395040 51673624 2153576 97583176    0    0     0 490616 150509 802785 75 19  6  0  0  0
241  0 395040 51662688 2153576 97596848    0    0     0 492456 150670 819636 76 20  4  0  0  0
270  0 395040 51647072 2153576 97610836    0    0     0 498148 152169 817095 78 20  2  0  0  0
202  0 395040 51630392 2153576 97624872    0    0     0 493392 149154 810200 77 20  3  0  0  0
169  0 395040 51612880 2153576 97638620    0    0     0 490512 179009 817192 76 20  3  0  0  0
175  1 395040 51601568 2153576 97651852    0    0     0 486596 187383 815840 76 20  5  0  0  0
263  0 395040 51586960 2153576 97665868    0    0     0 492548 147100 816984 77 20  3  0  0  0
237  0 395040 51575512 2153576 97679920    0    0     0 494088 148900 805687 77 20  3  0  0  0
164  0 395040 51562784 2153576 97693632    0    0     0 495428 149868 817014 76 20  5  0  0  0
256  0 395040 51515048 2153576 97706652    0    0     0 488080 146717 767328 73 19  8  0  0  0
211  0 395040 51559532 2153576 97720260    0    0     0 491740 150817 805934 76 20  4  0  0  0
103  0 395040 51538636 2153576 97734428    0    0     0 492192 150743 807750 76 20  4  0  0  0
142  0 395040 51522028 2153576 97748392    0    0     0 491824 151052 816246 77 20  2  0  0  0
75  1 395040 51513432 2153576 97762224    0    0     0 490972 148769 817587 76 20  4  0  0  0
procs -----------memory---------- ---swap-- -----io---- -system-- -------cpu-------
 r  b   swpd   free   buff  cache   si   so    bi    bo   in   cs us sy id wa st gu
103  0 395040 51494268 2153580 97776108    0    0     0 491504 150932 819715 76 20  3  0  0  0
243  0 395040 51481280 2153580 97789484    0    0     0 489532 149701 811195 77 20  3  0  0  0
203  0 395040 51467952 2153580 97803484    0    0     0 489228 148568 814420 76 20  4  0  0  0
192  0 395040 51453792 2153580 97817048    0    0     0 488192 151173 810338 76 19  4  0  0  0
214  0 395040 51440580 2153580 97831160    0    0     0 486720 146259 811037 76 20  4  0  0  0
148  0 395040 51417776 2153580 97845056    0    0     0 493128 152804 814078 75 20  4  0  0  0
207  0 395040 51404612 2153580 97858736    0    0     0 487604 150488 810951 76 20  4  0  0  0
26  0 395040 51375080 2153580 97872280    0    0     0 491704 150036 818737 77 20  3  0  0  0
250  0 395040 51364092 2153580 97886312    0    0     0 489124 149603 818807 76 20  3  0  0  0
99  0 395040 51352456 2153580 97900276    0    0     0 489200 149684 813358 76 20  3  0  0  0
254  0 395040 51339688 2153580 97913752    0    0     0 497568 149474 812043 74 20  6  0  0  0
14  0 395040 51322696 2153580 97927544    0    0     0 500096 149555 815464 77 20  4  0  0  0
134  0 395040 51312156 2153580 97941188    0    0     0 501896 151896 810506 76 20  4  0  0  0
154  0 395040 51296276 2153580 97954944    0    0     0 502200 148929 819781 77 20  3  0  0  0
254  0 395040 51287312 2153580 97969096    0    0     0 504580 151838 802475 75 20  5  0  0  0
103  0 395040 51271128 2153580 97982600    0    0     0 501424 148539 793169 75 19  6  0  0  0
84  0 395040 51254236 2153580 97995916    0    0     0 504880 149892 814892 77 20  4  0  0  0
258  0 395040 51236320 2153580 98009972    0    0     0 501828 150362 812774 77 20  3  0  0  0
149  0 395040 51227468 2153580 98023644    0    0     0 505032 151509 816945 76 20  4  0  0  0
179  0 395040 51195724 2153580 98037700    0    0     0 508420 153101 817116 76 20  4  0  0  0
160  1 395040 51178332 2153584 98051644    0    0     0 499860 152793 817284 78 20  2  0  0  0
procs -----------memory---------- ---swap-- -----io---- -system-- -------cpu-------
 r  b   swpd   free   buff  cache   si   so    bi    bo   in   cs us sy id wa st gu
194  0 395040 51160388 2153584 98065472    0    0     0 493272 149577 813659 76 20  4  0  0  0
217  0 395040 51147820 2153584 98079060    0    0     0 495252 149773 821276 77 20  3  0  0  0
61  0 395040 51132164 2153584 98093532    0    0     0 496736 148330 814519 76 20  4  0  0  0
271  1 395040 51118904 2153584 98107240    0    0     0 496036 151110 809717 77 20  3  0  0  0
255  0 395040 51113088 2153584 98120760    0    0     0 501556 155211 812455 77 20  3  0  0  0
189  0 395040 51093172 2153584 98134548    0    0     0 496300 152363 802628 75 19  5  0  0  0
75  1 395040 51074952 2153584 98148400    0    0     0 492804 149511 809899 77 20  4  0  0  0
31  0 395040 51067096 2153584 98162248    0    0     0 492832 150088 816014 77 20  3  0  0  0
204  1 395040 51055348 2153584 98175944    0    0     0 490600 149962 813273 76 20  4  0  0  0
195  0 395040 51041856 2153584 98189720    0    0     0 487696 150589 809369 76 20  4  0  0  0
80  0 395040 51022192 2153584 98203628    0    0     0 484892 149765 806791 75 20  6  0  0  0
170  0 395040 51005148 2153584 98217256    0    0     0 488528 150343 803053 77 20  3  0  0  0
83  0 395040 50992320 2153584 98231380    0    0     0 488440 149523 798770 77 20  3  0  0  0
227  1 395040 50933108 2153584 98244188    0    0     0 481988 146118 761766 71 18 10  0  0  0
112  0 395040 50978472 2153592 98258156    0    0     0 482956 148763 802648 76 20  4  0  0  0
116  0 395040 50965504 2153592 98272060    0    0     0 483404 149464 818702 76 20  4  0  0  0
255  0 395040 50953800 2153592 98285296    0    0     0 489412 151803 816486 76 20  4  0  0  0
136  0 395040 50940816 2153592 98299312    0    0     0 485944 149383 810093 76 20  4  0  0  0
229  0 395040 50922256 2153592 98313268    0    0     0 483764 149771 801850 76 20  4  0  0  0
98  1 395040 50905184 2153596 98327188    0    0     0 483556 148437 800563 76 20  4  0  0  0
219  0 395040 50893920 2153596 98340604    0    0     0 484612 150709 793653 75 19  5  0  0  0
procs -----------memory---------- ---swap-- -----io---- -system-- -------cpu-------
 r  b   swpd   free   buff  cache   si   so    bi    bo   in   cs us sy id wa st gu
55  0 395040 50880356 2153596 98354436    0    0     0 480340 146445 768389 73 19  8  0  0  0
186  0 395040 50872600 2153596 98367896    0    0     0 486828 149808 817289 75 20  5  0  0  0
138  2 395040 50833792 2153596 98381160    0    0     0 478532 204168 800490 73 19  7  0  0  0
140  0 395040 50817376 2153596 98394560    0    0     0 478204 219802 816771 73 20  7  0  0  0
102  1 395040 50797604 2153596 98407768    0    0     0 478868 218201 821438 74 20  6  0  0  0
234  0 395040 50781356 2153596 98420688    0    0     0 478520 218845 818685 73 20  7  0  0  0
244  0 395040 50756016 2153596 98434032    0    0     0 482084 231697 832193 76 20  3  0  0  0
38  0 395040 50735268 2153596 98448156    0    0     0 477676 226881 822894 75 20  5  0  0  0
272  0 395040 50719604 2153600 98461680    0    0     0 478188 226927 827769 75 20  5  0  0  0
171  0 395040 50701148 2153600 98474556    0    0     0 483436 181082 815393 76 20  5  0  0  0
140  0 395040 50690704 2153600 98488888    0    0     0 481680 193505 817802 76 20  3  0  0  0
264  0 395040 50673948 2153600 98502684    0    0     0 479348 228255 831042 76 20  3  0  0  0
191  0 395040 50635476 2153600 98516276    0    0     0 479356 209678 803721 73 20  7  0  0  0
258  0 395040 50637008 2153600 98529508    0    0     0 488928 151534 824578 77 20  3  0  0  0
184  1 395040 50640368 2153600 98543564    0    0     0 490720 150427 818088 76 20  4  0  0  0
173  0 395040 50647236 2153600 98557164    0    0     0 493064 151447 817219 76 20  4  0  0  0
192  1 395040 50636900 2153600 98570860    0    0     0 493092 151753 823415 77 20  3  0  0  0
157  0 395040 50599852 2153600 98584612    0    0     0 486640 149145 807245 76 20  4  0  0  0
200  0 395040 50591200 2153604 98598544    0    0     0 489084 151227 822840 77 20  3  0  0  0
207  0 395040 50579012 2153604 98612548    0    0     0 490148 150579 809168 77 20  4  0  0  0
197  0 395040 50565168 2153604 98626804    0    0     0 492716 151191 814969 77 20  2  0  0  0
procs -----------memory---------- ---swap-- -----io---- -system-- -------cpu-------
 r  b   swpd   free   buff  cache   si   so    bi    bo   in   cs us sy id wa st gu
167  0 395040 50550112 2153604 98640080    0    0     0 491048 150065 811357 76 20  4  0  0  0
208  0 395040 50539080 2153604 98654476    0    0     0 491984 152490 818025 77 20  3  0  0  0
136  0 395040 50527208 2153604 98668060    0    0     0 486020 149507 805377 77 20  3  0  0  0
230  0 395040 50511848 2153604 98682048    0    0     0 484636 150976 807638 77 20  4  0  0  0
221  0 395040 50498628 2153604 98695784    0    0     0 487620 151305 819812 78 20  2  0  0  0
57  0 395040 50481420 2153604 98709812    0    0     0 486272 147710 807617 77 20  3  0  0  0
258  0 395040 50470948 2153604 98723392    0    0     0 489392 151479 818590 76 19  4  0  0  0
120  0 395040 50460540 2153604 98737576    0    0     0 492392 151099 810136 76 20  4  0  0  0
256  0 395040 50445884 2153604 98751372    0    0     0 489468 151825 817905 77 20  3  0  0  0
154  0 395040 50429896 2153604 98765140    0    0     0 493380 152580 825944 77 20  2  0  0  0
243  0 395040 50372456 2153604 98779424    0    0     0 482152 147051 768254 72 19  9  0  0  0
252  0 395040 50411200 2153604 98792616    0    0     0 487628 153799 807383 77 20  2  0  0  0
100  0 395040 50401608 2153604 98806596    0    0     0 482424 150867 806396 77 20  3  0  0  0
222  0 395040 50387928 2153604 98820656    0    0     0 486096 149271 805268 77 20  3  0  0  0
240  0 395040 50377868 2153604 98834336    0    0     0 487396 151111 815080 76 20  4  0  0  0
249  0 395040 50357576 2153608 98848040    0    0     0 488576 149517 808101 76 20  5  0  0  0
201  0 395040 50346712 2153608 98861648    0    0     0 485164 150067 815795 76 20  4  0  0  0
180  0 395040 50332872 2153608 98875380    0    0     0 482956 154595 807582 75 20  5  0  0  0
169  0 395040 50314196 2153608 98889112    0    0     0 485992 149438 812381 76 20  4  0  0  0
269  0 395040 50302900 2153608 98902960    0    0     0 489616 151246 817114 77 20  3  0  0  0
266  0 395040 50284780 2153608 98916536    0    0     0 487276 151353 816702 77 20  3  0  0  0
procs -----------memory---------- ---swap-- -----io---- -system-- -------cpu-------
 r  b   swpd   free   buff  cache   si   so    bi    bo   in   cs us sy id wa st gu
111  0 395040 50253488 2153608 98930388    0    0     0 486736 150013 803871 76 20  4  0  0  0
204  0 395040 50239964 2153608 98944712    0    0     0 486304 154765 814471 76 20  4  0  0  0
215  0 395040 50225204 2153608 98958104    0    0     0 493072 153837 815747 76 20  4  0  0  0
180  0 395040 50213904 2153608 98971796    0    0     0 489196 151261 824149 75 20  5  0  0  0
250  0 395040 50203900 2153608 98985504    0    0     0 486596 149866 814703 77 20  3  0  0  0
101  0 395040 50193688 2153608 98999428    0    0     0 489248 149096 815957 76 20  4  0  0  0
113  1 395040 50185856 2153608 99013392    0    0     0 495376 168341 821491 77 20  3  0  0  0
17  0 395040 50172528 2153608 99027008    0    0     0 491424 151199 822070 76 20  3  0  0  0
196  0 395040 50160120 2153608 99040748    0    0     0 485336 149828 808308 76 20  4  0  0  0
150  0 395040 50133940 2153608 99054716    0    0     0 488640 150634 800710 75 20  5  0  0  0
192  1 395040 50116704 2153608 99067924    0    0     0 486164 148870 805790 76 20  3  0  0  0
178  0 395040 50099508 2153612 99082208    0    0     0 486804 151755 824615 77 20  3  0  0  0
145  0 395040 50082328 2153612 99095876    0    0     0 490224 151578 817495 77 20  3  0  0  0
145  0 395040 50070916 2153612 99109916    0    0     0 488492 150302 800793 75 19  6  0  0  0
187  0 395040 50035128 2153612 99123484    0    0     0 489412 148027 794219 74 19  7  0  0  0
206  0 395040 50022956 2153612 99136396    0    0     0 486816 148213 792871 75 20  5  0  0  0
237  0 395040 50005812 2153612 99150524    0    0     0 495232 151056 806582 75 20  5  0  0  0
248  0 395040 49988916 2153612 99164288    0    0     0 498024 153118 817325 77 20  3  0  0  0
249  0 395040 49977736 2153612 99177880    0    0     0 494624 150016 811783 76 20  3  0  0  0
136  0 395040 49961632 2153612 99192116    0    0     0 495692 153634 816736 77 20  3  0  0  0
260  0 395040 49941328 2153612 99206044    0    0     0 492176 150109 819562 76 20  4  0  0  0
procs -----------memory---------- ---swap-- -----io---- -system-- -------cpu-------
 r  b   swpd   free   buff  cache   si   so    bi    bo   in   cs us sy id wa st gu
240  0 395040 49927348 2153612 99219696    0    0     0 493300 148398 802521 77 20  4  0  0  0
82  0 395040 49920132 2153612 99233456    0    0     0 490292 150586 798058 75 20  5  0  0  0
198  1 395040 49909320 2153612 99247060    0    0     0 487968 147839 811257 75 20  5  0  0  0
191  0 395040 49897924 2153612 99260592    0    0     0 488604 150361 816115 75 20  5  0  0  0
221  1 395040 49879992 2153612 99274268    0    0     0 487816 149438 818707 77 20  2  0  0  0
155  0 395040 49863756 2153612 99288352    0    0     0 490160 148992 817073 77 20  3  0  0  0
131  0 395040 49846816 2153612 99302360    0    0     0 489348 150660 816589 78 20  2  0  0  0
166  0 395040 49793376 2153612 99316376    0    0     0 486212 148620 779370 72 19  9  0  0  0
77  0 395040 49840816 2153612 99329504    0    0     0 491000 151765 805978 76 20  4  0  0  0
143  0 395040 49827948 2153612 99342912    0    0     0 487612 150463 816533 77 20  3  0  0  0
201  0 395040 49810128 2153612 99357164    0    0     0 485940 150380 815990 77 20  3  0  0  0
139  0 395040 49796608 2153616 99370444    0    0     0 486132 151741 826122 77 20  4  0  0  0
250  1 395040 49781536 2153616 99384836    0    0     0 481168 146376 809720 76 20  4  0  0  0
202  0 395040 49756668 2153616 99398232    0    0     0 479252 148328 790698 74 19  7  0  0  0
209  0 395040 49739580 2153616 99412248    0    0     0 477916 149348 808237 77 20  3  0  0  0
185  0 395040 49733472 2153616 99425764    0    0     0 485852 152101 819505 76 20  4  0  0  0
210  0 395040 49715392 2153616 99439516    0    0     0 480948 151262 812053 76 20  4  0  0  0
261  0 395040 49696360 2153616 99453712    0    0     0 481908 151457 811771 78 20  2  0  0  0
154  0 395040 49668460 2153616 99467660    0    0     0 481064 151495 798620 77 20  3  0  0  0
126  1 395040 49655536 2153616 99481096    0    0     0 479144 147866 807812 76 20  4  0  0  0
132  0 395040 49648224 2153620 99494872    0    0     0 485648 148789 802836 76 20  4  0  0  0
procs -----------memory---------- ---swap-- -----io---- -system-- -------cpu-------
 r  b   swpd   free   buff  cache   si   so    bi    bo   in   cs us sy id wa st gu
109  1 395040 49635308 2153620 99509132    0    0     0 496336 154277 825020 76 20  4  0  0  0
163  0 395040 49619792 2153620 99522492    0    0     0 490836 149555 813440 75 20  5  0  0  0
118  0 395040 49607908 2153620 99536644    0    0     0 488604 150457 812526 76 20  4  0  0  0
220  0 395040 49592744 2153620 99550332    0    0     0 490100 149751 817535 77 20  3  0  0  0
261  0 395040 49586456 2153620 99563888    0    0     0 489020 152222 813605 77 20  3  0  0  0
273  0 395040 49564288 2153620 99577712    0    0     0 489052 149571 801936 75 20  5  0  0  0
42  0 395040 49526180 2153620 99591748    0    0     0 489308 151577 788204 75 20  5  0  0  0
232  0 395040 49517748 2153620 99605564    0    0     0 491632 151441 828222 76 20  4  0  0  0
219  0 395040 49504004 2153620 99618648    0    0     0 494688 152894 797298 75 19  5  0  0  0
213  0 395040 49489192 2153620 99632232    0    0     0 484396 148360 803416 75 19  5  0  0  0
112  1 395040 49482140 2153620 99646220    0    0     0 483080 148866 811935 77 20  3  0  0  0
266  0 395040 49449556 2153620 99659908    0    0     0 478960 146778 791303 73 19  7  0  0  0
122  0 395040 49435608 2153620 99673576    0    0     0 499540 230056 839851 76 20  4  0  0  0
141  0 395040 49417252 2153620 99687604    0    0     0 484708 151354 806235 76 20  4  0  0  0
98  0 395040 49406944 2153620 99701160    0    0     0 490128 153386 823392 78 20  2  0  0  0
119  0 395040 49392792 2153620 99715096    0    0     0 483632 147514 813737 77 20  3  0  0  0
238  0 395040 49378804 2153620 99729068    0    0     0 492712 154627 824724 77 20  3  0  0  0
188  0 395040 49365284 2153620 99742340    0    0     0 486188 150098 819014 77 20  3  0  0  0
228  0 395040 49351448 2153620 99756164    0    0     0 483556 148206 805086 75 20  5  0  0  0
163  0 395040 49333088 2153620 99770364    0    0     0 482708 150294 808717 76 20  4  0  0  0
194  0 395040 49316368 2153620 99783868    0    0     0 484992 147512 810586 76 20  4  0  0  0
procs -----------memory---------- ---swap-- -----io---- -system-- -------cpu-------
 r  b   swpd   free   buff  cache   si   so    bi    bo   in   cs us sy id wa st gu
262  0 395040 49309824 2153620 99797908    0    0     0 483908 150465 814866 77 20  3  0  0  0
211  0 395040 49289896 2153620 99811836    0    0     0 483880 149654 809168 76 20  4  0  0  0
125  0 395040 49271612 2153620 99825640    0    0     0 481868 148177 811813 76 20  4  0  0  0
177  0 395040 49262880 2153620 99839328    0    0     0 484820 148903 816801 76 20  4  0  0  0
 1  0 395040 49212260 2153620 99853060    0    0     0 484372 152006 797156 73 19  8  0  0  0
211  0 395040 49256272 2153624 99866224    0    0     0 482552 149503 780834 73 19  7  0  0  0
214  0 395040 49236040 2153624 99879760    0    0     0 482248 152586 818343 77 20  2  0  0  0
259  0 395040 49217136 2153628 99893868    0    0     0 479160 150016 815619 76 20  4  0  0  0
213  0 395040 49197812 2153628 99907692    0    0     0 478868 149571 819633 77 20  3  0  0  0
178  0 395040 49186528 2153628 99921544    0    0     0 478420 151254 800328 76 20  5  0  0  0
183  0 395040 49180276 2153628 99935032    0    0     0 475800 148824 799507 74 19  7  0  0  0
265  0 395040 49157712 2153628 99948696    0    0     0 483532 151584 828463 76 20  4  0  0  0
221  0 395040 49147040 2153628 99963040    0    0     0 479396 147953 814721 76 20  3  0  0  0
27  0 395040 49127152 2153628 99976424    0    0     0 479764 148094 821404 77 20  3  0  0  0
212  0 395040 49115844 2153628 99990136    0    0     0 479980 149528 813071 77 20  3  0  0  0
115  0 395040 49091876 2153628 100004028    0    0     0 476156 149219 795202 75 19  5  0  0  0
247  0 395040 49085192 2153628 100017788    0    0     0 481624 149802 812457 76 20  4  0  0  0
230  0 395040 49074076 2153628 100032044    0    0     0 489176 152248 808532 78 20  2  0  0  0
249  0 395040 49060860 2153628 100045752    0    0     0 486452 151474 809069 76 20  4  0  0  0
147  0 395040 49046116 2153628 100059556    0    0     0 492088 153515 815531 76 20  4  0  0  0
129  0 395040 49033480 2153628 100073516    0    0     0 489604 150624 810940 76 20  4  0  0  0
procs -----------memory---------- ---swap-- -----io---- -system-- -------cpu-------
 r  b   swpd   free   buff  cache   si   so    bi    bo   in   cs us sy id wa st gu
219  0 395040 49019784 2153628 100087088    0    0     0 490776 151777 822903 77 20  3  0  0  0
156  1 395040 49004952 2153628 100101124    0    0     0 485392 150341 821328 77 20  3  0  0  0
184  0 395040 48998976 2153628 100115132    0    0     0 487292 148732 822638 75 20  5  0  0  0
177  0 395040 48971776 2153628 100128728    0    0     0 485328 150492 797275 76 20  4  0  0  0
138  0 395040 48956372 2153628 100142588    0    0     0 488628 150049 816981 77 20  3  0  0  0
211  0 395040 48946920 2153628 100156068    0    0     0 491492 151939 825615 76 20  4  0  0  0
207  0 395040 48934564 2153628 100169832    0    0     0 484916 150839 815933 77 20  3  0  0  0
164  0 395040 48917912 2153628 100183684    0    0     0 483444 150510 810334 75 20  5  0  0  0
126  0 395040 48879328 2153628 100197632    0    0     0 480716 149226 797586 76 20  4  0  0  0
249  0 395040 48867828 2153628 100211488    0    0     0 484856 149972 818559 76 20  4  0  0  0
23  0 395040 48856184 2153632 100225328    0    0     0 483724 150662 818073 77 20  2  0  0  0
249  1 395040 48839412 2153632 100239060    0    0     0 486376 151244 814850 76 20  4  0  0  0
248  0 395040 48823112 2153632 100252948    0    0     0 481720 148592 813460 76 20  4  0  0  0
168  0 395040 48810172 2153632 100266984    0    0     0 481012 149074 806343 76 20  4  0  0  0
193  0 395040 48797548 2153632 100281040    0    0     0 482488 152118 818365 77 20  3  0  0  0
253  0 395040 48789896 2153644 100294516    0    0     0 480812 149247 808725 76 20  4  0  0  0
188  1 395040 48771444 2153644 100308828    0    0     0 481296 149116 815248 76 20  4  0  0  0
185  0 395040 48759392 2153644 100322068    0    0     0 481884 149873 824336 77 20  3  0  0  0
178  0 395040 48752016 2153644 100336004    0    0     0 487956 153234 830677 77 20  3  0  0  0
268  0 395040 48731544 2153644 100350188    0    0     0 485568 149402 811711 77 20  3  0  0  0
173  0 395040 48718600 2153648 100363956    0    0     0 484392 149162 806016 78 20  2  0  0  0
procs -----------memory---------- ---swap-- -----io---- -system-- -------cpu-------
 r  b   swpd   free   buff  cache   si   so    bi    bo   in   cs us sy id wa st gu
245  0 395040 48700288 2153648 100377920    0    0     0 483844 148575 812916 77 20  3  0  0  0
75  0 395040 48642908 2153648 100391900    0    0     0 481812 146084 771529 72 19  9  0  0  0
88  0 395040 48683648 2153648 100405080    0    0     0 485852 152456 814701 77 20  3  0  0  0
261  0 395040 48669204 2153648 100419132    0    0     0 486764 149554 818066 77 20  3  0  0  0
163  0 395040 48662596 2153652 100433032    0    0     0 488720 152213 821061 76 20  4  0  0  0
193  1 395040 48645860 2153652 100446492    0    0     0 488728 151135 809466 75 20  5  0  0  0
253  0 395040 48630400 2153652 100460240    0    0     0 480264 146439 779658 73 19  8  0  0  0
254  0 395040 48614484 2153652 100473812    0    0     0 487808 150633 814243 77 20  3  0  0  0
 9  0 395040 48586392 2153652 100488164    0    0     0 481736 149843 809837 77 20  3  0  0  0
74  0 395040 48575760 2153652 100501940    0    0     0 481240 147901 806941 77 20  3  0  0  0
260  0 395040 48562356 2153652 100515428    0    0     0 477672 148441 814073 75 20  5  0  0  0
199  0 395040 48549084 2153652 100529296    0    0     0 480792 150024 806772 77 20  3  0  0  0
225  1 395040 48541280 2153652 100542764    0    0     0 481372 148671 797726 75 20  5  0  0  0
210  0 395040 48526764 2153652 100556924    0    0     0 491276 152369 817571 78 20  2  0  0  0
152  0 395040 48512884 2153652 100570816    0    0     0 488748 152045 809801 76 20  4  0  0  0
77  1 395040 48501084 2153652 100584644    0    0     0 488188 149519 822393 76 20  4  0  0  0
242  0 395040 48487296 2153652 100598004    0    0     0 489624 149416 809866 76 20  4  0  0  0
189  0 395040 48474264 2153652 100612412    0    0     0 485984 151253 805971 78 20  2  0  0  0
107  0 395040 48461152 2153652 100626272    0    0     0 487016 150923 810161 76 20  4  0  0  0
177  0 395040 48440492 2153652 100639808    0    0     0 483128 149412 819161 77 20  3  0  0  0
165  0 395040 48429176 2153652 100654332    0    0     0 480324 149271 810478 76 20  4  0  0  0
procs -----------memory---------- ---swap-- -----io---- -system-- -------cpu-------
 r  b   swpd   free   buff  cache   si   so    bi    bo   in   cs us sy id wa st gu
168  0 395040 48423228 2153652 100667812    0    0     0 480784 148601 794010 74 19  6  0  0  0
194  0 395040 48410552 2153652 100681380    0    0     0 481864 150440 805201 76 20  4  0  0  0
205  0 395040 48401724 2153652 100694520    0    0     0 476528 145783 799381 75 19  5  0  0  0
165  0 395040 48383056 2153652 100708928    0    0     0 485664 151757 806276 76 20  4  0  0  0
246  0 395040 48362264 2153652 100722652    0    0     0 484272 152258 818548 76 20  4  0  0  0
252  0 395040 48330148 2153652 100736448    0    0     0 486104 154669 818151 77 20  3  0  0  0
225  0 395040 48317052 2153652 100750240    0    0     0 481740 150448 804719 76 20  5  0  0  0
243  1 395040 48304924 2153652 100764160    0    0     0 482344 152192 813508 76 20  4  0  0  0
119  1 395040 48289060 2153656 100777948    0    0     0 478408 149309 830201 77 20  3  0  0  0
236  0 395040 48275092 2153656 100791708    0    0     0 477792 149694 814007 76 20  4  0  0  0
217  0 395040 48261416 2153656 100805296    0    0     0 485176 152973 821092 77 20  3  0  0  0
140  0 395040 48245984 2153656 100819816    0    0     0 478008 151389 812888 78 20  2  0  0  0
240  1 395040 48225528 2153656 100833684    0    0     0 478916 147347 810370 76 20  4  0  0  0
179  0 395040 48212876 2153656 100847428    0    0     0 483792 151376 813900 76 20  4  0  0  0
214  0 395040 48205404 2153656 100861404    0    0     0 482592 152210 812253 77 20  3  0  0  0
39  0 395040 48188024 2153656 100874976    0    0     0 474448 148469 822242 76 20  4  0  0  0
218  0 395040 48174296 2153656 100888888    0    0     0 479112 149581 814278 76 20  4  0  0  0
211  0 395040 48155908 2153656 100902748    0    0     0 477532 150110 808635 76 20  4  0  0  0
190  1 395040 48142940 2153656 100917084    0    0     0 478032 148174 813769 78 20  2  0  0  0
243  0 395040 48089896 2153656 100930532    0    0     0 473808 144622 753258 72 19  9  0  0  0
218  0 395040 48132972 2153656 100943820    0    0     0 478244 151332 821428 77 20  3  0  0  0
procs -----------memory---------- ---swap-- -----io---- -system-- -------cpu-------
 r  b   swpd   free   buff  cache   si   so    bi    bo   in   cs us sy id wa st gu
130  0 395040 48115600 2153660 100958176    0    0     0 481788 151922 813553 78 20  2  0  0  0
155  0 395040 48102040 2153660 100972352    0    0     0 483844 150373 803252 77 20  2  0  0  0
223  0 395040 48098576 2153660 100985852    0    0     0 478964 149123 803119 74 19  6  0  0  0
242  1 395040 48084484 2153660 100999372    0    0     0 483540 150094 811611 76 20  3  0  0  0
208  0 395040 48065928 2153660 101013248    0    0     0 483928 150337 811504 76 20  4  0  0  0
133  0 395040 48052764 2153660 101026868    0    0     0 481868 148472 812284 75 20  5  0  0  0
178  0 395040 48035264 2153660 101041456    0    0     0 482480 149681 804246 77 20  3  0  0  0
269  0 395040 48029456 2153664 101055244    0    0     0 486264 152610 816824 77 20  2  0  0  0
244  0 395040 48013580 2153664 101069072    0    0     0 483596 152997 813398 78 20  2  0  0  0
150  1 395040 47998828 2153664 101082636    0    0     0 477580 148044 792489 75 20  5  0  0  0
210  0 395040 47986424 2153664 101096592    0    0     0 478596 149950 807486 75 20  5  0  0  0
204  0 395040 47968296 2153664 101110236    0    0     0 479048 152989 801678 77 20  3  0  0  0
166  0 395040 47954732 2153668 101124168    0    0     0 481480 150669 822694 76 20  4  0  0  0
173  0 395040 47941112 2153668 101138200    0    0     0 481044 149380 809519 77 20  3  0  0  0
232  0 395040 47931164 2153668 101151920    0    0     0 478068 148003 810725 77 20  3  0  0  0
193  0 395040 47921228 2153668 101165804    0    0     0 480476 150253 815655 76 20  4  0  0  0
266  1 395040 47903668 2153668 101179732    0    0     0 480908 151410 807056 77 20  3  0  0  0
23  0 395040 47895088 2153672 101193640    0    0     0 477828 150352 807940 77 20  3  0  0  0
164  0 395040 47859936 2153672 101207800    0    0     0 476456 148634 786541 75 20  5  0  0  0
84  0 395040 47845408 2153672 101221204    0    0     0 476748 147823 805345 74 20  6  0  0  0
203  0 395040 47822780 2153672 101235316    0    0     0 475536 149420 809153 75 20  5  0  0  0
procs -----------memory---------- ---swap-- -----io---- -system-- -------cpu-------
 r  b   swpd   free   buff  cache   si   so    bi    bo   in   cs us sy id wa st gu
158  0 395040 47811668 2153672 101248424    0    0     0 476056 149539 810977 74 20  6  0  0  0
44  0 395040 47797000 2153672 101261536    0    0     0 480044 149638 794084 74 19  6  0  0  0
215  1 395040 47764112 2153672 101275732    0    0     0 478948 151612 801903 76 20  4  0  0  0
265  0 395040 47745616 2153672 101289312    0    0     0 478624 150554 815944 77 20  3  0  0  0
271  0 395040 47734964 2153672 101302804    0    0     0 474488 147485 795280 77 20  4  0  0  0
229  0 395040 47720832 2153672 101318044    0    0     0 477188 151367 809516 76 20  4  0  0  0
166  0 395040 47705676 2153672 101330944    0    0     0 479624 152525 817375 76 20  4  0  0  0
240  0 395040 47694160 2153672 101344232    0    0     0 474516 149890 811078 75 20  5  0  0  0
207  0 395040 47679012 2153672 101358264    0    0     0 475552 150290 807387 77 20  3  0  0  0
257  0 395040 47665800 2153672 101372236    0    0     0 476152 149916 811536 76 20  4  0  0  0
267  0 395040 47654752 2153672 101386080    0    0     0 481584 151049 825071 76 20  4  0  0  0
250  0 395040 47644284 2153676 101399752    0    0     0 483056 152322 818586 77 20  3  0  0  0
218  1 395040 47626660 2153676 101413796    0    0     0 479596 149045 809809 76 20  4  0  0  0
88  0 395040 47610020 2153676 101427920    0    0     0 481368 149329 819360 77 20  3  0  0  0
224  1 395040 47597640 2153676 101441752    0    0     0 478824 150621 822914 76 20  3  0  0  0
246  0 395040 47579180 2153676 101455432    0    0     0 478400 150384 816000 76 20  4  0  0  0
137  0 395040 47525628 2153680 101469564    0    0     0 475828 146794 759150 72 19  9  0  0  0
129  0 395040 47576092 2153680 101482584    0    0     0 477164 149642 813834 76 20  4  0  0  0
205  0 395040 47553476 2153684 101496236    0    0     0 478052 148194 804271 76 20  4  0  0  0
111  0 395040 47541164 2153684 101509940    0    0     0 484072 150924 813899 76 20  4  0  0  0
260  0 395040 47524744 2153684 101523688    0    0     0 478232 149529 798474 74 19  6  0  0  0
procs -----------memory---------- ---swap-- -----io---- -system-- -------cpu-------
 r  b   swpd   free   buff  cache   si   so    bi    bo   in   cs us sy id wa st gu
244  0 395040 47513812 2153688 101537712    0    0     0 481248 149040 808223 76 20  4  0  0  0
198  0 395040 47493800 2153688 101550808    0    0     0 481516 149970 801384 75 20  5  0  0  0
167  0 395040 47487116 2153688 101564612    0    0     0 480000 150336 806799 76 20  4  0  0  0
158  0 395040 47472628 2153688 101578844    0    0     0 485092 151044 816462 75 20  5  0  0  0
232  0 395040 47455360 2153688 101592188    0    0     0 481492 148810 812787 73 20  7  0  0  0
24  0 395040 47443344 2153688 101606012    0    0     0 485040 151385 809462 77 20  3  0  0  0
186  0 395040 47427164 2153688 101620272    0    0     0 486156 151473 802466 75 20  5  0  0  0
164  0 395040 47417020 2153688 101633700    0    0     0 481508 149670 820315 77 20  3  0  0  0
270  0 395040 47383956 2153688 101646780    0    0     0 479880 149276 796719 75 20  6  0  0  0
168  0 395040 47373544 2153688 101661700    0    0     0 478516 148516 806632 77 20  4  0  0  0
76  0 395040 47358036 2153688 101674520    0    0     0 482488 148274 814925 76 20  4  0  0  0
91  0 395040 47345640 2153688 101688984    0    0     0 480268 150823 811251 77 20  3  0  0  0
219  0 395040 47329556 2153688 101702368    0    0     0 481372 150232 804593 77 20  3  0  0  0
205  0 395040 47314920 2153688 101716236    0    0     0 478864 148478 810768 76 20  4  0  0  0
177  0 395040 47303968 2153688 101730768    0    0     0 485624 155529 829594 77 20  3  0  0  0
40  0 395040 47267544 2153688 101744024    0    0     0 476520 148489 793688 75 19  6  0  0  0
91  0 395040 47260652 2153688 101757572    0    0     0 482132 150732 825881 76 20  4  0  0  0
59  0 395040 47246764 2153688 101772376    0    0     0 480940 152302 819642 77 20  3  0  0  0
216  0 395040 47235212 2153688 101785468    0    0     0 475988 149577 794132 75 20  5  0  0  0
176  0 395040 47221840 2153688 101799700    0    0     0 480216 151347 814014 75 20  5  0  0  0
190  3 395040 47184992 2153688 101813684    0    0     0 487648 150173 801113 76 20  5  0  0  0
procs -----------memory---------- ---swap-- -----io---- -system-- -------cpu-------
 r  b   swpd   free   buff  cache   si   so    bi    bo   in   cs us sy id wa st gu
154  3 395040 47171056 2153688 101825672    0    0     0 478648 146864 772752 71 19 10  0  0  0
119  0 395040 47151612 2153688 101840108    0    0     0 484360 151323 811829 77 20  3  0  0  0
72  0 395040 47145756 2153688 101854792    0    0     0 472524 143805 751629 69 18 13  1  0  0
136  0 395040 47131632 2153688 101865824    0    0     0 483952 153578 808380 75 19  5  0  0  0
184  0 395040 47117992 2153688 101881064    0    0     0 469928 147640 811797 76 20  4  0  0  0
125  0 395040 47104652 2153688 101895612    0    0     0 483576 150939 820762 76 20  4  0  0  0
127  0 395040 47089360 2153688 101907260    0    0     0 478292 149019 803063 76 20  4  0  0  0
205  0 395040 47072884 2153688 101923600    0    0     0 477452 152164 814578 76 20  4  0  0  0
182  0 395040 47056592 2153688 101938404    0    0     0 485052 152319 812494 77 20  2  0  0  0
170  1 395040 47041712 2153688 101949724    0    0     0 477632 150898 810674 76 20  4  0  0  0
226  0 395040 47027308 2153688 101964880    0    0     0 497908 152270 815916 76 20  4  0  0  0
 8  4 395040 47014612 2153688 101980480    0    0     0 473516 147606 804558 77 20  3  0  0  0
76  2 395040 47004992 2153688 101991252    0    0     0 480472 151132 820601 77 20  3  0  0  0
267  0 395040 46985320 2153688 102007048    0    0     0 452084 149619 810796 76 20  3  0  0  0
263  0 395040 46931296 2153688 102021612    0    0     0 466904 147108 756235 72 19  9  0  0  0
225  1 395040 46975584 2153692 102033216    0    0     0 525188 153616 799697 74 19  7  0  0  0
208  0 395040 46955120 2153692 102047492    0    0     0 460704 150916 813713 76 20  4  0  0  0
146  5 395040 46944232 2153692 102060112    0    0     0 495472 150409 810093 75 20  5  0  0  0
152  6 395040 46932724 2153692 102074112    0    0     0 464044 147979 815656 75 20  5  0  0  0
146  2 395040 46919108 2153692 102089644    0    0     0 506708 151367 811535 77 20  3  0  0  0
164  0 395040 46907436 2153692 102100944    0    0     0 466876 149604 812737 76 20  4  0  0  0
procs -----------memory---------- ---swap-- -----io---- -system-- -------cpu-------
 r  b   swpd   free   buff  cache   si   so    bi    bo   in   cs us sy id wa st gu
157  0 395040 46893788 2153692 102115768    0    0     0 472492 152873 818609 77 20  3  0  0  0
206  3 395040 46877468 2153692 102131804    0    0     0 484168 151514 816562 77 20  3  0  0  0
241  0 395040 46863540 2153692 102143596    0    0     0 509516 151290 819158 77 20  4  0  0  0
220  0 395040 46852672 2153692 102158364    0    0     0 479552 150427 794026 75 20  5  0  0  0
252  2 395040 46837252 2153692 102173792    0    0     0 477040 151132 811179 77 20  3  0  0  0
97  1 395040 46823104 2153692 102185112    0    0     0 480712 149618 810950 77 20  3  0  0  0
235  3 395040 46810672 2153692 102199968    0    0     0 481472 151142 816261 77 20  3  0  0  0
152  0 395040 46795056 2153692 102216212    0    0     0 463688 150121 807782 77 20  3  0  0  0
158  0 395040 46786708 2153696 102227288    0    0     0 456972 146713 802273 76 20  4  0  0  0
156  0 395040 46770172 2153696 102242456    0    0     0 501680 151952 826519 75 20  5  0  0  0
132  3 395040 46753976 2153696 102257704    0    0     0 500248 148223 814205 76 20  4  0  0  0
203  0 395040 46738932 2153696 102268624    0    0     0 448836 148872 807923 77 20  3  0  0  0
146  8 395040 46729540 2153696 102284916    0    0     0 488892 149950 807725 77 20  3  0  0  0
183  8 395040 46709868 2153696 102296056    0    0     0 455864 147257 792372 73 19  7  0  0  0
226  0 395040 46698116 2153696 102310868    0    0     0 500908 152209 822084 77 20  4  0  0  0
139  5 395040 46686868 2153696 102326140    0    0     0 485808 146723 800583 74 19  6  0  0  0
187  0 395040 46674836 2153696 102337132    0    0     0 452752 150261 801512 76 20  4  0  0  0
115  2 395040 46655168 2153696 102352344    0    0     0 506092 150635 809458 77 20  3  0  0  0
229  0 395040 46639848 2153696 102366984    0    0     0 482676 151160 818703 76 20  5  0  0  0
141  2 395040 46628500 2153696 102379388    0    0     0 467860 147517 787370 74 19  6  0  0  0
150  2 395040 46620528 2153696 102393576    0    0     0 507648 153805 823337 76 20  4  0  0  0
procs -----------memory---------- ---swap-- -----io---- -system-- -------cpu-------
 r  b   swpd   free   buff  cache   si   so    bi    bo   in   cs us sy id wa st gu
199  2 395040 46603320 2153696 102408572    0    0     0 435976 147959 793878 76 20  4  0  0  0
176  0 395040 46589008 2153696 102420360    0    0     0 477460 154110 821954 77 20  3  0  0  0
146  7 395040 46573732 2153696 102436444    0    0     0 517984 150603 808525 77 20  3  0  0  0
203  2 395040 46554932 2153696 102450904    0    0     0 457668 150682 806520 76 20  4  0  0  0
205  0 395040 46544100 2153696 102462880    0    0     0 462476 148566 825302 76 20  3  0  0  0
185  2 395040 46527644 2153696 102477228    0    0     0 532340 150874 806425 75 20  5  0  0  0
219  0 395040 46510400 2153696 102493112    0    0     0 417632 144772 814301 76 20  4  0  0  0
201  0 395040 46495320 2153696 102504660    0    0     0 493120 150743 814406 77 20  3  0  0  0
158  2 395040 46480824 2153696 102519476    0    0     0 494560 149452 814039 76 20  4  0  0  0
224  1 395040 46463392 2153696 102535320    0    0     0 473900 148413 806996 76 20  4  0  0  0
108  4 395040 46450068 2153696 102547236    0    0     0 485452 150614 822065 77 20  3  0  0  0
141  1 395040 46397268 2153696 102561564    0    0     0 475100 144841 776659 71 19 11  0  0  0
188  0 395040 46406012 2153708 102572520    0    0     0 452896 149626 806053 76 20  4  0  0  0
185  0 395040 46396016 2153708 102587360    0    0     0 508456 148459 791303 73 19  7  0  0  0
95  7 395040 46377272 2153708 102602580    0    0     0 450548 147937 810438 76 20  4  0  0  0
143  2 395040 46369468 2153708 102613520    0    0     0 504460 151418 813331 75 20  5  0  0  0
 7  4 395040 46357372 2153708 102629096    0    0     0 492844 147971 787628 72 19  8  0  0  0
 4  3 395040 46342920 2153708 102642800    0    0     0 417576 144158 788323 74 19  7  0  0  0
49  1 395040 46323832 2153708 102653964    0    0     0 487328 148872 776018 73 19  8  0  0  0
173  3 395040 46306720 2153708 102669292    0    0     0 474520 149648 811786 76 20  3  0  0  0
188  0 395040 46294676 2153708 102685040    0    0     0 513836 149218 810110 77 20  3  0  0  0
procs -----------memory---------- ---swap-- -----io---- -system-- -------cpu-------
 r  b   swpd   free   buff  cache   si   so    bi    bo   in   cs us sy id wa st gu
144  0 395040 46272340 2153708 102696428    0    0     0 465372 151834 800459 75 19  6  0  0  0
22  2 395040 46254476 2153708 102711528    0    0     0 453852 148354 808429 77 20  3  0  0  0
190  2 395040 46241900 2153708 102726968    0    0     0 454040 147691 796783 76 20  4  0  0  0
205  0 395040 46224732 2153708 102737684    0    0     0 497952 148922 810585 76 19  5  0  0  0
145  5 395040 46206160 2153708 102753128    0    0     0 463304 151328 819686 77 20  3  0  0  0
147  3 395040 46198512 2153708 102765288    0    0     0 513420 152957 826736 76 20  3  0  0  0
176  0 395040 46182612 2153712 102780284    0    0     0 437948 149171 807185 75 20  5  0  0  0
201  0 395040 46170664 2153712 102795680    0    0     0 477240 147777 811873 76 20  4  0  0  0
76  5 395040 46160648 2153712 102806880    0    0     0 524484 148556 809000 75 20  5  0  0  0
264  0 395040 46149036 2153712 102821432    0    0     0 423488 146333 806570 75 20  5  0  0  0
98  6 395040 46117544 2153712 102837272    0    0     0 518956 153959 796993 75 19  5  0  0  0
195  0 395040 46107568 2153712 102848464    0    0     0 444888 145657 806052 75 19  5  0  0  0
37  9 395040 46091260 2153712 102863620    0    0     0 523428 151629 813675 76 20  4  0  0  0
134  0 395040 46071792 2153712 102878868    0    0     0 446304 149054 808468 76 20  4  0  0  0
169  0 395040 46062340 2153712 102890456    0    0     0 453404 147986 804580 76 20  4  0  0  0
226  0 395040 46016640 2153712 102906400    0    0     0 512452 152351 802734 77 20  3  0  0  0
135  1 395040 46007908 2153716 102916208    0    0     0 507376 150237 822026 77 20  3  0  0  0
158  2 395040 45998464 2153716 102932224    0    0     0 470832 148974 799972 77 19  4  0  0  0
174  2 395040 45981544 2153716 102947676    0    0     0 526316 150642 817470 76 20  3  0  0  0
56  8 395040 45967176 2153716 102958208    0    0     0 422072 147361 803968 77 20  3  0  0  0
128  1 395040 45950692 2153716 102974280    0    0     0 481908 153007 827227 77 20  3  0  0  0
procs -----------memory---------- ---swap-- -----io---- -system-- -------cpu-------
 r  b   swpd   free   buff  cache   si   so    bi    bo   in   cs us sy id wa st gu
221  3 395040 45934992 2153716 102989372    0    0     0 505076 152928 823000 76 20  4  0  0  0
208  0 395040 45921676 2153716 103001024    0    0     0 456132 147173 802140 77 20  4  0  0  0
206  0 395040 45907716 2153716 103016928    0    0     0 428736 147846 810680 76 20  4  0  0  0
194  0 395040 45888652 2153716 103031864    0    0     0 514588 153207 820239 76 20  4  0  0  0
124  0 395040 45887464 2153716 103042360    0    0     0 475340 150287 820068 76 20  4  0  0  0
70  7 395040 45867704 2153716 103057688    0    0     0 536148 151809 799445 75 20  6  0  0  0
236  0 395040 45857020 2153716 103073200    0    0     0 499316 151712 818536 76 20  4  0  0  0
197  1 395040 45845796 2153716 103085048    0    0     0 390428 145116 802164 76 20  4  0  0  0
196  6 395040 45789064 2153716 103099724    0    0     0 489368 147276 753778 70 18 11  0  0  0
120  2 395040 45831924 2153716 103114312    0    0     0 511984 149374 795198 75 20  6  0  0  0
61  3 395040 45819752 2153716 103125788    0    0     0 456892 145401 803530 75 20  5  0  0  0
85  8 395040 45806572 2153716 103140208    0    0     0 516324 149959 811167 76 20  4  0  0  0
205  0 395040 45787296 2153716 103152124    0    0     0 451992 147713 806277 76 20  4  0  0  0
259  0 395040 45777676 2153716 103166872    0    0     0 452096 146960 814544 76 20  5  0  0  0
 2  2 395040 45760812 2153716 103182276    0    0     0 459580 147872 802868 76 20  4  0  0  0
182  2 395040 45749532 2153716 103192860    0    0     0 524824 150308 799558 74 19  7  0  0  0
69  4 395040 45734992 2153716 103209048    0    0     0 452020 149377 812336 77 20  3  0  0  0
208  1 395040 45718652 2153716 103223468    0    0     0 517456 151204 806463 75 20  5  0  0  0
102  7 395040 45695048 2153716 103235676    0    0     0 468428 152807 805957 75 19  6  0  0  0
237  1 395040 45683224 2153724 103249596    0    0     0 443100 151016 805575 76 20  3  0  0  0
188  0 395040 45670340 2153724 103266080    0    0     0 485008 148867 808593 76 20  4  0  0  0
procs -----------memory---------- ---swap-- -----io---- -system-- -------cpu-------
 r  b   swpd   free   buff  cache   si   so    bi    bo   in   cs us sy id wa st gu
26  2 395040 45656064 2153724 103277056    0    0     0 477988 147578 812358 76 20  4  0  0  0
160  5 395040 45640036 2153724 103293364    0    0     0 522496 155099 813543 77 20  3  0  0  0
129  4 395040 45614480 2153724 103307228    0    0     0 459228 156395 820915 77 20  3  0  0  0
158  3 395040 45601016 2153724 103319460    0    0     0 412436 148261 809690 76 20  4  0  0  0
145  5 395040 45593448 2153724 103334720    0    0     0 532856 151764 808854 77 20  4  0  0  0
164  0 395040 45585036 2153724 103347152    0    0     0 482412 151148 819499 76 20  4  0  0  0
30  8 395040 45571804 2153724 103361584    0    0     0 454472 148664 813335 76 20  4  0  0  0
170  0 395040 45545100 2153724 103376728    0    0     0 476184 147340 793678 74 19  7  0  0  0
70  9 395040 45531984 2153724 103387820    0    0     0 464120 151349 807704 75 20  5  0  0  0
55  5 395040 45513696 2153724 103402768    0    0     0 533128 152154 812556 74 20  6  0  0  0
146  1 395040 45499928 2153724 103417360    0    0     0 458624 151323 803653 76 20  4  0  0  0
187  6 395040 45485636 2153724 103429040    0    0     0 494312 153293 821196 76 20  4  0  0  0
60  7 395040 45450988 2153724 103444768    0    0     0 490680 146184 812123 75 19  6  0  0  0
128  8 395040 45438512 2153724 103458944    0    0     0 391376 145185 805397 77 20  4  0  0  0
62  4 395040 45426952 2153724 103471016    0    0     0 528800 152171 827443 76 20  4  0  0  0
239  0 395040 45413712 2153724 103485964    0    0     0 512168 153155 828637 76 20  4  0  0  0
107  0 395040 45399268 2153724 103500404    0    0     0 443444 152347 825751 77 20  3  0  0  0
79  6 395040 45380844 2153724 103512928    0    0     0 490292 148617 811149 76 20  4  0  0  0
134  1 395040 45363220 2153724 103527376    0    0     0 512196 153034 811840 76 20  4  0  0  0
118  4 395040 45346888 2153724 103539348    0    0     0 450968 152320 818309 77 20  3  0  0  0
81  3 395040 45323168 2153724 103554360    0    0     0 482120 151740 813294 77 20  3  0  0  0
procs -----------memory---------- ---swap-- -----io---- -system-- -------cpu-------
 r  b   swpd   free   buff  cache   si   so    bi    bo   in   cs us sy id wa st gu
191  0 395040 45309748 2153724 103569912    0    0     0 476324 148224 805771 76 20  4  0  0  0
65  3 395040 45292656 2153724 103581956    0    0     0 438640 151337 810963 78 20  2  0  0  0
146  3 395040 45282396 2153724 103596988    0    0     0 517072 152013 814322 76 20  4  0  0  0
13  2 395040 45272512 2153724 103611888    0    0     0 461956 151679 810119 74 19  6  0  0  0
91  3 395040 45256856 2153724 103623452    0    0     0 471988 154098 806399 75 20  5  0  0  0
71  2 395040 45207060 2153724 103637352    0    0     0 486412 148786 767515 70 18 11  0  0  0
148  6 395040 45252380 2153724 103652672    0    0     0 433944 147240 793394 74 19  6  0  0  0
185  0 395040 45241972 2153728 103663384    0    0     0 449484 150277 796002 75 20  5  0  0  0
108  4 395040 45219972 2153728 103678872    0    0     0 549548 152505 823227 76 20  4  0  0  0
235  0 395040 45203360 2153728 103689616    0    0     0 453084 149633 813173 75 20  5  0  0  0
86  2 395040 45189848 2153728 103705276    0    0     0 490064 147225 797347 75 19  6  0  0  0
80  9 395040 45178188 2153728 103720732    0    0     0 437144 147944 806073 75 20  5  0  0  0
132  0 395040 45164324 2153728 103731696    0    0     0 500924 152096 817457 75 20  5  0  0  0
141  6 395040 45155636 2153728 103747276    0    0     0 507148 147983 801201 75 20  5  0  0  0
 9  4 395040 45145372 2153728 103762292    0    0     0 445256 146818 803427 76 20  4  0  0  0
49 10 395040 45132840 2153728 103773668    0    0     0 473092 151726 804350 76 20  4  0  0  0
140  1 395040 45113872 2153732 103788608    0    0     0 462024 149632 811852 76 20  4  0  0  0
212  6 395040 45091860 2153732 103803876    0    0     0 504212 151271 821902 77 20  3  0  0  0
57  1 395040 45078356 2153732 103815544    0    0     0 457116 150944 820623 76 20  3  0  0  0
35  3 395040 45065532 2153732 103830568    0    0     0 469376 151088 815712 77 20  3  0  0  0
83  6 395040 45052520 2153732 103842592    0    0     0 485368 152555 815616 76 20  4  0  0  0
procs -----------memory---------- ---swap-- -----io---- -system-- -------cpu-------
 r  b   swpd   free   buff  cache   si   so    bi    bo   in   cs us sy id wa st gu
 6  4 395040 45037236 2153732 103857208    0    0     0 452240 148330 811243 76 20  4  0  0  0
 2  1 395040 45029936 2153732 103872392    0    0     0 497548 148898 799049 75 20  5  0  0  0
192  4 395040 45020360 2153732 103884104    0    0     0 465416 148866 795332 74 19  6  0  0  0
17  2 395040 45001560 2153732 103898792    0    0     0 479972 151036 816114 76 20  4  0  0  0
96  3 395040 44990972 2153732 103913604    0    0     0 505484 149694 792924 74 19  7  0  0  0
82  2 395040 44978328 2153732 103925112    0    0     0 416640 149829 809766 75 20  5  0  0  0
156  9 395040 44959872 2153732 103939860    0    0     0 537548 149694 802196 74 20  6  0  0  0
220  0 395040 44946388 2153732 103955160    0    0     0 460156 154154 822389 76 20  4  0  0  0
67  7 395040 44933296 2153732 103966272    0    0     0 480460 153352 829675 76 20  3  0  0  0
 5  2 395040 44891340 2153732 103981304    0    0     0 471048 147772 776020 72 19  9  0  0  0
124  4 395040 44874848 2153732 103995652    0    0     0 508048 150285 792132 73 19  7  0  0  0
178  1 395040 44861596 2153732 104007504    0    0     0 425412 153332 823453 77 20  3  0  0  0
199  1 395040 44845120 2153732 104022828    0    0     0 477056 150487 812377 77 20  3  0  0  0
90  3 395040 44832412 2153732 104034304    0    0     0 533132 149173 809588 76 20  4  0  0  0
209  0 395040 44821068 2153732 104049864    0    0     0 533180 152755 825387 77 20  3  0  0  0
216  0 395040 44805576 2153732 104064524    0    0     0 337760 144778 799835 78 20  2  0  0  0
163  0 395040 44788280 2153732 104076028    0    0     0 515120 153138 816308 77 20  3  0  0  0
144  0 395040 44773808 2153744 104092108    0    0     0 522064 153271 816168 77 20  3  0  0  0
138  7 395040 44757248 2153744 104107172    0    0     0 507056 150391 793558 77 20  3  0  0  0
173  0 395040 44750512 2153744 104119064    0    0     0 495232 150805 814615 77 20  3  0  0  0
202  1 395040 44736256 2153744 104133912    0    0     0 440240 150676 813075 78 20  2  0  0  0
procs -----------memory---------- ---swap-- -----io---- -system-- -------cpu-------
 r  b   swpd   free   buff  cache   si   so    bi    bo   in   cs us sy id wa st gu
70  2 395040 44722360 2153744 104149112    0    0     0 506760 148824 813740 76 20  4  0  0  0
201  0 395040 44706336 2153744 104161100    0    0     0 497328 155900 823149 77 20  3  0  0  0
243  1 395040 44694376 2153744 104176208    0    0     0 454628 152565 820520 77 20  3  0  0  0
56  3 395040 44702708 2153744 104189308    0    0     0 489928 148192 755958 71 19 10  0  0  0
205  0 395040 44687412 2153744 104202276    0    0     0 436212 148945 798665 75 19  5  0  0  0
148  5 395040 44678036 2153744 104217312    0    0     0 462900 149454 807218 77 20  3  0  0  0
242  3 395040 44655288 2153744 104229332    0    0     0 432444 147758 802684 77 20  3  0  0  0
70  4 395040 44639288 2153744 104245016    0    0     0 529224 151978 811158 77 20  3  0  0  0
202  0 395040 44625352 2153744 104259108    0    0     0 461404 148923 804848 75 20  5  0  0  0
192  2 395040 44619388 2153744 104271388    0    0     0 530828 149996 814269 75 20  5  0  0  0
143  6 395040 44602128 2153744 104286264    0    0     0 466552 149092 811536 76 20  4  0  0  0
80  3 395040 44584792 2153744 104300768    0    0     0 486096 148297 811059 77 20  3  0  0  0
120  5 395040 44574420 2153748 104312076    0    0     0 491228 149175 814590 76 20  4  0  0  0
241  0 395040 44558552 2153748 104328076    0    0     0 426388 146717 804978 76 20  4  0  0  0
226  1 395040 44535812 2153748 104342072    0    0     0 527492 150441 807579 77 20  3  0  0  0
178  1 395040 44527288 2153748 104354476    0    0     0 434020 149976 814799 77 20  2  0  0  0
58  3 395040 44510160 2153748 104370252    0    0     0 494312 154188 821679 77 20  3  0  0  0
247  1 395040 44503140 2153748 104382140    0    0     0 507176 149522 812799 76 20  4  0  0  0
12  2 395040 44492664 2153748 104397320    0    0     0 503672 147355 794950 74 19  6  0  0  0
106  2 395040 44476944 2153748 104411372    0    0     0 466728 149278 809281 75 20  5  0  0  0
 3  4 395040 44463064 2153748 104423508    0    0     0 461800 146232 785210 74 19  7  0  0  0
procs -----------memory---------- ---swap-- -----io---- -system-- -------cpu-------
 r  b   swpd   free   buff  cache   si   so    bi    bo   in   cs us sy id wa st gu
 7  3 395040 44448516 2153748 104438508    0    0     0 469352 150506 816345 76 20  4  0  0  0
 2  7 395040 44433560 2153748 104452080    0    0     0 468208 150699 796424 74 19  6  0  0  0
25  2 395040 44423132 2153748 104464520    0    0     0 429344 145067 778774 73 19  7  0  0  0
176  0 395040 44405396 2153748 104478456    0    0     0 576980 153223 811589 75 19  5  0  0  0
183  0 395040 44388548 2153752 104492796    0    0     0 430792 150701 816054 76 20  4  0  0  0
190  0 395040 44377564 2153752 104506076    0    0     0 524548 151731 813698 76 20  3  0  0  0
134  3 395040 44338044 2153752 104520332    0    0     0 405716 145112 804731 76 20  4  0  0  0
231  1 395040 44325048 2153752 104532956    0    0     0 469312 147388 792272 76 20  5  0  0  0
206  0 395040 44310472 2153752 104547728    0    0     0 519052 155443 829185 76 20  3  0  0  0
198  0 395040 44298720 2153756 104561664    0    0     0 411104 147408 804838 77 20  3  0  0  0
119  2 395040 44285532 2153756 104574640    0    0     0 537160 149238 819624 76 20  4  0  0  0
65  8 395040 44268824 2153756 104589624    0    0     0 471344 150305 816622 77 20  3  0  0  0
119  1 395040 44254808 2153756 104603372    0    0     0 450344 149476 816991 76 20  4  0  0  0
164  1 395040 44246572 2153756 104616388    0    0     0 527316 148834 805497 74 20  6  0  0  0
153  1 395040 44225396 2153756 104631000    0    0     0 388288 147507 798355 78 20  2  0  0  0
109  1 395040 44207688 2153756 104645324    0    0     0 523228 148924 812863 77 20  3  0  0  0
138  4 395040 44197880 2153756 104658784    0    0     0 476316 148898 813029 77 20  3  0  0  0
73  3 395040 44179964 2153756 104673220    0    0     0 439060 148918 816942 78 20  2  0  0  0
159  0 395040 44175964 2153756 104686848    0    0     0 492116 149914 813638 76 20  4  0  0  0
68  7 395040 44160228 2153756 104700936    0    0     0 507340 152608 813358 76 20  3  0  0  0
164  3 395040 44149476 2153756 104714156    0    0     0 509360 149935 816900 74 19  6  0  0  0
procs -----------memory---------- ---swap-- -----io---- -system-- -------cpu-------
 r  b   swpd   free   buff  cache   si   so    bi    bo   in   cs us sy id wa st gu
168  0 395040 44097160 2153756 104727292    0    0     0 427660 146372 769491 72 19  9  0  0  0
201  0 395040 44132944 2153756 104741652    0    0     0 511716 151220 803065 75 20  5  0  0  0
185  7 395040 44117136 2153756 104755236    0    0     0 456772 149430 803517 76 20  4  0  0  0
127  3 395040 44099060 2153756 104768724    0    0     0 406580 149088 807395 77 20  3  0  0  0
48  1 395040 44081336 2153756 104782940    0    0     0 512704 149768 814869 75 20  4  0  0  0
90  4 395040 44063460 2153756 104796588    0    0     0 431504 146684 791636 75 19  6  0  0  0
252  0 395040 44051728 2153756 104810564    0    0     0 584616 154836 813718 75 20  5  0  0  0
157  0 395040 44034832 2153756 104823944    0    0     0 472096 148991 811515 77 20  4  0  0  0
210  0 395040 44021448 2153760 104838100    0    0     0 419420 146888 806127 76 20  4  0  0  0
77  2 395040 44013756 2153760 104851864    0    0     0 455144 147032 807311 77 20  3  0  0  0
166  3 395040 43996884 2153760 104865808    0    0     0 516404 148365 802149 74 19  7  0  0  0
239  0 395040 43979692 2153760 104879432    0    0     0 385968 146842 803816 77 20  3  0  0  0
156  3 395040 43956480 2153760 104893020    0    0     0 564676 151645 807476 75 20  5  0  0  0
152  3 395040 43936620 2153772 104906960    0    0     0 442868 148410 811707 77 20  3  0  0  0
172  0 395040 43923196 2153772 104920484    0    0     0 526952 153522 823769 76 20  5  0  0  0
137  9 395040 43912352 2153772 104934380    0    0     0 435660 148300 804943 77 20  3  0  0  0
217  1 395040 43900200 2153772 104948244    0    0     0 511380 149648 812404 75 20  5  0  0  0
25  4 395040 43894500 2153772 104961984    0    0     0 483336 148546 806028 76 20  4  0  0  0
120  0 395040 43876992 2153772 104975844    0    0     0 472996 147319 808933 75 20  5  0  0  0
167  0 395040 43864040 2153772 104989412    0    0     0 498272 150937 820413 76 20  4  0  0  0
15  4 395040 43838936 2153772 105002900    0    0     0 454812 147428 778350 71 19 10  0  0  0
procs -----------memory---------- ---swap-- -----io---- -system-- -------cpu-------
 r  b   swpd   free   buff  cache   si   so    bi    bo   in   cs us sy id wa st gu
188  0 395040 43820192 2153772 105016204    0    0     0 503420 150977 807814 76 20  4  0  0  0
222  0 395040 43810224 2153772 105030056    0    0     0 480496 150578 813514 77 20  3  0  0  0
21  3 395040 43790856 2153772 105043860    0    0     0 470468 145253 806861 74 19  6  0  0  0
241  0 395040 43754412 2153772 105057104    0    0     0 416644 146008 789860 75 20  5  0  0  0
129  2 395040 43741704 2153772 105071004    0    0     0 536984 153915 809218 76 20  3  0  0  0
161  1 395040 43725292 2153772 105084872    0    0     0 485256 149488 816265 76 20  4  0  0  0
148  1 395040 43714672 2153772 105098636    0    0     0 474152 148834 819967 76 20  4  0  0  0
73  0 395040 43705340 2153772 105112136    0    0     0 483796 147817 798510 76 20  4  0  0  0
10  4 395040 43686568 2153772 105126296    0    0     0 465144 147792 813105 76 20  4  0  0  0
109  6 395040 43672204 2153772 105140280    0    0     0 461888 151793 811833 76 20  4  0  0  0
190  0 395040 43660296 2153772 105154116    0    0     0 513576 153404 829227 76 20  4  0  0  0
164  1 395040 43647204 2153772 105168072    0    0     0 436596 147985 812997 77 20  3  0  0  0
139  3 395040 43635912 2153784 105181724    0    0     0 501388 147494 801364 77 20  3  0  0  0
45  5 395040 43616752 2153784 105195372    0    0     0 490488 149078 814418 75 19  5  0  0  0
182  0 395040 43604336 2153784 105209000    0    0     0 479232 152493 818369 77 20  3  0  0  0
45  1 395040 43589316 2153784 105223292    0    0     0 459728 151052 822102 76 20  4  0  0  0
115  0 395040 43576196 2153784 105236876    0    0     0 507356 153283 814441 77 20  4  0  0  0
160  1 395040 43559112 2153788 105250832    0    0     0 473424 150324 816281 77 20  3  0  0  0
144  2 395040 43501188 2153788 105263652    0    0     0 471812 144597 765261 70 18 11  0  0  0
144  0 395040 43548772 2153788 105277440    0    0     0 477488 150831 808812 76 20  4  0  0  0
180  0 395040 43538428 2153788 105291448    0    0     0 472448 148150 818812 76 20  4  0  0  0
procs -----------memory---------- ---swap-- -----io---- -system-- -------cpu-------
 r  b   swpd   free   buff  cache   si   so    bi    bo   in   cs us sy id wa st gu
47  2 395040 43524860 2153788 105304968    0    0     0 481864 152201 827528 76 20  3  0  0  0
239  1 395040 43519484 2153796 105319116    0    0     0 450280 152056 812635 75 19  6  0  0  0
143  0 395040 43505396 2153796 105332448    0    0     0 504308 150843 808726 77 20  3  0  0  0
213  1 395040 43496088 2153796 105346088    0    0     0 478316 149776 820405 77 20  3  0  0  0
163  0 395040 43481068 2153800 105360168    0    0     0 473116 149500 810680 77 20  3  0  0  0
194  0 395040 43469512 2153800 105374188    0    0     0 477848 148039 810843 76 20  5  0  0  0
173  1 395040 43456392 2153800 105387908    0    0     0 473132 149455 800240 76 20  4  0  0  0
