procs -----------memory---------- ---swap-- -----io---- -system-- -------cpu-------
 r  b   swpd   free   buff  cache   si   so    bi    bo   in   cs us sy id wa st gu
 4  0 389408 2811736 2149392 183876484    2    7 16182 21848 11752    3  2  0 97  0  0  0
32  0 389408 2770716 2149392 183876616    0    0    28   304 81300 21973 39  0 61  0  0  0
15 19 389408 2693916 2149392 183876652    0    0 836016 321248 194197 420527 18  4 63 16  0  0
18 18 389408 2686092 2149392 183879048    0    0 840048 428968 205179 508227 17  4 65 15  0  0
21 13 389408 2674744 2149392 183881092    0    0 816768 485528 202902 475960 15  4 66 15  0  0
23 12 389408 2661192 2149392 183883036    0    0 848080 488812 206817 498039 15  4 65 16  0  0
21 17 389408 2657624 2149392 183885028    0    0 843120 476920 205457 493283 15  4 65 16  0  0
15 18 389408 2654864 2149392 183887272    0    0 845328 489164 206338 490955 15  4 66 15  0  0
22 15 389408 2635400 2149392 183889192    0    0 820768 463776 201243 473654 15  4 67 15  0  0
13 19 389408 2633228 2149392 183891344    0    0 849264 475176 205505 489710 15  4 66 15  0  0
18 17 389408 2633208 2149392 183893656    0    0 857008 480020 206354 495411 15  4 66 15  0  0
13 20 389408 2628304 2149392 183895468    0    0 826032 493432 204368 484292 15  4 66 15  0  0
 3  0 389408 2728724 2149392 183799784    0    0 803312 511332 201686 463150 14  4 67 15  0  0
 2  0 389408 2728500 2149392 183801344    0    0 782544 524464 199838 457318 14  4 68 14  0  0
17 19 389408 2725088 2149392 183803216    0    0 761120 510556 197565 453000 14  4 69 14  0  0
27  7 389408 2722760 2149392 183805280    0    0 796128 518404 203099 470869 14  4 68 14  0  0
 4  0 389408 2719424 2149392 183807108    0    0 782048 513992 199250 462273 14  4 69 14  0  0
21 16 389408 2719876 2149392 183809120    0    0 785648 510676 200450 467970 14  4 68 14  0  0
 2  0 389408 2716580 2149392 183811088    0    0 783600 511172 199363 461939 14  4 69 14  0  0
 4  2 389408 2715640 2149392 183812916    0    0 788912 520144 200950 460662 14  4 68 14  0  0
 3  1 389408 2710596 2149392 183814956    0    0 789104 514832 201899 466462 14  4 68 14  0  0
procs -----------memory---------- ---swap-- -----io---- -system-- -------cpu-------
 r  b   swpd   free   buff  cache   si   so    bi    bo   in   cs us sy id wa st gu
22 14 389408 2709768 2149392 183816792    0    0 790560 522240 201633 463969 14  4 68 14  0  0
18 15 389408 2706888 2149404 183818760    0    0 784016 515272 200483 465607 14  4 68 14  0  0
16 19 389408 2700072 2149404 183820720    0    0 784128 518424 201268 465053 14  4 69 14  0  0
23 10 389408 2700332 2149408 183822568    0    0 780816 524892 200510 461780 14  4 69 14  0  0
 4  0 389408 2697920 2149408 183824532    0    0 780368 505520 200126 459458 14  4 68 14  0  0
16 18 389408 2695404 2149408 183826608    0    0 769456 512104 198564 457348 14  4 69 14  0  0
15 20 389408 2694956 2149408 183828320    0    0 791600 506228 200938 469067 14  4 68 14  0  0
16  1 389408 2691808 2149408 183830396    0    0 793472 512368 201359 466506 14  4 68 14  0  0
22 14 389408 2689240 2149408 183832564    0    0 770544 516500 197211 452251 13  4 69 13  0  0
10 10 389408 2690116 2149408 183834068    0    0 791712 512468 200129 459375 14  4 68 14  0  0
17 18 389408 2685080 2149408 183836144    0    0 781632 510344 200130 460159 14  4 69 14  0  0
27  8 389408 2681252 2149408 183837976    0    0 782400 507976 199428 457103 14  4 69 14  0  0
21 15 389408 2683012 2149408 183839952    0    0 785120 507436 200755 459849 14  4 69 14  0  0
19 17 389408 2680184 2149408 183841932    0    0 765664 515624 197525 450739 14  4 69 14  0  0
15 19 389408 2677932 2149408 183843740    0    0 752224 488724 193870 438003 13  4 68 15  0  0
 2  0 389408 2677804 2149408 183845616    0    0 779664 503888 200125 460266 14  4 68 15  0  0
10 11 389408 2674788 2149408 183847824    0    0 805264 516660 204334 477053 15  4 67 14  0  0
13 21 389408 2671276 2149408 183849440    0    0 788368 519184 201820 466746 14  4 68 14  0  0
14 22 389408 2665808 2149416 183851500    0    0 788928 521272 201738 462028 14  4 69 14  0  0
23 12 389408 2663068 2149416 183853568    0    0 778176 518920 200629 458176 14  4 69 14  0  0
24 13 389408 2660548 2149416 183855244    0    0 799152 514448 202045 469567 14  4 68 14  0  0
procs -----------memory---------- ---swap-- -----io---- -system-- -------cpu-------
 r  b   swpd   free   buff  cache   si   so    bi    bo   in   cs us sy id wa st gu
 3  0 389408 2642272 2149416 183857344    0    0 786160 512084 199709 459954 14  4 69 14  0  0
 6  3 389408 2640020 2149416 183859108    0    0 787888 531508 202781 468392 14  4 68 14  0  0
24  9 389408 2636416 2149420 183861168    0    0 801536 516576 201983 465556 14  4 68 14  0  0
24 11 389408 2632336 2149420 183863372    0    0 807568 525184 203485 472498 14  4 68 14  0  0
21 13 389408 2632888 2149420 183865004    0    0 787984 523204 201984 465543 14  4 68 14  0  0
 4  0 389408 2633368 2149420 183867076    0    0 785056 512864 201580 468566 14  4 68 14  0  0
15  0 389408 2630792 2149420 183869240    0    0 784560 522184 202476 465506 14  4 68 14  0  0
 4  0 389408 2625108 2149420 183870844    0    0 806544 522736 205330 479185 15  4 67 14  0  0
15 17 389408 2625296 2149420 183872968    0    0 797600 521980 202552 469281 14  4 68 14  0  0
15 19 389408 3126732 2143668 183542820    0    0 783312 510184 213671 465757 14  4 68 14  0  0
 4  0 389408 3120516 2143668 183544432    0    0 795264 515480 201925 463261 14  4 68 14  0  0
30  7 389408 3115392 2143668 183546632    0    0 814736 512232 203776 477130 15  4 67 15  0  0
 4  1 389408 3112472 2143668 183548272    0    0 779872 525764 200341 455061 14  4 68 14  0  0
33  3 389408 3108584 2143668 183550400    0    0 802640 513532 202007 462912 14  4 68 14  0  0
18 17 389408 3102444 2143668 183552556    0    0 785520 518876 201131 462634 14  4 68 15  0  0
19 18 389408 3098400 2143668 183554208    0    0 788832 520320 202544 469005 14  4 68 14  0  0
21 14 389408 3096476 2143668 183556176    0    0 793520 515584 200779 464449 14  4 68 14  0  0
11  0 389408 3090112 2143668 183558284    0    0 788368 522164 201054 463151 14  4 68 14  0  0
 4  0 389408 3087240 2143668 183560048    0    0 785632 515264 200685 463914 14  4 68 14  0  0
18 17 389408 3081576 2143668 183562208    0    0 785664 524416 202162 462767 14  4 69 14  0  0
16 20 389408 3076896 2143668 183564176    0    0 789824 519304 203005 472817 14  4 68 14  0  0
procs -----------memory---------- ---swap-- -----io---- -system-- -------cpu-------
 r  b   swpd   free   buff  cache   si   so    bi    bo   in   cs us sy id wa st gu
20 14 389408 3073252 2143668 183565824    0    0 802128 526128 204307 473290 14  4 68 14  0  0
19 15 389408 3069256 2143668 183567888    0    0 780000 520592 201078 462299 14  3 68 14  0  0
22 16 389408 3072776 2143668 183569592    0    0 792736 520296 202646 462427 14  4 68 14  0  0
27  7 389408 3064520 2143668 183571724    0    0 795728 507204 201625 462720 14  4 68 14  0  0
26  9 389408 3062968 2143668 183573912    0    0 786656 499076 200843 470527 14  4 68 14  0  0
 2  0 389408 3057676 2143668 183575572    0    0 783968 519436 200715 462104 14  4 68 14  0  0
15 18 389408 3053892 2143668 183577704    0    0 776320 501104 198651 451081 14  4 68 15  0  0
19 16 389408 3050432 2143668 183579740    0    0 754176 505468 196455 442604 13  3 68 15  0  0
17 20 389408 3051384 2143668 183581228    0    0 793072 504376 201311 464468 14  4 67 15  0  0
17 16 389408 3051200 2143668 183583348    0    0 788032 505488 200626 466918 14  4 68 14  0  0
18 17 389408 3049256 2143668 183585456    0    0 780416 516624 200122 456663 14  4 68 14  0  0
20 16 389408 3046984 2143668 183587052    0    0 789664 520468 203181 477434 15  4 67 14  0  0
22 15 389408 3043524 2143668 183589220    0    0 783440 525848 201446 461245 14  4 68 15  0  0
 4  0 389408 3040460 2143668 183590996    0    0 801296 513424 203191 471497 14  4 67 15  0  0
22 15 389408 3040896 2143668 183593060    0    0 786640 530348 201518 461207 14  4 68 15  0  0
20 16 389408 3039428 2143672 183595204    0    0 809792 519564 204032 476723 14  4 67 15  0  0
 4  1 389408 3037804 2143672 183596904    0    0 803232 513864 203277 475761 15  4 67 14  0  0
16 13 389408 3031340 2143672 183599056    0    0 803376 519112 203189 472044 14  4 68 14  0  0
12 21 389408 3027256 2143672 183601252    0    0 791936 532048 202878 466442 14  4 68 14  0  0
20 15 389408 3030588 2143672 183602936    0    0 815408 528840 205719 477481 14  4 67 15  0  0
20  6 389408 3027924 2143672 183605204    0    0 798640 523208 203420 473556 14  4 68 14  0  0
procs -----------memory---------- ---swap-- -----io---- -system-- -------cpu-------
 r  b   swpd   free   buff  cache   si   so    bi    bo   in   cs us sy id wa st gu
11  1 389408 3027664 2143672 183607156    0    0 786752 520472 202791 472525 14  4 68 14  0  0
20 16 389408 3025584 2143672 183608924    0    0 796880 525536 202364 470361 14  4 68 14  0  0
18 17 389408 3022840 2143672 183610948    0    0 788048 522668 201436 467949 15  4 67 14  0  0
18 16 389408 3021404 2143672 183612492    0    0 793488 519896 202321 465737 14  4 68 15  0  0
27  8 389408 3017940 2143672 183614608    0    0 803584 521704 202738 471329 14  4 67 15  0  0
 7  1 389408 3019664 2143672 183616868    0    0 792288 518772 203305 479836 15  4 67 15  0  0
17 16 389408 3019028 2143672 183618444    0    0 787152 528944 202015 468324 14  4 68 14  0  0
21 13 389408 3012124 2143672 183620696    0    0 803904 515660 202852 471680 14  4 67 14  0  0
17 18 389408 3009592 2143672 183622696    0    0 793024 511920 201711 468440 14  4 68 14  0  0
 5  0 389408 3012204 2143672 183624328    0    0 804048 517896 203611 475567 14  4 67 14  0  0
 5  0 389408 3008908 2143672 183626512    0    0 784320 524400 201631 463134 14  4 68 14  0  0
19 14 389408 3003700 2143672 183628840    0    0 802816 528756 203330 469282 14  4 67 15  0  0
20 14 389408 3007864 2143672 183630268    0    0 782832 522864 200726 460899 14  4 68 15  0  0
25 11 389408 3002824 2143672 183632368    0    0 790144 514596 201486 467336 14  4 67 15  0  0
20 13 389408 3001060 2143672 183634120    0    0 790544 520292 201553 473505 14  4 68 14  0  0
13 22 389408 3003360 2143672 183636136    0    0 807328 529628 203388 473691 14  4 67 15  0  0
22 14 389408 3000676 2143672 183638364    0    0 803184 520828 202767 466013 14  4 68 14  0  0
21 13 389408 3001620 2143672 183640104    0    0 794256 527576 202438 465663 14  4 68 14  0  0
10 24 389408 3000576 2143672 183642308    0    0 818192 525924 204373 476354 14  4 67 15  0  0
 3  0 389408 2998612 2143672 183644344    0    0 797232 529560 203275 471412 14  4 68 14  0  0
19  0 389408 3000440 2143672 183646040    0    0 815056 532196 204168 474175 14  4 67 15  0  0
procs -----------memory---------- ---swap-- -----io---- -system-- -------cpu-------
 r  b   swpd   free   buff  cache   si   so    bi    bo   in   cs us sy id wa st gu
 4  0 389408 3000184 2143672 183648276    0    0 807536 538576 204417 470365 14  4 68 15  0  0
 3  1 389408 2997536 2143672 183649904    0    0 809520 520736 203674 475045 15  4 67 15  0  0
25 12 389408 2996868 2143672 183652080    0    0 804368 523180 203847 472073 14  4 68 15  0  0
13 19 389408 2994196 2143672 183654288    0    0 800960 527808 203932 472060 14  4 67 14  0  0
18 16 389408 2992824 2143672 183655888    0    0 798032 528356 202184 467250 14  4 67 15  0  0
30  8 389408 2992676 2143672 183658008    0    0 812144 539108 204545 470723 14  4 67 15  0  0
16 18 389408 2998684 2143672 183660200    0    0 814096 530496 204904 473268 14  4 67 15  0  0
11 23 389408 3000012 2143672 183661756    0    0 797472 522276 203429 479860 15  4 67 14  0  0
25  9 389408 2998228 2143672 183663812    0    0 806128 524588 203826 474720 15  4 67 15  0  0
28  5 389408 2995116 2143672 183666036    0    0 809040 525724 203807 467961 14  4 67 15  0  0
16 19 389408 2992548 2143672 183667820    0    0 797984 528688 202474 464691 14  4 68 15  0  0
17  0 389408 2996836 2143672 183670036    0    0 797504 521772 203311 467243 14  4 67 15  0  0
19 16 389408 2992360 2143672 183672032    0    0 810384 526804 203476 468597 14  4 67 15  0  0
19 15 389408 2989832 2143676 183673800    0    0 796624 537464 204417 473722 14  4 67 15  0  0
25  8 389408 2986328 2143676 183676016    0    0 801760 519572 203262 469295 14  4 67 15  0  0
18 17 389408 2984116 2143676 183677528    0    0 797408 523756 202742 473169 14  4 68 14  0  0
 4  0 389408 2983092 2143676 183679712    0    0 797856 528864 203885 474359 15  4 67 14  0  0
 5 29 389408 2978400 2143676 183682068    0    0 809088 530432 203826 473708 14  4 67 14  0  0
 4  0 389408 2973120 2143684 183683728    0    0 808848 519616 203064 471538 14  4 68 14  0  0
29  8 389408 2973868 2143684 183685824    0    0 805456 522944 203234 470643 14  4 68 14  0  0
 5  0 389408 2975360 2143684 183687908    0    0 793072 527684 203297 476490 14  4 68 14  0  0
procs -----------memory---------- ---swap-- -----io---- -system-- -------cpu-------
 r  b   swpd   free   buff  cache   si   so    bi    bo   in   cs us sy id wa st gu
21 14 389408 2973576 2143684 183689500    0    0 809520 527392 204593 475294 14  4 67 15  0  0
17 17 389408 2976296 2143684 183691632    0    0 812320 520916 204738 474908 14  4 67 15  0  0
14 20 389408 2974072 2143688 183693392    0    0 806368 526504 203799 469631 14  4 67 15  0  0
 2  0 389408 2976268 2143688 183695592    0    0 788880 523112 201798 463103 14  4 68 15  0  0
16 18 389408 2975996 2143688 183697752    0    0 796864 523680 202968 465253 14  4 67 15  0  0
17 18 389408 2976380 2143688 183699312    0    0 810080 526808 203143 468996 14  4 67 15  0  0
 6  0 389408 2973376 2143688 183701420    0    0 795056 528184 204355 471333 14  4 67 14  0  0
22  9 389408 2967904 2143688 183703696    0    0 807392 531756 203225 467144 14  4 67 15  0  0
18 17 389408 2964560 2143688 183705268    0    0 803984 529480 203186 468857 14  4 68 15  0  0
18 15 389408 2967576 2143692 183707472    0    0 805776 536244 203788 471518 14  4 67 15  0  0
26 10 389408 2970040 2143692 183709656    0    0 797312 536820 204162 470931 14  4 68 14  0  0
17 21 389408 2967736 2143692 183711164    0    0 784384 516940 200883 464102 14  4 67 15  0  0
17 14 389408 2971032 2143692 183713256    0    0 820976 529140 206021 477276 14  4 67 15  0  0
21 14 389408 2971784 2143692 183715040    0    0 806480 524068 205253 475116 15  4 67 15  0  0
20 15 389408 2967420 2143692 183717260    0    0 810272 525080 204144 474003 14  4 67 15  0  0
19 15 389408 2962824 2143692 183719444    0    0 792304 528424 202809 469759 14  4 68 14  0  0
15 18 389408 2962540 2143692 183720896    0    0 809536 528028 204653 482121 15  4 67 15  0  0
24 12 389408 2919240 2143692 183723188    0    0 762944 504236 196316 448492 14  4 69 14  0  0
 9  0 389408 2919940 2143692 183725172    0    0 818192 529232 205882 480644 14  4 67 15  0  0
15 19 389408 2921748 2143692 183726924    0    0 802656 526296 203336 472702 14  4 67 15  0  0
 2  0 389408 2918380 2143692 183729156    0    0 817104 539208 205721 483415 15  4 67 14  0  0
procs -----------memory---------- ---swap-- -----io---- -system-- -------cpu-------
 r  b   swpd   free   buff  cache   si   so    bi    bo   in   cs us sy id wa st gu
14 19 389408 2908036 2143692 183731496    0    0 830096 534852 209120 482729 15  4 67 14  0  0
22  9 389408 2963712 2143704 183733044    0    0 812736 538304 205296 477946 14  4 68 14  0  0
 4  0 389408 2954796 2143704 183735292    0    0 810528 538240 205186 477612 14  4 68 14  0  0
18 19 389408 2953792 2143704 183736840    0    0 798240 528896 202271 468638 14  4 68 14  0  0
28 10 389408 2951312 2143704 183738940    0    0 812096 533664 205725 483453 15  4 67 14  0  0
22 12 389408 2950236 2143704 183741272    0    0 814608 535988 207254 485152 15  4 67 14  0  0
22  9 389408 2940760 2143704 183742900    0    0 829984 534800 208262 491052 15  4 67 15  0  0
 4  0 389408 2936668 2143704 183745192    0    0 812864 538500 206608 476699 15  4 68 14  0  0
19 15 389408 2935152 2143704 183747412    0    0 821920 538240 205638 478923 15  4 67 15  0  0
14 21 389408 2929040 2143704 183749208    0    0 822448 534832 206588 480169 14  4 67 15  0  0
11 24 389408 2928696 2143704 183751288    0    0 803008 527748 203994 471130 14  4 68 14  0  0
 9  0 389408 2922956 2143704 183753336    0    0 820208 533768 206146 481323 15  4 67 15  0  0
17 17 389408 2923104 2143704 183755104    0    0 801792 535000 204412 472484 14  4 68 14  0  0
20 16 389408 2919008 2143704 183757348    0    0 807312 534912 205291 476083 14  4 67 14  0  0
32  4 389408 2919724 2143708 183759052    0    0 815376 532676 206184 485898 15  4 67 14  0  0
21 17 389408 2914808 2143708 183761180    0    0 804448 535456 204221 472735 14  4 68 14  0  0
 3  0 389408 2907848 2143708 183763336    0    0 800800 536912 204951 482112 14  4 68 14  0  0
24 13 389408 2899576 2143708 183764932    0    0 825808 541076 208060 483783 15  4 67 14  0  0
21 16 389408 2900120 2143708 183767164    0    0 804960 539268 205014 478412 15  4 68 14  0  0
21 15 389408 2893924 2143712 183769220    0    0 814208 536308 205813 483589 15  4 67 14  0  0
19 18 389408 2891032 2143712 183770984    0    0 816240 538652 207063 486835 15  4 67 14  0  0
procs -----------memory---------- ---swap-- -----io---- -system-- -------cpu-------
 r  b   swpd   free   buff  cache   si   so    bi    bo   in   cs us sy id wa st gu
20 15 389408 2888324 2143712 183773160    0    0 806704 534516 206176 484844 14  4 67 14  0  0
 4 29 389408 2886228 2143712 183775348    0    0 820656 537948 207234 480518 14  4 67 15  0  0
19 16 389408 2880744 2143712 183777004    0    0 806768 527712 205576 478284 14  4 67 14  0  0
18 17 389408 2881684 2143712 183779232    0    0 819056 540604 207044 480514 15  4 67 14  0  0
28 12 389408 2883880 2143712 183780920    0    0 816304 539796 207333 481427 15  4 68 14  0  0
23  9 389408 2881584 2143712 183783196    0    0 811872 536036 206834 487195 15  4 67 14  0  0
12 23 389408 2882184 2143712 183785388    0    0 816176 537480 207548 482761 14  4 67 14  0  0
28  8 389408 2881668 2143712 183786980    0    0 817328 536432 206259 480794 14  4 67 14  0  0
 3  1 389408 2882260 2143712 183789292    0    0 815456 539752 207122 482136 14  4 68 14  0  0
20 15 389408 2878392 2143712 183791452    0    0 820720 529568 207557 483567 15  4 67 14  0  0
25 10 389408 2875972 2143716 183793040    0    0 814448 539192 206687 475048 14  4 67 14  0  0
10  0 389408 2874504 2143716 183795340    0    0 815888 534860 206756 479480 15  4 67 14  0  0
19 15 389408 2873644 2143716 183797616    0    0 816064 542312 207897 477594 14  4 68 14  0  0
20 16 389408 2872852 2143716 183799176    0    0 809936 536624 207056 483627 14  4 68 14  0  0
17 17 389408 2863592 2143716 183801392    0    0 821328 533768 206604 478578 14  4 68 14  0  0
 3  0 389408 2862968 2143724 183803032    0    0 815216 537500 207926 483340 15  4 67 14  0  0
13 21 389408 2855132 2143724 183805288    0    0 811376 538536 206193 478592 15  4 67 14  0  0
21 18 389408 2852116 2143724 183807456    0    0 810832 535544 205756 476315 15  4 67 14  0  0
31  3 389408 2856688 2143724 183809000    0    0 816800 531104 206307 481778 15  4 67 14  0  0
20 15 389408 2851360 2143724 183811212    0    0 808912 539632 206308 483802 15  4 67 14  0  0
21 18 389408 2841772 2143724 183813468    0    0 821616 534584 207824 488260 15  4 67 15  0  0
procs -----------memory---------- ---swap-- -----io---- -system-- -------cpu-------
 r  b   swpd   free   buff  cache   si   so    bi    bo   in   cs us sy id wa st gu
16 17 389408 2838288 2143724 183812652    0    0 801632 534924 205281 474891 14  4 67 14  0  0
18 16 389408 2841244 2143724 183814896    0    0 823664 535628 206053 475195 14  4 67 15  0  0
 4  0 389408 2837896 2143724 183817100    0    0 828352 531972 205881 478879 14  4 67 15  0  0
23  9 389408 2842976 2143724 183815228    0    0 812496 525020 204171 471451 14  4 68 14  0  0
24  8 389408 2839496 2143724 183817060    0    0 824032 535732 206847 481143 14  4 67 15  0  0
18 18 389408 2837544 2143724 183818676    0    0 813488 547636 206642 478073 14  4 67 14  0  0
 2  0 389408 2834524 2143724 183820728    0    0 817312 547376 206639 477343 14  4 67 15  0  0
20 16 389408 2829324 2143724 183823216    0    0 832976 537264 207829 486812 15  4 66 15  0  0
19 15 389408 2834204 2143728 183821864    0    0 815456 539860 205816 476190 14  4 67 15  0  0
 2  0 389408 2827352 2143728 183823768    0    0 827344 541840 207431 483387 15  4 67 15  0  0
 4  0 389408 2825576 2143728 183825956    0    0 817392 539172 206031 485925 14  4 67 15  0  0
 4  1 389408 2822896 2143728 183827636    0    0 798336 537092 205762 483026 14  4 68 14  0  0
21 13 389408 2820248 2143728 183829700    0    0 811088 539452 206802 491352 15  4 67 14  0  0
21 15 389408 2828704 2143728 183831968    0    0 830432 532084 207436 487365 15  4 67 15  0  0
20 17 389408 2832776 2143728 183833844    0    0 821520 540776 205760 483287 14  4 67 15  0  0
20 14 389408 2838064 2143728 183827668    0    0 820496 537152 207183 486529 14  4 67 15  0  0
 7  0 389408 2835700 2143728 183829004    0    0 818736 541328 207306 484258 15  4 67 14  0  0
 3  0 389408 2837160 2143728 183831200    0    0 807456 535984 205815 479624 15  4 67 14  0  0
24 12 389408 2833944 2143728 183833456    4    0 815124 524496 205515 477319 15  4 67 14  0  0
19 16 389408 2835192 2143732 183835228    0    0 809104 530072 204261 476544 15  4 67 14  0  0
10  9 389408 2834144 2143732 183837404    0    0 801168 523992 204410 479308 15  4 67 15  0  0
procs -----------memory---------- ---swap-- -----io---- -system-- -------cpu-------
 r  b   swpd   free   buff  cache   si   so    bi    bo   in   cs us sy id wa st gu
23 10 389408 2832072 2143732 183839512    0    0 805424 533384 204426 479913 14  4 67 14  0  0
25  7 389408 2832948 2143732 183841160    0    0 815216 536216 206674 486551 15  4 67 14  0  0
26  7 389408 2832784 2143732 183843276    0    0 806032 537768 205516 487703 15  4 67 14  0  0
19 15 389408 2835484 2143736 183845072    0    0 817344 533536 205919 483386 15  4 67 14  0  0
 3  0 389408 2834564 2143736 183838592    0    0 809216 533468 205308 474407 14  4 68 14  0  0
 2  0 389408 2830900 2143736 183840668    0    0 813968 546848 206449 482964 14  4 67 14  0  0
 4  1 389408 2834696 2143736 183842388    0    0 820560 539148 206203 482846 14  4 67 15  0  0
19 15 389408 2839380 2143736 183844520    0    0 819120 526920 204611 478054 14  4 67 15  0  0
 1  0 389408 2837812 2143740 183846732    0    0 794592 527492 203555 485915 15  4 67 14  0  0
 5  1 389408 2839924 2143740 183848224    0    0 812880 533808 205858 480894 15  4 67 15  0  0
 4  0 389408 2841136 2143740 183850584    0    0 814624 541464 205467 480170 14  4 67 14  0  0
27  5 389408 2834692 2143740 183852756    0    0 823360 533824 206724 483643 14  4 67 15  0  0
15 17 389408 2842912 2143740 183843804    0    0 824256 540280 205328 480719 15  4 67 15  0  0
21 13 389408 2846108 2143752 183845800    0    0 821072 542956 206279 479516 14  4 67 15  0  0
24  9 389408 2847380 2143752 183847584    0    0 824352 537264 206405 481962 14  4 67 15  0  0
 4  0 389408 2847672 2143752 183849752    0    0 802400 544764 204965 474861 14  4 68 14  0  0
16 17 389408 2841872 2143752 183852008    0    0 819472 535380 206691 480388 14  4 67 14  0  0
17 18 389408 2837564 2143752 183853704    0    0 809680 545532 205615 477322 14  4 67 15  0  0
24 12 389408 2836268 2143760 183855904    0    0 804528 535616 206154 482927 15  4 67 15  0  0
19 16 389408 2834148 2143760 183858020    0    0 809392 525332 204345 479308 15  4 67 15  0  0
18 19 389408 2847304 2143760 183841164    0    0 791968 535012 201176 464899 14  4 68 15  0  0
procs -----------memory---------- ---swap-- -----io---- -system-- -------cpu-------
 r  b   swpd   free   buff  cache   si   so    bi    bo   in   cs us sy id wa st gu
13 16 389408 2844476 2143760 183843044    0    0 823760 531600 205621 485694 15  4 67 15  0  0
18 22 389408 2841972 2143760 183845196    0    0 820288 539252 206175 482550 14  4 67 15  0  0
17 20 389408 2844612 2143760 183846668    0    0 821680 539120 206012 481223 15  4 67 15  0  0
28 11 389408 2840488 2143760 183849088    0    0 817664 543380 206107 477966 14  4 67 15  0  0
21 15 389408 2835508 2143760 183850640    0    0 807632 534516 203904 473225 14  4 68 14  0  0
16 20 389408 2838244 2143760 183852952    0    0 822704 529204 205974 481953 15  4 67 15  0  0
18 17 389408 2832608 2143760 183855252    0    0 815504 546136 205085 473995 14  4 67 15  0  0
17 19 389408 2830212 2143760 183856804    0    0 810336 540504 204479 477213 14  4 67 15  0  0
 9 26 389408 2819776 2143760 183859016    0    0 820560 536256 205479 474875 14  4 67 15  0  0
 8 27 389408 2820764 2143760 183861336    0    0 815264 535104 205346 480012 15  4 67 14  0  0
19 21 389408 2822332 2143760 183863076    0    0 821152 536804 205594 485053 15  4 67 15  0  0
 6 29 389408 2825848 2143760 183865276    0    0 819440 548852 207163 481942 14  4 67 15  0  0
14 22 389408 2817036 2143768 183867400    0    0 826800 535920 206286 482909 15  4 67 15  0  0
13 24 389408 2815752 2143768 183869084    0    0 831104 547736 207090 490674 15  4 67 15  0  0
16 20 389408 2814024 2143768 183871452    0    0 820032 546332 206705 480868 15  4 67 15  0  0
14 23 389408 2813460 2143768 183873184    0    0 809232 532728 205621 480607 14  4 68 14  0  0
19 18 389408 2811236 2143768 183875304    0    0 813040 548540 207060 479684 15  4 67 15  0  0
14 23 389408 2814228 2143768 183877544    0    0 813568 521760 204643 482631 15  4 67 14  0  0
14 21 389408 2809724 2143768 183879148    0    0 803488 525376 203580 475454 14  4 67 15  0  0
16 20 389408 2807824 2143768 183881452    0    0 810944 536232 205015 476770 14  4 67 14  0  0
17 18 389408 2802128 2143768 183883720    0    0 808800 535584 206485 484326 15  4 67 14  0  0
procs -----------memory---------- ---swap-- -----io---- -system-- -------cpu-------
 r  b   swpd   free   buff  cache   si   so    bi    bo   in   cs us sy id wa st gu
 9 26 389408 2801260 2143768 183885296    0    0 814672 544288 207674 483953 15  4 67 14  0  0
12 26 389408 2803808 2143772 183887492    0    0 820928 538772 206131 484303 14  4 67 15  0  0
16 21 389408 2800792 2143772 183889800    0    0 825888 532964 207439 483898 14  4 67 14  0  0
15 21 389408 2796848 2143772 183891648    0    0 814832 548920 206351 477253 15  4 67 14  0  0
 8 27 389408 2794172 2143772 183893912    0    0 814864 528388 206134 483296 15  4 67 14  0  0
16 20 389408 2793392 2143772 183895416    0    0 807632 536852 205068 478577 14  4 68 14  0  0
26 22 389408 2792188 2143776 183897776    0    0 820192 535876 205717 481268 14  4 67 15  0  0
16 21 389408 2790516 2143776 183899992    0    0 807728 543520 204803 484663 15  4 67 15  0  0
16 21 389408 2810172 2143776 183880608    0    0 821696 537388 204910 479207 14  4 67 15  0  0
 5 30 389408 2811684 2143776 183882732    0    0 821408 540312 205987 482451 15  4 67 15  0  0
35 14 389408 2807388 2143776 183884880    0    0 815664 538400 204254 474968 14  4 68 14  0  0
13 21 389408 2804496 2143780 183886568    0    0 830960 528136 205745 481582 14  4 67 15  0  0
11 26 389408 2799512 2143780 183888908    0    0 819248 541692 206547 488877 15  4 67 15  0  0
29 16 389408 2798604 2143780 183891088    0    0 812272 548968 206157 479800 14  4 67 14  0  0
12 23 389408 2798048 2143780 183892808    0    0 819360 528728 206240 484025 15  4 67 14  0  0
20 16 389408 2794096 2143780 183894904    0    0 828896 528120 206193 486877 14  4 67 15  0  0
16 20 389408 2788580 2143780 183896644    0    0 824080 549268 207652 484241 15  4 67 15  0  0
20 18 389408 2788680 2143780 183898916    0    0 820384 533396 205074 481035 14  4 67 15  0  0
 8 22 389408 2789992 2143780 183901308    0    0 821120 548148 206859 480998 14  4 67 15  0  0
14 22 389408 2787684 2143780 183902872    0    0 828160 527624 206149 481753 14  4 67 15  0  0
22 19 389408 2787676 2143780 183905212    0    0 813168 551472 206701 475867 14  4 67 15  0  0
procs -----------memory---------- ---swap-- -----io---- -system-- -------cpu-------
 r  b   swpd   free   buff  cache   si   so    bi    bo   in   cs us sy id wa st gu
23 16 389408 2787168 2143784 183907320    0    0 809392 526988 204658 475629 14  4 68 14  0  0
22 19 389408 2783828 2143784 183909060    0    0 808944 548672 206466 479653 14  4 67 14  0  0
 9 27 389408 2783412 2143784 183911416    0    0 803904 529492 204521 477069 14  4 68 14  0  0
19 19 389408 2782264 2143784 183913444    0    0 812496 540444 206379 484496 14  4 67 15  0  0
24 13 389408 2779080 2143784 183915152    0    0 803232 527944 203048 474239 14  4 68 14  0  0
15 21 389408 2779256 2143788 183917360    0    0 820096 531832 206279 485756 15  4 67 15  0  0
10 19 389408 2777236 2143788 183919032    0    0 792688 531564 201056 463712 14  4 68 14  0  0
21 16 389408 2776956 2143788 183921380    0    0 817408 517448 204557 480865 15  4 67 14  0  0
14 22 389408 2772804 2143788 183923592    0    0 814416 538128 204999 473927 14  4 67 14  0  0
21 14 389408 2769140 2143788 183925356    0    0 824672 519348 204907 479783 15  4 67 15  0  0
14 20 389408 2788532 2143788 183906880    0    0 832752 546576 208006 487963 15  4 67 15  0  0
19 23 389408 2787908 2143788 183908892    0    0 811456 544460 205367 479087 14  4 67 15  0  0
19 19 389408 2781388 2143788 183910668    0    0 832112 542308 208204 488556 15  4 67 15  0  0
19 18 389408 2782200 2143788 183912984    0    0 808624 542020 205541 480255 14  4 67 15  0  0
20 19 389408 2783448 2143788 183915188    0    0 819904 528308 205404 480666 14  4 67 14  0  0
16 21 389408 2778792 2143788 183916820    0    0 827136 550908 207735 485566 15  4 67 15  0  0
17 19 389408 2777180 2143788 183919200    0    0 816064 530128 204605 479220 14  4 67 15  0  0
16 20 389408 2775708 2143788 183920892    0    0 815184 538932 206672 484442 14  4 67 14  0  0
14 22 389408 2775124 2143788 183923072    0    0 823888 538864 207170 482468 14  4 67 15  0  0
 9 26 389408 2773068 2143788 183925292    0    0 829968 548680 208364 484534 15  4 67 15  0  0
15 22 389408 2771160 2143788 183927016    0    0 829728 551968 207546 484917 15  4 67 14  0  0
procs -----------memory---------- ---swap-- -----io---- -system-- -------cpu-------
 r  b   swpd   free   buff  cache   si   so    bi    bo   in   cs us sy id wa st gu
28 13 389408 2771196 2143788 183929296    0    0 806240 550760 205668 478279 14  4 68 14  0  0
34 17 389408 2765468 2143788 183931484    0    0 824416 536856 206431 483905 15  4 67 14  0  0
21 15 389408 2768212 2143788 183933208    0    0 827200 541264 207416 487534 15  4 67 15  0  0
 5 26 389408 2764400 2143788 183935556    0    0 817568 532848 206184 484004 15  4 67 14  0  0
17 21 389408 2761624 2143796 183937684    0    0 823088 533772 206266 487057 15  4 67 14  0  0
23 19 389408 2758068 2143796 183939300    0    0 822000 531372 205589 480444 15  4 67 14  0  0
15 23 389408 2758540 2143796 183941624    0    0 821136 541452 206109 479898 14  4 67 14  0  0
15 20 389408 2777176 2143796 183921320    0    0 809600 541284 207237 484275 14  4 67 14  0  0
16 21 389408 2774704 2143796 183923412    0    0 815008 546284 206268 484246 15  4 67 14  0  0
21 16 389408 2769972 2143800 183925728    0    0 819248 537396 205124 479161 14  4 68 14  0  0
14 21 389408 2770040 2143800 183927180    0    0 821472 543284 207438 485176 14  4 68 14  0  0
15 23 389408 2767828 2143800 183929644    0    0 816336 545460 206015 480692 14  4 67 14  0  0
19 19 389408 2767176 2143800 183931848    0    0 823392 537532 207180 482607 14  4 67 14  0  0
15 21 389408 2767688 2143800 183933636    0    0 809680 534112 205075 476966 15  4 67 14  0  0
18 19 389408 2763564 2143800 183935648    0    0 825936 545928 207618 488528 15  4 67 14  0  0
17 19 389408 2763368 2143800 183937596    0    0 829024 540260 208185 484816 15  4 67 14  0  0
19 19 389408 2759668 2143800 183939772    0    0 820736 554672 207284 481652 15  4 68 14  0  0
18 18 389408 2758644 2143800 183941880    0    0 821408 529856 204877 482915 15  4 68 14  0  0
17 18 389408 2769056 2143800 183915200    0    0 822336 540420 206674 483895 15  4 68 14  0  0
21 17 389408 2764812 2143800 183917512    0    0 830832 548380 208522 488425 15  4 67 14  0  0
22 15 389408 2765808 2143800 183919668    0    0 817968 542500 206775 489590 15  4 67 14  0  0
procs -----------memory---------- ---swap-- -----io---- -system-- -------cpu-------
 r  b   swpd   free   buff  cache   si   so    bi    bo   in   cs us sy id wa st gu
 8 30 389408 2763804 2143800 183921228    0    0 815600 529912 204960 484311 15  4 68 14  0  0
14 22 389408 2762520 2143800 183923492    0    0 817040 547244 207151 483124 14  4 68 14  0  0
19 17 389408 2761856 2143800 183925752    0    0 814480 548304 206058 485865 15  4 67 14  0  0
18 18 389408 2756332 2143800 183927460    0    0 829616 535940 206880 493442 15  4 67 14  0  0
13 20 389408 2752276 2143800 183929632    0    0 830832 554036 207606 490744 15  4 67 14  0  0
17 22 389408 2750800 2143800 183931832    0    0 827424 534508 207509 488465 15  4 67 14  0  0
15 25 389408 2747252 2143800 183933528    0    0 831664 543560 207977 490843 15  4 67 14  0  0
17 20 389408 2745880 2143800 183935804    0    0 828224 547572 208090 485913 15  4 67 14  0  0
18 19 389408 2745588 2143800 183937552    0    0 834720 541680 207279 490975 15  4 67 14  0  0
19 17 389408 2741552 2143800 183939828    0    0 831424 558204 207430 481951 14  4 67 14  0  0
16 19 389408 2737552 2143800 183942020    0    0 819936 546392 204911 478986 15  4 68 14  0  0
17 18 389408 2735456 2143800 183943680    0    0 822928 538956 206470 482787 15  4 67 14  0  0
11 24 389408 2738728 2143800 183945916    0    0 822288 539604 206864 486076 15  4 67 14  0  0
16 22 389408 2736424 2143804 183948208    0    0 827440 549832 206753 482656 15  4 67 14  0  0
20 15 389408 2732352 2143804 183949900    0    0 828832 542832 206674 486944 15  4 67 14  0  0
10 24 389408 2728676 2143804 183952172    0    0 825088 535024 206220 482943 15  4 67 14  0  0
11 23 389408 2725000 2143804 183953772    0    0 824528 540324 207900 489685 15  4 67 14  0  0
13 22 389408 2720104 2143804 183956104    0    0 841344 549324 208156 491325 15  4 67 14  0  0
 9 24 389408 2744176 2143808 183936256    0    0 828432 549300 207117 483056 15  4 68 14  0  0
10 29 389408 2740952 2143808 183937564    0    0 825008 549640 207294 488202 15  4 67 14  0  0
15 23 389408 2738108 2143808 183939776    0    0 813200 542584 205795 484134 15  4 68 14  0  0
procs -----------memory---------- ---swap-- -----io---- -system-- -------cpu-------
 r  b   swpd   free   buff  cache   si   so    bi    bo   in   cs us sy id wa st gu
13 20 389408 2736768 2143808 183942044    0    0 828512 544312 207394 490051 15  4 67 14  0  0
18 16 389408 2732652 2143808 183943760    0    0 823008 543400 206315 481402 15  4 67 14  0  0
19 18 389408 2729948 2143808 183945984    0    0 833952 545324 208141 492163 15  4 67 14  0  0
14 18 389408 2728892 2143808 183948124    0    0 824064 547596 207477 485848 15  4 67 14  0  0
20 12 389408 2727676 2143808 183949940    0    0 824128 532564 207049 484698 15  4 68 14  0  0
15 21 389408 2725192 2143808 183952076    0    0 826816 537712 205219 482800 15  4 67 14  0  0
20 16 389408 2719132 2143808 183953872    0    0 840032 550520 208438 489980 15  4 67 14  0  0
14 23 389408 2720136 2143812 183956068    0    0 830784 553024 207740 484748 15  4 67 14  0  0
14 22 389408 2717164 2143812 183958344    0    0 816416 538872 207023 493214 15  4 67 14  0  0
18 21 389408 2716176 2143812 183959992    0    0 826448 546644 208463 496146 15  4 67 14  0  0
12 20 389408 2711356 2143816 183962324    0    0 835500 551012 208384 485908 15  4 67 14  0  0
23 14 389408 2698684 2143816 183964576    0    0 838928 541952 208377 490711 15  4 67 14  0  0
10 25 389408 2690104 2143820 183966364    0    0 820640 544260 206690 481516 14  4 67 14  0  0
22 15 389408 2687076 2143820 183968652    0    0 821536 543276 206299 485165 15  4 67 14  0  0
15 20 389408 2725916 2143812 183930216    0    0 823360 547612 207707 484405 15  4 68 14  0  0
 9 27 389408 2729232 2143812 183931904    0    0 831856 554272 207770 482901 14  4 67 14  0  0
18 18 389408 2726268 2143812 183934216    0    0 824880 539212 206599 484144 15  4 68 14  0  0
15 20 389408 2721288 2143812 183935948    0    0 823248 545108 206380 480558 15  4 68 14  0  0
10 28 389408 2712420 2143812 183938072    0    0 823744 543644 206930 486176 15  4 67 14  0  0
17 19 389408 2707292 2143812 183940316    0    0 811520 538532 205120 483042 14  4 68 14  0  0
 4  0 389408 2707084 2143812 183941976    0    0 823520 537484 207334 490064 15  4 67 14  0  0
procs -----------memory---------- ---swap-- -----io---- -system-- -------cpu-------
 r  b   swpd   free   buff  cache   si   so    bi    bo   in   cs us sy id wa st gu
 2  0 389408 2705948 2143812 183944192    0    0 828864 545368 208400 489490 15  4 67 14  0  0
 2  2 389408 2701992 2143816 183946344    0    0 830528 548132 208493 487787 15  4 67 14  0  0
19 14 389408 2702488 2143816 183948152    0    0 828784 545696 207339 489780 15  4 67 14  0  0
 8 11 389408 2698584 2143816 183950300    0    0 825328 552532 209024 489633 15  4 67 14  0  0
18 17 389408 2694712 2143816 183952432    0    0 828212 554092 208065 487735 15  4 67 14  0  0
 2  0 389408 2692284 2143816 183954236    0    0 818928 549988 207410 485504 15  4 67 14  0  0
22 11 389408 2688516 2143816 183956500    0    0 832272 541400 207460 485777 14  4 67 14  0  0
24 12 389408 2685316 2143816 183958220    0    0 822480 545376 207429 488263 15  4 67 14  0  0
18 18 389408 2682876 2143816 183960428    0    0 821824 552624 207026 483781 15  4 67 14  0  0
21 16 389408 2679968 2143816 183962556    0    0 818736 542348 206934 490468 15  4 67 14  0  0
 1  0 389408 2678052 2143816 183964336    0    0 818688 544180 206950 484359 15  4 67 14  0  0
27  9 389408 2672628 2143816 183966552    0    0 820064 534448 205886 484533 14  4 68 14  0  0
16 19 389408 2671968 2143816 183968600    0    0 832672 546340 207639 487417 15  4 67 14  0  0
12 21 389408 2669208 2143816 183970488    0    0 802000 548104 205254 482443 15  4 68 14  0  0
20 16 389408 2723684 2143772 183914660    0    0 789376 515760 200619 456491 14  4 67 16  0  0
20 13 389408 2726880 2143772 183916096    0    0 798816 524092 201401 462537 14  4 67 15  0  0
17 15 389408 2723564 2143776 183917936    0    0 808512 525760 203863 471164 14  4 67 15  0  0
21 14 389408 2721884 2143776 183920020    0    0 809344 519544 203887 474633 14  4 67 15  0  0
19 16 389408 2720504 2143776 183921728    0    0 804096 532488 204162 473930 14  4 67 15  0  0
30  8 389408 2716120 2143776 183923976    0    0 822848 533176 206492 482700 15  4 66 15  0  0
19 17 389408 2713572 2143776 183926048    0    0 827712 547576 208012 485473 15  4 67 14  0  0
procs -----------memory---------- ---swap-- -----io---- -system-- -------cpu-------
 r  b   swpd   free   buff  cache   si   so    bi    bo   in   cs us sy id wa st gu
27 10 389408 2710240 2143776 183927844    0    0 828160 541744 207004 489979 15  4 67 14  0  0
15 19 389408 2704968 2143776 183930084    0    0 822944 550908 208252 488325 15  4 67 14  0  0
19 16 389408 2702664 2143776 183932088    0    0 826160 552588 208153 485385 15  4 67 14  0  0
19 15 389408 2700808 2143776 183934128    0    0 834032 551904 208952 490440 15  4 67 14  0  0
26  7 389408 2696664 2143776 183936188    0    0 837456 551880 208681 493798 15  4 67 14  0  0
24 13 389408 2695132 2143776 183938228    0    0 830384 552608 208381 488785 15  4 67 14  0  0
20 18 389408 2691864 2143776 183940228    0    0 820400 545848 206327 485691 15  4 67 14  0  0
31  6 389408 2688772 2143776 183942292    0    0 826528 545272 207877 489934 15  4 67 14  0  0
 8 22 389408 2685208 2143776 183944060    0    0 818688 550644 207129 482200 14  4 68 14  0  0
16 18 389408 2683560 2143776 183946324    0    0 822736 537408 206701 482123 14  4 67 14  0  0
21 14 389408 2679508 2143776 183948360    0    0 828528 547336 207889 488861 15  4 67 14  0  0
28 11 389408 2679872 2143776 183950324    0    0 827408 544816 206853 488467 15  4 67 14  0  0
29  4 389408 2678792 2143776 183952396    0    0 812544 526308 202840 470741 14  4 67 15  0  0
17 19 389408 2677264 2143776 183954312    0    0 780320 513420 199580 453617 14  4 67 16  0  0
19 20 389408 2677056 2143776 183956232    0    0 814080 538212 206431 488422 15  4 67 15  0  0
13 19 389408 2675632 2143776 183958212    0    0 819616 540028 205359 478618 14  4 67 15  0  0
18 16 389408 2673416 2143776 183960276    0    0 812336 530280 204072 476944 14  4 67 15  0  0
26  9 389408 2671752 2143776 183962244    0    0 804304 525716 203320 474199 14  4 67 15  0  0
21 13 389408 2667456 2143776 183964252    0    0 811360 530184 205178 475422 14  4 67 15  0  0
 2  0 389408 2668628 2143776 183966140    0    0 826464 549028 206994 483504 14  4 67 14  0  0
17 17 389408 2666076 2143776 183968332    0    0 828144 544832 207518 488330 15  4 67 14  0  0
procs -----------memory---------- ---swap-- -----io---- -system-- -------cpu-------
 r  b   swpd   free   buff  cache   si   so    bi    bo   in   cs us sy id wa st gu
 4  1 389408 2660780 2143776 183970384    0    0 833408 551988 209608 491177 15  4 67 14  0  0
20 16 389408 2725876 2143776 183905464    0    0 822240 547016 207779 485707 14  4 68 14  0  0
 3  0 389408 2723824 2143776 183907548    0    0 817408 548312 206939 480899 14  4 68 14  0  0
 4  0 389408 2725384 2143776 183909620    0    0 824848 544900 206630 483378 15  4 67 14  0  0
14 22 389408 2719764 2143776 183911640    0    0 827168 545428 207888 492736 15  4 67 14  0  0
25 10 389408 2716872 2143776 183913684    0    0 824000 540304 208011 487194 15  4 67 14  0  0
26  9 389408 2713844 2143776 183915660    0    0 814880 545392 208668 493265 15  4 67 14  0  0
14 21 389408 2713632 2143776 183917668    0    0 820384 543432 208182 489690 15  4 67 14  0  0
 2  0 389408 2710068 2143776 183919676    0    0 819840 544712 207327 485300 15  4 67 14  0  0
24 11 389408 2709700 2143776 183921648    0    0 825584 545828 207051 486454 14  4 67 14  0  0
 3  0 389408 2708292 2143776 183923652    0    0 809024 537564 205811 478512 14  4 67 15  0  0
24 12 389408 2706192 2143776 183925584    0    0 770960 501880 198599 457873 14  4 67 16  0  0
 2  1 389408 2670244 2143776 183927404    0    0 725360 478656 189049 421734 13  3 70 13  0  0
27 10 389408 2666748 2143776 183929288    0    0 758592 482000 195797 447031 14  4 66 16  0  0
 5  1 389408 2665404 2143776 183931128    0    0 758640 495680 195482 442005 14  3 67 16  0  0
17 18 389408 2664776 2143776 183932992    0    0 772624 498656 197559 455806 14  4 66 16  0  0
 2  0 389408 2661996 2143776 183934872    0    0 772496 504592 197980 458042 14  4 66 16  0  0
 2  0 389408 2725756 2143776 183874284    0    0 785968 507584 200453 456832 14  4 66 16  0  0
 3  0 389408 2781668 2143780 183876324    0    0 796528 510356 200656 464083 14  4 67 16  0  0
 2  1 389408 2780356 2143780 183878312    0    0 812240 523484 204189 474047 14  4 67 15  0  0
10 24 389408 2774700 2143780 183880332    0    0 822368 544652 206511 490606 15  4 67 14  0  0
procs -----------memory---------- ---swap-- -----io---- -system-- -------cpu-------
 r  b   swpd   free   buff  cache   si   so    bi    bo   in   cs us sy id wa st gu
 4  0 389408 2769432 2143780 183882364    0    0 818928 550964 208122 487466 15  4 68 14  0  0
 3  1 389408 2770056 2143780 183884324    0    0 833088 551340 208642 487626 15  4 67 14  0  0
 4  0 389408 2771504 2143780 183886384    0    0 833920 550072 208453 492336 14  4 67 14  0  0
 2  0 389408 2769428 2143780 183888376    0    0 829552 551836 209183 491695 15  4 67 14  0  0
22 12 389408 2765864 2143780 183890412    0    0 831376 541184 209317 498744 15  4 67 14  0  0
19 17 389408 2765920 2143780 183892468    0    0 821472 552120 207568 486034 15  4 67 14  0  0
22 14 389408 2763112 2143780 183894464    0    0 818064 547960 206157 487540 14  4 68 14  0  0
 3  0 389408 2761956 2143780 183896464    0    0 799808 518832 201359 472203 14  4 67 15  0  0
18 17 389408 2759476 2143784 183898372    0    0 783072 507744 199986 466896 14  4 67 16  0  0
 7  0 389408 2755764 2143784 183900384    0    0 814608 544208 205693 481973 15  4 67 14  0  0
 3  0 389408 2754304 2143784 183902384    0    0 822816 545312 206700 482323 15  4 67 14  0  0
 2  1 389408 2749312 2143784 183904384    0    0 812512 529312 204873 478663 14  4 67 15  0  0
 5  0 389408 2747188 2143784 183906348    0    0 794096 520488 202225 474512 15  4 67 15  0  0
21 14 389408 2743980 2143784 183908300    0    0 809744 524736 204048 477064 14  4 67 15  0  0
 3  1 389408 2740644 2143784 183910292    0    0 801040 535896 204111 475584 14  4 67 15  0  0
21 15 389408 2736700 2143784 183912288    0    0 816704 545812 207117 482119 15  4 67 14  0  0
 3  0 389408 2730936 2143784 183914280    0    0 823440 542584 208603 488349 15  4 67 14  0  0
22 14 389408 2729124 2143784 183916316    0    0 825712 550080 207935 485417 15  4 67 14  0  0
17 19 389408 2728524 2143788 183918316    0    0 818720 537756 205633 478073 15  4 67 14  0  0
 2  0 389408 2725148 2143788 183920336    0    0 822320 542684 206289 483638 15  4 67 14  0  0
20 16 389408 2726876 2143788 183922312    0    0 819968 544368 206371 480313 15  4 68 14  0  0
procs -----------memory---------- ---swap-- -----io---- -system-- -------cpu-------
 r  b   swpd   free   buff  cache   si   so    bi    bo   in   cs us sy id wa st gu
23 12 389408 2726212 2143788 183924360    0    0 825728 542432 206335 485248 15  4 67 14  0  0
32  4 389408 2725364 2143788 183926312    0    0 821408 537992 206619 487739 15  4 67 14  0  0
22 15 389408 2724972 2143788 183928388    0    0 818992 541348 205837 489043 15  4 67 14  0  0
17 17 389408 2723152 2143788 183930404    0    0 820608 545964 206410 485696 15  4 67 14  0  0
21 11 389408 2719292 2143788 183932408    0    0 817632 537860 205941 487759 15  4 67 14  0  0
25  9 389408 2716788 2143788 183934348    0    0 823088 547332 206368 483900 15  4 67 14  0  0
18 16 389408 2716004 2143788 183936348    0    0 780256 517456 199778 462351 14  4 67 15  0  0
 1  1 389408 2713404 2143788 183938224    0    0 777568 506396 199095 457196 14  4 67 15  0  0
21 17 389408 2712536 2143788 183940264    0    0 832992 551332 208365 488682 15  4 67 14  0  0
 4  0 389408 2709224 2143788 183942304    0    0 828224 544412 206477 485301 15  4 67 14  0  0
14 21 389408 2706472 2143788 183944316    0    0 810416 532892 204101 473662 14  4 67 15  0  0
 4  0 389408 2700088 2143788 183946272    0    0 808544 528040 203637 472005 14  4 67 15  0  0
17 18 389408 2699692 2143788 183948244    0    0 802480 528932 202639 471349 14  4 67 15  0  0
14 21 389408 2694680 2143788 183950248    0    0 816768 526040 205198 479096 14  4 67 15  0  0
22 15 389408 2692912 2143788 183952172    0    0 808096 534828 204682 476874 14  4 67 15  0  0
17 17 389408 2692372 2143788 183954212    0    0 828144 546980 208077 489148 15  4 67 14  0  0
18 14 389408 2684156 2143788 183956216    0    0 827728 547372 208221 491966 15  4 67 14  0  0
27  7 389408 2683356 2143796 183958304    0    0 841792 554416 208495 491296 15  4 67 15  0  0
16 20 389408 2682652 2143796 183960320    0    0 829808 550872 207351 487188 14  4 68 14  0  0
18 20 389408 2679912 2143796 183962352    0    0 815408 549924 206308 482889 15  4 68 14  0  0
 8  1 389408 2678604 2143796 183964384    0    0 828032 552068 207541 486748 15  4 67 14  0  0
procs -----------memory---------- ---swap-- -----io---- -system-- -------cpu-------
 r  b   swpd   free   buff  cache   si   so    bi    bo   in   cs us sy id wa st gu
25 11 389408 2677328 2143796 183966380    0    0 830416 546920 207519 485267 15  4 67 14  0  0
19 19 389408 2671836 2143796 183968396    0    0 828224 547756 207812 486058 15  4 67 14  0  0
29  4 389408 2670064 2143796 183970464    0    0 829872 544836 207554 488806 14  4 67 14  0  0
20 15 389408 2665016 2143796 183972504    0    0 815232 544816 206365 480323 14  4 68 14  0  0
23 11 389408 2662120 2143796 183974512    0    0 815872 534944 204599 472548 14  4 68 14  0  0
 2  0 389408 2654420 2143796 183976476    0    0 775488 509544 199931 460086 14  4 67 15  0  0
 5  0 389408 2651524 2143796 183978440    0    0 798768 518500 202872 471677 14  4 67 15  0  0
 8  0 389408 2726268 2143796 183905396    0    0 830096 546000 208363 489190 15  4 67 14  0  0
18 17 389408 2723380 2143796 183907508    0    0 825200 548812 207481 487873 15  4 67 14  0  0
 3  0 389408 2720464 2143796 183909468    0    0 797904 540580 204712 474101 14  4 67 15  0  0
 5  0 389408 2722080 2143796 183911436    0    0 819104 532348 205315 480629 15  4 66 15  0  0
15 20 389408 2725076 2143800 183913440    0    0 804032 529052 202751 476382 14  4 67 15  0  0
 4  0 389408 2721960 2143800 183915376    0    0 804752 526288 202641 469408 14  4 67 15  0  0
25 10 389408 2720168 2143800 183917348    0    0 820944 541704 204820 481253 14  4 68 14  0  0
 4  0 389408 2717016 2143800 183919412    0    0 833408 545108 206517 483746 15  4 67 14  0  0
21 17 389408 2714468 2143800 183921408    0    0 816304 542200 205842 486384 15  4 68 14  0  0
23 13 389408 2715376 2143804 183923456    0    0 834496 547520 207938 495041 15  4 67 14  0  0
13  1 389408 2713488 2143804 183925484    0    0 832768 543044 207834 490152 15  4 67 14  0  0
12 24 389408 2710820 2143804 183927500    0    0 825952 555836 206942 484914 14  4 68 14  0  0
19 15 389408 2704128 2143804 183929576    0    0 814832 545624 205457 481824 14  4 68 14  0  0
28  5 389408 2693588 2143804 183931548    0    0 829568 532296 205879 483594 15  4 67 14  0  0
procs -----------memory---------- ---swap-- -----io---- -system-- -------cpu-------
 r  b   swpd   free   buff  cache   si   so    bi    bo   in   cs us sy id wa st gu
18 14 389408 2694712 2143804 183933524    0    0 822800 547576 206358 482717 14  4 68 14  0  0
 1  3 389408 2692412 2143804 183935596    0    0 821376 542612 206415 485264 14  4 68 14  0  0
 2  0 389408 2691232 2143804 183937536    0    0 795712 538152 202487 466136 14  4 68 14  0  0
23 13 389408 2687232 2143804 183939412    0    0 782608 501536 197690 453445 14  4 67 16  0  0
22 13 389408 2688812 2143804 183941392    0    0 792528 522320 201937 472621 14  4 67 15  0  0
18 15 389408 2685408 2143804 183943360    0    0 818176 534236 205705 487858 15  4 67 14  0  0
22  0 389408 2683232 2143804 183945392    0    0 823856 547296 207372 482920 15  4 67 14  0  0
16 20 389408 2681976 2143804 183947448    0    0 827552 553812 207080 483118 14  4 67 14  0  0
26  8 389408 2680996 2143804 183949412    0    0 828208 540040 206974 486101 14  4 67 14  0  0
 4  0 389408 2677648 2143804 183951448    0    0 824416 541464 205682 480354 14  4 68 14  0  0
17 18 389408 2678152 2143804 183953452    0    0 830352 537712 207441 488234 15  4 67 15  0  0
 4  0 389408 2673696 2143804 183955476    0    0 812752 537540 205849 485942 15  4 67 14  0  0
 5  1 389408 2671988 2143804 183957452    0    0 806080 542068 205351 480071 14  4 68 14  0  0
10  0 389408 2669608 2143804 183959384    0    0 805600 540684 204687 478593 14  4 68 14  0  0
23 12 389408 2670648 2143804 183961444    0    0 829840 545160 207820 488209 15  4 67 14  0  0
18 16 389408 2663152 2143804 183963460    0    0 812032 542176 204517 478698 14  4 68 14  0  0
24 11 389408 2661256 2143804 183965464    0    0 825856 538548 206753 482150 14  4 68 14  0  0
25  8 389408 2657896 2143804 183967460    0    0 824672 544108 206501 485338 15  4 68 14  0  0
 4  0 389408 2658916 2143804 183969440    0    0 819088 544812 207462 487664 15  4 68 14  0  0
19 17 389408 2656028 2143804 183971472    0    0 819456 546452 206555 481946 14  4 68 14  0  0
 2  1 389408 2725248 2143804 183910064    0    0 826720 549968 208144 487408 15  4 67 14  0  0
procs -----------memory---------- ---swap-- -----io---- -system-- -------cpu-------
 r  b   swpd   free   buff  cache   si   so    bi    bo   in   cs us sy id wa st gu
 2  1 389408 2723064 2143804 183911540    0    0 833536 542156 207574 483771 15  4 67 14  0  0
14 22 389408 2718532 2143804 183913528    0    0 791456 532640 202716 467174 14  4 68 15  0  0
 3  0 389408 2718752 2143804 183915416    0    0 773728 513012 198031 452881 13  4 68 15  0  0
21 12 389408 2714792 2143804 183917376    0    0 827008 529360 206540 481991 15  4 67 15  0  0
25  9 389408 2712388 2143804 183919372    0    0 817968 539804 205791 485668 15  4 68 14  0  0
23 11 389408 2710212 2143804 183921400    0    0 826000 544740 206146 485290 15  4 67 14  0  0
 6  0 389408 2709860 2143804 183923448    0    0 810464 547128 204939 478150 14  4 68 14  0  0
 2  0 389408 2707132 2143804 183925464    0    0 822896 546368 207075 487479 15  4 67 14  0  0
33  4 389408 2705716 2143804 183927416    0    0 830608 542420 207938 485844 15  4 67 15  0  0
22 13 389408 2702320 2143808 183929460    0    0 831360 553816 208418 488297 15  4 67 14  0  0
14 21 389408 2699320 2143808 183931448    0    0 821248 541688 206401 483553 15  4 67 14  0  0
 7  0 389408 2700648 2143808 183933420    0    0 811632 541988 206083 483124 14  4 68 14  0  0
20 15 389408 2698972 2143808 183935504    0    0 819808 546676 206362 478583 14  4 68 14  0  0
18 18 389408 2695532 2143808 183937516    0    0 819936 539476 207520 491730 15  4 67 14  0  0
 5  1 389408 2692312 2143812 183939520    0    0 818960 550976 206254 480035 14  4 68 14  0  0
19 16 389408 2690724 2143812 183941540    0    0 822768 537988 205640 480613 15  4 68 14  0  0
19 16 389408 2689572 2143812 183943560    0    0 822592 552484 207296 488345 15  4 67 14  0  0
 2  1 389408 2686364 2143812 183945604    0    0 831200 546492 207813 485861 14  4 67 14  0  0
 2  0 389408 2682652 2143812 183947588    0    0 811152 543876 206100 481752 14  4 68 14  0  0
29  9 389408 2684872 2143816 183949616    0    0 825344 537700 206025 484640 14  4 68 14  0  0
 4  0 389408 2681232 2143816 183951580    0    0 791808 521660 201785 467948 14  4 68 14  0  0
procs -----------memory---------- ---swap-- -----io---- -system-- -------cpu-------
 r  b   swpd   free   buff  cache   si   so    bi    bo   in   cs us sy id wa st gu
13 19 389408 2678572 2143816 183953456    0    0 767568 509404 198065 452659 14  4 67 15  0  0
18 17 389408 2677660 2143816 183955480    0    0 831200 539944 206919 484541 14  4 67 15  0  0
18 17 389408 2676628 2143816 183957484    0    0 827008 548300 207357 487325 15  4 67 14  0  0
20 13 389408 2673448 2143820 183959540    0    0 833216 544252 209035 496328 15  4 67 14  0  0
19 19 389408 2672452 2143820 183961536    0    0 816416 543560 206611 488324 15  4 67 14  0  0
 2  0 389408 2669100 2143820 183963496    0    0 788304 533644 202958 473459 14  4 68 14  0  0
 5  0 389408 2666564 2143820 183965412    0    0 783232 506872 199010 456857 14  4 67 15  0  0
27  9 389408 2666116 2143820 183967388    0    0 811296 523164 203153 480558 14  4 67 14  0  0
14 19 389408 2664480 2143820 183969344    0    0 808912 547312 205323 481689 14  4 68 14  0  0
 4  0 389408 2662364 2143820 183971360    0    0 825008 540072 206106 484837 15  4 68 14  0  0
16 17 389408 2660868 2143820 183973408    0    0 813168 546852 206633 485682 14  4 68 14  0  0
 1  1 389408 2658980 2143820 183975364    0    0 824896 545144 206878 484051 14  4 68 14  0  0
 3  0 389408 2653696 2143820 183977396    0    0 825472 545948 207458 485654 15  4 67 14  0  0
 4  1 389408 2723180 2143820 183909384    0    0 824864 538300 206002 484707 14  4 68 14  0  0
11  1 389408 2724488 2143820 183911324    0    0 828768 544484 207243 483241 14  4 68 14  0  0
29  7 389408 2725260 2143820 183913324    0    0 810544 545304 206005 480475 14  4 68 14  0  0
 4  0 389408 2722908 2143820 183915344    0    0 807424 540276 205159 480763 15  4 68 14  0  0
28  5 389408 2719448 2143820 183917336    0    0 829824 537592 206614 489778 15  4 67 14  0  0
 2  0 389408 2719096 2143820 183919368    0    0 830016 555504 208589 492348 15  4 67 14  0  0
 2  0 389408 2715596 2143820 183921380    0    0 803168 524836 202436 473922 14  4 67 15  0  0
 0  1 389408 2714224 2143820 183923284    0    0 786128 517340 199969 458454 14  4 67 16  0  0
procs -----------memory---------- ---swap-- -----io---- -system-- -------cpu-------
 r  b   swpd   free   buff  cache   si   so    bi    bo   in   cs us sy id wa st gu
 2  0 389408 2712572 2143820 183925308    0    0 826656 546948 206803 482252 15  4 67 14  0  0
 4  1 389408 2709212 2143820 183927344    0    0 830608 543636 206871 485045 15  4 67 14  0  0
 4  0 389408 2705912 2143824 183929300    0    0 808144 533200 203278 469733 14  4 68 14  0  0
15 19 389408 2702144 2143824 183931360    0    0 828800 548152 207903 487909 15  4 67 15  0  0
16 18 389408 2700832 2143824 183933328    0    0 797600 530356 202139 468568 14  4 68 15  0  0
19 16 389408 2700328 2143824 183935268    0    0 800544 525376 204114 477576 14  4 67 15  0  0
 2  0 389408 2697784 2143824 183937220    0    0 798880 524592 201475 469718 14  4 67 15  0  0
20 15 389408 2694616 2143824 183939240    0    0 810832 535728 205452 476059 14  4 67 15  0  0
21 16 389408 2692820 2143824 183941244    0    0 831648 546280 208355 486598 15  4 67 14  0  0
16 20 389408 2686828 2143824 183943216    0    0 814384 546848 205507 478838 15  4 68 14  0  0
19 16 389408 2687188 2143824 183945280    0    0 824640 545184 206430 484920 14  4 68 14  0  0
 2  1 389408 2684352 2143824 183947220    0    0 817616 539124 205542 485853 15  4 68 14  0  0
 5  0 389408 2682216 2143824 183949260    0    0 831968 546644 208333 486600 14  4 68 14  0  0
20 14 389408 2680008 2143824 183951272    0    0 817920 540488 206310 483308 15  4 68 14  0  0
18 19 389408 2673308 2143824 183953300    0    0 820016 546208 206563 478801 15  4 68 14  0  0
19  0 389408 2670708 2143824 183955244    0    0 821616 539212 205886 481654 14  4 68 14  0  0
 4  0 389408 2670692 2143824 183957320    0    0 820864 537796 205877 486970 15  4 67 14  0  0
18 19 389408 2669784 2143824 183959288    0    0 796032 522956 201964 468949 14  4 67 15  0  0
11 26 389408 2667760 2143824 183961184    0    0 782656 504096 197509 455536 14  4 67 15  0  0
 4  0 389408 2666528 2143824 183963200    0    0 818528 542172 205991 479359 14  4 68 14  0  0
29  7 389408 2662720 2143824 183965212    0    0 823712 538696 206290 481712 15  4 67 14  0  0
procs -----------memory---------- ---swap-- -----io---- -system-- -------cpu-------
 r  b   swpd   free   buff  cache   si   so    bi    bo   in   cs us sy id wa st gu
17 18 389408 2661708 2143824 183967168    0    0 813984 542388 206908 482229 15  4 68 14  0  0
 4  0 389408 2657696 2143828 183969228    0    0 824496 545584 206930 486176 14  4 67 14  0  0
17 17 389408 2655400 2143828 183971108    0    0 777344 512076 198289 454034 14  4 67 15  0  0
22 11 389408 2730852 2143828 183900516    0    0 789488 521832 200393 456372 14  4 67 15  0  0
 3  0 389408 2725480 2143828 183902068    0    0 805072 519060 202394 469736 14  4 67 15  0  0
12 22 389408 2720948 2143828 183904020    0    0 795424 527244 201579 465958 14  4 68 15  0  0
 2  0 389408 2723264 2143828 183905992    0    0 802592 526284 202155 468094 14  4 67 15  0  0
 3  0 389408 2721440 2143828 183908000    0    0 808016 526112 203348 470733 14  4 67 15  0  0
18 12 389408 2720136 2143828 183909908    0    0 799840 530720 201053 462915 14  4 67 15  0  0
17 18 389408 2717632 2143828 183911884    0    0 797328 527508 202837 476266 15  4 67 15  0  0
 4  0 389408 2714328 2143828 183913864    0    0 811952 523936 203528 479022 14  4 67 15  0  0
24  5 389408 2712708 2143828 183915888    0    0 807248 519316 202803 469043 14  4 67 15  0  0
 8 24 389408 2709780 2143828 183917812    0    0 812576 539876 206379 482070 15  4 68 14  0  0
 4  0 389408 2707460 2143828 183919884    0    0 826352 544332 206715 482658 15  4 67 14  0  0
 4  0 389408 2691436 2143828 183921960    0    0 831296 548900 207785 484891 14  4 67 14  0  0
25  9 389408 2691408 2143828 183923876    0    0 821616 544104 206094 482636 15  4 68 14  0  0
22 10 389408 2688560 2143836 183925892    0    0 789296 520212 201331 462541 14  4 68 15  0  0
19 15 389408 2687440 2143836 183927740    0    0 768944 512440 197044 447722 14  4 67 15  0  0
19 14 389408 2685388 2143836 183929740    0    0 815936 540180 205310 481508 14  4 68 14  0  0
26  7 389408 2679928 2143836 183931772    0    0 813120 537428 204833 480215 14  4 68 14  0  0
 4  0 389408 2678396 2143836 183933680    0    0 809856 538396 204599 483317 14  4 67 14  0  0
procs -----------memory---------- ---swap-- -----io---- -system-- -------cpu-------
 r  b   swpd   free   buff  cache   si   so    bi    bo   in   cs us sy id wa st gu
 3  1 389408 2676172 2143836 183935620    0    0 806912 526880 203000 470809 14  4 67 15  0  0
16 18 389408 2674252 2143836 183937600    0    0 790880 525892 200847 467496 14  4 68 15  0  0
21 14 389408 2677536 2143836 183939508    0    0 792976 521312 201239 465403 14  4 68 15  0  0
20 15 389408 2675092 2143836 183941552    0    0 828112 540596 206644 481571 15  4 67 15  0  0
 1  1 389408 2671592 2143836 183943552    0    0 820704 544556 206880 485240 15  4 67 14  0  0
20 16 389408 2670928 2143836 183945628    0    0 836528 553740 208404 487497 15  4 67 14  0  0
 3  0 389408 2666500 2143836 183947560    0    0 820992 546728 206920 485518 15  4 67 14  0  0
 3  0 389408 2664808 2143836 183949604    0    0 829888 547428 207829 488332 15  4 67 14  0  0
12 20 389408 2657928 2143836 183951624    0    0 809264 549544 205031 477312 14  4 68 14  0  0
 3  0 389408 2725740 2143836 183889892    0    0 826976 540736 206244 478571 15  4 67 14  0  0
 6  0 389408 2722328 2143836 183891928    0    0 831168 542904 207177 487417 15  4 67 14  0  0
22 10 389408 2724076 2143836 183894000    0    0 829280 548276 207337 487782 15  4 67 14  0  0
 4  2 389408 2721704 2143836 183895944    0    0 811232 544164 205235 480699 14  4 68 14  0  0
26  8 389408 2720904 2143836 183898012    0    0 826672 541440 206715 488443 15  4 67 14  0  0
 5  0 389408 2721140 2143836 183899996    0    0 827248 553728 206466 486606 15  4 67 14  0  0
19 14 389408 2714692 2143836 183901984    0    0 800768 515140 201426 464857 14  4 67 16  0  0
 2  0 389408 2714184 2143836 183903928    0    0 792912 518960 201951 464777 14  4 67 15  0  0
14 20 389408 2711892 2143836 183905908    0    0 810848 546024 205932 482292 14  4 68 14  0  0
 4  0 389408 2709888 2143836 183907928    0    0 827200 543324 207378 484493 15  4 67 14  0  0
 2  1 389408 2709164 2143836 183909984    0    0 809632 528280 203362 474177 14  4 67 15  0  0
22 13 389408 2707032 2143836 183911920    0    0 808160 533680 203776 471243 14  4 67 15  0  0
procs -----------memory---------- ---swap-- -----io---- -system-- -------cpu-------
 r  b   swpd   free   buff  cache   si   so    bi    bo   in   cs us sy id wa st gu
18 18 389408 2705944 2143836 183913872    0    0 815088 525888 204814 475565 14  4 67 15  0  0
26  6 389408 2704356 2143836 183915864    0    0 793008 522760 201936 466683 14  4 68 15  0  0
 4  0 389408 2705164 2143836 183917860    0    0 818080 549004 207516 485224 15  4 67 14  0  0
 3  0 389408 2700308 2143836 183919876    0    0 828848 549512 208046 484351 15  4 67 14  0  0
 4  0 389408 2696976 2143836 183921852    0    0 825472 543212 207300 484622 15  4 67 14  0  0
 9  0 389408 2694252 2143836 183923896    0    0 819696 539348 207144 497333 15  4 67 14  0  0
23 11 389408 2690932 2143836 183925884    0    0 825728 550176 205725 483340 14  4 68 14  0  0
19 14 389408 2689828 2143836 183927900    0    0 824496 548204 208194 478994 14  4 68 14  0  0
19 16 389408 2690176 2143836 183929952    0    0 815168 538728 205010 483427 15  4 67 14  0  0
 6  0 389408 2684596 2143836 183931964    0    0 833888 544460 208884 492094 15  4 67 14  0  0
15 20 389408 2681196 2143836 183933948    0    0 823376 549128 206181 484198 14  4 68 14  0  0
 5  0 389408 2678560 2143836 183935996    0    0 812192 543132 206207 477259 14  4 68 14  0  0
13 23 389408 2676264 2143836 183937956    0    0 815440 543976 204681 478164 14  4 68 14  0  0
19 14 389408 2672272 2143836 183939992    0    0 821920 537076 206236 476348 14  4 68 14  0  0
19 17 389408 2669120 2143836 183941892    0    0 767664 505200 196547 450492 14  4 67 15  0  0
16 18 389408 2668476 2143836 183943876    0    0 819648 527884 205678 480107 14  4 67 15  0  0
 6  0 389408 2667016 2143836 183945852    0    0 811488 551548 206292 478363 14  4 68 14  0  0
13 21 389408 2662860 2143836 183947716    0    0 800608 521544 201899 465900 14  4 67 15  0  0
20 16 389408 2658968 2143836 183949772    0    0 805024 528244 202443 465534 14  4 67 15  0  0
16 20 389408 2657764 2143836 183951648    0    0 806720 521764 202809 479770 14  4 67 15  0  0
13  0 389408 2655700 2143836 183953660    0    0 798560 526220 202231 467838 14  4 67 15  0  0
procs -----------memory---------- ---swap-- -----io---- -system-- -------cpu-------
 r  b   swpd   free   buff  cache   si   so    bi    bo   in   cs us sy id wa st gu
 2  0 389408 2727228 2143836 183886596    0    0 827376 543604 207007 484512 14  4 67 14  0  0
21 12 389408 2727032 2143836 183888564    0    0 830752 538700 208012 488939 14  4 67 14  0  0
27  6 389408 2722068 2143836 183890624    0    0 826912 547764 207888 484853 14  4 68 14  0  0
19 15 389408 2719768 2143840 183892624    0    0 823136 546776 206973 486091 15  4 67 14  0  0
 8  4 389408 2719020 2143840 183894692    0    0 834736 544304 207603 488785 15  4 67 14  0  0
15 23 389408 2716704 2143840 183896716    0    0 814592 550500 206351 479339 14  4 68 14  0  0
24 13 389408 2712984 2143840 183898676    0    0 826464 546404 207007 481629 14  4 68 14  0  0
 3  0 389408 2712068 2143840 183900736    0    0 819264 541540 206432 483470 15  4 67 14  0  0
 2  1 389408 2709280 2143848 183902796    0    0 830080 539940 206825 486802 15  4 67 14  0  0
17 18 389408 2706960 2143848 183904744    0    0 818624 546624 205756 480397 15  4 68 14  0  0
 3  1 389408 2702676 2143848 183906804    0    0 817824 550916 206821 484067 15  4 67 14  0  0
 4  0 389408 2702692 2143848 183908772    0    0 825536 538968 206545 484473 15  4 68 14  0  0
18 16 389408 2701084 2143848 183910720    0    0 777728 506976 197838 450600 14  4 67 16  0  0
30  6 389408 2698016 2143848 183912612    0    0 792992 515852 201507 461711 14  4 67 15  0  0
16 18 389408 2695776 2143848 183914644    0    0 811760 542612 206615 486577 15  4 67 14  0  0
 4  0 389408 2692096 2143848 183916672    0    0 818432 536572 205276 474707 14  4 67 14  0  0
 4  0 389408 2686920 2143848 183918596    0    0 794016 518152 200883 467988 14  4 68 15  0  0
17 15 389408 2686280 2143848 183920540    0    0 800720 526280 202222 463966 14  4 67 15  0  0
11 25 389408 2683492 2143848 183922500    0    0 791168 522248 202191 467661 14  4 67 15  0  0
 4  0 389408 2680404 2143848 183924468    0    0 806208 520228 203247 471526 14  4 67 15  0  0
 4  0 389408 2683236 2143848 183926452    0    0 802976 524996 201760 467391 14  4 67 15  0  0
procs -----------memory---------- ---swap-- -----io---- -system-- -------cpu-------
 r  b   swpd   free   buff  cache   si   so    bi    bo   in   cs us sy id wa st gu
 3  1 389408 2680068 2143848 183928392    0    0 806512 530812 203210 471464 14  4 67 15  0  0
22  9 389408 2675132 2143848 183930372    0    0 802928 525144 201466 467513 14  4 67 15  0  0
13 22 389408 2671204 2143848 183932336    0    0 805168 533040 203664 469669 14  4 67 15  0  0
18 16 389408 2670816 2143848 183934252    0    0 796384 530080 201553 469224 14  4 67 15  0  0
19 11 389408 2669432 2143848 183936236    0    0 798752 521364 202089 473286 14  4 67 15  0  0
22 14 389408 2670968 2143848 183938184    0    0 797280 525000 202231 468610 14  4 67 15  0  0
21 15 389408 2665384 2143848 183940236    0    0 812896 525112 204139 485119 15  4 67 15  0  0
23  8 389408 2663284 2143852 183942260    0    0 832384 544456 207911 487411 15  4 67 14  0  0
24  9 389408 2666444 2143852 183944220    0    0 824080 537752 207332 488638 15  4 67 14  0  0
 2  0 389408 2663896 2143852 183946236    0    0 800160 549260 204706 476830 14  4 69 14  0  0
19  7 389408 2724176 2143852 183873644    0    0 808984 538920 205743 485925 15  5 67 14  0  0
20 15 389408 2721076 2143852 183875452    0    0 767536 509540 197140 447496 13  3 68 15  0  0
21 14 389408 2722364 2143856 183877392    0    0 787104 517424 200384 461591 14  4 68 15  0  0
17 17 389408 2718900 2143856 183879404    0    0 803520 525064 203549 474347 14  4 67 15  0  0
22 12 389408 2722776 2143856 183881316    0    0 795984 517460 200791 463449 14  4 67 15  0  0
 5  0 389408 2721684 2143856 183883268    0    0 789904 523988 200155 464245 14  4 68 15  0  0
 4  0 389408 2721832 2143856 183885280    0    0 805520 520400 202503 471406 14  4 67 15  0  0
16 18 389408 2718600 2143856 183887316    0    0 829776 544948 207755 491879 15  4 67 15  0  0
 2  1 389408 2719648 2143856 183889296    0    0 824576 545272 206480 484261 14  4 67 14  0  0
20 13 389408 2715232 2143856 183891316    0    0 828192 536884 207649 487242 15  4 67 14  0  0
17 18 389408 2712220 2143992 183893172    0    0 815620 543844 205674 484570 14  4 68 14  0  0
procs -----------memory---------- ---swap-- -----io---- -system-- -------cpu-------
 r  b   swpd   free   buff  cache   si   so    bi    bo   in   cs us sy id wa st gu
22 15 389408 2709660 2143992 183895356    0    0 811488 543072 205905 481223 14  4 68 14  0  0
21 11 389408 2705560 2143992 183897372    0    0 817888 540020 204903 477296 14  4 68 14  0  0
25 16 389408 2705876 2143992 183899356    0    0 810112 541760 205693 485115 14  4 68 14  0  0
20 14 389408 2702184 2143992 183901424    0    0 823536 543180 206628 482141 14  4 68 14  0  0
21 20 389408 2701116 2143992 183903392    0    0 816704 545508 205825 480542 14  4 68 14  0  0
23 12 389408 2699052 2143992 183905348    0    0 817792 539204 205542 478287 14  4 68 14  0  0
22 13 389408 2695764 2143992 183907328    0    0 815168 544068 205654 477182 14  4 68 14  0  0
 9  0 389408 2696456 2143992 183909360    0    0 818192 546872 207130 485346 15  4 67 14  0  0
 1  0 389408 2661188 2143992 183911320    0    0 769504 522764 200121 457538 14  4 69 13  0  0
15 16 389408 2731196 2143860 183848012    0    0 810272 537712 203185 476366 14  4 68 14  0  0
23 13 389408 2727184 2143860 183849936    0    0 778976 507576 198840 455197 13  4 67 16  0  0
 6  5 389408 2725860 2143860 183851932    0    0 812336 521532 203040 470432 14  4 67 15  0  0
12 22 389408 2722424 2143860 183853888    0    0 789616 522528 201052 463433 14  4 67 15  0  0
16 17 389408 2721756 2143860 183855820    0    0 797312 517032 201964 469716 14  4 67 15  0  0
 3  0 389408 2777912 2143864 183857820    0    0 789008 525584 200912 463332 15  4 67 15  0  0
17 18 389408 2778132 2143864 183859736    0    0 811616 538072 204626 472819 14  4 68 14  0  0
18 17 389408 2776432 2143864 183861744    0    0 821072 536356 207021 486497 15  4 67 14  0  0
19 16 389408 2771064 2143864 183863720    0    0 810560 538748 205363 486117 14  4 68 14  0  0
20 17 389408 2772088 2143864 183865776    0    0 825040 539500 206284 481743 14  4 68 14  0  0
20 15 389408 2771964 2143864 183867764    0    0 828368 542416 207059 486765 15  4 67 14  0  0
 4  0 389408 2770664 2143864 183869800    0    0 812736 544792 204601 474993 14  4 68 14  0  0
procs -----------memory---------- ---swap-- -----io---- -system-- -------cpu-------
 r  b   swpd   free   buff  cache   si   so    bi    bo   in   cs us sy id wa st gu
 4  0 389408 2765764 2143864 183871732    0    0 804720 537452 203367 471591 14  4 68 14  0  0
16 18 389408 2763680 2143864 183873800    0    0 827168 536224 206649 485851 15  4 67 14  0  0
14 21 389408 2761332 2143864 183875808    0    0 818576 545684 205520 478964 14  4 68 14  0  0
 4  0 389408 2756096 2143864 183877796    0    0 819808 549180 205656 477207 14  4 68 14  0  0
16 18 389408 2752868 2143864 183879832    0    0 817360 538124 206965 485945 15  4 67 14  0  0
17 20 389408 2750808 2143868 183881864    0    0 824768 547104 206607 482156 14  4 68 14  0  0
11 23 389408 2749204 2143868 183883900    0    0 836752 544668 207834 486736 14  4 67 14  0  0
18 18 389408 2745764 2143868 183885988    0    0 820880 543532 207333 488390 15  4 67 14  0  0
 4  0 389408 2743696 2143868 183887924    0    0 774624 522624 197547 450600 14  4 67 15  0  0
16 19 389408 2739324 2143868 183889892    0    0 787344 513188 200664 458232 14  4 68 15  0  0
17 18 389408 2740216 2143876 183891840    0    0 809744 526652 204142 473957 14  4 67 15  0  0
20 13 389408 2737972 2143876 183893824    0    0 799392 525748 201836 463455 14  4 67 15  0  0
 5  1 389408 2733360 2143876 183895768    0    0 788656 521500 200702 466974 14  4 67 15  0  0
29  5 389408 2724964 2143876 183897756    0    0 803328 529056 203076 471059 14  4 67 15  0  0
 4  0 389408 2724456 2143876 183899840    0    0 804944 546000 204498 471711 14  4 68 14  0  0
 2  1 389408 2722156 2143880 183901908    0    0 837008 543864 208430 489118 15  4 67 14  0  0
23 14 389408 2719948 2143880 183903880    0    0 803088 538368 205790 480793 14  4 68 14  0  0
15 17 389408 2717976 2143880 183905944    0    0 813584 539768 205811 479185 14  4 68 14  0  0
26 10 389408 2713204 2143880 183907992    0    0 826624 531940 206194 486964 15  4 68 14  0  0
20 20 389408 2710472 2143880 183910056    0    0 816464 544628 204789 474960 14  4 68 14  0  0
19 15 389408 2706132 2143880 183912124    0    0 822400 536240 206205 488656 14  4 68 14  0  0
procs -----------memory---------- ---swap-- -----io---- -system-- -------cpu-------
 r  b   swpd   free   buff  cache   si   so    bi    bo   in   cs us sy id wa st gu
 3  0 389408 2701304 2143880 183914180    0    0 835840 544764 207912 486340 15  4 67 14  0  0
 4  0 389408 2697388 2143880 183916208    0    0 825760 549568 207852 484634 14  4 68 14  0  0
22 12 389408 2692400 2143880 183918276    0    0 815968 543432 207382 483198 14  4 68 14  0  0
25  9 389408 2690672 2143880 183920416    0    0 815440 539796 206080 480599 14  4 68 14  0  0
18 14 389408 2690208 2143880 183922408    0    0 811296 550960 206872 480135 14  4 68 14  0  0
24 12 389408 2687996 2143880 183924468    0    0 821232 536576 205521 486027 15  4 68 14  0  0
19 16 389408 2684600 2143880 183926480    0    0 780096 521396 199056 452976 14  4 68 15  0  0
 9  1 389408 2683688 2143880 183928464    0    0 790064 524888 201549 465119 14  4 67 15  0  0
16 19 389408 2679360 2143880 183930540    0    0 811520 530912 204872 478521 14  4 67 15  0  0
 4  0 389408 2683004 2143884 183932500    0    0 800080 523704 201772 465011 14  4 68 15  0  0
23 15 389408 2680520 2143884 183934524    0    0 799456 518484 202151 466632 14  4 67 15  0  0
 4  0 389408 2681608 2143884 183936480    0    0 789136 525696 201573 464888 14  4 67 15  0  0
18 16 389408 2677412 2143884 183938556    0    0 810912 533820 204495 472960 14  4 68 14  0  0
17 16 389408 2675500 2143884 183940556    0    0 829360 536464 206695 483591 14  4 68 14  0  0
24 12 389408 2675412 2143892 183942580    0    0 800800 538344 202681 472519 14  4 68 14  0  0
20 14 389408 2670912 2143892 183944660    0    0 830032 540048 207013 484201 15  4 67 14  0  0
 4  0 389408 2668020 2143892 183946716    0    0 827072 545740 207761 488622 15  4 67 14  0  0
 4  0 389408 2667712 2143892 183948724    0    0 809888 547428 205309 480043 14  4 68 14  0  0
16 18 389408 2663816 2143892 183950828    0    0 814144 538276 205917 480153 14  4 68 14  0  0
 4  0 389408 2663212 2143896 183952900    0    0 828992 540744 206993 485206 14  4 68 14  0  0
25 11 389408 2662988 2143896 183954960    0    0 828688 536124 206788 487421 15  4 67 14  0  0
procs -----------memory---------- ---swap-- -----io---- -system-- -------cpu-------
 r  b   swpd   free   buff  cache   si   so    bi    bo   in   cs us sy id wa st gu
29  4 389408 2663636 2143896 183957040    0    0 810144 540740 204918 480160 15  4 68 14  0  0
17 16 389408 2661040 2143896 183959044    0    0 819328 551324 206800 481053 14  4 68 14  0  0
21 15 389408 2659268 2143896 183961112    0    0 806208 539956 204337 475351 14  4 68 14  0  0
10 23 389408 2656832 2143896 183963168    0    0 818416 538908 205075 482383 15  4 68 14  0  0
 4  0 389408 2654388 2143896 183965160    0    0 809264 540952 204920 478487 14  4 68 14  0  0
27 10 389408 2653096 2143896 183967216    0    0 780592 515260 199502 461882 14  4 67 15  0  0
17 18 389408 2650332 2143896 183969172    0    0 789344 532096 201019 463159 14  4 68 15  0  0
21 14 389408 2650580 2143896 183971168    0    0 793648 518012 201319 467083 14  4 67 15  0  0
13 24 389408 2649056 2143900 183973148    0    0 787984 522552 201559 462426 14  4 68 15  0  0
17 18 389408 2650828 2143900 183975192    0    0 790320 524392 201520 464665 14  4 67 15  0  0
 5  0 389408 2647752 2143900 183977144    0    0 789216 526088 201189 467179 14  4 67 15  0  0
21 13 389408 2645456 2143900 183979152    0    0 823360 534256 205165 482288 14  4 68 14  0  0
26 11 389408 2727904 2143900 183900956    0    0 822208 537692 207154 485307 15  4 67 14  0  0
17 18 389408 2723896 2143900 183903012    0    0 824576 540324 205953 483672 15  4 67 14  0  0
 4  0 389408 2722016 2143900 183905096    0    0 822016 541140 205431 482974 14  4 68 14  0  0
17 16 389408 2718684 2143900 183907156    0    0 832448 539212 206353 485655 14  4 67 14  0  0
 3  0 389408 2718312 2143900 183909156    0    0 825488 547640 207697 490002 15  4 67 14  0  0
24 12 389408 2716548 2143900 183911160    0    0 804464 535172 203713 476429 14  4 68 14  0  0
26  5 389408 2715116 2143900 183913208    0    0 808112 542824 205591 483245 14  4 68 14  0  0
20 16 389408 2709848 2143900 183915276    0    0 817872 548496 207228 488931 15  4 67 14  0  0
18 18 389408 2706456 2143900 183917376    0    0 817088 541204 205431 481063 14  4 68 14  0  0
procs -----------memory---------- ---swap-- -----io---- -system-- -------cpu-------
 r  b   swpd   free   buff  cache   si   so    bi    bo   in   cs us sy id wa st gu
22 15 389408 2706460 2143900 183919380    0    0 826752 540620 207150 486347 15  4 67 14  0  0
25  9 389408 2700516 2143900 183921524    0    0 827696 536952 206123 480529 15  4 68 14  0  0
 5  0 389408 2701500 2143900 183923520    0    0 814976 535968 204787 478586 15  4 68 14  0  0
 4  0 389408 2699992 2143900 183925584    0    0 808048 536184 204103 473896 14  4 68 14  0  0
 4  0 389408 2696588 2143900 183927520    0    0 784592 527512 200180 454015 14  4 68 15  0  0
 5  0 389408 2692348 2143900 183929548    0    0 809008 529140 203578 469110 14  4 67 15  0  0
25 13 389408 2691168 2143900 183931504    0    0 761792 516196 197130 444759 13  4 68 15  0  0
33  7 389408 2689724 2143900 183933492    0    0 800944 510488 200275 462138 14  4 67 15  0  0
 7 29 389408 2686860 2143900 183935476    0    0 785056 524128 201465 463879 14  4 68 15  0  0
21 12 389408 2687128 2143900 183937460    0    0 803680 517444 202253 472810 14  4 67 15  0  0
16 18 389408 2684656 2143900 183939424    0    0 811248 538664 205138 480971 14  4 68 14  0  0
13 21 389408 2681444 2143900 183941496    0    0 814240 547348 206290 482336 14  4 67 14  0  0
23 12 389408 2680168 2143900 183943536    0    0 821696 540312 206350 481476 14  4 68 14  0  0
 3  0 389408 2675984 2143900 183945572    0    0 817072 545312 207280 484485 15  4 68 14  0  0
 3  0 389408 2673776 2143900 183947708    0    0 830176 536108 207823 486510 14  4 68 14  0  0
20 14 389408 2671044 2143900 183949784    0    0 813392 553600 205340 473234 14  4 68 14  0  0
13 19 389408 2668712 2143900 183951816    0    0 823184 541504 207237 484685 14  4 68 14  0  0
19 16 389408 2670804 2143900 183953900    0    0 817776 535960 205661 479613 14  4 68 14  0  0
20 13 389408 2667592 2143900 183955848    0    0 817008 544540 204763 476468 14  4 68 14  0  0
17 18 389408 2663860 2143900 183957956    0    0 816656 535488 204215 478531 14  4 68 14  0  0
21 14 389408 2660360 2143900 183960048    0    0 825680 544384 206094 477484 14  4 67 14  0  0
procs -----------memory---------- ---swap-- -----io---- -system-- -------cpu-------
 r  b   swpd   free   buff  cache   si   so    bi    bo   in   cs us sy id wa st gu
34  2 389408 2657880 2143900 183962088    0    0 801168 540556 203277 475469 15  4 68 14  0  0
17 18 389408 2654156 2143900 183964176    0    0 831136 536484 205856 480210 14  4 67 14  0  0
 4  0 389408 2650668 2143900 183966184    0    0 780400 514084 198371 455180 14  4 68 15  0  0
 8  0 389408 2649536 2143900 183968132    0    0 783360 500068 197584 454365 14  4 67 16  0  0
22 13 389408 2648284 2143900 183970136    0    0 824208 536224 204093 475711 15  4 67 14  0  0
17 18 389408 2646100 2143900 183972212    0    0 776480 524776 199994 463006 14  4 68 15  0  0
 3  0 389408 2643464 2143900 183974176    0    0 792288 520748 201607 472373 14  4 67 15  0  0
 1  0 389408 2640840 2143900 183976152    0    0 785296 525652 201611 459327 14  4 67 15  0  0
21 14 389408 2726392 2143900 183895004    0    0 811264 533336 204778 474434 14  4 68 14  0  0
29  4 389408 2723184 2143900 183896752    0    0 841456 538260 207883 487319 15  4 67 14  0  0
24 11 389408 2720320 2143900 183898796    0    0 809920 539872 204811 477460 15  4 68 14  0  0
21 16 389408 2718840 2143900 183900856    0    0 829280 547912 207632 484852 14  4 68 14  0  0
 6  1 389408 2713728 2143900 183902952    0    0 822800 549080 206765 482853 14  4 68 14  0  0
21 15 389408 2714740 2143900 183905068    0    0 830432 542924 207287 484381 14  4 68 14  0  0
 5  0 389408 2709180 2143900 183907108    0    0 811344 542816 205092 476683 14  4 68 14  0  0
15 18 389408 2711928 2143900 183909180    0    0 822032 542192 206881 483514 15  4 68 14  0  0
17 18 389408 2711960 2143900 183911148    0    0 806336 543996 204634 476382 14  4 68 14  0  0
16 20 389408 2711148 2143900 183913168    0    0 819712 540444 206269 484529 14  4 68 14  0  0
16 20 389408 2708652 2143900 183915252    0    0 807888 540932 205105 473216 14  4 68 14  0  0
 2  0 389408 2703504 2143900 183917268    0    0 805280 535628 205892 484411 15  4 68 14  0  0
 3  0 389408 2700856 2143900 183919260    0    0 813168 543588 205129 479298 14  4 68 14  0  0
procs -----------memory---------- ---swap-- -----io---- -system-- -------cpu-------
 r  b   swpd   free   buff  cache   si   so    bi    bo   in   cs us sy id wa st gu
 2  0 389408 2699356 2143900 183921340    0    0 817568 547000 205921 475214 14  4 68 14  0  0
19 16 389408 2696716 2143904 183923360    0    0 797376 526868 203802 477405 15  4 67 14  0  0
 4  0 389408 2697204 2143904 183925344    0    0 792528 523704 201055 463977 14  4 68 15  0  0
18 19 389408 2694680 2143904 183927412    0    0 769216 507524 197458 449711 13  4 68 15  0  0
24 10 389408 2692164 2143904 183929396    0    0 792656 511344 200710 459582 14  4 67 15  0  0
16 19 389408 2689308 2143904 183931312    0    0 789616 525264 201235 463015 14  4 68 15  0  0
15 18 389408 2686424 2143908 183933308    0    0 778016 515460 199138 459430 14  4 68 15  0  0
29  7 389408 2680156 2143908 183935280    0    0 838320 544544 208817 492965 15  4 67 14  0  0
17 18 389408 2684116 2143908 183937308    0    0 797552 546848 204310 474034 15  4 68 14  0  0
 6  0 389408 2681748 2143908 183939396    0    0 816832 543152 206305 484919 14  4 67 14  0  0
24 10 389408 2675468 2143908 183941464    0    0 822272 543688 207949 486665 15  4 68 14  0  0
 2  0 389408 2674244 2143908 183943536    0    0 821536 540340 206249 484000 15  4 67 14  0  0
 2  1 389408 2671468 2143908 183945580    0    0 830688 544524 206512 486073 14  4 67 14  0  0
20 13 389408 2668480 2143908 183947620    0    0 822144 546544 206938 481378 14  4 68 14  0  0
21 16 389408 2666556 2143908 183949720    0    0 809056 536900 204294 477376 14  4 68 14  0  0
26 10 389408 2666464 2143908 183951696    0    0 818512 542420 205639 481515 15  4 67 14  0  0
 4  0 389408 2661216 2143912 183953784    0    0 821344 545096 207665 495690 15  4 67 14  0  0
16 17 389408 2661312 2143912 183955816    0    0 817664 550784 206210 480254 14  4 68 14  0  0
21 14 389408 2658256 2143912 183957900    0    0 820336 541252 206889 480828 14  4 68 14  0  0
29  5 389408 2655556 2143912 183959940    0    0 814224 535876 206467 487662 15  4 68 14  0  0
 3  0 389408 2654256 2143912 183961948    0    0 761920 510652 196915 451299 14  4 68 14  0  0
procs -----------memory---------- ---swap-- -----io---- -system-- -------cpu-------
 r  b   swpd   free   buff  cache   si   so    bi    bo   in   cs us sy id wa st gu
24 10 389408 2651368 2143920 183963868    0    0 781104 502016 197152 447764 14  4 67 16  0  0
 2  0 389408 2649172 2143920 183965884    0    0 809968 530440 204495 474999 14  4 68 14  0  0
17 19 389408 2647084 2143920 183967896    0    0 790192 523516 201689 466321 14  4 68 14  0  0
 1  0 389408 2643312 2143920 183969864    0    0 798480 523936 202216 469647 14  4 67 15  0  0
 3  1 389408 2640300 2143920 183971836    0    0 809408 529644 203608 471554 14  4 67 15  0  0
22 18 389408 2636768 2143924 183973948    0    0 806368 526376 201318 465280 14  4 68 14  0  0
29  6 389408 2725556 2143924 183891368    0    0 813888 532656 205879 479259 14  4 68 14  0  0
 3  0 389408 2726980 2143924 183893012    0    0 814592 541248 205363 484288 14  4 68 14  0  0
14 19 389408 2723720 2143924 183895008    0    0 809088 541224 205004 478435 14  4 68 14  0  0
16 19 389408 2722088 2143924 183897080    0    0 819936 539540 206762 480742 14  4 68 14  0  0
 3  0 389408 2715848 2143924 183899128    0    0 815104 539844 204972 474869 14  4 68 14  0  0
 5  0 389408 2710532 2143924 183901148    0    0 814208 540220 205015 479342 14  4 68 14  0  0
 4  0 389408 2710196 2143924 183903180    0    0 807856 543188 205699 480339 15  4 68 14  0  0
23 13 389408 2708576 2143924 183905176    0    0 813200 543724 206647 483915 14  4 68 14  0  0
21 14 389408 2708676 2143924 183907280    0    0 828992 539756 207430 488371 14  4 67 14  0  0
20 10 389408 2705296 2143924 183909340    0    0 809728 541960 204211 477192 14  4 68 14  0  0
20 15 389408 2702732 2143924 183911376    0    0 816464 538788 204443 473771 14  4 68 14  0  0
17 21 389408 2702588 2143924 183913404    0    0 830208 544944 207098 482442 14  4 68 14  0  0
 3  2 389408 2702096 2143924 183915488    0    0 818016 546416 206093 477406 14  4 68 14  0  0
19 15 389408 2700356 2143924 183917488    0    0 794192 530132 201988 468415 14  4 68 15  0  0
19 15 389408 2697680 2143928 183919536    0    0 785968 522584 199899 461746 14  4 68 15  0  0
procs -----------memory---------- ---swap-- -----io---- -system-- -------cpu-------
 r  b   swpd   free   buff  cache   si   so    bi    bo   in   cs us sy id wa st gu
21 14 389408 2693512 2143928 183921484    0    0 774304 507692 197104 450024 13  4 67 15  0  0
18 18 389408 2693684 2143928 183923392    0    0 800272 517016 201710 465883 14  4 67 15  0  0
 8  0 389408 2690800 2143928 183925392    0    0 792704 520092 202300 472908 14  4 67 15  0  0
 3  1 389408 2688636 2143928 183927420    0    0 786320 522856 200631 457115 14  4 67 15  0  0
14  0 389408 2686316 2143932 183929400    0    0 785072 517500 201432 467033 14  4 67 15  0  0
27 11 389408 2684120 2143932 183931400    0    0 814832 523252 203930 474493 14  4 67 15  0  0
18 18 389408 2684012 2143932 183933392    0    0 788112 530852 200773 462538 14  4 68 15  0  0
 3  0 389408 2680212 2143932 183935388    0    0 799632 522412 202010 465041 14  4 68 15  0  0
20 14 389408 2676788 2143932 183937396    0    0 806176 522600 202391 465936 14  4 67 15  0  0
20 15 389408 2675296 2143932 183939436    0    0 801632 534632 202745 469562 14  4 67 15  0  0
18 19 389408 2673664 2143932 183941412    0    0 793200 523720 201104 465276 14  4 68 15  0  0
14 22 389408 2670440 2143932 183943432    0    0 796688 531804 202461 468157 14  4 68 15  0  0
15 20 389408 2654144 2143932 183945412    0    0 793616 520056 200587 459993 14  4 68 15  0  0
23 14 389408 2652792 2143932 183947408    0    0 783152 522668 200235 458644 14  4 68 15  0  0
16 17 389408 2649332 2143932 183949380    0    0 802288 520932 202880 467167 14  4 67 15  0  0
 9  9 389408 2648732 2143932 183951344    0    0 794160 515976 200768 464846 14  4 67 15  0  0
17 17 389408 2647424 2143932 183953392    0    0 796048 531504 201707 458440 14  4 68 15  0  0
 8 25 389408 2643504 2143932 183955364    0    0 779312 522180 200145 453333 14  4 68 15  0  0
17 21 389408 2724776 2143932 183873148    0    0 780144 504284 198686 454849 14  4 67 16  0  0
20 16 389408 2725356 2143932 183874796    0    0 783472 505072 198548 452723 13  4 68 16  0  0
19 16 389408 2721616 2143932 183876780    0    0 786640 508200 200238 460677 14  4 67 15  0  0
procs -----------memory---------- ---swap-- -----io---- -system-- -------cpu-------
 r  b   swpd   free   buff  cache   si   so    bi    bo   in   cs us sy id wa st gu
12  0 389408 2718432 2143932 183878696    0    0 803152 525132 203324 472347 14  4 67 15  0  0
20 14 389408 2717400 2143932 183880744    0    0 799824 529016 202257 470041 14  4 67 15  0  0
20 14 389408 2716968 2143932 183882728    0    0 811680 521944 203724 472456 14  4 67 15  0  0
 3  0 389408 2715632 2143932 183884792    0    0 816032 540424 206800 480643 14  4 68 14  0  0
21 13 389408 2711252 2143932 183886848    0    0 821792 546852 207213 479609 14  4 68 14  0  0
13 21 389408 2707712 2143932 183888912    0    0 810480 541472 205363 474550 14  4 68 14  0  0
19 14 389408 2705144 2143932 183890888    0    0 811952 538728 205903 479552 14  4 68 14  0  0
20 15 389408 2703940 2143932 183892920    0    0 811264 542428 205953 478724 14  4 68 14  0  0
 2  1 389408 2701988 2143936 183894972    0    0 812192 548400 206686 479690 14  4 68 14  0  0
21 16 389408 2700836 2143936 183896976    0    0 820592 541116 205867 479212 14  4 68 14  0  0
 7  1 389408 2698976 2143936 183899048    0    0 820864 548068 207366 483069 15  4 68 14  0  0
 2  1 389408 2697768 2143936 183901120    0    0 805664 539888 205968 481773 14  4 68 14  0  0
15 19 389408 2694832 2143936 183903076    0    0 818784 544028 205631 479969 14  4 68 14  0  0
11  6 389408 2696572 2143936 183905144    0    0 814464 534296 205871 485003 15  4 68 14  0  0
21  9 389408 2690208 2143936 183907252    0    0 830016 543368 206769 480352 14  4 68 14  0  0
 2  1 389408 2690424 2143936 183909284    0    0 786640 533772 201961 466061 14  4 69 14  0  0
 4  0 389408 2685888 2143936 183911244    0    0 755936 499516 195885 442351 14  4 67 16  0  0
17 16 389408 2685248 2143936 183913156    0    0 773440 504032 197890 454394 14  4 67 16  0  0
 2  1 389408 2686912 2143936 183915136    0    0 792256 515236 200640 462305 14  4 67 15  0  0
11 24 389408 2685108 2143936 183917132    0    0 827792 532556 206095 480996 15  4 67 15  0  0
20 14 389408 2682696 2143936 183919244    0    0 810880 541460 205795 481583 15  4 68 14  0  0
procs -----------memory---------- ---swap-- -----io---- -system-- -------cpu-------
 r  b   swpd   free   buff  cache   si   so    bi    bo   in   cs us sy id wa st gu
19 15 389408 2678536 2143936 183921316    0    0 824496 537096 206873 485594 15  4 67 14  0  0
 2  1 389408 2674220 2143936 183923340    0    0 814688 546728 205889 480797 14  4 68 14  0  0
17 18 389408 2673328 2143940 183925396    0    0 810864 544000 205182 476664 14  4 68 14  0  0
 3  0 389408 2668828 2143940 183927456    0    0 826368 542492 207027 484053 15  4 67 14  0  0
28  7 389408 2666156 2143940 183929488    0    0 805568 540392 203812 473450 14  4 68 14  0  0
22 12 389408 2663964 2143940 183931536    0    0 806032 540080 204434 478397 14  4 68 14  0  0
17 17 389408 2663736 2143940 183933508    0    0 810944 542280 204723 475860 14  4 68 14  0  0
19 15 389408 2662000 2143944 183935616    0    0 813232 543556 206543 484171 15  4 68 14  0  0
18 17 389408 2660352 2143944 183937640    0    0 813840 541192 205440 479961 14  4 68 14  0  0
16 20 389408 2656256 2143944 183939688    0    0 812256 537020 204618 482121 15  4 68 14  0  0
22 15 389408 2653128 2143944 183941696    0    0 820640 534708 205589 483812 14  4 68 14  0  0
20 12 389408 2652328 2143944 183943780    0    0 823664 537528 206606 481279 14  4 68 14  0  0
23 13 389408 2652640 2143952 183945852    0    0 801216 537124 204015 481781 15  4 68 14  0  0
14  4 389408 2649088 2143952 183947828    0    0 816000 542288 207066 487848 15  4 67 14  0  0
18 17 389408 2647728 2143952 183949876    0    0 782800 538072 201644 460399 14  4 68 14  0  0
11 22 389408 2728140 2143952 183877436    0    0 784752 509340 199024 454942 14  4 67 16  0  0
20 15 389408 2724796 2143952 183879356    0    0 764608 502028 195653 443894 13  4 67 16  0  0
19 16 389408 2723620 2143956 183881256    0    0 783072 512636 200717 461651 14  4 67 15  0  0
16 17 389408 2723680 2143956 183883220    0    0 806288 532464 203665 473057 14  4 68 14  0  0
