procs -----------memory---------- ---swap-- -----io---- -system-- -------cpu-------
 r  b   swpd   free   buff  cache   si   so    bi    bo   in   cs us sy id wa st gu
 5  0 389408 2820772 2143960 183885900    2    7 16204 21862 11757    3  2  0 97  0  0  0
64  0 389408 2772640 2143960 183885972    0    0     0     0 81905 18100 78  0 21  0  0  0
56  0 389408 2752304 2143960 183886016    0    0     0     0 96979 6097 77  0 23  0  0  0
15  0 389408 2720656 2143960 183753852    0    0 825056 74148 220016 462985 41  5 42 12  0  0
37 31 389408 2707596 2143960 183751264    0    0 907120 545328 232420 736075 26  7 51 16  0  0
54  6 389408 2690472 2143960 183753704    0    0 1023040 578948 245887 764889 27  7 46 19  0  0
36 28 389408 2677984 2143960 183756216    0    0 993904 574992 245411 757618 27  8 46 19  0  0
31 37 389408 2673392 2143960 183758664    0    0 1003648 555932 247444 779228 27  8 46 19  0  0
44 13 389408 2669824 2143964 183761224    0    0 1024608 569072 248428 783403 28  8 47 18  0  0
 4  0 389408 2667388 2143964 183763744    0    0 1015552 577744 247248 772493 27  7 47 19  0  0
 5  0 389408 2665472 2143964 183766172    0    0 997472 564236 248767 789936 28  8 46 18  0  0
31 34 389408 2661508 2143964 183768520    0    0 959744 599788 239245 730317 25  7 50 18  0  0
56  8 389408 2658840 2143964 183770820    0    0 919104 589972 238609 735795 25  7 50 17  0  0
 5  0 389408 2656828 2143968 183773060    0    0 913536 593984 238654 739702 25  7 51 17  0  0
31 37 389408 2653376 2143968 183775236    0    0 911008 583708 236177 726196 25  7 51 17  0  0
40 11 389408 2650484 2143968 183777524    0    0 895184 558140 231097 711159 26  7 49 19  0  0
 5  2 389408 2652060 2143968 183779708    0    0 894368 554964 229616 705281 24  7 49 20  0  0
49  7 389408 2649224 2143968 183781932    0    0 898160 560080 230509 701884 24  7 50 19  0  0
29 37 389408 2646132 2143972 183784156    0    0 894976 573912 232120 703569 24  7 50 19  0  0
 2  1 389408 2641560 2143972 183786432    0    0 922320 595020 238757 738873 26  7 50 17  0  0
33 21 389408 2636180 2143972 183788708    0    0 933520 592816 236597 727465 25  7 51 17  0  0
procs -----------memory---------- ---swap-- -----io---- -system-- -------cpu-------
 r  b   swpd   free   buff  cache   si   so    bi    bo   in   cs us sy id wa st gu
20 17 389408 2634440 2143972 183791068    0    0 931696 586688 239574 726973 26  7 51 17  0  0
32 37 389408 2631576 2143972 183793316    0    0 914384 580936 238343 730375 25  7 50 18  0  0
 6  0 389408 2722780 2143976 183708556    0    0 927424 589720 238590 729898 25  7 51 17  0  0
31 33 389408 2724892 2143976 183710800    0    0 907600 579436 235812 720458 25  7 51 17  0  0
50 10 389408 2726232 2143980 183713136    0    0 929312 561996 238659 733663 26  7 50 17  0  0
35 31 389408 2732536 2143980 183715472    0    0 933888 589464 238131 723970 25  7 51 17  0  0
47  7 389408 2737752 2143980 183717820    0    0 933104 597156 239470 737144 26  7 50 17  0  0
 2  2 389408 2746864 2143980 183720132    0    0 933600 599872 239852 743666 26  7 50 17  0  0
33 10 389408 2750692 2143980 183722376    0    0 928624 591060 238666 720360 25  7 51 17  0  0
 2  0 389408 2765712 2143980 183724728    0    0 926208 603740 239249 730359 25  7 51 17  0  0
31 37 389408 2775940 2143980 183727048    0    0 929408 583568 240671 747550 26  7 50 17  0  0
 2  0 389408 2780100 2143980 183729332    0    0 918320 574820 234867 719989 25  7 50 18  0  0
33 39 389408 2783832 2143980 183731584    0    0 880400 561364 227403 688806 24  7 50 19  0  0
 1  0 389408 2789408 2143980 183733816    0    0 902976 570224 230648 704728 24  7 49 20  0  0
 7  2 389408 2789544 2143984 183736020    0    0 912336 561508 234866 726127 25  7 48 20  0  0
33 35 389408 2788124 2143984 183738340    0    0 924560 587576 241148 750245 26  7 50 17  0  0
 4  1 389408 2783412 2143984 183740788    0    0 962880 597412 243615 752654 26  7 48 18  0  0
30 35 389408 2785056 2143984 183743116    0    0 953168 597620 239255 731117 26  7 50 17  0  0
57  4 389408 2782816 2143984 183745440    0    0 918176 575704 236905 725635 25  7 50 17  0  0
34 36 389408 2779552 2143984 183747772    0    0 933760 590820 235701 707316 25  7 51 18  0  0
 5  0 389408 2778712 2143984 183750108    0    0 928112 591392 238332 722059 25  7 50 17  0  0
procs -----------memory---------- ---swap-- -----io---- -system-- -------cpu-------
 r  b   swpd   free   buff  cache   si   so    bi    bo   in   cs us sy id wa st gu
35 37 389408 2774368 2143984 183752376    0    0 931856 591780 239455 725317 25  7 50 18  0  0
34 32 389408 2775000 2143988 183754744    0    0 933040 591860 238329 728989 26  7 50 17  0  0
50 14 389408 2771372 2143988 183757040    0    0 935856 578200 241656 759133 27  8 49 17  0  0
53 10 389408 2768296 2143988 183759392    0    0 933312 591976 238776 732527 26  7 50 17  0  0
33 36 389408 2735596 2143988 183761728    0    0 937168 593416 239674 731393 26  7 50 17  0  0
26 16 389408 2733288 2143988 183763984    0    0 904528 557000 232394 706621 25  7 52 16  0  0
36 30 389408 2726884 2143988 183766280    0    0 928624 597140 236850 709717 25  7 51 17  0  0
25 40 389408 2718368 2143988 183768628    0    0 924784 574996 236167 724560 25  7 50 18  0  0
30 38 389408 2712224 2143988 183770964    0    0 904964 558060 232930 716707 25  7 48 19  0  0
 4  1 389408 2707584 2143988 183773256    0    0 923904 556736 230162 686703 24  7 49 20  0  0
47 10 389408 2721660 2143988 183775592    0    0 929136 565652 232752 700526 24  7 49 20  0  0
20  1 389408 2720324 2143988 183777928    0    0 928032 596208 236595 717038 25  7 51 18  0  0
 7  0 389408 2716172 2143988 183780284    0    0 946992 600376 240537 730160 26  7 50 17  0  0
31 35 389408 2713420 2143988 183782636    0    0 935872 594560 239154 727389 25  7 50 17  0  0
 4  1 389408 2710564 2143988 183784912    0    0 925808 586304 239819 735153 26  7 50 17  0  0
 3  0 389408 2709112 2143988 183787228    0    0 916592 577344 237281 729417 26  7 50 17  0  0
41 26 389408 2706512 2143988 183789596    0    0 929232 602664 237685 719294 25  7 51 17  0  0
42 28 389408 2701880 2143988 183791860    0    0 926080 587272 241104 735419 26  7 50 17  0  0
 1  1 389408 2696536 2143988 183794196    0    0 902208 580904 235219 715099 25  7 51 17  0  0
35 29 389408 2693804 2143988 183796528    0    0 947760 595532 243930 753047 26  7 49 17  0  0
42 29 389408 2692772 2143988 183798884    0    0 960064 596300 243623 751366 27  7 48 18  0  0
procs -----------memory---------- ---swap-- -----io---- -system-- -------cpu-------
 r  b   swpd   free   buff  cache   si   so    bi    bo   in   cs us sy id wa st gu
53  7 389408 2688140 2143988 183801228    0    0 931328 591700 238989 734351 26  7 50 17  0  0
 4  0 389408 2686500 2143988 183803492    0    0 922720 583084 240683 752296 26  7 49 17  0  0
50 15 389408 2681916 2143988 183805916    0    0 938144 588356 240724 745228 26  7 49 18  0  0
54  9 389408 2679004 2143988 183808228    0    0 925008 573412 238959 738483 26  7 48 19  0  0
 4  2 389408 2675176 2143988 183810540    0    0 919648 566936 232732 697506 24  7 49 20  0  0
 5  0 389408 2672444 2143988 183812812    0    0 920608 565968 233896 706433 24  7 49 20  0  0
 5  0 389408 2669728 2143988 183815156    0    0 924816 571636 233481 703099 24  7 49 20  0  0
 4  0 389408 2663108 2143988 183817564    0    0 950256 599356 243159 750791 26  7 49 17  0  0
26 39 389408 2663552 2143988 183819868    0    0 943840 608704 239767 730357 25  7 50 17  0  0
31 32 389408 2659124 2143988 183822216    0    0 947632 593264 243277 751381 26  7 49 18  0  0
34 37 389408 2655796 2143992 183824504    0    0 929488 586420 240370 745047 26  7 49 17  0  0
59 10 389408 2651700 2143992 183826820    0    0 918528 579136 239547 739284 26  7 49 18  0  0
 0  1 389408 2649796 2143992 183829180    0    0 925408 590184 240657 742399 26  7 49 17  0  0
51  9 389408 2646848 2143992 183831532    0    0 960160 594184 240511 731879 25  7 49 18  0  0
 2  0 389408 2647912 2143992 183833920    0    0 952560 599156 238303 713634 25  7 50 19  0  0
52  9 389408 2724104 2143992 183757136    0    0 953248 596016 241014 732690 25  7 50 18  0  0
57 11 389408 2720836 2143992 183758568    0    0 915888 582436 234888 708967 25  7 50 19  0  0
35 31 389408 2718880 2143992 183760924    0    0 928288 571004 232997 697121 24  7 50 19  0  0
 4  0 389408 2717064 2143992 183763224    0    0 930384 577804 237455 722329 25  7 49 19  0  0
57  6 389408 2715520 2143992 183765516    0    0 922944 570860 235340 725273 25  7 49 19  0  0
47  8 389408 2712152 2143992 183767760    0    0 911712 574864 230233 691654 24  7 50 20  0  0
procs -----------memory---------- ---swap-- -----io---- -system-- -------cpu-------
 r  b   swpd   free   buff  cache   si   so    bi    bo   in   cs us sy id wa st gu
18 49 389408 2711260 2143992 183770088    0    0 914400 579208 230615 687559 24  6 49 20  0  0
 2  0 389408 2708160 2143992 183772300    0    0 893296 563024 229973 696008 24  7 49 20  0  0
 5  1 389408 2705600 2143992 183774584    0    0 918080 561592 230568 696351 24  7 49 20  0  0
 4  1 389408 2703988 2143992 183776876    0    0 930416 578984 235823 717229 25  7 49 19  0  0
44  7 389408 2701896 2143992 183779176    0    0 948784 583480 236296 708302 25  7 50 19  0  0
10  0 389408 2698016 2143992 183781536    0    0 927776 587392 235170 717014 25  7 49 19  0  0
29 36 389408 2695952 2143992 183783884    0    0 941968 594000 235545 705301 25  7 49 19  0  0
 4  2 389408 2693504 2143992 183786196    0    0 917952 569692 234630 714050 25  7 49 20  0  0
 4  0 389408 2692612 2143992 183788500    0    0 924144 567740 234631 709874 24  7 49 20  0  0
59  6 389408 2688892 2143996 183790804    0    0 934144 577580 233993 695759 24  7 50 19  0  0
 3  2 389408 2684700 2143996 183793148    0    0 926784 581668 234592 709486 25  7 49 19  0  0
24 42 389408 2681592 2143996 183795444    0    0 926000 584812 233631 698339 24  7 50 19  0  0
40 30 389408 2677952 2143996 183797820    0    0 939648 585520 236035 715291 25  7 49 19  0  0
 2  3 389408 2675968 2143996 183800136    0    0 940368 583532 238126 725119 25  7 49 19  0  0
31 37 389408 2673448 2143996 183802528    0    0 942592 586916 238536 726404 25  7 49 19  0  0
54 11 389408 2670164 2143996 183804884    0    0 937168 590044 237490 715563 25  7 49 19  0  0
 4  0 389408 2666856 2143996 183807180    0    0 923408 579196 234161 703524 24  7 49 20  0  0
 3  1 389408 2664256 2143996 183809536    0    0 921680 575840 232166 690928 24  7 49 21  0  0
43 15 389408 2661560 2143996 183811880    0    0 937248 574528 232235 693135 24  7 49 21  0  0
 2  0 389408 2659568 2143996 183814120    0    0 898496 566456 232524 708135 24  7 49 19  0  0
24 21 389408 2656300 2143996 183816400    0    0 930896 582332 236215 723741 25  7 50 18  0  0
procs -----------memory---------- ---swap-- -----io---- -system-- -------cpu-------
 r  b   swpd   free   buff  cache   si   so    bi    bo   in   cs us sy id wa st gu
45 25 389408 2653132 2143996 183818740    0    0 940512 580136 235719 720614 25  7 49 19  0  0
 2  1 389408 2650932 2143996 183821132    0    0 936176 590992 237639 723053 25  7 49 19  0  0
33 17 389408 2650260 2143996 183823456    0    0 943984 575248 237375 724578 26  7 48 19  0  0
29 38 389408 2649752 2143996 183825832    0    0 933024 583604 236107 717294 25  7 49 19  0  0
44 10 389408 2639468 2143996 183828084    0    0 903504 565760 228421 678253 24  7 50 20  0  0
 2  1 389408 2726820 2143996 183741712    0    0 926848 597600 235674 703103 24  7 49 20  0  0
 1  0 389408 2727072 2143996 183743624    0    0 933184 580344 234543 701902 25  7 49 19  0  0
 3  3 389408 2721372 2143996 183745856    0    0 953856 591356 237486 719820 25  7 48 20  0  0
68  0 389408 2720660 2144000 183748236    0    0 920496 582068 235295 717951 25  7 50 18  0  0
 2  0 389408 2718744 2144000 183750576    0    0 946432 584344 237128 729472 26  7 48 19  0  0
27 39 389408 2717004 2144000 183752920    0    0 935584 593324 236585 708390 25  7 49 19  0  0
 4  0 389408 2716672 2144000 183755264    0    0 950704 575964 238352 734762 26  7 48 19  0  0
37 34 389408 2713852 2144000 183757560    0    0 943072 590640 236971 712162 25  7 49 20  0  0
57 10 389408 2711320 2144000 183759860    0    0 926144 584716 235575 711946 25  7 49 19  0  0
 6  0 389408 2710024 2144000 183762224    0    0 943072 595740 234983 697669 24  7 50 19  0  0
14  0 389408 2708476 2144000 183764580    0    0 943232 587756 236925 710853 25  7 50 19  0  0
37 32 389408 2707312 2144000 183766916    0    0 932704 577156 238208 734296 26  7 49 18  0  0
55  7 389408 2704860 2144004 183769212    0    0 931680 573376 239556 747403 26  7 48 18  0  0
16 14 389408 2693364 2144004 183771604    0    0 940224 598856 235429 699454 24  7 50 19  0  0
32 37 389408 2692424 2144004 183773892    0    0 934224 588880 234854 711469 25  7 50 19  0  0
 4  0 389408 2690188 2144004 183776220    0    0 944208 589484 240994 737373 26  7 48 19  0  0
procs -----------memory---------- ---swap-- -----io---- -system-- -------cpu-------
 r  b   swpd   free   buff  cache   si   so    bi    bo   in   cs us sy id wa st gu
61  0 389408 2686028 2144004 183778612    0    0 934976 575680 235130 713043 25  7 49 19  0  0
 3  0 389408 2683764 2144004 183781016    0    0 963056 597872 242032 737328 26  7 48 19  0  0
 5  0 389408 2677256 2144004 183783384    0    0 962208 599916 238192 719252 25  7 49 19  0  0
 4  3 389408 2676868 2144004 183785744    0    0 942640 583604 236592 714770 25  7 49 19  0  0
56 10 389408 2669100 2144004 183788112    0    0 946496 600236 239130 718140 25  7 50 18  0  0
27 36 389408 2668980 2144004 183790444    0    0 924288 595132 240244 739614 26  7 49 18  0  0
34 31 389408 2666664 2144004 183792828    0    0 959840 593052 241238 744750 26  7 48 18  0  0
58  7 389408 2666144 2144008 183795192    0    0 949264 603268 238421 726613 25  7 50 18  0  0
32 35 389408 2664536 2144008 183797564    0    0 954544 600824 236811 711442 25  7 50 19  0  0
 4  0 389408 2663108 2144008 183800028    0    0 962720 594948 239586 724944 26  7 49 18  0  0
 4  0 389408 2661796 2144008 183802404    0    0 960528 591728 244595 762008 26  8 48 18  0  0
 5  1 389408 2657848 2144012 183804848    0    0 966080 604228 240716 731463 26  7 49 19  0  0
35 34 389408 2656880 2144012 183807236    0    0 939344 596020 240977 738799 25  7 50 18  0  0
 1  0 389408 2654540 2144012 183809584    0    0 930400 603772 238182 725441 25  7 50 18  0  0
53  7 389408 2651144 2144012 183811972    0    0 967136 597656 241817 741283 26  7 49 18  0  0
35 29 389408 2649300 2144012 183814288    0    0 923968 596720 238839 734261 26  7 50 17  0  0
 2  1 389408 2646180 2144016 183816644    0    0 955984 596464 241083 732891 26  7 49 18  0  0
42 26 389408 2644352 2144016 183819012    0    0 932384 582384 237330 724709 25  7 49 18  0  0
57  6 389408 2731180 2144016 183733228    0    0 948608 599280 240110 728709 26  7 49 18  0  0
49 13 389408 2727572 2144016 183735104    0    0 949888 600496 241667 741099 26  7 49 18  0  0
51  8 389408 2726608 2144016 183737424    0    0 943568 582672 240035 741453 26  7 48 19  0  0
procs -----------memory---------- ---swap-- -----io---- -system-- -------cpu-------
 r  b   swpd   free   buff  cache   si   so    bi    bo   in   cs us sy id wa st gu
 4  2 389408 2723844 2144020 183739732    0    0 944800 594008 241925 753408 26  7 48 18  0  0
26 39 389408 2720668 2144020 183742152    0    0 946416 602800 238135 722433 25  7 50 19  0  0
50 13 389408 2717348 2144020 183744564    0    0 955680 598160 238109 723242 25  7 50 18  0  0
 2  1 389408 2714840 2144020 183746840    0    0 933024 596276 241624 743637 26  7 49 18  0  0
11 16 389408 2713940 2144020 183749188    0    0 942560 590752 241182 740390 26  7 49 18  0  0
 3  1 389408 2710680 2144020 183751584    0    0 961360 607892 240208 725428 25  7 49 18  0  0
 4  0 389408 2710872 2144020 183753980    0    0 933280 589220 240263 739107 26  7 49 18  0  0
33 36 389408 2708764 2144020 183756308    0    0 945648 599044 236679 713210 25  7 50 18  0  0
15  6 389408 2704276 2144020 183758648    0    0 945424 595084 240304 734627 26  7 50 18  0  0
44 26 389408 2701532 2144020 183761008    0    0 949184 595352 239314 733343 26  7 49 18  0  0
34 36 389408 2698420 2144024 183763400    0    0 964000 600612 240629 738180 26  7 49 18  0  0
32 34 389408 2695176 2144024 183765804    0    0 950432 599356 239939 729897 25  7 49 18  0  0
31 35 389408 2694320 2144024 183768144    0    0 943968 600412 239593 729802 26  7 49 18  0  0
51  9 389408 2692092 2144024 183770524    0    0 945936 595236 238832 724560 25  7 49 19  0  0
31 37 389408 2683900 2144024 183772840    0    0 938192 590944 237624 718479 25  7 49 19  0  0
28 39 389408 2683352 2144024 183775256    0    0 963392 604420 240993 724843 25  7 49 18  0  0
41 11 389408 2680916 2144028 183777600    0    0 956656 590744 239593 726505 25  7 48 19  0  0
33 36 389408 2677976 2144028 183780056    0    0 958240 612880 240388 723951 25  7 49 19  0  0
 7  1 389408 2676948 2144028 183782384    0    0 936480 593364 243129 752234 26  7 48 18  0  0
 6  2 389408 2673704 2144028 183784656    0    0 917280 580096 235263 720116 25  7 51 17  0  0
51 14 389408 2670004 2144032 183787020    0    0 942608 601052 240220 726288 25  7 50 18  0  0
procs -----------memory---------- ---swap-- -----io---- -system-- -------cpu-------
 r  b   swpd   free   buff  cache   si   so    bi    bo   in   cs us sy id wa st gu
50 16 389408 2666980 2144032 183789376    0    0 950192 596488 240557 737688 25  7 50 18  0  0
24 44 389408 2665676 2144032 183791684    0    0 933104 590016 239256 743640 26  7 49 18  0  0
13  1 389408 2664536 2144032 183794096    0    0 957776 595440 239771 739368 26  7 48 19  0  0
39 33 389408 2660876 2144032 183796396    0    0 931648 584504 236546 728686 25  7 49 19  0  0
40 12 389408 2659468 2144032 183798716    0    0 954912 591468 237803 719006 25  7 49 19  0  0
56 10 389408 2658292 2144032 183801108    0    0 939696 585900 239498 738230 26  7 49 19  0  0
 5  0 389408 2655360 2144032 183803460    0    0 923328 590916 238249 736717 26  7 49 18  0  0
32 34 389408 2649948 2144032 183805800    0    0 936304 584008 235284 722041 25  7 49 19  0  0
45 13 389408 2650752 2144032 183808164    0    0 950416 591572 239101 721451 25  7 49 19  0  0
61  8 389408 2644628 2144044 183810532    0    0 961440 604056 238938 716443 25  7 49 19  0  0
32 33 389408 2644968 2144044 183812900    0    0 928096 593024 235353 716362 25  7 49 20  0  0
28 39 389408 2641804 2144044 183815316    0    0 955280 595184 237856 711457 24  7 49 20  0  0
 4  0 389408 2638884 2144044 183817600    0    0 925008 590812 236111 713646 25  7 49 19  0  0
 4  1 389408 2636400 2144044 183819960    0    0 942224 583620 236661 720943 25  7 49 19  0  0
31 31 389408 2726768 2144044 183732336    0    0 939648 580720 237577 735055 26  7 48 19  0  0
 6  1 389408 2723920 2144044 183734608    0    0 926224 592772 238917 731978 25  7 49 19  0  0
39 30 389408 2721248 2144044 183736884    0    0 935184 591440 236642 723461 25  7 49 19  0  0
34 32 389408 2719460 2144044 183739212    0    0 939040 594872 236729 710188 25  7 50 19  0  0
52 15 389408 2714384 2144044 183741568    0    0 956992 589720 237144 710866 25  7 49 19  0  0
 3  0 389408 2710900 2144044 183743852    0    0 913712 553016 229761 698628 24  7 47 22  0  0
17 47 389408 2708448 2144044 183746108    0    0 920368 569348 228248 671845 23  6 48 23  0  0
procs -----------memory---------- ---swap-- -----io---- -system-- -------cpu-------
 r  b   swpd   free   buff  cache   si   so    bi    bo   in   cs us sy id wa st gu
13 11 389408 2705644 2144044 183748340    0    0 910592 558144 227891 675655 23  6 48 23  0  0
33 37 389408 2704184 2144044 183750616    0    0 931232 571416 230527 686249 24  6 48 21  0  0
 4  0 389408 2700772 2144044 183753028    0    0 931792 581424 236105 718557 25  7 48 20  0  0
 2  1 389408 2699036 2144052 183755352    0    0 937456 589632 232536 694027 24  7 49 20  0  0
49  6 389408 2696200 2144052 183757612    0    0 926144 585220 235296 711082 25  7 49 20  0  0
 2  0 389408 2691928 2144052 183759900    0    0 920528 589704 234147 710302 25  7 49 20  0  0
47 16 389408 2674560 2144052 183762152    0    0 938192 564636 232520 701325 25  7 48 21  0  0
 3  0 389408 2670684 2144052 183764496    0    0 925616 574440 234629 708146 25  7 48 20  0  0
 3  0 389408 2668036 2144052 183766852    0    0 946544 571256 238950 734198 26  7 47 20  0  0
 6  5 389408 2665420 2144052 183769116    0    0 920800 576244 231230 684649 24  7 48 21  0  0
49 12 389408 2660380 2144056 183771492    0    0 932496 579736 234430 707942 25  7 48 21  0  0
33 34 389408 2659684 2144056 183773688    0    0 912656 578172 232641 707444 24  7 49 20  0  0
33 34 389408 2655800 2144056 183776064    0    0 934064 585516 235191 704747 25  7 48 20  0  0
36 15 389408 2654348 2144060 183778412    0    0 936064 570336 233455 708900 25  7 48 20  0  0
50 14 389408 2651256 2144060 183780720    0    0 940240 582732 233230 692503 24  6 49 20  0  0
 8  6 389408 2648332 2144060 183783040    0    0 924432 571284 235532 715655 25  7 49 20  0  0
 3  0 389408 2646372 2144060 183785336    0    0 920560 574092 235753 723722 25  7 49 19  0  0
55  4 389408 2646092 2144060 183787636    0    0 924160 576796 233948 709462 25  7 48 21  0  0
55 13 389408 2642928 2144068 183789932    0    0 923360 581336 234523 717429 25  7 48 20  0  0
50 15 389408 2640216 2144068 183792272    0    0 942608 595600 234606 699685 24  7 49 20  0  0
31 37 389408 2637776 2144068 183794556    0    0 922320 584716 234763 719233 25  7 49 20  0  0
procs -----------memory---------- ---swap-- -----io---- -system-- -------cpu-------
 r  b   swpd   free   buff  cache   si   so    bi    bo   in   cs us sy id wa st gu
50  7 389408 2631760 2144068 183796940    0    0 925200 583556 233282 703243 24  7 49 20  0  0
29 37 389408 2725864 2144068 183707684    0    0 933296 582520 234928 704089 24  7 49 20  0  0
49  3 389408 2723168 2144068 183710048    0    0 932576 567816 233385 707308 24  7 49 20  0  0
43 10 389408 2719784 2144068 183712284    0    0 923088 571708 234784 709815 24  7 49 20  0  0
33 32 389408 2716064 2144068 183714664    0    0 930752 576144 235577 715984 25  7 49 20  0  0
 4  2 389408 2713036 2144068 183716940    0    0 925856 577840 232422 690223 24  6 48 21  0  0
 6  0 389408 2709224 2144068 183719172    0    0 918384 570516 231256 694263 24  7 48 21  0  0
24 42 389408 2707288 2144068 183721492    0    0 948384 587440 234600 701381 24  7 48 21  0  0
30 36 389408 2706380 2144068 183723868    0    0 928752 587312 235216 712518 25  7 48 21  0  0
35 33 389408 2704020 2144068 183726160    0    0 919152 575608 233556 705692 24  7 49 20  0  0
10  5 389408 2699284 2144068 183728536    0    0 931392 568028 235267 719712 25  7 48 20  0  0
20 48 389408 2697016 2144068 183730836    0    0 927712 583400 232584 689593 24  7 50 20  0  0
58  7 389408 2696480 2144072 183733204    0    0 954544 579140 234216 715673 25  7 48 21  0  0
 5  1 389408 2694192 2144072 183735476    0    0 925616 587072 231422 687998 24  7 49 20  0  0
 2  0 389408 2692492 2144072 183737792    0    0 919776 586524 232336 690689 24  7 49 20  0  0
52 12 389408 2689928 2144072 183740124    0    0 943952 572448 234096 711512 25  7 48 21  0  0
 5  1 389408 2687344 2144072 183742436    0    0 916256 577496 234667 720020 25  7 49 20  0  0
49 10 389408 2683728 2144076 183744740    0    0 945552 582284 235977 704876 24  7 49 20  0  0
 2  1 389408 2683560 2144076 183747076    0    0 922912 584760 234481 713164 25  7 49 20  0  0
28 38 389408 2679464 2144076 183749436    0    0 934656 577188 234693 708289 24  7 49 20  0  0
40 11 389408 2676972 2144076 183751752    0    0 927248 574208 235282 714007 25  7 48 21  0  0
procs -----------memory---------- ---swap-- -----io---- -system-- -------cpu-------
 r  b   swpd   free   buff  cache   si   so    bi    bo   in   cs us sy id wa st gu
 4  0 389408 2674776 2144076 183754008    0    0 918320 574932 232695 703728 24  7 48 21  0  0
38 30 389408 2674128 2144076 183756344    0    0 938000 575944 234406 706387 24  7 49 20  0  0
 4  0 389408 2670816 2144076 183758620    0    0 912080 572896 230892 692074 24  7 48 21  0  0
 5  1 389408 2667900 2144076 183761044    0    0 919824 580836 234737 710521 25  7 48 20  0  0
59  6 389408 2663732 2144076 183763332    0    0 944496 586140 236069 713049 25  7 48 20  0  0
 4  0 389408 2660300 2144076 183765668    0    0 936256 578696 237377 726827 25  7 48 20  0  0
58  8 389408 2657784 2144076 183767996    0    0 943920 584116 235504 718726 25  7 48 20  0  0
 4  0 389408 2654164 2144076 183770424    0    0 920688 581644 236490 719729 25  7 48 19  0  0
60 10 389408 2650784 2144076 183772692    0    0 946240 579724 233325 708024 25  7 48 20  0  0
44 27 389408 2649100 2144076 183775052    0    0 918736 583728 233772 710679 25  7 49 20  0  0
23 47 389408 2648572 2144076 183777336    0    0 931552 591960 238653 727871 25  7 48 20  0  0
37 31 389408 2647536 2144080 183779720    0    0 931008 588132 237522 724877 25  7 48 20  0  0
36 34 389408 2642040 2144080 183782056    0    0 940192 591272 234108 703392 24  7 50 19  0  0
28 38 389408 2641060 2144080 183784436    0    0 945536 599720 238125 723198 25  7 49 19  0  0
30 37 389408 2638740 2144080 183786824    0    0 939456 586940 238155 720882 25  7 49 19  0  0
22 46 389408 2636420 2144080 183789132    0    0 944384 592064 237112 712203 25  7 49 19  0  0
 4  0 389408 2633612 2144088 183791440    0    0 921840 590692 236006 714563 25  7 49 20  0  0
42 18 389408 2630660 2144088 183793688    0    0 915728 585896 236954 720084 25  7 48 19  0  0
10  3 389408 2971512 2143904 183460860    0    0 944592 592736 237090 715228 25  7 48 20  0  0
33 38 389408 2972796 2143904 183463180    0    0 951824 592656 233104 686160 24  7 49 20  0  0
14  0 389408 2975496 2143904 183465452    0    0 920256 579588 232940 700286 24  7 49 20  0  0
procs -----------memory---------- ---swap-- -----io---- -system-- -------cpu-------
 r  b   swpd   free   buff  cache   si   so    bi    bo   in   cs us sy id wa st gu
23 14 389408 2986968 2143908 183467784    0    0 952384 587112 237972 719879 25  7 48 20  0  0
 4  0 389408 2993652 2143908 183470080    0    0 947056 585584 238109 725103 25  7 48 19  0  0
12  0 389408 3014280 2143908 183472404    0    0 939408 588136 239093 730692 26  7 49 19  0  0
51 14 389408 3017808 2143908 183474664    0    0 946800 592692 237493 720145 25  7 49 19  0  0
 4  0 389408 3016376 2143908 183476960    0    0 937456 588836 237878 726956 25  7 49 19  0  0
27 17 389408 3018336 2143912 183479232    0    0 966080 594116 236274 710593 25  7 49 20  0  0
 3  0 389408 3017904 2143912 183481632    0    0 941744 593816 238038 720367 25  7 49 19  0  0
30 38 389408 3012904 2143912 183483936    0    0 947408 603584 237914 711621 25  7 49 20  0  0
40 27 389408 3017028 2143912 183486204    0    0 948304 597320 237418 712751 25  7 49 19  0  0
55 10 389408 3017820 2143912 183488540    0    0 958976 599976 240542 733317 25  7 48 19  0  0
 4  0 389408 3014632 2143912 183490868    0    0 929936 596512 236346 709208 25  7 50 19  0  0
13  0 389408 3008252 2143912 183493164    0    0 942768 597736 237966 714387 25  7 49 19  0  0
56  6 389408 3006712 2143912 183495424    0    0 939632 580880 236435 722573 25  7 49 19  0  0
33 37 389408 2999608 2143912 183497724    0    0 936784 597160 235973 703157 24  7 49 20  0  0
 5  1 389408 2998736 2143912 183499972    0    0 916768 587804 237072 728444 25  7 49 19  0  0
36 30 389408 2998288 2143912 183502248    0    0 954112 588560 238541 725726 25  7 49 19  0  0
 1  1 389408 2993928 2143912 183504500    0    0 933344 584972 233917 699061 24  7 49 20  0  0
 2  1 389408 2991572 2143912 183506852    0    0 923904 586508 240003 732727 26  7 49 19  0  0
36 11 389408 2989980 2143912 183509016    0    0 938192 585512 236563 724315 25  7 49 19  0  0
33 34 389408 2986280 2143912 183511356    0    0 939584 590192 236427 713398 25  7 49 19  0  0
 3  1 389408 2983096 2143912 183513636    0    0 944672 586300 239330 733206 25  7 48 19  0  0
procs -----------memory---------- ---swap-- -----io---- -system-- -------cpu-------
 r  b   swpd   free   buff  cache   si   so    bi    bo   in   cs us sy id wa st gu
 3  0 389408 2981000 2143912 183515880    0    0 925168 602160 237018 708671 24  7 50 19  0  0
43 23 389408 2981824 2143912 183518148    0    0 953296 586592 235877 716215 25  7 49 19  0  0
 4  0 389408 2977568 2143912 183520456    0    0 939344 592112 236452 717234 25  7 49 19  0  0
 5  0 389408 2970672 2143912 183522800    0    0 942864 593344 238727 716027 25  7 49 19  0  0
 4  0 389408 2971740 2143912 183525060    0    0 944192 600600 238280 722415 25  7 49 19  0  0
41 23 389408 2969780 2143912 183527352    0    0 947936 586360 234666 705450 25  7 49 19  0  0
31 36 389408 2969196 2143912 183529660    0    0 945360 583572 234804 710155 24  7 49 19  0  0
34 35 389408 2966876 2143912 183531960    0    0 932976 594368 233913 706254 24  7 49 20  0  0
 1  0 389408 2924056 2143912 183534232    0    0 910192 572988 232813 692714 24  7 50 19  0  0
44 21 389408 2919228 2143912 183536452    0    0 905488 563120 227984 676107 24  6 50 20  0  0
30 35 389408 2917492 2143912 183538664    0    0 921216 581964 236174 727070 25  7 48 20  0  0
34 31 389408 2911124 2143912 183540892    0    0 937232 600536 235728 704458 24  7 49 20  0  0
21 19 389408 2912492 2143912 183543228    0    0 924704 573172 236719 719678 25  7 48 21  0  0
19 45 389408 2956096 2143912 183545440    0    0 924912 579956 233345 701392 24  7 49 20  0  0
32 36 389408 2967772 2143912 183547716    0    0 970928 581452 236449 713700 25  7 48 20  0  0
65  2 389408 2965204 2143912 183550076    0    0 936640 592564 234807 700613 24  7 49 20  0  0
54  6 389408 2965064 2143912 183552324    0    0 923840 590816 234163 705592 24  7 49 20  0  0
 4  1 389408 2960976 2143912 183554564    0    0 921776 586452 235267 716506 25  7 49 19  0  0
 2  1 389408 2961936 2143912 183556884    0    0 941744 589912 238055 719234 25  7 48 20  0  0
28  9 389408 2957856 2143912 183559212    0    0 957168 583100 235807 706985 25  7 49 20  0  0
47 16 389408 2959080 2143912 183561540    0    0 941584 589084 237824 718143 25  7 49 20  0  0
procs -----------memory---------- ---swap-- -----io---- -system-- -------cpu-------
 r  b   swpd   free   buff  cache   si   so    bi    bo   in   cs us sy id wa st gu
27 43 389408 2954292 2143912 183563840    0    0 919024 591168 236715 717938 25  7 49 19  0  0
 4  0 389408 2949016 2143912 183566112    0    0 944752 587804 239302 726457 25  7 48 20  0  0
38 34 389408 2948272 2143912 183568352    0    0 932272 580304 232740 695821 24  7 49 20  0  0
 4  0 389408 2945952 2143912 183570656    0    0 931296 573928 231848 694036 24  7 49 20  0  0
56 10 389408 2944636 2143912 183572868    0    0 904944 569372 231433 706640 25  7 48 21  0  0
38 32 389408 2945080 2143912 183575092    0    0 917744 585284 231329 692408 24  6 49 21  0  0
36  9 389408 2946108 2143912 183577344    0    0 912624 569192 229228 686232 24  7 49 21  0  0
30 37 389408 2940216 2143912 183579580    0    0 925216 572968 233856 704246 24  7 49 20  0  0
 2  2 389408 2936772 2143912 183581860    0    0 939328 574036 233779 702783 24  7 48 21  0  0
21  5 389408 2936664 2143912 183584132    0    0 920208 579560 231244 690540 24  7 49 21  0  0
 2  1 389408 2934916 2143912 183586408    0    0 943280 578580 230827 693911 24  7 49 21  0  0
 4  1 389408 2933792 2143912 183588680    0    0 919664 579104 233171 704476 24  7 49 20  0  0
33 34 389408 2929500 2143912 183590916    0    0 932256 591372 233626 699810 24  7 49 20  0  0
39 32 389408 2928732 2143912 183593172    0    0 951760 572884 233596 710396 25  7 48 21  0  0
58  7 389408 2928072 2143912 183595496    0    0 953600 588380 233126 690439 24  6 49 21  0  0
56  8 389408 2925508 2143912 183597788    0    0 911072 579976 232922 699193 24  7 49 20  0  0
38 14 389408 2926984 2143912 183600048    0    0 939424 581548 235430 715069 25  7 48 20  0  0
41 26 389408 2924684 2143912 183602284    0    0 912704 580632 232413 706662 24  7 49 20  0  0
45 20 389408 2923068 2143912 183604540    0    0 960336 586928 237300 722245 26  7 48 19  0  0
16 15 389408 2919188 2143912 183606884    0    0 952192 597164 241902 743931 25  7 48 19  0  0
 5  3 389408 2916152 2143912 183609176    0    0 933632 610548 235856 709197 25  7 50 19  0  0
procs -----------memory---------- ---swap-- -----io---- -system-- -------cpu-------
 r  b   swpd   free   buff  cache   si   so    bi    bo   in   cs us sy id wa st gu
 4  1 389408 2911724 2143912 183611464    0    0 938480 587384 237020 723403 25  7 49 19  0  0
 4  0 389408 2910420 2143912 183613744    0    0 954096 597224 236446 709363 25  7 49 19  0  0
 2  2 389408 2907108 2143920 183616084    0    0 916512 584008 235811 720106 25  7 48 19  0  0
58 11 389408 2904440 2143920 183618356    0    0 960384 594428 239476 718493 25  7 49 20  0  0
 4  1 389408 2904440 2143920 183620600    0    0 915568 588476 235152 715710 25  7 49 19  0  0
37 33 389408 2904680 2143920 183622900    0    0 931824 576244 231910 692156 24  7 49 20  0  0
14  0 389408 2904412 2143920 183625192    0    0 943824 584096 237834 728255 25  7 48 19  0  0
29 38 389408 2893008 2143920 183627516    0    0 967056 594888 237597 717156 25  7 49 20  0  0
29 36 389408 2893284 2143920 183629848    0    0 947808 590456 238642 724098 25  7 49 19  0  0
19  0 389408 2891984 2143920 183632164    0    0 924720 598096 236466 720251 25  7 49 19  0  0
59 12 389408 2884884 2143920 183634396    0    0 941664 601264 235491 704578 24  7 49 19  0  0
51  7 389408 2883748 2143920 183636696    0    0 939776 584320 236455 730946 25  7 48 19  0  0
53 11 389408 2881956 2143920 183638968    0    0 941840 594360 239504 730434 25  7 49 19  0  0
 4  0 389408 2877552 2143920 183641300    0    0 947488 589632 239552 726328 25  7 49 19  0  0
 4  0 389408 2874472 2143920 183643580    0    0 943280 592832 237848 719409 25  7 49 19  0  0
33 36 389408 2875532 2143920 183645868    0    0 920048 594732 235896 720453 25  7 49 19  0  0
34 32 389408 2870876 2143920 183648148    0    0 975568 597312 242094 739634 26  7 47 20  0  0
45 23 389408 2865916 2143924 183650468    0    0 952544 603016 235958 706641 24  7 49 20  0  0
35 33 389408 2864452 2143924 183652776    0    0 924160 588332 238532 740618 26  7 48 19  0  0
22 43 389408 2861044 2143924 183655068    0    0 928080 580576 234019 707370 24  7 49 20  0  0
33 34 389408 2862680 2143924 183657320    0    0 928384 588824 235189 707759 24  7 49 20  0  0
procs -----------memory---------- ---swap-- -----io---- -system-- -------cpu-------
 r  b   swpd   free   buff  cache   si   so    bi    bo   in   cs us sy id wa st gu
36 32 389408 2860380 2143924 183659584    0    0 940928 592244 236719 714734 25  7 49 20  0  0
31 35 389408 2856504 2143924 183661836    0    0 924384 580980 232743 691186 24  7 48 21  0  0
 2  0 389408 2855580 2143924 183664140    0    0 935264 586772 233665 696594 24  7 48 20  0  0
11  0 389408 2850336 2143924 183666428    0    0 942624 579608 232763 701326 24  7 48 21  0  0
51  4 389408 2848652 2143924 183668720    0    0 920528 576160 232474 703151 24  7 49 20  0  0
56  9 389408 2849124 2143924 183670944    0    0 914048 582892 234478 720196 25  7 48 20  0  0
 4  0 389408 2845944 2143928 183673220    0    0 931520 591500 230746 690084 24  7 49 20  0  0
36 29 389408 2846948 2143928 183675500    0    0 931008 574232 232530 704712 24  7 48 20  0  0
34 32 389408 2848564 2143928 183677720    0    0 928496 578212 232657 697625 24  7 49 20  0  0
 2  0 389408 2849812 2143928 183679980    0    0 927008 584340 236829 720400 25  7 49 19  0  0
 4  0 389408 2844540 2143928 183682300    0    0 944192 581624 236977 718795 25  7 49 19  0  0
55  9 389408 2841836 2143932 183684568    0    0 962304 588924 238012 728183 25  7 48 19  0  0
29 37 389408 2838432 2143932 183686884    0    0 955168 603736 239495 725643 25  7 49 20  0  0
50  9 389408 2837956 2143932 183689224    0    0 954480 602464 237314 716532 25  7 49 19  0  0
 3  0 389408 2836664 2143932 183691540    0    0 922528 605888 236050 706475 24  7 50 19  0  0
 4  1 389408 2829552 2143932 183693884    0    0 943616 593012 238576 729191 25  7 49 19  0  0
47 19 389408 2847836 2143932 183669636    0    0 935728 589668 234825 704060 24  7 49 20  0  0
 3  3 389408 2846412 2143932 183671140    0    0 930064 583104 236557 724651 25  7 49 19  0  0
43  6 389408 2843576 2143932 183673440    0    0 922752 574688 237324 721828 25  7 48 20  0  0
36 34 389408 2841228 2143932 183675624    0    0 918992 591956 233803 698640 24  7 50 19  0  0
10  2 389408 2839716 2143932 183677944    0    0 939728 586524 239420 732978 25  7 48 19  0  0
procs -----------memory---------- ---swap-- -----io---- -system-- -------cpu-------
 r  b   swpd   free   buff  cache   si   so    bi    bo   in   cs us sy id wa st gu
 4  0 389408 2834588 2143936 183680284    0    0 932336 601472 237844 709081 25  7 49 19  0  0
34 34 389408 2815772 2143936 183682624    0    0 935360 582928 235624 722184 25  7 49 19  0  0
36 31 389408 2814632 2143936 183684888    0    0 930736 576616 239188 745522 26  8 48 19  0  0
12  0 389408 2813304 2143936 183687236    0    0 938704 592012 238558 716307 25  7 49 19  0  0
50 14 389408 2808868 2143936 183689512    0    0 944000 582252 237329 721484 25  7 49 19  0  0
51 18 389408 2803660 2143940 183691912    0    0 952784 580692 239663 734190 25  7 47 20  0  0
47 13 389408 2804532 2143940 183694268    0    0 943968 603280 237767 717214 25  7 49 20  0  0
40 26 389408 2803248 2143940 183696584    0    0 941920 597368 237797 722771 25  7 49 19  0  0
18 17 389408 2802392 2143940 183698948    0    0 941120 597356 236535 711442 25  7 49 19  0  0
37 28 389408 2800680 2143940 183701248    0    0 946912 594668 237518 719043 25  7 49 19  0  0
26 46 389408 2796644 2143940 183703592    0    0 927120 590380 238574 737088 26  7 48 19  0  0
 9  1 389408 2792752 2143940 183705940    0    0 946048 595084 239317 736640 26  7 48 20  0  0
28 40 389408 2788888 2143940 183708228    0    0 925184 586148 235551 719672 25  7 49 20  0  0
 4  0 389408 2788716 2143940 183710592    0    0 922160 588944 237061 720651 25  7 48 20  0  0
25 43 389408 2785400 2143940 183712908    0    0 934944 565856 234982 712203 25  7 49 20  0  0
27 40 389408 2784168 2143948 183715224    0    0 941024 601488 238406 717172 25  7 48 20  0  0
28 40 389408 2776016 2143948 183717588    0    0 937888 591520 236112 718803 25  7 49 19  0  0
24 45 389408 2776156 2143948 183719896    0    0 935712 587492 239304 736751 26  7 48 19  0  0
31 40 389408 2798456 2143948 183694828    0    0 943408 583192 235592 713324 25  7 49 19  0  0
33 34 389408 2798004 2143948 183697140    0    0 929360 590848 235050 712110 26  7 48 19  0  0
21 47 389408 2795320 2143948 183699416    0    0 945760 580108 239105 739364 26  7 48 19  0  0
procs -----------memory---------- ---swap-- -----io---- -system-- -------cpu-------
 r  b   swpd   free   buff  cache   si   so    bi    bo   in   cs us sy id wa st gu
18 46 389408 2795916 2143948 183701736    0    0 929952 604572 239692 725945 26  7 48 19  0  0
18 51 389408 2790672 2143948 183704068    0    0 927024 586584 234265 703087 25  7 50 19  0  0
24 43 389408 2789780 2143948 183706348    0    0 947840 593844 236745 708132 25  7 49 19  0  0
28 42 389408 2788204 2143948 183708680    0    0 918464 577280 238233 735698 26  7 49 18  0  0
27 41 389408 2785684 2143948 183710976    0    0 947824 597200 241082 739911 26  7 48 19  0  0
24 46 389408 2779672 2143948 183713356    0    0 954992 582448 238288 723842 25  7 49 19  0  0
18 39 389408 2780728 2143948 183715732    0    0 945776 593860 236981 719740 25  7 49 19  0  0
33 39 389408 2775380 2143948 183718052    0    0 938496 598548 237352 718978 25  7 49 19  0  0
30 35 389408 2776836 2143948 183720408    0    0 941472 590976 235743 713539 25  7 49 19  0  0
34 33 389408 2775888 2143948 183722748    0    0 921568 588556 235631 720179 25  7 48 20  0  0
13 52 389408 2772988 2143948 183725032    0    0 925328 574276 234250 706978 24  7 49 20  0  0
27 41 389408 2769696 2143948 183727324    0    0 949664 597216 238674 726775 25  7 48 20  0  0
24 45 389408 2765152 2143948 183729652    0    0 914768 594084 234590 715054 25  7 50 19  0  0
27 42 389408 2762788 2143948 183732016    0    0 948800 590420 237537 717275 25  7 48 20  0  0
32 37 389408 2761860 2143952 183734356    0    0 946576 583484 237620 728484 25  7 49 19  0  0
27 40 389408 2761200 2143952 183736688    0    0 935904 599576 235276 713164 24  7 50 19  0  0
20 44 389408 2759032 2143952 183739056    0    0 941056 594184 238141 732189 26  7 48 19  0  0
20 41 389408 2757076 2143952 183741388    0    0 935552 575244 235507 715779 25  7 49 19  0  0
27 43 389408 2753296 2143952 183743720    0    0 939776 604996 235035 699665 24  7 49 20  0  0
27 41 389408 2780564 2143952 183716264    0    0 950608 587360 237956 728132 25  7 48 20  0  0
27 43 389408 2773880 2143952 183718580    0    0 945728 593708 237632 725923 26  7 48 19  0  0
procs -----------memory---------- ---swap-- -----io---- -system-- -------cpu-------
 r  b   swpd   free   buff  cache   si   so    bi    bo   in   cs us sy id wa st gu
24 44 389408 2771252 2143952 183720880    0    0 962672 588608 237449 715620 25  7 49 19  0  0
31 44 389408 2774072 2143952 183723220    0    0 939792 596260 237858 726385 25  7 49 19  0  0
31 38 389408 2758284 2143952 183725628    0    0 947296 577008 232899 705105 25  7 49 19  0  0
24 43 389408 2756124 2143952 183728068    0    0 968336 604272 239018 724248 25  7 48 20  0  0
22 47 389408 2754308 2143952 183730316    0    0 920704 586260 238083 734401 25  7 49 19  0  0
23 43 389408 2753516 2143952 183732608    0    0 929968 574164 235412 712500 25  7 50 19  0  0
35 34 389408 2747468 2143952 183734904    0    0 914848 586112 233143 701058 24  7 49 20  0  0
34 35 389408 2742264 2143952 183737220    0    0 934992 593228 236532 721787 25  7 48 20  0  0
30 38 389408 2738456 2143956 183739472    0    0 921312 586696 233078 697295 24  7 50 19  0  0
34 35 389408 2738088 2143956 183741800    0    0 950016 582912 238247 722793 25  7 49 19  0  0
22 44 389408 2738452 2143956 183744164    0    0 945264 600940 234656 708673 25  7 49 19  0  0
29 41 389408 2734632 2143956 183746524    0    0 951424 597552 238312 712718 25  7 49 19  0  0
29 41 389408 2729980 2143956 183748860    0    0 940944 596780 238600 735649 26  7 48 19  0  0
17 49 389408 2728036 2143956 183751216    0    0 942080 594752 235364 704108 24  7 50 19  0  0
21 44 389408 2728080 2143956 183753548    0    0 933024 586052 240138 729719 25  7 48 19  0  0
12 53 389408 2724508 2143956 183755824    0    0 938048 588776 237674 725420 25  7 48 19  0  0
23 47 389408 2723836 2143956 183758176    0    0 951376 602648 236816 709952 25  7 49 19  0  0
22 45 389408 2718328 2143956 183760544    0    0 961360 595580 237450 719457 25  7 49 20  0  0
16 42 389408 2714204 2143960 183762932    0    0 945136 587448 238171 721499 25  7 49 19  0  0
31 37 389408 2712940 2143960 183765328    0    0 954736 601200 238525 720677 25  7 48 19  0  0
31 36 389408 2709804 2143960 183767660    0    0 929824 590364 235746 719678 25  7 50 19  0  0
procs -----------memory---------- ---swap-- -----io---- -system-- -------cpu-------
 r  b   swpd   free   buff  cache   si   so    bi    bo   in   cs us sy id wa st gu
30 37 389408 2712120 2143960 183769948    0    0 938944 587020 235898 714569 25  7 49 19  0  0
20 49 389408 2709832 2143960 183772304    0    0 943344 591932 237392 711117 25  7 48 20  0  0
22 23 389408 2705112 2143960 183774720    0    0 923632 593124 235379 710687 24  7 48 21  0  0
38 34 389408 2734540 2143960 183745768    0    0 948064 579580 238484 725937 25  7 48 20  0  0
24 43 389408 2730424 2143960 183747320    0    0 928656 593864 236813 719655 25  7 49 19  0  0
24 42 389408 2727544 2143960 183749612    0    0 918704 576596 236637 734988 25  8 49 18  0  0
40 29 389408 2727008 2143960 183751984    0    0 932384 589584 238338 731700 25  8 48 19  0  0
28 40 389408 2722448 2143964 183754300    0    0 944992 582096 237995 732536 26  7 48 19  0  0
25 43 389408 2699816 2143964 183756660    0    0 942000 587664 237086 715597 24  7 50 19  0  0
16 14 389408 2678748 2143964 183753460    0    0 934224 599104 235114 707207 25  7 49 19  0  0
16 38 389408 2722708 2143964 183703332    0    0 936320 589432 235556 709003 25  7 49 19  0  0
23 43 389408 2717544 2143964 183705660    0    0 923600 583580 236511 726712 25  7 49 19  0  0
20 45 389408 2713804 2143964 183708012    0    0 958512 594552 237914 722748 25  7 49 19  0  0
50 24 389408 2708532 2143964 183710396    0    0 942304 594956 237433 724261 25  7 49 19  0  0
10 57 389408 2703812 2143964 183712756    0    0 951136 612436 238556 718279 25  7 49 19  0  0
20 45 389408 2699608 2143964 183715100    0    0 949072 587716 237652 724774 25  7 49 19  0  0
21 41 389408 2695652 2143964 183717464    0    0 940064 589972 237964 729691 25  7 49 19  0  0
26 42 389408 2691436 2143964 183719896    0    0 966400 606904 239122 718795 25  7 48 20  0  0
 9 54 389408 2690196 2143964 183722184    0    0 946624 598784 236091 708794 25  7 49 20  0  0
 8 44 389408 2687120 2143964 183724580    0    0 925360 588724 234636 708959 24  7 49 20  0  0
13 52 389408 2679864 2143964 183726852    0    0 930368 588628 235375 709582 25  7 49 20  0  0
procs -----------memory---------- ---swap-- -----io---- -system-- -------cpu-------
 r  b   swpd   free   buff  cache   si   so    bi    bo   in   cs us sy id wa st gu
21 50 389408 2681056 2143964 183729152    0    0 939856 592856 237477 725687 25  7 48 20  0  0
29 40 389408 2675908 2143964 183731516    0    0 946800 597656 237581 716313 25  7 49 19  0  0
36 33 389408 2672788 2143964 183733856    0    0 924256 582716 234426 710918 25  7 50 18  0  0
22 47 389408 2669348 2143964 183736148    0    0 938384 596260 236557 715292 25  7 49 19  0  0
23 41 389408 2666340 2143964 183738504    0    0 937920 578196 238306 728228 25  7 49 18  0  0
18 47 389408 2660832 2143964 183740892    0    0 941984 597436 236668 720068 25  7 49 19  0  0
26 40 389408 2660784 2143964 183743196    0    0 936096 580976 236058 717021 25  7 49 19  0  0
24 45 389408 2660172 2143964 183745572    0    0 939840 586200 234550 704936 24  7 49 19  0  0
37 33 389408 2655872 2143964 183747908    0    0 962016 590188 238643 723473 25  7 48 20  0  0
56  9 389408 2653640 2143964 183750292    0    0 943728 601672 236821 713263 24  7 49 19  0  0
49 16 389408 2652076 2143964 183752620    0    0 925104 586364 237852 731524 25  7 49 19  0  0
36 35 389408 2650940 2143964 183754940    0    0 946624 590592 239618 735329 26  7 48 19  0  0
21 48 389408 2729044 2143964 183678244    0    0 946384 607316 237806 717385 25  7 49 19  0  0
33 34 389408 2722428 2143964 183679936    0    0 934320 585540 237086 723549 25  7 49 19  0  0
 1  1 389408 2721728 2143964 183682220    0    0 931392 598568 235852 711291 25  7 49 20  0  0
 2  0 389408 2718264 2143964 183684508    0    0 927808 584192 233486 699464 24  6 50 20  0  0
29 40 389408 2714028 2143964 183686808    0    0 921776 572520 233052 705073 24  7 49 20  0  0
 2  0 389408 2714176 2143964 183689128    0    0 926816 576276 236497 727761 25  7 48 20  0  0
 5  1 389408 2709920 2143964 183691476    0    0 955920 599328 238044 715873 25  7 49 19  0  0
42 30 389408 2705712 2143964 183693832    0    0 948432 601672 235135 704357 24  7 49 20  0  0
 2  0 389408 2704436 2143964 183696144    0    0 931920 590976 239814 736345 26  7 48 19  0  0
procs -----------memory---------- ---swap-- -----io---- -system-- -------cpu-------
 r  b   swpd   free   buff  cache   si   so    bi    bo   in   cs us sy id wa st gu
64  0 389408 2703236 2143964 183698496    0    0 958288 605196 238694 716732 25  7 49 20  0  0
 2  1 389408 2700696 2143964 183700880    0    0 959440 592896 239570 730098 25  7 48 20  0  0
30 36 389408 2700552 2143964 183703212    0    0 954944 595020 235877 701924 24  7 49 20  0  0
40 25 389408 2696872 2143964 183705524    0    0 939328 590360 239173 728290 25  7 49 19  0  0
53  7 389408 2695652 2143964 183707864    0    0 941888 595888 239227 728667 25  7 49 19  0  0
33 36 389408 2689328 2143964 183710260    0    0 959776 605140 238225 715799 25  7 49 19  0  0
 1  1 389408 2688324 2143964 183712572    0    0 938672 604104 239497 724695 25  7 50 18  0  0
 4  0 389408 2685908 2143964 183714968    0    0 941648 592492 237747 720396 25  7 50 18  0  0
57  7 389408 2682492 2143964 183717260    0    0 957504 591048 240563 734931 25  7 49 18  0  0
37 26 389408 2680668 2143964 183719700    0    0 947360 603344 241614 731636 26  7 49 18  0  0
36 32 389408 2675720 2143964 183722012    0    0 956096 596584 239357 729370 25  7 49 19  0  0
37 29 389408 2669216 2143972 183724388    0    0 957424 609340 240692 726339 25  7 48 19  0  0
30 37 389408 2669384 2143972 183726816    0    0 946400 594528 236624 711888 25  7 49 20  0  0
 3  0 389408 2667580 2143972 183729116    0    0 920816 588764 236676 724103 25  7 49 19  0  0
54  7 389408 2662252 2143972 183731452    0    0 944432 600560 238574 728211 25  7 49 19  0  0
53  6 389408 2662320 2143972 183733788    0    0 953040 603240 239041 724879 25  7 49 18  0  0
52  7 389408 2660352 2143972 183736176    0    0 958704 599504 239966 727227 25  7 49 19  0  0
 2  0 389408 2657356 2143972 183738572    0    0 945760 597504 241088 738770 26  7 49 18  0  0
57  6 389408 2656304 2143972 183740936    0    0 954320 594756 237936 720902 25  7 49 18  0  0
17  0 389408 2651120 2143972 183743240    0    0 924848 597168 239296 741743 26  7 49 18  0  0
50  7 389408 2648116 2143972 183745620    0    0 952192 593592 239779 730295 25  7 49 18  0  0
procs -----------memory---------- ---swap-- -----io---- -system-- -------cpu-------
 r  b   swpd   free   buff  cache   si   so    bi    bo   in   cs us sy id wa st gu
 6  0 389408 2644628 2143972 183748012    0    0 959040 606164 241102 736401 26  7 48 19  0  0
 1  0 389408 2644052 2143972 183750412    0    0 948656 600984 240518 724037 25  7 49 18  0  0
 4  0 389408 2727640 2143972 183665080    0    0 954368 596760 238416 723906 25  7 50 18  0  0
 4  0 389408 2726684 2143972 183667196    0    0 948336 600456 238965 725904 25  7 49 18  0  0
 2  0 389408 2723076 2143972 183669576    0    0 947904 605152 240727 731360 25  7 50 18  0  0
15  8 389408 2719588 2143972 183671928    0    0 948640 594216 243234 748695 26  7 48 19  0  0
38 33 389408 2715292 2143972 183674284    0    0 946912 598080 238294 728714 25  7 49 18  0  0
 6  0 389408 2713232 2143972 183676676    0    0 959728 600520 239785 722124 25  7 49 19  0  0
38  5 389408 2712124 2143972 183679052    0    0 963664 600132 238293 716460 25  7 49 19  0  0
 4  0 389408 2710468 2143972 183681340    0    0 928752 586396 236785 729679 25  7 49 19  0  0
55  5 389408 2706884 2143972 183683728    0    0 966384 605412 240632 727352 25  7 48 19  0  0
22 45 389408 2703796 2143972 183686176    0    0 957216 609816 239499 725529 25  7 48 20  0  0
33 35 389408 2700504 2143972 183688580    0    0 952064 598388 241256 734331 26  7 48 18  0  0
46 15 389408 2697104 2143972 183690916    0    0 957872 598132 241060 739214 26  7 49 18  0  0
 2  0 389408 2696940 2143972 183693304    0    0 938912 605404 243892 755616 26  7 49 17  0  0
25 43 389408 2694032 2143972 183695692    0    0 954464 611036 240350 728047 25  7 50 18  0  0
 2  0 389408 2688216 2143972 183698048    0    0 960336 618748 243025 733370 26  7 49 18  0  0
 2  0 389408 2687748 2143972 183700432    0    0 946192 613464 239383 723204 26  7 50 18  0  0
 2  2 389408 2685648 2143972 183702728    0    0 949632 607324 241021 738461 26  7 50 17  0  0
30 35 389408 2683160 2143972 183705176    0    0 980224 631996 242896 730682 25  7 49 18  0  0
14  5 389408 2680300 2143972 183707628    0    0 974176 610304 242225 741375 26  8 49 18  0  0
procs -----------memory---------- ---swap-- -----io---- -system-- -------cpu-------
 r  b   swpd   free   buff  cache   si   so    bi    bo   in   cs us sy id wa st gu
 4  0 389408 2677632 2143972 183710020    0    0 963232 606940 243455 745025 26  7 50 17  0  0
 4  1 389408 2671988 2143972 183712420    0    0 962832 603308 244236 754309 27  7 48 18  0  0
 5  1 389408 2667668 2143972 183714832    0    0 972768 602428 241814 746615 27  7 48 18  0  0
 2  0 389408 2667180 2143972 183717244    0    0 958016 614592 238677 709887 25  7 50 18  0  0
 4  0 389408 2665152 2143972 183719584    0    0 951408 604112 242119 737593 26  7 49 18  0  0
12  0 389408 2662524 2143972 183721936    0    0 943136 601912 240954 736645 26  7 49 18  0  0
 2  0 389408 2660024 2143972 183724260    0    0 925296 600120 242728 754075 26  8 49 17  0  0
14  9 389408 2655912 2143972 183726620    0    0 946528 594992 242058 754908 27  7 49 17  0  0
30 34 389408 2655680 2143972 183728980    0    0 956928 616068 240711 737924 26  7 49 18  0  0
 3  0 389408 2653192 2143972 183731400    0    0 968560 606704 243159 743849 26  7 49 17  0  0
39 32 389408 2653000 2143972 183733772    0    0 941824 607520 242133 743406 26  7 49 17  0  0
 2  0 389408 2727028 2143964 183625752    0    0 874800 558940 229128 697966 25  7 52 16  0  0
37 34 389408 2728012 2143964 183627568    0    0 979344 605028 243041 738542 26  7 49 18  0  0
24 41 389408 2724928 2143968 183629972    0    0 972016 612972 244574 743544 26  7 49 18  0  0
35 28 389408 2722952 2143968 183632368    0    0 972384 618708 243733 740365 26  7 49 18  0  0
32 10 389408 2721024 2143968 183634772    0    0 963328 605320 243962 751968 26  7 49 18  0  0
 1  0 389408 2780440 2143968 183637092    0    0 924992 601712 239829 729272 25  7 50 17  0  0
50 13 389408 2775936 2143968 183639404    0    0 971280 606588 245222 761375 27  8 48 18  0  0
 6  1 389408 2769480 2143972 183641876    0    0 971072 616996 244890 751802 26  7 49 18  0  0
54  5 389408 2770680 2143972 183644248    0    0 968080 604212 242758 745471 26  7 49 18  0  0
12  0 389408 2769432 2143972 183646600    0    0 940896 600972 241712 746613 26  7 49 18  0  0
procs -----------memory---------- ---swap-- -----io---- -system-- -------cpu-------
 r  b   swpd   free   buff  cache   si   so    bi    bo   in   cs us sy id wa st gu
 4  0 389408 2766216 2143972 183649016    0    0 965104 609220 238918 722188 25  7 50 18  0  0
 5  1 389408 2764804 2143972 183651364    0    0 945296 602348 242734 746396 26  8 48 18  0  0
26 38 389408 2762108 2143972 183653704    0    0 955904 605560 241846 748673 26  7 48 18  0  0
 4  0 389408 2760748 2143972 183656004    0    0 930224 595628 236729 719091 25  7 49 19  0  0
32 35 389408 2758284 2143972 183658312    0    0 927840 583084 232624 699238 24  7 49 20  0  0
37 33 389408 2754268 2143972 183660596    0    0 936784 593772 235365 713142 25  7 50 19  0  0
32 32 389408 2751068 2143972 183663008    0    0 941408 594968 242663 757991 27  7 49 17  0  0
58  6 389408 2748292 2143976 183665360    0    0 974560 608160 242923 740802 26  7 49 18  0  0
 4  0 389408 2747716 2143976 183667700    0    0 943792 604324 241942 749918 26  7 49 18  0  0
45 20 389408 2743148 2143976 183670076    0    0 970848 621000 241505 729751 26  7 49 18  0  0
 2  0 389408 2739064 2143976 183672524    0    0 955712 615348 241661 735536 26  7 49 17  0  0
20  0 389408 2735108 2143976 183674908    0    0 943840 607400 242894 755325 26  7 49 17  0  0
 5  2 389408 2730980 2143980 183677228    0    0 978848 601736 242960 750200 26  8 48 18  0  0
57  8 389408 2724512 2143980 183679700    0    0 961392 604432 242899 749436 26  8 49 18  0  0
 6  0 389408 2722304 2143980 183682084    0    0 944624 613456 239488 727768 25  7 50 17  0  0
60  7 389408 2719716 2143980 183684408    0    0 939568 599012 239297 731454 25  7 50 17  0  0
33 31 389408 2717712 2143980 183686756    0    0 938656 599124 241172 732090 25  7 50 18  0  0
 4  0 389408 2714024 2143980 183689056    0    0 942352 593340 241216 748494 26  8 48 18  0  0
 4  0 389408 2712032 2143980 183691472    0    0 971808 611900 242290 737521 26  7 49 18  0  0
 1  0 389408 2710052 2143980 183693832    0    0 943696 588996 239733 730885 25  7 48 20  0  0
32 34 389408 2708860 2143980 183696184    0    0 935888 588860 236183 717839 25  7 49 19  0  0
procs -----------memory---------- ---swap-- -----io---- -system-- -------cpu-------
 r  b   swpd   free   buff  cache   si   so    bi    bo   in   cs us sy id wa st gu
 6  2 389408 2707388 2143980 183698540    0    0 948400 597368 239307 727660 25  7 48 19  0  0
34 32 389408 2705704 2143984 183700824    0    0 950208 601604 239216 724705 25  7 49 18  0  0
50 13 389408 2704260 2143984 183703264    0    0 954512 612728 241670 739631 26  7 49 17  0  0
 2  0 389408 2700860 2143984 183705672    0    0 965488 620376 239837 719482 25  7 50 18  0  0
30 37 389408 2697460 2143984 183707996    0    0 950336 607088 240139 733512 25  7 50 18  0  0
34 32 389408 2694316 2143984 183710416    0    0 961472 609952 242980 738188 26  7 49 18  0  0
45 14 389408 2691120 2143988 183712804    0    0 962432 599772 241296 731203 25  7 50 18  0  0
 4  1 389408 2688728 2143988 183715288    0    0 956400 607188 240958 734425 26  7 50 17  0  0
51 10 389408 2685388 2143988 183717648    0    0 957904 613928 241302 732222 25  7 50 18  0  0
49 13 389408 2679988 2143988 183720000    0    0 939520 610260 240784 741194 26  7 50 17  0  0
25 41 389408 2678244 2143988 183722368    0    0 961008 608036 239522 733367 26  7 49 18  0  0
 2  0 389408 2676300 2143992 183724776    0    0 963056 603428 241718 739398 26  7 49 18  0  0
46  7 389408 2675008 2143992 183727096    0    0 961472 605752 240467 732301 25  7 49 19  0  0
49  6 389408 2672868 2143992 183729476    0    0 933360 596656 238805 739321 26  7 49 18  0  0
36 31 389408 2670956 2143992 183731780    0    0 929152 594356 236330 714411 25  7 50 19  0  0
28 40 389408 2667400 2143992 183734164    0    0 934864 587684 238310 724201 25  7 49 19  0  0
44 18 389408 2664340 2143992 183736444    0    0 935664 584852 236729 721237 25  7 49 19  0  0
 4  0 389408 2662740 2143992 183738776    0    0 945392 594416 239474 733209 25  7 48 19  0  0
52  7 389408 2658824 2143992 183741180    0    0 957488 615844 242489 731966 25  7 50 18  0  0
 1  0 389408 2655544 2143992 183743508    0    0 946704 609504 243567 754982 26  7 49 17  0  0
 3  1 389408 2653336 2143992 183745928    0    0 963856 602732 239884 731048 25  7 50 18  0  0
procs -----------memory---------- ---swap-- -----io---- -system-- -------cpu-------
 r  b   swpd   free   buff  cache   si   so    bi    bo   in   cs us sy id wa st gu
59 10 389408 2652632 2143996 183748312    0    0 958848 605676 241531 733576 26  7 49 18  0  0
32 36 389408 2650264 2143996 183750716    0    0 957792 611064 242780 745889 26  7 49 18  0  0
 2  1 389408 2647704 2143996 183753112    0    0 957136 607884 241648 735821 26  7 50 18  0  0
26 40 389408 2644448 2143996 183755484    0    0 961904 614824 241431 735682 26  7 49 18  0  0
24 40 389408 2638280 2143996 183757868    0    0 949056 604896 242600 746010 26  7 50 17  0  0
 2  0 389408 2636384 2143996 183760248    0    0 965824 609860 241265 739218 26  7 50 18  0  0
35 32 389408 2633912 2143996 183762592    0    0 954448 601560 241148 744723 26  7 49 18  0  0
15  4 389408 2725052 2143996 183673376    0    0 962800 602808 244232 756530 26  8 48 18  0  0
34 34 389408 2723128 2143996 183675768    0    0 923328 601104 237836 725775 25  7 50 18  0  0
 5  0 389408 2722004 2143996 183678180    0    0 939312 588376 238985 736606 26  7 49 18  0  0
 4  0 389408 2718260 2143996 183680480    0    0 944192 593388 236085 706218 25  7 49 20  0  0
17  0 389408 2717228 2143996 183682840    0    0 944432 597576 237444 712625 25  7 49 19  0  0
24 43 389408 2713492 2143996 183685084    0    0 931680 595300 236910 718831 25  7 49 19  0  0
54  8 389408 2710648 2143996 183687436    0    0 942528 595196 240141 730789 26  7 49 18  0  0
33 34 389408 2707984 2143996 183689768    0    0 943616 601120 241250 744442 26  7 50 17  0  0
58 13 389408 2706704 2143996 183692164    0    0 954528 608064 241087 736889 26  7 50 17  0  0
17  1 389408 2704268 2143996 183694500    0    0 947120 604960 241039 739464 26  7 50 18  0  0
59  5 389408 2700612 2143996 183696860    0    0 949920 604148 244058 750325 26  7 49 18  0  0
45 15 389408 2697920 2143996 183699244    0    0 961984 618144 241581 727263 25  7 50 18  0  0
33 32 389408 2695260 2143996 183701564    0    0 962496 604240 242732 741293 26  8 49 18  0  0
49 11 389408 2689924 2143996 183704028    0    0 972160 605852 241981 736765 26  7 49 18  0  0
procs -----------memory---------- ---swap-- -----io---- -system-- -------cpu-------
 r  b   swpd   free   buff  cache   si   so    bi    bo   in   cs us sy id wa st gu
 4  0 389408 2691984 2143996 183706440    0    0 949392 607976 242161 741404 26  7 50 17  0  0
53 10 389408 2688336 2143996 183708736    0    0 942016 594876 239573 738875 26  7 49 18  0  0
 5  1 389408 2684740 2143996 183711100    0    0 944176 594036 236004 705923 25  7 49 19  0  0
 3  0 389408 2682140 2143996 183713392    0    0 919456 576740 234174 710096 24  7 49 20  0  0
55  2 389408 2680352 2144000 183715676    0    0 940448 584536 235494 711477 24  7 48 21  0  0
 3  0 389408 2676224 2144000 183718100    0    0 945520 587548 235718 710559 25  7 48 20  0  0
41  9 389408 2674160 2144000 183720452    0    0 943488 589248 235813 715181 25  7 49 19  0  0
 4  0 389408 2672672 2144000 183722780    0    0 945264 599876 235353 700214 24  7 50 20  0  0
 4  0 389408 2671176 2144000 183725140    0    0 940544 596600 236284 706038 24  7 49 20  0  0
52  7 389408 2668992 2144004 183727476    0    0 968704 601076 242345 745094 26  7 48 18  0  0
19  9 389408 2667460 2144004 183729876    0    0 968704 620688 244058 740327 26  7 49 18  0  0
 4  0 389408 2664480 2144004 183732292    0    0 946144 610036 240966 745987 26  7 49 18  0  0
 4  0 389408 2662344 2144004 183734664    0    0 957984 614792 240866 727626 25  7 50 18  0  0
28 38 389408 2659048 2144004 183736952    0    0 933344 606264 241236 740243 26  7 50 17  0  0
30 39 389408 2657964 2144004 183739332    0    0 966224 604192 241201 736280 26  7 49 18  0  0
 4  1 389408 2653612 2144004 183741808    0    0 954256 603828 242654 743677 26  7 49 18  0  0
35 31 389408 2648564 2144004 183744200    0    0 979184 615508 243698 736110 26  7 49 18  0  0
31 36 389408 2647032 2144004 183746576    0    0 960672 615596 243133 739378 26  7 50 18  0  0
30 38 389408 2644204 2144004 183748948    0    0 944736 606308 238778 722483 25  7 49 18  0  0
 4  0 389408 2642144 2144004 183751276    0    0 936544 596584 238380 724925 25  7 49 19  0  0
 3  0 389408 2638804 2144004 183753652    0    0 939456 587424 234934 708473 24  7 49 20  0  0
procs -----------memory---------- ---swap-- -----io---- -system-- -------cpu-------
 r  b   swpd   free   buff  cache   si   so    bi    bo   in   cs us sy id wa st gu
48 12 389408 2635672 2144004 183755956    0    0 936592 589660 234024 700136 24  7 50 20  0  0
54  7 389408 2633196 2144004 183758348    0    0 916416 573728 236174 722435 25  7 48 20  0  0
37 30 389408 2727796 2144004 183665824    0    0 936064 596628 236041 712302 25  7 49 19  0  0
38 30 389408 2729060 2144128 183667684    0    0 947740 593200 234987 705962 24  7 49 20  0  0
31 38 389408 2726308 2144128 183670000    0    0 964608 595684 238913 722182 25  7 48 20  0  0
31 39 389408 2724488 2144128 183672452    0    0 950656 605424 239273 735500 26  7 50 17  0  0
 5  0 389408 2721352 2144128 183674828    0    0 942000 599104 243158 753628 27  7 49 17  0  0
 4  1 389408 2718924 2144128 183677116    0    0 963648 609260 241930 731280 25  7 50 18  0  0
40  9 389408 2716620 2144128 183679544    0    0 961408 601668 243743 748733 26  7 49 18  0  0
 4  0 389408 2712848 2144128 183681920    0    0 945600 602976 242491 748085 26  7 49 18  0  0
52  6 389408 2711152 2144128 183684260    0    0 959136 603456 242461 740573 26  7 50 17  0  0
22  4 389408 2705988 2144128 183686616    0    0 947808 605768 244861 754907 26  8 49 17  0  0
58  9 389408 2706496 2144128 183689020    0    0 960976 615068 240111 718996 25  7 50 18  0  0
 1  0 389408 2702724 2144128 183691396    0    0 951616 608396 241754 735065 26  7 50 18  0  0
 4  1 389408 2701492 2144128 183693744    0    0 939824 592588 240108 739526 26  7 48 19  0  0
45 21 389408 2698680 2144128 183696104    0    0 960304 593284 236011 710047 25  7 49 19  0  0
19 10 389408 2695892 2144128 183698480    0    0 941296 601504 237913 716920 25  7 49 19  0  0
 5  0 389408 2691740 2144128 183700828    0    0 931920 581180 231471 689734 24  7 49 21  0  0
 2  0 389408 2690256 2144128 183703180    0    0 942224 592056 234385 696360 24  7 49 20  0  0
 5  6 389408 2688244 2144128 183705500    0    0 947600 592312 235186 707293 25  7 49 19  0  0
 2  2 389408 2687008 2144128 183707880    0    0 941376 585500 233564 705951 24  7 49 19  0  0
procs -----------memory---------- ---swap-- -----io---- -system-- -------cpu-------
 r  b   swpd   free   buff  cache   si   so    bi    bo   in   cs us sy id wa st gu
 4  0 389408 2684180 2144128 183710200    0    0 969424 613548 240431 725085 25  7 50 18  0  0
50  3 389408 2681276 2144128 183712600    0    0 967216 614264 241999 735273 26  7 49 18  0  0
20  0 389408 2676400 2144128 183715016    0    0 969312 616212 242391 732621 26  7 50 18  0  0
 5  0 389408 2664588 2144128 183717488    0    0 910192 585836 237402 720798 25  7 52 16  0  0
31 35 389408 2663876 2144128 183719724    0    0 959152 601396 239255 721847 25  7 50 18  0  0
54  6 389408 2662212 2144128 183722084    0    0 954144 602112 240280 733669 26  7 49 18  0  0
27 39 389408 2659800 2144128 183724488    0    0 941360 612640 239194 724439 25  7 50 17  0  0
 5  0 389408 2657980 2144128 183726840    0    0 969584 609852 244768 751114 26  7 49 18  0  0
 4  0 389408 2656028 2144128 183729324    0    0 961632 622020 241368 724213 25  7 50 18  0  0
31 36 389408 2654092 2144128 183731684    0    0 947120 604628 238124 724028 25  7 49 19  0  0
39 16 389408 2651044 2144128 183734092    0    0 958096 593292 238787 725809 25  7 49 19  0  0
 2  0 389408 2651056 2144128 183736448    0    0 924448 597368 233959 696794 24  7 50 19  0  0
33 33 389408 2649936 2144132 183738708    0    0 939824 583524 237109 720073 25  7 49 19  0  0
 3  0 389408 2646196 2144132 183741100    0    0 936176 569040 235356 722316 25  7 48 20  0  0
53 16 389408 2643300 2144132 183743380    0    0 920672 579744 232118 696758 24  7 49 20  0  0
55 11 389408 2641560 2144132 183745652    0    0 943968 591724 234592 704190 24  7 49 20  0  0
29 40 389408 2639440 2144132 183748064    0    0 954752 610380 241839 737061 26  7 50 18  0  0
25 45 389408 2636992 2144132 183750440    0    0 955392 618584 242213 741709 25  7 49 18  0  0
 3  0 389408 2636844 2144132 183752776    0    0 963120 615172 242541 735397 25  7 49 18  0  0
 2  0 389408 2726644 2144132 183663516    0    0 945204 598896 241465 747396 26  7 50 17  0  0
 4  2 389408 2726572 2144132 183665328    0    0 960480 596772 243370 753047 26  8 49 17  0  0
procs -----------memory---------- ---swap-- -----io---- -system-- -------cpu-------
 r  b   swpd   free   buff  cache   si   so    bi    bo   in   cs us sy id wa st gu
34 33 389408 2724708 2144132 183667636    0    0 959728 602788 240308 730624 26  7 50 18  0  0
54  9 389408 2721468 2144132 183669976    0    0 950400 604000 243440 743814 26  8 49 17  0  0
49  7 389408 2715896 2144132 183672296    0    0 971232 613356 239190 724046 26  7 49 18  0  0
47 16 389408 2714012 2144132 183674768    0    0 962192 616928 241182 733857 26  7 50 17  0  0
 4  0 389408 2713144 2144132 183677128    0    0 948448 618052 241226 744873 26  7 50 18  0  0
 5  0 389408 2713088 2144132 183679480    0    0 959088 603452 239948 725071 25  7 49 19  0  0
 4  0 389408 2709700 2144132 183681828    0    0 960064 599104 238438 719721 25  7 49 19  0  0
28 38 389408 2706448 2144132 183684200    0    0 929104 590916 234896 712925 24  7 50 19  0  0
41 27 389408 2702852 2144132 183686476    0    0 911728 585756 231254 690130 24  6 50 20  0  0
25 41 389408 2701968 2144132 183688724    0    0 930816 584240 233017 699650 24  7 48 21  0  0
43 16 389408 2694936 2144132 183691056    0    0 932096 576864 236460 721477 25  7 48 20  0  0
53 10 389408 2678180 2144132 183693344    0    0 949296 604816 239735 723055 25  7 48 20  0  0
49  7 389408 2677752 2144132 183695736    0    0 940032 598984 242302 752711 26  7 49 17  0  0
31 35 389408 2675292 2144132 183698072    0    0 965712 604476 240855 733447 26  7 49 17  0  0
54 13 389408 2672416 2144132 183700456    0    0 962176 607688 240883 736852 26  7 50 18  0  0
49 18 389408 2669780 2144132 183702780    0    0 950096 611100 241859 746878 25  7 49 18  0  0
32 33 389408 2666612 2144136 183705200    0    0 954096 608992 241533 735023 25  7 49 18  0  0
 2  0 389408 2664436 2144136 183707584    0    0 958160 603524 242323 737470 26  7 49 18  0  0
43 29 389408 2658256 2144136 183709972    0    0 953888 611852 240869 727943 25  7 50 18  0  0
52 10 389408 2659104 2144136 183712312    0    0 962320 600256 241040 742170 26  7 49 18  0  0
 2  0 389408 2653708 2144136 183714692    0    0 949040 626212 238309 717752 25  7 50 18  0  0
procs -----------memory---------- ---swap-- -----io---- -system-- -------cpu-------
 r  b   swpd   free   buff  cache   si   so    bi    bo   in   cs us sy id wa st gu
58  7 389408 2649564 2144136 183717076    0    0 987168 620572 244580 747594 26  7 48 18  0  0
 4  0 389408 2647924 2144136 183719472    0    0 945216 604196 238373 726200 25  7 49 19  0  0
14  0 389408 2644596 2144136 183721900    0    0 933376 579552 235657 722216 25  7 49 19  0  0
51 11 389408 2641032 2144136 183724220    0    0 956608 587776 237770 725741 25  7 48 19  0  0
53 12 389408 2638292 2144136 183726572    0    0 924912 582816 232499 695030 24  7 49 20  0  0
31 40 389408 2636340 2144136 183728912    0    0 902896 567996 231591 702830 25  7 49 20  0  0
 4  0 389408 2636340 2144136 183731156    0    0 934448 587096 237090 723968 25  7 48 20  0  0
 6  0 389408 2632588 2144136 183733456    0    0 944496 595876 235896 712323 25  7 49 19  0  0
12  1 389408 2726924 2144136 183640116    0    0 961936 608760 243758 741064 26  7 49 17  0  0
38 26 389408 2727108 2144136 183641904    0    0 946192 605144 242452 754660 27  7 49 17  0  0
38 31 389408 2722672 2144136 183644280    0    0 960016 616580 240443 729134 25  7 50 18  0  0
44  5 389408 2719824 2144136 183646668    0    0 952704 613656 242777 747555 26  8 49 18  0  0
40 33 389408 2717088 2144136 183649004    0    0 932016 599436 240093 739250 26  7 50 17  0  0
 4  2 389408 2715296 2144136 183651312    0    0 952576 603484 243052 746321 27  7 49 18  0  0
35 34 389408 2710136 2144136 183653676    0    0 951040 607168 241305 728594 25  7 50 17  0  0
35 33 389408 2708780 2144140 183656108    0    0 969408 604752 241270 738481 26  7 49 18  0  0
 5  0 389408 2706952 2144140 183658440    0    0 958928 608284 243309 741064 26  7 49 17  0  0
54 11 389408 2704852 2144140 183660888    0    0 969696 606208 240746 734713 26  7 50 18  0  0
24 42 389408 2699112 2144140 183663244    0    0 952016 609712 238075 715560 25  7 49 19  0  0
30 39 389408 2697004 2144140 183665604    0    0 947760 590844 237184 712245 25  7 49 19  0  0
17 25 389408 2695752 2144140 183668016    0    0 955568 598184 239061 713749 25  7 49 20  0  0
procs -----------memory---------- ---swap-- -----io---- -system-- -------cpu-------
 r  b   swpd   free   buff  cache   si   so    bi    bo   in   cs us sy id wa st gu
 3  1 389408 2693988 2144140 183670360    0    0 921712 589452 234208 711770 25  7 49 19  0  0
24 40 389408 2694344 2144140 183672680    0    0 953008 590736 237757 723777 25  7 49 19  0  0
 4  1 389408 2695124 2144140 183675068    0    0 973328 603648 241557 741278 26  7 49 18  0  0
62  2 389408 2690520 2144140 183677476    0    0 965792 608128 244084 741750 26  7 49 18  0  0
41  5 389408 2687360 2144144 183679864    0    0 970080 611260 242318 736897 26  7 49 18  0  0
 6  0 389408 2685660 2144144 183682336    0    0 945808 609952 239791 739091 25  7 50 17  0  0
 5  0 389408 2683696 2144144 183684660    0    0 961424 616640 239467 721194 25  7 50 18  0  0
 2  1 389408 2678468 2144144 183687076    0    0 944544 606368 242309 744400 26  7 50 17  0  0
38 27 389408 2679868 2144144 183689372    0    0 955968 604284 240411 729490 25  7 50 18  0  0
 8  0 389408 2674484 2144144 183691784    0    0 953168 608840 240542 731066 25  7 50 18  0  0
60  5 389408 2674784 2144144 183694160    0    0 960400 602720 242306 739855 26  7 50 17  0  0
34 37 389408 2672400 2144144 183696512    0    0 958368 610284 242346 735389 25  7 50 18  0  0
55 10 389408 2669156 2144144 183698892    0    0 948608 608588 242924 748285 27  7 49 17  0  0
 4  2 389408 2666352 2144144 183701256    0    0 953840 614400 240545 721499 25  7 50 18  0  0
58  6 389408 2663388 2144144 183703688    0    0 960464 595416 238107 728430 25  7 48 19  0  0
 5  3 389408 2660684 2144144 183706048    0    0 941936 597728 236248 713071 25  7 49 19  0  0
34 33 389408 2656028 2144144 183708428    0    0 960512 589656 236901 716987 25  7 48 19  0  0
41  9 389408 2654136 2144144 183710728    0    0 942416 592564 240814 737405 26  7 49 18  0  0
35 28 389408 2650580 2144144 183713092    0    0 934560 598188 238935 734732 25  7 49 18  0  0
37 31 389408 2648364 2144144 183715404    0    0 969920 612396 240498 732504 25  7 50 18  0  0
37 30 389408 2645936 2144144 183717856    0    0 958640 609920 242966 745595 26  7 49 18  0  0
procs -----------memory---------- ---swap-- -----io---- -system-- -------cpu-------
 r  b   swpd   free   buff  cache   si   so    bi    bo   in   cs us sy id wa st gu
36 39 389408 2643944 2144144 183720288    0    0 963984 608492 240035 731997 25  7 50 18  0  0
 2  1 389408 2641012 2144144 183722664    0    0 953072 602840 241313 742075 26  7 49 17  0  0
 4  0 389408 2637500 2144144 183725052    0    0 947344 601164 241079 741903 26  7 49 17  0  0
60  4 389408 2726864 2144144 183641220    0    0 973664 610052 243839 740424 26  7 49 18  0  0
 4  0 389408 2722968 2144144 183642232    0    0 946000 604244 242222 746858 26  7 49 18  0  0
52 10 389408 2723488 2144144 183644540    0    0 970448 610816 241845 739265 26  7 49 18  0  0
 4  0 389408 2721152 2144144 183646972    0    0 936000 621728 241741 738691 26  7 50 17  0  0
29 36 389408 2718484 2144144 183649292    0    0 954368 599976 241805 753099 26  8 49 17  0  0
 5  0 389408 2716164 2144144 183651632    0    0 958640 614332 241785 731823 26  7 50 17  0  0
25  6 389408 2713072 2144144 183654000    0    0 959216 594468 238537 721604 25  7 49 19  0  0
 4  2 389408 2710624 2144144 183656364    0    0 926128 590448 235394 715090 25  7 50 19  0  0
 3  0 389408 2708888 2144144 183658660    0    0 943712 585040 237894 720614 25  7 49 19  0  0
36 32 389408 2705820 2144144 183660992    0    0 932496 586868 234726 711808 25  7 49 19  0  0
 2  1 389408 2703896 2144148 183663304    0    0 926352 582864 234407 713984 25  7 48 20  0  0
14  5 389408 2702328 2144148 183665584    0    0 943504 590144 235627 709359 24  7 49 19  0  0
45 17 389408 2699096 2144148 183667900    0    0 956528 593112 237369 713346 25  7 49 20  0  0
 6  0 389408 2696540 2144148 183670276    0    0 923936 585136 235650 719359 25  7 49 19  0  0
 3  1 389408 2695636 2144148 183672580    0    0 937616 596432 236777 712153 25  7 49 19  0  0
 4  0 389408 2691564 2144148 183674872    0    0 924592 596736 236768 730149 25  7 49 19  0  0
53 11 389408 2689244 2144148 183677208    0    0 958736 587764 238861 732779 25  7 48 19  0  0
51 12 389408 2686912 2144148 183679568    0    0 942992 595460 234632 708825 25  7 49 19  0  0
procs -----------memory---------- ---swap-- -----io---- -system-- -------cpu-------
 r  b   swpd   free   buff  cache   si   so    bi    bo   in   cs us sy id wa st gu
29 38 389408 2682376 2144148 183681880    0    0 932192 585208 238880 735930 26  7 48 19  0  0
 4  0 389408 2675604 2144148 183684172    0    0 931328 591000 235386 711443 24  7 50 19  0  0
60  4 389408 2673456 2144152 183686520    0    0 943552 582112 234699 714873 25  7 49 19  0  0
51  6 389408 2672124 2144152 183688816    0    0 939264 589052 236773 723473 25  7 49 19  0  0
46 17 389408 2670808 2144152 183691172    0    0 961408 606072 237081 709845 25  7 49 20  0  0
32 35 389408 2668332 2144152 183693576    0    0 937872 595368 239250 737462 26  7 48 19  0  0
32 11 389408 2666604 2144152 183695944    0    0 954640 605848 237229 716377 25  7 49 19  0  0
46 17 389408 2664348 2144152 183698368    0    0 946112 602852 236715 714278 25  7 49 19  0  0
 2  1 389408 2659756 2144152 183700680    0    0 920080 583308 240138 749825 26  8 48 18  0  0
 4  2 389408 2658500 2144152 183702984    0    0 932688 577968 234507 709405 25  7 49 20  0  0
56  7 389408 2654496 2144152 183705380    0    0 975808 587028 239575 726532 25  7 48 19  0  0
38 11 389408 2649868 2144152 183707756    0    0 956880 598988 239412 738747 26  7 49 18  0  0
33 34 389408 2727156 2144156 183597780    0    0 885056 573232 228464 687637 24  7 54 16  0  0
49 12 389408 2726768 2144156 183599536    0    0 968720 609936 243427 737258 26  7 49 18  0  0
54 15 389408 2724740 2144156 183601916    0    0 957824 623132 241229 733585 26  7 50 18  0  0
 4  0 389408 2721756 2144156 183604256    0    0 937504 605944 242481 746449 26  7 49 17  0  0
47 21 389408 2715008 2144156 183606644    0    0 964832 605440 243121 736969 26  7 50 18  0  0
29 34 389408 2775112 2144160 183609028    0    0 949952 598496 240302 742604 26  7 49 18  0  0
 4  0 389408 2774204 2144160 183611412    0    0 961248 598104 242947 748490 26  8 49 18  0  0
 2  0 389408 2772784 2144160 183613776    0    0 940896 605588 240484 733691 26  7 49 18  0  0
 4  0 389408 2770408 2144160 183616136    0    0 932000 593784 239557 740601 26  7 48 18  0  0
procs -----------memory---------- ---swap-- -----io---- -system-- -------cpu-------
 r  b   swpd   free   buff  cache   si   so    bi    bo   in   cs us sy id wa st gu
51  9 389408 2767244 2144160 183618460    0    0 946256 597032 238356 728329 25  7 49 19  0  0
47  6 389408 2764516 2144164 183620812    0    0 941536 586460 235891 722879 25  7 49 19  0  0
35 30 389408 2763272 2144164 183623132    0    0 954432 603160 240169 725230 26  7 49 18  0  0
51 15 389408 2760264 2144164 183625536    0    0 953408 597184 240181 738257 25  7 50 17  0  0
39 30 389408 2756796 2144164 183627876    0    0 937408 616396 237107 708139 25  7 51 17  0  0
 4  0 389408 2756848 2144164 183630260    0    0 932224 590956 239890 737125 25  7 49 18  0  0
43 19 389408 2755968 2144164 183632512    0    0 920000 582672 232056 694731 24  7 49 20  0  0
 4  1 389408 2752112 2144164 183634828    0    0 932176 582020 236963 725747 25  7 48 19  0  0
27 39 389408 2749656 2144164 183637156    0    0 944784 584672 237784 723535 25  7 48 19  0  0
55 10 389408 2746504 2144164 183639476    0    0 946704 584204 235322 712687 25  7 49 19  0  0
 4  0 389408 2743148 2144164 183641872    0    0 947296 580756 237078 724042 25  7 49 19  0  0
11  0 389408 2735188 2144164 183644204    0    0 940992 591960 236942 727161 25  7 48 19  0  0
 9  1 389408 2735884 2144164 183646584    0    0 943536 591900 236332 722268 25  7 49 20  0  0
53  8 389408 2732980 2144164 183648884    0    0 942320 586224 235008 714645 25  7 48 20  0  0
 7  0 389408 2729420 2144164 183651212    0    0 922496 599884 235254 702532 24  7 50 19  0  0
 4  0 389408 2729748 2144164 183653556    0    0 938624 589056 235961 711762 25  7 49 20  0  0
 4  0 389408 2727576 2144168 183655872    0    0 920512 583612 231589 695587 24  7 49 20  0  0
 4  1 389408 2726096 2144168 183658192    0    0 936736 574740 234446 715114 25  7 48 21  0  0
55  9 389408 2723176 2144168 183660536    0    0 943472 573892 232499 698617 24  7 48 21  0  0
33 36 389408 2718996 2144168 183662816    0    0 934288 583656 234256 711567 24  7 49 20  0  0
49 15 389408 2716548 2144168 183665224    0    0 927744 594128 238442 721996 25  7 49 19  0  0
procs -----------memory---------- ---swap-- -----io---- -system-- -------cpu-------
 r  b   swpd   free   buff  cache   si   so    bi    bo   in   cs us sy id wa st gu
46 12 389408 2713180 2144168 183667532    0    0 935328 588232 236827 731657 25  7 49 19  0  0
 4  2 389408 2708400 2144168 183669828    0    0 935968 599932 235203 696429 24  7 49 20  0  0
54 12 389408 2706636 2144168 183672200    0    0 917120 587356 233894 702075 24  7 49 20  0  0
49  5 389408 2705700 2144168 183674476    0    0 945136 594024 244294 761929 26  7 48 18  0  0
30 36 389408 2705092 2144168 183676856    0    0 951648 621172 240574 726320 25  7 50 18  0  0
 3  0 389408 2701648 2144168 183679280    0    0 971984 612664 244240 738884 26  7 49 18  0  0
43 11 389408 2699372 2144168 183681684    0    0 965696 597668 243459 760717 26  7 49 18  0  0
14 11 389408 2694968 2144168 183684132    0    0 964800 610192 242230 730488 25  7 50 18  0  0
40 28 389408 2693420 2144168 183686456    0    0 963264 611288 241295 727408 25  7 50 18  0  0
 4  0 389408 2690588 2144168 183688880    0    0 957600 607180 241003 736847 26  7 49 18  0  0
25 41 389408 2687944 2144168 183691304    0    0 938272 606068 242246 742632 26  7 49 18  0  0
30 11 389408 2685736 2144168 183693664    0    0 942048 598336 236147 704949 24  7 50 19  0  0
25 43 389408 2685688 2144168 183695976    0    0 936960 596976 235686 709026 25  7 50 19  0  0
57  5 389408 2682364 2144168 183698316    0    0 952304 591244 239361 728578 25  7 49 19  0  0
57 10 389408 2679592 2144168 183700652    0    0 944032 602032 238092 723740 25  7 49 18  0  0
51  8 389408 2678172 2144168 183703056    0    0 960848 607584 243675 740934 26  7 50 18  0  0
27 39 389408 2675704 2144168 183705420    0    0 916528 597540 237221 716719 25  7 50 19  0  0
 7  0 389408 2674176 2144168 183707712    0    0 931632 582228 236012 718173 25  7 49 19  0  0
41 22 389408 2672664 2144168 183710024    0    0 938848 582452 233878 696527 25  7 49 20  0  0
10  1 389408 2670192 2144168 183712368    0    0 923120 590948 236102 716600 25  7 50 18  0  0
 5  0 389408 2669128 2144168 183714676    0    0 963472 607036 243418 734536 25  7 49 18  0  0
procs -----------memory---------- ---swap-- -----io---- -system-- -------cpu-------
 r  b   swpd   free   buff  cache   si   so    bi    bo   in   cs us sy id wa st gu
 4  1 389408 2667536 2144168 183717100    0    0 962976 608960 241041 728177 25  7 50 18  0  0
41  7 389408 2664092 2144168 183719488    0    0 956640 596388 240031 734149 26  7 50 18  0  0
40 24 389408 2657792 2144168 183721852    0    0 964176 601456 244541 753133 26  8 49 18  0  0
 2  4 389408 2657128 2144168 183724240    0    0 966432 620696 242770 729294 26  7 49 18  0  0
 3  0 389408 2653952 2144172 183726648    0    0 958784 613412 242434 741226 26  7 49 18  0  0
36 35 389408 2651204 2144172 183729064    0    0 959968 606484 241460 734089 26  7 49 18  0  0
24 43 389408 2649424 2144172 183731452    0    0 948400 610300 239790 726126 25  7 49 18  0  0
22 47 389408 2649436 2144172 183733840    0    0 945760 594940 234907 705309 24  7 50 19  0  0
28 40 389408 2646524 2144172 183736136    0    0 930672 589852 238167 725938 25  7 49 19  0  0
25 43 389408 2644832 2144176 183738476    0    0 948608 580400 237533 727042 25  7 49 19  0  0
32 36 389408 2642372 2144176 183740840    0    0 962400 598692 240441 733460 26  7 49 18  0  0
36 32 389408 2640624 2144176 183743228    0    0 933760 585380 239044 741784 26  7 50 17  0  0
31 42 389408 2637372 2144176 183745580    0    0 930192 581248 235344 719585 25  7 49 19  0  0
27 42 389408 2632812 2144176 183747952    0    0 927712 596524 233935 697307 24  7 50 19  0  0
10 46 389408 2633816 2144180 183750228    0    0 942096 589552 237775 722550 25  7 49 19  0  0
14 54 389408 2629712 2144180 183752592    0    0 937088 580916 235845 718368 25  7 49 18  0  0
30 41 389408 2727184 2144180 183657676    0    0 947536 604856 239091 723656 25  7 49 18  0  0
19 45 389408 2726188 2144180 183659500    0    0 958864 604812 243058 752122 26  7 49 18  0  0
17 51 389408 2722564 2144180 183661816    0    0 955360 613712 241925 731804 25  7 50 17  0  0
30 42 389408 2720272 2144180 183664140    0    0 945616 608492 242596 754087 26  7 49 17  0  0
30 38 389408 2716484 2144180 183666472    0    0 952368 599756 241906 748444 26  7 49 17  0  0
procs -----------memory---------- ---swap-- -----io---- -system-- -------cpu-------
 r  b   swpd   free   buff  cache   si   so    bi    bo   in   cs us sy id wa st gu
32 35 389408 2715456 2144288 183668848    0    0 957948 620772 242560 741233 26  7 49 18  0  0
27 42 389408 2712784 2144372 183671124    0    0 948612 601140 239860 729458 25  7 50 17  0  0
24 43 389408 2709564 2144372 183673576    0    0 939984 581268 237606 733407 25  7 50 18  0  0
18 44 389408 2707000 2144372 183675920    0    0 946400 579984 236058 706660 25  7 50 19  0  0
34 35 389408 2702272 2144372 183678232    0    0 946720 583968 237356 723776 25  7 49 19  0  0
31 37 389408 2701572 2144372 183680560    0    0 954608 604224 238726 712439 25  7 49 20  0  0
22 46 389408 2699048 2144372 183682984    0    0 957680 600196 240746 738034 26  7 50 17  0  0
19 47 389408 2695000 2144372 183685376    0    0 949712 620468 239493 724319 25  7 50 18  0  0
34 34 389408 2687952 2144372 183687688    0    0 926240 582980 235523 720827 25  7 49 19  0  0
30 39 389408 2685968 2144372 183689992    0    0 949744 576460 238751 731393 25  7 48 19  0  0
25 38 389408 2686760 2144372 183692348    0    0 948720 594412 236896 711430 25  7 49 20  0  0
38 31 389408 2683476 2144372 183694676    0    0 933488 588136 238520 734878 25  7 49 18  0  0
15 50 389408 2679968 2144372 183697016    0    0 945744 590308 240319 732484 25  7 50 18  0  0
18 48 389408 2676304 2144372 183699364    0    0 949744 609428 237644 724446 25  7 50 18  0  0
28 43 389408 2670740 2144372 183701756    0    0 940016 611084 241549 744804 26  7 49 18  0  0
19 22 389408 2670228 2144372 183704056    0    0 958256 594284 242335 746756 26  8 49 17  0  0
22 45 389408 2668816 2144372 183706424    0    0 960768 621112 242292 738320 26  7 50 18  0  0
15 52 389408 2668132 2144372 183708860    0    0 954512 589928 241412 742557 26  7 50 17  0  0
12 47 389408 2664316 2144372 183711260    0    0 953760 604604 243026 745338 26  8 49 18  0  0
28 34 389408 2663616 2144372 183713604    0    0 926720 589288 236403 727784 25  7 49 19  0  0
23 36 389408 2659188 2144372 183715920    0    0 935456 598328 235628 712194 25  7 50 19  0  0
procs -----------memory---------- ---swap-- -----io---- -system-- -------cpu-------
 r  b   swpd   free   buff  cache   si   so    bi    bo   in   cs us sy id wa st gu
24 46 389408 2658060 2144372 183718268    0    0 945072 591680 236381 719233 25  7 49 19  0  0
22 43 389408 2656576 2144372 183720616    0    0 938400 603672 237327 721442 25  7 50 19  0  0
16 51 389408 2654400 2144372 183722984    0    0 965216 620004 242107 739174 26  7 50 18  0  0
49  6 389408 2651756 2144372 183725400    0    0 938096 585776 240127 745705 26  7 49 18  0  0
15 51 389408 2649144 2144372 183727724    0    0 930064 597248 235430 709412 24  7 49 19  0  0
32 37 389408 2646332 2144372 183730096    0    0 926928 594380 235593 714144 24  7 49 19  0  0
38 31 389408 2644656 2144372 183732396    0    0 935744 595024 237420 720317 25  7 49 19  0  0
27 40 389408 2642704 2144376 183734796    0    0 929888 592784 238951 741268 25  7 50 18  0  0
 2  0 389408 2640180 2144376 183737132    0    0 945584 602976 241185 739068 26  7 49 18  0  0
 3  2 389408 2635448 2144376 183739448    0    0 952464 614460 244590 761877 26  7 49 18  0  0
38 13 389408 2635440 2144376 183741876    0    0 971856 615024 243757 750239 26  8 48 18  0  0
 3  0 389408 2633352 2144376 183744268    0    0 949536 623744 239359 723318 25  7 50 18  0  0
61  5 389408 2630372 2144376 183746648    0    0 964192 605528 244977 763239 26  7 49 18  0  0
50  6 389408 2627556 2144376 183749024    0    0 961360 620192 242523 745080 25  7 50 18  0  0
 1  0 389408 2974200 2116680 183436456    0    0 947792 611812 240820 730686 25  7 50 18  0  0
27 40 389408 2970156 2116680 183437672    0    0 948384 593740 235166 703421 25  7 49 19  0  0
33  7 389408 2975780 2116680 183439924    0    0 940864 590236 239105 728675 25  7 49 19  0  0
59  7 389408 2986004 2116680 183442228    0    0 953376 599164 236808 715018 25  7 49 19  0  0
14  0 389408 2998648 2116680 183444552    0    0 944880 606036 237075 722092 25  7 49 19  0  0
 5  0 389408 3013772 2116680 183446872    0    0 962464 608540 241517 742813 26  7 49 18  0  0
18 46 389408 3014332 2116680 183449208    0    0 931264 601252 235714 719833 25  7 50 18  0  0
procs -----------memory---------- ---swap-- -----io---- -system-- -------cpu-------
 r  b   swpd   free   buff  cache   si   so    bi    bo   in   cs us sy id wa st gu
26 40 389408 3021112 2116680 183451496    0    0 937792 583024 235960 713577 25  7 49 19  0  0
 2  1 389408 3032336 2116680 183453680    0    0 937824 588320 235682 704049 25  7 49 19  0  0
36 23 389408 3033476 2116680 183455956    0    0 938112 595372 237491 728294 25  7 49 19  0  0
55  8 389408 3030092 2116680 183458264    0    0 963296 608408 239756 719835 25  7 49 19  0  0
 2  1 389408 3028308 2116680 183460580    0    0 944864 609016 237859 720257 25  7 50 18  0  0
 3  0 389408 3011004 2116680 183462824    0    0 931296 589832 237691 739927 26  7 50 17  0  0
31 35 389408 3011896 2116684 183465152    0    0 966816 612596 241802 731281 25  7 50 18  0  0
 4  0 389408 3004668 2116684 183467500    0    0 992160 628828 246880 749832 26  7 48 18  0  0
29 11 389408 3002416 2116684 183469916    0    0 992464 628832 249795 761090 26  8 48 18  0  0
 6  1 389408 2997644 2116684 183472296    0    0 963248 619272 245663 750229 26  7 49 18  0  0
 2  0 389408 2989452 2116684 183474740    0    0 953136 604816 242890 736569 26  7 49 18  0  0
 2  0 389408 2989984 2116684 183476956    0    0 942256 590216 236040 700040 24  7 50 19  0  0
 4  0 389408 2989220 2116684 183479252    0    0 951680 599812 237385 717960 25  7 49 19  0  0
28 39 389408 2984556 2116684 183481528    0    0 935360 599108 235104 699050 24  7 51 19  0  0
 9  0 389408 2985276 2116684 183483860    0    0 970992 619144 243352 729839 25  7 50 18  0  0
51 15 389408 2983596 2116684 183486200    0    0 971856 617188 241716 735413 25  7 50 18  0  0
 2  0 389408 2984740 2116684 183488544    0    0 936272 615888 240190 734010 25  7 50 17  0  0
23 42 389408 2981564 2116684 183490904    0    0 973872 627496 242464 728149 25  7 50 18  0  0
49  9 389408 2979800 2116684 183493276    0    0 958464 613848 241057 730692 25  7 50 18  0  0
49 16 389408 2981820 2116684 183495584    0    0 960928 612184 241514 735483 26  7 49 18  0  0
38 29 389408 2979312 2116684 183497916    0    0 947120 609808 240555 723116 25  7 50 19  0  0
procs -----------memory---------- ---swap-- -----io---- -system-- -------cpu-------
 r  b   swpd   free   buff  cache   si   so    bi    bo   in   cs us sy id wa st gu
42 27 389408 2969040 2116688 183500272    0    0 960992 602132 241235 742350 25  7 50 18  0  0
11  1 389408 2972280 2116688 183502628    0    0 960496 603916 244811 761710 26  8 48 18  0  0
 1  0 389408 2972540 2116688 183504984    0    0 966336 618224 243826 746397 26  7 49 18  0  0
 3  1 389408 2972496 2116688 183507340    0    0 959776 620900 241238 728789 25  7 50 18  0  0
47 19 389408 2971556 2116688 183509644    0    0 976768 621612 241876 738223 26  7 49 18  0  0
45 10 389408 2971280 2116688 183512000    0    0 955328 604532 244560 750970 26  7 49 17  0  0
46 14 389408 2967980 2116688 183514268    0    0 932560 608944 235671 704545 24  7 50 19  0  0
60  7 389408 2967820 2116688 183516568    0    0 939712 581144 236563 724906 25  7 48 20  0  0
13 52 389408 2968360 2116688 183518848    0    0 928368 591124 236197 726861 25  7 49 19  0  0
55 12 389408 2963080 2116688 183521136    0    0 972512 608256 242973 738531 25  7 48 19  0  0
32 34 389408 2960376 2116688 183523484    0    0 951056 616156 241151 734426 26  7 50 17  0  0
44 25 389408 2954772 2116688 183525792    0    0 964016 617840 244029 747710 26  7 49 18  0  0
 3  1 389408 2930196 2116688 183528060    0    0 954928 605380 240085 733890 26  7 50 17  0  0
 1  0 389408 2930660 2116688 183530464    0    0 955072 617264 238281 715612 25  7 51 17  0  0
 1  1 389408 2924348 2116688 183532840    0    0 939056 594852 242358 755307 26  7 49 17  0  0
25 40 389408 2919016 2116688 183535120    0    0 958832 611844 242614 746025 26  7 49 18  0  0
 4  0 389408 2914352 2116688 183537428    0    0 953248 603852 238202 727586 25  7 49 19  0  0
 4  2 389408 2917152 2116688 183539756    0    0 956640 626452 242937 740722 26  7 49 18  0  0
 3  1 389408 2909524 2116688 183542092    0    0 948336 617140 241601 734370 26  7 50 17  0  0
25 42 389408 2910376 2116688 183544416    0    0 946784 621756 240285 729374 25  7 50 18  0  0
