procs -----------memory---------- ---swap-- -----io---- -system-- -------cpu-------
 r  b   swpd   free   buff  cache   si   so    bi    bo   in   cs us sy id wa st gu
 7  0 389408 14436652 2089152 161562228    2    7 16219 22043 12017    3  2  0 97  0  0  0
 9  7 389408 14370588 2089152 161562940    0    0 172448 319304 114892 161436 15  2 81  3  0  0
16  4 389408 14362744 2089152 161565260    0    0 487824 291744 172239 422655 12  3 78  7  0  0
14  7 389408 14360188 2089152 161567708    0    0 486768 305892 181183 439540 12  3 78  7  0  0
13  5 389408 14362852 2089152 161570132    0    0 486464 308032 181199 437549 12  3 78  7  0  0
13  6 389408 14344724 2089152 161572596    0    0 485056 309908 183726 436401 12  3 78  7  0  0
11 11 389408 14341024 2089152 161575072    0    0 492928 312336 181997 441894 12  3 78  7  0  0
19  4 389408 14345020 2089152 161577468    0    0 486432 314452 181314 435663 12  3 78  7  0  0
11  7 389408 14342620 2089152 161579980    0    0 486592 304460 178154 427429 12  3 78  7  0  0
13  5 389408 14336688 2089152 161582408    0    0 480928 300808 176043 424454 12  3 78  7  0  0
16  4 389408 14334344 2089152 161584844    0    0 485280 306044 177175 422290 12  3 77  7  0  0
14  7 389408 14337408 2089152 161587284    0    0 485456 310696 178045 427941 12  3 78  7  0  0
13  5 389408 14336588 2089152 161589724    0    0 483472 309136 178030 424330 12  3 78  7  0  0
 8  3 389408 14333728 2089152 161592200    0    0 484448 315336 177275 423499 12  3 78  7  0  0
11  2 389408 14328996 2089152 161594696    0    0 492928 305372 177971 428569 12  3 78  7  0  0
15  4 389408 14326904 2089152 161597200    0    0 487648 315772 178284 430534 12  3 78  7  0  0
13  6 389408 14324136 2089152 161599628    0    0 486176 315260 178389 427824 12  3 78  7  0  0
 4  1 389408 14322600 2089152 161602148    0    0 485616 316176 177003 424757 12  3 78  7  0  0
12  8 389408 14319676 2089152 161604520    0    0 483008 314848 177451 424806 12  3 78  7  0  0
 3  4 389408 14315032 2089152 161606984    0    0 486016 318880 177873 429843 12  3 78  7  0  0
14  6 389408 14313028 2089152 161609440    0    0 485232 313624 178325 427949 12  3 78  7  0  0
procs -----------memory---------- ---swap-- -----io---- -system-- -------cpu-------
 r  b   swpd   free   buff  cache   si   so    bi    bo   in   cs us sy id wa st gu
14  4 389408 14309076 2089152 161611920    0    0 482800 329352 178855 428523 12  3 77  7  0  0
 9 10 389408 14309696 2089152 161614424    0    0 481824 324368 177834 426500 12  3 78  7  0  0
12  6 389408 14310104 2089152 161616820    0    0 474944 323216 176091 418742 12  3 78  7  0  0
12  6 389408 14311872 2089152 161619272    0    0 487456 332044 178632 428633 12  3 78  7  0  0
13  5 389408 14305704 2089156 161621704    0    0 486080 332060 179275 429689 12  3 78  7  0  0
15  4 389408 14302576 2089156 161624176    0    0 484400 338700 178404 425843 12  3 78  7  0  0
14  5 389408 14297256 2089156 161626608    0    0 485280 343692 178440 427313 12  4 78  7  0  0
12  6 389408 14293992 2089156 161629048    0    0 478800 345580 178024 420630 12  3 78  7  0  0
18  1 389408 14299180 2089156 161631412    0    0 480096 351900 179127 425773 12  3 78  7  0  0
15  3 389408 14294640 2089156 161633836    0    0 465760 376632 177675 417581 12  3 78  7  0  0
12  7 389408 14295436 2089156 161636188    0    0 464208 383648 177623 415242 12  3 78  7  0  0
 7  0 389408 14294684 2089156 161638576    0    0 462096 385676 178646 417642 12  3 78  7  0  0
 6  0 389408 14289680 2089156 161640940    0    0 466496 390872 179242 418054 12  3 78  7  0  0
 7  1 389408 14289480 2089156 161643324    0    0 464720 397692 179366 416389 12  3 78  7  0  0
 3  4 389408 14283732 2089160 161645664    0    0 471024 374824 178936 419670 12  3 78  7  0  0
12 10 389408 14281628 2089160 161647964    0    0 464720 397636 178932 419291 12  3 78  7  0  0
15  4 389408 14283168 2089164 161650296    0    0 466160 385412 178571 419203 12  3 78  7  0  0
16  1 389408 14282568 2089164 161652688    0    0 472192 387868 179070 421631 11  3 78  7  0  0
11  9 389408 14275696 2089164 161655048    0    0 467152 387168 178032 419547 11  3 78  7  0  0
15  4 389408 14275204 2089164 161657488    0    0 464656 382068 178044 418288 12  3 78  7  0  0
12  7 389408 14271352 2089164 161659840    0    0 465792 388824 179043 421165 12  3 78  7  0  0
procs -----------memory---------- ---swap-- -----io---- -system-- -------cpu-------
 r  b   swpd   free   buff  cache   si   so    bi    bo   in   cs us sy id wa st gu
10  9 389408 14270224 2089164 161662208    0    0 463952 385044 177856 417183 12  3 78  7  0  0
10  9 389408 14264412 2089164 161664560    0    0 465504 389472 178568 416802 11  3 78  7  0  0
10  8 389408 14264520 2089164 161666940    0    0 466048 390116 177857 416238 12  3 78  7  0  0
14  6 389408 14267404 2089164 161669268    0    0 463392 391808 178469 416452 12  3 78  7  0  0
 9  9 389408 14265704 2089164 161671544    0    0 460816 393196 179266 417919 11  3 79  7  0  0
12  6 389408 14260504 2089164 161673944    0    0 463184 394880 181272 422589 12  3 78  7  0  0
16  5 389408 14264864 2089164 161676256    0    0 470624 396780 182160 427002 11  3 78  7  0  0
13  5 389408 14261816 2089168 161678616    0    0 466948 399744 181901 429504 12  3 78  7  0  0
14  6 389408 14257408 2089168 161681012    0    0 466576 393008 179761 423615 11  3 78  7  0  0
12  7 389408 14259648 2089168 161683300    0    0 464016 406840 178921 415714 11  3 78  7  0  0
11  7 389408 14257692 2089168 161685732    0    0 468224 413864 183134 430221 11  3 78  7  0  0
 5  3 389408 14256936 2089168 161688056    0    0 465008 408828 181786 424175 11  3 78  7  0  0
 6  0 389408 14254716 2089168 161690340    0    0 464592 404188 181958 423912 12  3 78  7  0  0
 6  0 389408 14250436 2089168 161692772    0    0 468944 415440 183408 430099 12  3 78  7  0  0
12  6 389408 14244576 2089168 161695088    0    0 464048 414432 181231 423587 11  3 79  7  0  0
16  2 389408 14242312 2089168 161697452    0    0 465280 405472 181820 424860 12  3 78  7  0  0
10  9 389408 14243368 2089168 161699780    0    0 465408 408224 181890 426230 11  3 78  7  0  0
12  7 389408 14238980 2089168 161702060    0    0 465408 408184 182364 424243 11  3 79  7  0  0
 8  5 389408 14234528 2089168 161704436    0    0 464016 411260 181842 426742 11  3 78  7  0  0
 9 10 389408 14237412 2089168 161706800    0    0 469856 415164 184195 431028 11  3 78  7  0  0
12  6 389408 14231560 2089168 161709172    0    0 465744 406136 182675 430544 12  3 78  7  0  0
procs -----------memory---------- ---swap-- -----io---- -system-- -------cpu-------
 r  b   swpd   free   buff  cache   si   so    bi    bo   in   cs us sy id wa st gu
15  5 389408 14230480 2089168 161711524    0    0 466064 409732 183093 427295 12  3 78  7  0  0
17  6 389408 14230020 2089168 161713804    0    0 464400 410912 182673 429664 12  3 78  7  0  0
16  5 389408 14225404 2089168 161716208    0    0 458448 402192 180548 417701 11  3 78  7  0  0
 9 10 389408 14219776 2089168 161718572    0    0 452688 400828 179185 413974 11  3 78  7  0  0
 3  0 389408 14219272 2089168 161720864    0    0 460432 404480 181102 421906 11  3 78  7  0  0
 6  9 389408 14220020 2089168 161723124    0    0 457344 401608 179309 416105 11  3 79  7  0  0
12  5 389408 14219368 2089168 161725532    0    0 467632 416580 183444 431670 11  3 78  7  0  0
11  6 389408 14214752 2089168 161727900    0    0 470000 410168 183186 430973 12  3 78  7  0  0
13  6 389408 14210688 2089168 161730232    0    0 467152 414036 183257 431561 12  3 78  7  0  0
12  6 389408 14205932 2089168 161732532    0    0 466112 414812 182053 427057 11  3 79  7  0  0
 7 11 389408 14201216 2089168 161735012    0    0 465872 415308 183594 428800 11  3 78  7  0  0
15  4 389408 14197016 2089168 161737276    0    0 460976 408828 181311 424203 12  3 78  7  0  0
13  6 389408 14195520 2089168 161739624    0    0 461184 415572 182324 423875 12  3 78  7  0  0
12  6 389408 14187744 2089168 161741912    0    0 466704 416320 183421 427532 12  3 78  7  0  0
13  5 389408 14154244 2089168 161744300    0    0 449680 391840 177684 410269 11  3 79  7  0  0
16  4 389408 14148308 2089168 161746620    0    0 462832 419076 181211 427988 12  3 78  7  0  0
 9  9 389408 14147712 2089168 161748996    0    0 466560 417668 183221 427464 11  3 78  7  0  0
14  5 389408 14150496 2089168 161751188    0    0 464528 416556 182653 425784 12  3 78  7  0  0
10  9 389408 14148924 2089168 161753688    0    0 464992 420520 182842 426873 11  3 78  7  0  0
14  4 389408 14206056 2089168 161756020    0    0 458752 412720 181628 424119 11  3 78  7  0  0
12  6 389408 14198748 2089168 161758416    0    0 462752 422448 183557 426775 12  3 78  7  0  0
procs -----------memory---------- ---swap-- -----io---- -system-- -------cpu-------
 r  b   swpd   free   buff  cache   si   so    bi    bo   in   cs us sy id wa st gu
15  4 389408 14190884 2089168 161760776    0    0 466192 424528 183836 430910 11  3 78  7  0  0
14  6 389408 14191032 2089168 161763120    0    0 468784 422412 182646 429318 11  3 78  7  0  0
 8 11 389408 14192156 2089168 161765488    0    0 465312 416492 182827 429736 12  3 78  7  0  0
 8 10 389408 14189320 2089168 161767880    0    0 467584 422112 183918 432298 12  3 78  7  0  0
11  8 389408 14188892 2089168 161770220    0    0 467088 424700 183880 432308 12  3 78  7  0  0
17  4 389408 14188064 2089168 161772604    0    0 466720 427992 183848 431811 11  3 79  7  0  0
16  4 389408 14183204 2089168 161775004    0    0 472224 422912 184226 433013 12  3 78  7  0  0
17  2 389408 14180236 2089168 161777356    0    0 471568 428816 184327 432671 12  3 78  7  0  0
15  4 389408 14185160 2089168 161779752    0    0 469728 415936 181801 428500 12  3 78  7  0  0
14  4 389408 14180088 2089168 161782104    0    0 470400 424836 182700 430812 12  3 78  7  0  0
13  5 389408 14180752 2089168 161784472    0    0 470640 427612 184636 431128 12  3 78  7  0  0
 3  3 389408 14174308 2089168 161786764    0    0 469520 417784 182420 428301 12  3 78  7  0  0
 3  1 389408 14170552 2089168 161789160    0    0 472864 420920 183418 433060 12  3 78  7  0  0
10  8 389408 14164616 2089168 161791476    0    0 464032 433764 182829 427930 12  3 78  7  0  0
 3  0 389408 14163072 2089168 161793880    0    0 468720 421820 183399 430028 12  3 78  7  0  0
 4  0 389408 14163492 2089168 161796264    0    0 468912 421624 182391 428571 12  3 78  7  0  0
16  4 389408 14156556 2089168 161798592    0    0 470736 424152 183803 434063 12  3 78  7  0  0
16  5 389408 14151460 2089172 161801024    0    0 471664 424504 184547 433768 12  3 78  7  0  0
17  4 389408 14153096 2089172 161803392    0    0 469504 425736 183388 431263 12  3 78  7  0  0
12  6 389408 14151588 2089172 161805832    0    0 467488 422720 183865 430528 12  3 78  7  0  0
12  7 389408 14150512 2089172 161808156    0    0 464128 421264 183680 425113 12  3 78  7  0  0
procs -----------memory---------- ---swap-- -----io---- -system-- -------cpu-------
 r  b   swpd   free   buff  cache   si   so    bi    bo   in   cs us sy id wa st gu
14  8 389408 14146216 2089172 161810508    0    0 469520 419668 183671 431623 12  3 78  7  0  0
 9  9 389408 14145504 2089172 161812864    0    0 471424 427676 185018 432638 12  3 78  7  0  0
 8 10 389408 14136640 2089172 161815272    0    0 470624 427252 184122 430875 11  3 78  7  0  0
12  6 389408 14133516 2089176 161817708    0    0 471684 426540 184942 431141 12  3 78  7  0  0
14  4 389408 14130048 2089176 161819992    0    0 469056 430060 185269 432808 12  3 78  7  0  0
13  6 389408 14116036 2089176 161822436    0    0 472896 421232 184385 432945 11  3 78  7  0  0
13  6 389408 14114400 2089176 161824856    0    0 471520 424996 184794 431909 12  3 78  7  0  0
17  3 389408 14109716 2089176 161827232    0    0 471456 437996 184837 433966 12  3 78  7  0  0
15  4 389408 14106812 2089176 161829588    0    0 470016 424236 184546 428742 12  3 78  7  0  0
10  8 389408 14103032 2089176 161831964    0    0 466000 429004 183095 426855 12  3 78  7  0  0
13  5 389408 14102808 2089176 161834240    0    0 468144 425600 185139 429196 12  3 78  7  0  0
13  5 389408 14103972 2089180 161836700    0    0 473936 424500 182711 429278 12  3 78  7  0  0
12  6 389408 14102192 2089180 161839020    0    0 468688 413876 180676 418690 12  3 78  7  0  0
11  8 389408 14099096 2089180 161841388    0    0 472208 420964 181419 425230 12  3 78  7  0  0
13  7 389408 14104480 2089180 161843824    0    0 471840 420312 181250 426233 11  3 78  7  0  0
15  5 389408 14104716 2089180 161846192    0    0 466224 416376 179316 419240 12  4 78  7  0  0
10  8 389408 14103828 2089180 161848608    0    0 473104 417856 180290 424663 11  3 78  7  0  0
12  6 389408 14097036 2089180 161850924    0    0 471248 417824 181023 423458 12  3 78  7  0  0
13  6 389408 14096496 2089180 161853324    0    0 467232 420704 180080 417133 12  3 78  7  0  0
11  9 389408 14092708 2089180 161855632    0    0 465936 418300 179890 417446 12  3 78  7  0  0
13  5 389408 14091296 2089180 161857984    0    0 471888 415988 180986 423577 12  3 78  7  0  0
procs -----------memory---------- ---swap-- -----io---- -system-- -------cpu-------
 r  b   swpd   free   buff  cache   si   so    bi    bo   in   cs us sy id wa st gu
 9 10 389408 14087544 2089180 161860416    0    0 467680 422420 180839 421145 12  3 78  7  0  0
12  9 389408 14086700 2089180 161862832    0    0 476336 423552 183586 429843 12  3 78  7  0  0
15  7 389408 14085132 2089180 161865100    0    0 470848 428716 183251 431883 12  3 78  7  0  0
10  8 389408 14081668 2089180 161867528    0    0 471152 427584 182965 429303 12  3 78  7  0  0
11  8 389408 14081712 2089180 161869916    0    0 467584 429544 183731 428055 12  3 78  7  0  0
14  4 389408 14078264 2089180 161872172    0    0 472176 416312 180519 418492 12  3 78  7  0  0
11  7 389408 14074328 2089184 161874652    0    0 466512 414436 179868 420086 12  3 78  7  0  0
11  8 389408 14072816 2089184 161877028    0    0 468544 418260 180534 422721 12  3 78  7  0  0
 9  9 389408 14067888 2089184 161879324    0    0 470176 412784 180660 422542 12  3 78  7  0  0
11  6 389408 14073076 2089184 161881820    0    0 469920 427684 181509 422463 12  3 78  7  0  0
11  8 389408 14066744 2089188 161884172    0    0 469440 411968 180356 422689 12  3 78  7  0  0
11  7 389408 14066196 2089188 161886632    0    0 471168 419816 180421 421142 11  3 78  7  0  0
10  8 389408 14061860 2089188 161889032    0    0 472704 417344 180526 424379 12  3 78  7  0  0
11  7 389408 14057388 2089188 161891416    0    0 466544 414132 180197 420021 12  3 78  7  0  0
18  3 389408 14057904 2089188 161893744    0    0 469408 414400 179435 420372 12  3 78  7  0  0
13  5 389408 14048684 2089196 161896136    0    0 471424 425360 180966 425460 12  3 78  7  0  0
 8 10 389408 14043036 2089196 161898504    0    0 469632 420496 181059 421783 11  3 78  7  0  0
13  6 389408 14045116 2089196 161900924    0    0 474976 427244 181765 427677 11  3 78  7  0  0
14  4 389408 14040808 2089196 161903272    0    0 468512 419216 180442 423696 12  3 78  7  0  0
12  6 389408 14039568 2089196 161905760    0    0 474112 429604 182886 430395 12  3 78  7  0  0
13  6 389408 14034120 2089200 161908124    0    0 468000 417552 180346 420432 12  3 78  7  0  0
procs -----------memory---------- ---swap-- -----io---- -system-- -------cpu-------
 r  b   swpd   free   buff  cache   si   so    bi    bo   in   cs us sy id wa st gu
16  5 389408 14030876 2089200 161910508    0    0 472384 420772 180929 419830 12  3 78  7  0  0
12  5 389408 14027040 2089200 161912860    0    0 469184 422792 180876 423671 12  3 78  7  0  0
11  7 389408 14021168 2089200 161915236    0    0 474176 427788 181968 425309 12  3 78  7  0  0
12  5 389408 14025296 2089200 161917640    0    0 469856 426104 181825 426853 12  3 78  7  0  0
11  8 389408 14023336 2089200 161920032    0    0 469744 430744 183217 429837 12  3 78  7  0  0
16  5 389408 14020184 2089200 161922340    0    0 463968 430180 182693 425282 12  3 78  7  0  0
15  5 389408 14013288 2089200 161924744    0    0 467312 426500 183154 429425 12  3 78  7  0  0
15  6 389408 14011712 2089200 161927132    0    0 475040 430740 185826 432668 12  3 78  7  0  0
16  4 389408 14006560 2089200 161929492    0    0 470432 431200 184509 430893 12  3 78  7  0  0
12  7 389408 14006468 2089200 161931964    0    0 471712 430116 184544 431722 12  3 78  7  0  0
10  8 389408 14008732 2089200 161934356    0    0 476544 434360 185191 436534 12  3 78  7  0  0
12  7 389408 14006196 2089204 161936692    0    0 473696 437592 185700 436784 12  3 78  7  0  0
10  8 389408 13999856 2089204 161939108    0    0 473168 432868 184966 435186 12  3 78  7  0  0
10  7 389408 13998340 2089204 161941496    0    0 468752 431148 184440 428328 12  3 78  7  0  0
14  4 389408 13993508 2089208 161943872    0    0 467392 421304 183063 428878 12  3 78  7  0  0
11  5 389408 13990520 2089208 161946212    0    0 470080 432336 184356 432987 12  3 78  7  0  0
15  4 389408 13983648 2089212 161948660    0    0 469968 427672 183370 429741 12  3 78  7  0  0
13  6 389408 13983252 2089212 161950996    0    0 471216 429040 184631 431269 12  3 78  7  0  0
 9  7 389408 13984376 2089216 161953348    0    0 473828 427920 185058 433215 12  3 78  7  0  0
14  5 389408 13979488 2089216 161955732    0    0 470848 430004 184597 430413 12  3 78  7  0  0
15  3 389408 13979600 2089216 161958196    0    0 469216 435544 183563 433199 11  3 78  7  0  0
procs -----------memory---------- ---swap-- -----io---- -system-- -------cpu-------
 r  b   swpd   free   buff  cache   si   so    bi    bo   in   cs us sy id wa st gu
16  5 389408 13975080 2089216 161960600    0    0 472736 433436 185878 435443 12  3 78  7  0  0
13  5 389408 13969048 2089216 161962972    0    0 474352 432880 185383 436265 12  3 78  7  0  0
16  3 389408 13965724 2089216 161965328    0    0 473296 426144 182787 428317 12  3 78  7  0  0
15  4 389408 13967496 2089220 161967684    0    0 469792 431688 184513 433377 11  3 78  7  0  0
15  3 389408 13963256 2089220 161970092    0    0 469120 432980 185009 433668 12  3 78  7  0  0
14  5 389408 13956004 2089220 161972472    0    0 469392 433928 184606 432532 12  3 78  7  0  0
 9 11 389408 13954316 2089220 161974864    0    0 469024 427848 183926 428869 12  3 78  7  0  0
16  4 389408 13948716 2089220 161977124    0    0 468720 425952 183322 429418 12  3 78  7  0  0
13  6 389408 13945692 2089220 161979532    0    0 467088 430212 184500 429725 12  3 78  7  0  0
15  5 389408 13946516 2089220 161981928    0    0 467792 434352 184299 430245 12  3 78  7  0  0
19  2 389408 13939816 2089220 161984372    0    0 474048 434064 185809 438243 12  3 78  7  0  0
13  6 389408 13943636 2089220 161986700    0    0 469216 435580 184474 432002 11  3 78  7  0  0
11  9 389408 13943940 2089220 161989088    0    0 473792 432036 184755 433165 12  3 78  7  0  0
11  9 389408 13939320 2089220 161991496    0    0 472816 435108 184714 430329 12  3 78  7  0  0
17  6 389408 13939404 2089220 161993932    0    0 473472 434652 184785 432983 12  3 78  7  0  0
12  7 389408 13939608 2089224 161996272    0    0 474064 432216 184343 432717 12  3 78  7  0  0
12  8 389408 13936904 2089224 161998644    0    0 476304 429884 185417 434123 12  3 78  7  0  0
12  6 389408 13931392 2089224 162001144    0    0 476496 427328 183789 429580 12  3 78  7  0  0
16  2 389408 13930272 2089224 162003452    0    0 471344 427032 184359 432040 12  3 78  7  0  0
15  4 389408 13930016 2089224 162005852    0    0 466720 424624 183071 427367 11  3 78  7  0  0
10  9 389408 13929024 2089224 162008196    0    0 472752 432528 184970 434873 12  3 78  7  0  0
procs -----------memory---------- ---swap-- -----io---- -system-- -------cpu-------
 r  b   swpd   free   buff  cache   si   so    bi    bo   in   cs us sy id wa st gu
14  5 389408 13924548 2089224 162010548    0    0 466816 425640 183129 428992 12  3 78  7  0  0
11  8 389408 13918828 2089224 162012908    0    0 470832 431936 184426 432153 12  3 78  7  0  0
11  7 389408 13914496 2089228 162015340    0    0 463456 428344 184822 434110 12  3 78  7  0  0
11  7 389408 13913292 2089228 162017648    0    0 466128 425636 184564 432319 12  3 78  7  0  0
15  3 389408 13912796 2089228 162020068    0    0 467568 423396 183691 428986 12  3 78  7  0  0
 9  8 389408 13909580 2089228 162022484    0    0 469792 434416 185227 431950 12  3 78  7  0  0
15  4 389408 13881172 2089228 162024832    0    0 455456 421644 182106 419082 12  3 78  7  0  0
 9 10 389408 13878736 2089232 162027164    0    0 471472 428956 183412 429987 12  3 78  7  0  0
16  3 389408 13881912 2089232 162029568    0    0 471776 434756 185505 433937 12  3 78  7  0  0
11  7 389408 13874756 2089232 162031880    0    0 470896 428104 185573 434299 12  3 78  7  0  0
14  4 389408 13871112 2089232 162034260    0    0 474096 430396 185376 433072 12  3 78  7  0  0
15  3 389408 13867436 2089232 162036756    0    0 475552 434640 185850 436909 12  3 78  7  0  0
 7 11 389408 13864340 2089232 162039068    0    0 474512 431584 185665 436571 12  3 78  7  0  0
15  3 389408 13864228 2089232 162041532    0    0 473904 431500 185532 436621 12  3 78  7  0  0
12  6 389408 13860812 2089232 162043860    0    0 470960 435280 185475 433996 12  3 78  7  0  0
13  6 389408 13857588 2089232 162046284    0    0 471648 434484 185396 432497 12  3 78  7  0  0
15  4 389408 13858796 2089232 162048648    0    0 473184 433428 184362 433212 12  3 78  7  0  0
10  9 389408 13859660 2089236 162051096    0    0 472880 436000 184400 431704 12  3 78  7  0  0
11  6 389408 13860964 2089236 162053504    0    0 474736 430256 184649 432736 12  3 78  7  0  0
13  7 389408 13859172 2089236 162055824    0    0 469872 432024 183088 430601 12  3 78  7  0  0
17  6 389408 13854668 2089236 162058200    0    0 472608 423128 183476 431513 12  3 78  7  0  0
procs -----------memory---------- ---swap-- -----io---- -system-- -------cpu-------
 r  b   swpd   free   buff  cache   si   so    bi    bo   in   cs us sy id wa st gu
 9  9 389408 13854648 2089236 162060616    0    0 469456 430336 183249 427595 12  3 78  7  0  0
14  2 389408 13848836 2089236 162062880    0    0 465440 430508 183335 428851 12  3 78  7  0  0
11  7 389408 13842964 2089236 162065332    0    0 472880 424396 184117 433219 12  3 78  7  0  0
13  6 389408 13837240 2089236 162067808    0    0 468512 426940 183174 427575 12  3 78  7  0  0
16  3 389408 13837436 2089236 162070016    0    0 470688 427640 182682 432014 12  3 78  7  0  0
11  7 389408 13832692 2089236 162072524    0    0 465776 434952 183883 425923 12  3 78  7  0  0
18  1 389408 13831288 2089236 162074836    0    0 470224 422164 184308 432441 12  3 78  7  0  0
14  4 389408 13830424 2089236 162077216    0    0 468672 436064 183981 430416 12  3 78  7  0  0
12  7 389408 13833632 2089236 162079676    0    0 469248 435520 183817 430710 12  3 78  7  0  0
16  4 389408 13827600 2089236 162082064    0    0 472896 431980 184455 432015 12  3 78  7  0  0
10  9 389408 13823076 2089236 162084280    0    0 469328 429372 183533 426565 12  3 78  7  0  0
15  3 389408 13820068 2089236 162086720    0    0 464576 425860 182591 425235 12  3 78  7  0  0
14  6 389408 13818636 2089236 162089032    0    0 465760 420860 182726 426766 12  3 78  7  0  0
12  7 389408 13793300 2089240 162091424    0    0 464516 422976 183049 427829 12  3 78  7  0  0
14  4 389408 13793268 2089240 162093888    0    0 468576 431172 184127 431089 12  3 78  7  0  0
14  5 389408 13789680 2089240 162096184    0    0 474128 433092 184370 430079 12  3 78  7  0  0
13  4 389408 13785104 2089240 162098584    0    0 473488 429664 183176 428231 12  3 78  7  0  0
13  5 389408 13779284 2089240 162101008    0    0 474208 430020 183921 433157 12  3 78  7  0  0
16  3 389408 13773164 2089240 162103400    0    0 472800 431088 183681 432567 11  3 78  7  0  0
16  4 389408 13775612 2089240 162105860    0    0 473392 436452 183798 431584 12  3 78  7  0  0
13  7 389408 13772952 2089240 162108200    0    0 466416 427784 183074 426878 12  3 78  7  0  0
procs -----------memory---------- ---swap-- -----io---- -system-- -------cpu-------
 r  b   swpd   free   buff  cache   si   so    bi    bo   in   cs us sy id wa st gu
14  5 389408 13768920 2089240 162110560    0    0 472960 426256 184006 433852 12  3 78  7  0  0
14  4 389408 13763744 2089240 162112928    0    0 477504 439700 185295 434085 12  3 78  7  0  0
13  9 389408 13759876 2089240 162115344    0    0 476720 434080 185731 435314 12  3 78  7  0  0
13  5 389408 13768416 2089240 162117708    0    0 472208 432512 184247 431313 12  3 78  7  0  0
16  2 389408 13762516 2089240 162120092    0    0 472800 437316 185694 436769 12  3 78  7  0  0
13  6 389408 13768364 2089244 162122372    0    0 472736 426468 182872 430593 12  3 78  7  0  0
13  6 389408 13765768 2089244 162124840    0    0 470096 428972 183646 430963 12  3 78  7  0  0
14  4 389408 13762964 2089244 162127268    0    0 470496 432760 183826 429261 12  3 78  7  0  0
10 10 389408 13763676 2089244 162129608    0    0 472112 430976 184166 428681 12  3 78  7  0  0
13  6 389408 13760876 2089244 162132016    0    0 472128 434452 184675 436653 12  3 78  7  0  0
10  8 389408 13755448 2089248 162134404    0    0 467888 433012 182883 428305 12  3 78  7  0  0
13  7 389408 13754364 2089248 162136796    0    0 471200 433972 184536 433707 12  3 78  7  0  0
10  9 389408 13751144 2089248 162139220    0    0 469136 431096 184501 432422 12  3 78  7  0  0
13  7 389408 13749260 2089248 162141608    0    0 471808 436104 185203 433554 12  3 78  7  0  0
13  5 389408 13746448 2089248 162144016    0    0 471152 428932 185164 433626 12  3 78  7  0  0
13  5 389408 13744652 2089248 162146368    0    0 477728 435628 185827 435731 12  3 78  7  0  0
14  4 389408 13742512 2089248 162148672    0    0 461136 426356 183085 426176 12  3 78  7  0  0
 8 10 389408 13737264 2089248 162151052    0    0 472160 434756 186415 438760 12  3 78  7  0  0
13  5 389408 13733444 2089248 162153424    0    0 472224 429800 184366 428833 12  3 78  7  0  0
11  8 389408 13729224 2089248 162155808    0    0 464512 429444 184553 430031 12  3 78  7  0  0
10  8 389408 13728100 2089252 162158236    0    0 469328 430476 184131 430659 12  3 78  7  0  0
procs -----------memory---------- ---swap-- -----io---- -system-- -------cpu-------
 r  b   swpd   free   buff  cache   si   so    bi    bo   in   cs us sy id wa st gu
13  5 389408 13725364 2089252 162160440    0    0 471648 432072 184226 431570 12  3 78  7  0  0
15  4 389408 13727644 2089252 162162844    0    0 466192 431432 183229 428977 12  3 78  7  0  0
12  7 389408 13723008 2089252 162165232    0    0 473424 431636 184866 434546 12  3 78  7  0  0
11  7 389408 13724488 2089252 162167684    0    0 472288 434576 185668 435163 12  3 78  7  0  0
13  7 389408 13718952 2089252 162170036    0    0 470160 437272 184290 433640 12  3 78  7  0  0
10  5 389408 13719344 2089252 162172496    0    0 470320 435368 184404 432801 12  3 78  7  0  0
13  8 389408 13717680 2089252 162174892    0    0 469040 428648 182400 429144 11  3 78  7  0  0
10  7 389408 13717436 2089252 162177340    0    0 470672 427596 182442 429106 12  3 78  7  0  0
12  7 389408 13713076 2089252 162179656    0    0 470624 429484 183915 432521 12  3 78  7  0  0
11  7 389408 13708544 2089252 162182008    0    0 469584 436724 184284 433732 12  3 78  7  0  0
13  5 389408 13705188 2089252 162184372    0    0 467216 433160 183699 431540 12  3 78  7  0  0
10  8 389408 13703676 2089252 162186724    0    0 468992 433640 185301 432198 12  3 78  7  0  0
13  5 389408 13699024 2089252 162189040    0    0 471680 440420 185487 433624 12  3 78  7  0  0
12  7 389408 13696272 2089252 162191396    0    0 468576 427588 184170 431901 12  3 78  7  0  0
12  6 389408 13693840 2089252 162193832    0    0 468560 433832 184318 433111 12  3 78  7  0  0
14  5 389408 13688184 2089256 162196276    0    0 466704 434408 185178 431896 12  3 78  7  0  0
13  5 389408 13686372 2089256 162198556    0    0 469488 427284 183840 431005 12  3 78  7  0  0
12  8 389408 13683708 2089256 162201064    0    0 471440 428040 183783 434401 12  3 78  7  0  0
10  7 389408 13682336 2089256 162203332    0    0 470288 428720 183276 431270 12  3 78  7  0  0
11  8 389408 13675968 2089256 162205768    0    0 475072 436612 184837 435097 12  3 78  7  0  0
13  6 389408 13670828 2089256 162208092    0    0 478752 432688 184240 433139 12  3 78  7  0  0
procs -----------memory---------- ---swap-- -----io---- -system-- -------cpu-------
 r  b   swpd   free   buff  cache   si   so    bi    bo   in   cs us sy id wa st gu
13  6 389408 13667396 2089256 162210576    0    0 468992 427888 182163 430441 12  3 78  7  0  0
12  6 389408 13669716 2089256 162212924    0    0 469888 429696 181880 428731 12  3 78  7  0  0
14  4 389408 13664796 2089256 162215360    0    0 471776 424704 181252 425871 12  3 78  7  0  0
13  7 389408 13662168 2089256 162217740    0    0 472832 430012 182998 430313 12  3 78  7  0  0
13  5 389408 13661596 2089256 162220156    0    0 474560 429124 183549 432796 11  3 78  7  0  0
13  6 389408 13659840 2089256 162222596    0    0 470256 433436 184143 430155 12  3 78  7  0  0
13  8 389408 13660728 2089256 162224952    0    0 468576 429704 183827 432561 12  3 78  7  0  0
15  6 389408 13660656 2089256 162227364    0    0 467184 427856 182033 424854 12  3 78  7  0  0
14  8 389408 13656616 2089256 162229724    0    0 468256 424580 183396 426172 12  3 78  7  0  0
12  8 389408 13652648 2089256 162232084    0    0 472400 433032 184627 435054 12  3 78  7  0  0
11  6 389408 13653000 2089256 162234464    0    0 471120 426908 182902 429996 12  3 78  7  0  0
12  7 389408 13648944 2089256 162236824    0    0 469728 431336 183653 431548 12  3 78  7  0  0
10  7 389408 13643156 2089256 162239220    0    0 470640 430352 184153 432563 12  3 78  7  0  0
10  8 389408 13643020 2089256 162241412    0    0 473424 436336 184903 432949 12  3 78  7  0  0
16  3 389408 13637708 2089260 162243860    0    0 471520 425084 182788 432137 12  3 78  7  0  0
11  7 389408 13634272 2089260 162246308    0    0 468208 433312 182857 429342 12  3 78  7  0  0
14  5 389408 13629780 2089260 162248712    0    0 471152 434164 184463 434417 12  3 78  7  0  0
14  6 389408 13626376 2089260 162251104    0    0 471792 434488 184497 431614 12  3 78  7  0  0
14  7 389408 13627156 2089260 162253484    0    0 475072 437316 185161 433336 12  3 78  7  0  0
13  6 389408 13622052 2089260 162255916    0    0 474000 434180 184395 432941 12  3 78  7  0  0
16  5 389408 13615348 2089260 162258344    0    0 475024 438984 184990 435118 12  3 78  7  0  0
procs -----------memory---------- ---swap-- -----io---- -system-- -------cpu-------
 r  b   swpd   free   buff  cache   si   so    bi    bo   in   cs us sy id wa st gu
13  6 389408 13614908 2089260 162260516    0    0 472560 432148 183112 429867 12  3 78  7  0  0
14  5 389408 13615304 2089260 162263068    0    0 470944 426288 182262 427118 12  3 78  7  0  0
16  2 389408 13611456 2089260 162265472    0    0 467408 429284 184707 431734 12  3 78  7  0  0
13  5 389408 13608100 2089260 162267940    0    0 473984 430500 183841 430813 12  3 78  7  0  0
10  7 389408 13607040 2089260 162270272    0    0 471840 430904 184532 431318 12  3 78  7  0  0
15  4 389408 13604928 2089260 162272636    0    0 474784 437596 185717 434804 12  3 78  7  0  0
14  5 389408 13598984 2089260 162274944    0    0 466672 428848 183593 430541 12  3 78  7  0  0
10  8 389408 13599388 2089260 162277352    0    0 468672 428380 183695 428282 12  3 78  7  0  0
10  8 389408 13598724 2089260 162279744    0    0 471600 430280 184786 432907 12  3 78  7  0  0
10  8 389408 13600320 2089260 162282132    0    0 470480 433824 185706 435300 11  3 78  7  0  0
16  5 389408 13597460 2089260 162284552    0    0 472144 430756 184545 432836 12  3 78  7  0  0
13  8 389408 13591508 2089260 162287004    0    0 468816 437452 185050 433263 12  3 78  7  0  0
13  6 389408 13589364 2089260 162289360    0    0 468752 429508 184035 433761 12  3 78  7  0  0
14  5 389408 13586620 2089260 162291620    0    0 472000 435340 184591 432698 12  3 78  7  0  0
12  7 389408 13546236 2089260 162293932    0    0 443440 412056 179960 408955 11  3 80  7  0  0
15  3 389408 13545388 2089260 162296252    0    0 468160 434204 183482 432830 12  3 78  7  0  0
10  8 389408 13542256 2089260 162298664    0    0 472496 430212 184624 432276 12  3 78  7  0  0
 7 10 389408 13539156 2089260 162301040    0    0 475664 430860 185929 435404 12  3 78  7  0  0
11  7 389408 13538468 2089264 162303400    0    0 471648 435756 185159 434382 12  3 78  7  0  0
14  5 389408 13592992 2089264 162305840    0    0 468112 427964 184964 431837 12  3 78  7  0  0
14  6 389408 13591044 2089264 162308152    0    0 471392 432736 184436 431116 12  3 78  7  0  0
procs -----------memory---------- ---swap-- -----io---- -system-- -------cpu-------
 r  b   swpd   free   buff  cache   si   so    bi    bo   in   cs us sy id wa st gu
16  4 389408 13587776 2089264 162310468    0    0 467488 434752 185047 432220 12  3 78  7  0  0
13  7 389408 13581832 2089264 162312980    0    0 469120 425476 183793 432123 12  3 78  7  0  0
18  4 389408 13578212 2089264 162315312    0    0 467072 428800 184670 429688 12  3 78  7  0  0
14  5 389408 13574116 2089264 162317724    0    0 468272 432528 184717 431071 12  3 78  7  0  0
20  1 389408 13568176 2089264 162320108    0    0 469104 429716 184852 435145 12  3 78  7  0  0
17  2 389408 13570008 2089264 162322464    0    0 467008 429444 184498 427812 12  3 78  7  0  0
12  7 389408 13573004 2089264 162324776    0    0 467680 429600 183373 429379 12  3 78  7  0  0
13  7 389408 13569252 2089268 162327152    0    0 465504 427328 183751 428578 12  3 78  7  0  0
13  6 389408 13567784 2089268 162329512    0    0 470032 432780 184702 434739 12  3 78  7  0  0
16  6 389408 13564124 2089268 162331972    0    0 473312 433596 184615 436871 12  3 78  7  0  0
18  4 389408 13565476 2089268 162334340    0    0 471248 430244 184050 433325 12  3 78  7  0  0
14  5 389408 13567756 2089268 162336604    0    0 472352 435148 185228 436999 12  3 78  7  0  0
10  9 389408 13563008 2089268 162339044    0    0 465280 424936 182703 429043 12  3 78  7  0  0
 9 10 389408 13560876 2089268 162341436    0    0 466288 434768 184117 429891 12  3 78  7  0  0
12  7 389408 13560184 2089268 162343788    0    0 471328 433648 185260 431906 12  3 78  7  0  0
 9  8 389408 13553572 2089268 162346236    0    0 476624 439260 185942 437563 12  3 78  7  0  0
11  6 389408 13551876 2089268 162348612    0    0 472784 431360 186087 437644 12  3 78  7  0  0
16  3 389408 13549036 2089268 162351020    0    0 471792 439624 185657 433466 12  3 78  7  0  0
14  5 389408 13547796 2089268 162353340    0    0 467440 422688 180767 419552 12  3 78  7  0  0
17  5 389408 13547736 2089268 162355720    0    0 469648 420260 181632 424407 12  3 78  7  0  0
16  5 389408 13549028 2089268 162358024    0    0 466688 415956 180705 419224 11  3 78  7  0  0
procs -----------memory---------- ---swap-- -----io---- -system-- -------cpu-------
 r  b   swpd   free   buff  cache   si   so    bi    bo   in   cs us sy id wa st gu
13  6 389408 13545856 2089268 162360460    0    0 470240 424076 181484 423055 12  3 78  7  0  0
13  5 389408 13545972 2089268 162362856    0    0 466288 419228 180875 420618 11  3 78  7  0  0
13  6 389408 13545984 2089272 162365184    0    0 466084 419492 180293 419105 12  3 78  7  0  0
13  5 389408 13547952 2089272 162367596    0    0 466512 422636 180443 419017 12  3 78  7  0  0
15  5 389408 13542260 2089272 162369916    0    0 467712 420200 182045 422605 12  3 78  7  0  0
15  5 389408 13537176 2089272 162372152    0    0 466656 423032 180602 418702 11  3 78  7  0  0
16  4 389408 13532000 2089272 162374608    0    0 471248 421568 180680 421838 11  3 78  7  0  0
18  3 389408 13529504 2089272 162376924    0    0 468048 413396 180290 418468 12  3 78  7  0  0
11  8 389408 13526824 2089272 162379324    0    0 468592 420860 180805 421343 12  3 78  7  0  0
13  7 389408 13523900 2089272 162381644    0    0 468608 424124 180526 423600 12  3 78  7  0  0
17  2 389408 13516012 2089272 162384008    0    0 467120 421504 181355 420526 12  3 78  7  0  0
13  6 389408 13514372 2089272 162386436    0    0 465200 420724 181495 419758 12  3 78  7  0  0
15  4 389408 13507948 2089272 162388732    0    0 461680 416376 180340 418131 12  3 78  7  0  0
13  6 389408 13502280 2089272 162391044    0    0 470304 423104 180990 419208 12  3 78  7  0  0
 5  0 389408 13496476 2089272 162393396    0    0 469712 416004 180705 421186 12  3 78  7  0  0
13  6 389408 13495132 2089272 162395772    0    0 469392 424140 180924 418258 12  3 78  7  0  0
 6  0 389408 13496444 2089272 162398084    0    0 467776 420800 181514 423347 12  3 78  7  0  0
14  7 389408 13487584 2089272 162400516    0    0 467552 425648 180635 416401 11  3 78  7  0  0
17  6 389408 13487028 2089272 162402912    0    0 471280 423056 180927 418967 12  3 78  7  0  0
14  6 389408 13486616 2089272 162404980    0    0 464320 422404 181005 420195 12  3 78  7  0  0
16  4 389408 13481180 2089272 162407532    0    0 465472 418708 180063 417626 12  3 78  7  0  0
procs -----------memory---------- ---swap-- -----io---- -system-- -------cpu-------
 r  b   swpd   free   buff  cache   si   so    bi    bo   in   cs us sy id wa st gu
14  5 389408 13474712 2089272 162409884    0    0 469776 428496 181885 422537 12  3 78  7  0  0
13  7 389408 13477036 2089272 162412320    0    0 471344 431216 183871 429585 12  3 78  7  0  0
14  6 389408 13472660 2089272 162414700    0    0 470016 433136 183591 432585 12  3 78  7  0  0
13  8 389408 13473500 2089272 162417088    0    0 467056 428184 184814 432622 12  3 78  7  0  0
16  3 389408 13473464 2089272 162419340    0    0 474256 430880 184083 432738 12  3 78  7  0  0
15  5 389408 13473380 2089276 162421784    0    0 467984 432732 184281 433381 12  3 78  7  0  0
13  7 389408 13474080 2089276 162424144    0    0 466112 428784 184031 431797 12  3 78  7  0  0
14  6 389408 13468664 2089276 162426528    0    0 467920 429296 185375 435971 12  3 78  7  0  0
 9  5 389408 13466952 2089276 162428912    0    0 471360 436308 184298 430970 12  3 78  7  0  0
15  5 389408 13462840 2089276 162431288    0    0 475840 426940 185149 437091 12  3 78  7  0  0
 8  0 389408 13458232 2089276 162433700    0    0 468992 428568 184741 433143 12  3 78  7  0  0
11  8 389408 13456340 2089276 162436096    0    0 464960 428756 183795 430161 12  3 78  7  0  0
18  2 389408 13455464 2089276 162438300    0    0 467504 420764 183823 430272 12  3 78  7  0  0
14  5 389408 13453916 2089276 162440792    0    0 462096 429276 184079 430305 12  3 78  7  0  0
14  5 389408 13450116 2089276 162443180    0    0 468832 432144 185204 431871 12  3 78  7  0  0
16  5 389408 13449548 2089280 162445480    0    0 470416 431364 184676 433728 12  3 78  7  0  0
 5  0 389408 13445400 2089280 162447840    0    0 466928 434500 183938 430614 12  3 78  7  0  0
12  7 389408 13446472 2089280 162450228    0    0 465952 429544 183831 432999 12  3 78  7  0  0
 4  5 389408 13443676 2089280 162452628    0    0 473296 432380 184122 433972 12  3 78  7  0  0
21  3 389408 13442748 2089280 162455048    0    0 468752 433140 183380 433320 12  3 78  7  0  0
18  6 389408 13436756 2089280 162457396    0    0 469792 432684 183380 431988 12  3 78  7  0  0
procs -----------memory---------- ---swap-- -----io---- -system-- -------cpu-------
 r  b   swpd   free   buff  cache   si   so    bi    bo   in   cs us sy id wa st gu
13  7 389408 13438752 2089280 162459716    0    0 463824 423268 183215 426472 12  3 78  7  0  0
13  7 389408 13434088 2089280 162462112    0    0 462928 426728 182904 428691 12  3 78  7  0  0
13  7 389408 13436864 2089280 162464476    0    0 468528 430916 184401 429623 11  3 78  7  0  0
12  7 389408 13439592 2089280 162466856    0    0 465888 430264 183814 426131 12  3 78  7  0  0
13  5 389408 13435092 2089280 162469304    0    0 463136 430100 184360 427584 12  3 78  7  0  0
12  8 389408 13428528 2089280 162471568    0    0 450704 420084 180272 414743 11  3 78  7  0  0
14  5 389408 13423328 2089280 162473912    0    0 458432 414740 181457 420213 11  3 78  7  0  0
17  3 389408 13419088 2089280 162476136    0    0 451888 417612 178893 411578 11  3 78  7  0  0
11  8 389408 13418208 2089280 162478464    0    0 466272 428940 183600 430862 12  3 78  7  0  0
14  6 389408 13417576 2089280 162480784    0    0 465808 425288 183375 427654 12  3 78  7  0  0
11  8 389408 13412380 2089280 162483128    0    0 467408 427928 183325 427440 12  3 78  7  0  0
14  6 389408 13406048 2089280 162485536    0    0 452368 415428 179061 412360 11  3 78  7  0  0
10  9 389408 13403020 2089280 162487848    0    0 460416 414892 178666 414406 11  3 78  7  0  0
14  5 389408 13404108 2089280 162490112    0    0 458944 415084 178566 412607 11  3 78  7  0  0
15  3 389408 13403516 2089280 162492420    0    0 464816 427912 182468 423864 12  3 78  7  0  0
11  8 389408 13397544 2089280 162494804    0    0 464464 433076 183907 425778 12  3 78  7  0  0
13  8 389408 13395408 2089280 162497204    0    0 465232 428204 183288 425341 12  3 78  7  0  0
14  5 389408 13392236 2089280 162499504    0    0 464000 427636 182596 424649 12  3 78  7  0  0
13  7 389408 13393408 2089284 162501844    0    0 472116 429788 183893 430767 12  3 78  7  0  0
12  7 389408 13385792 2089284 162504228    0    0 470144 435924 184489 431745 12  3 78  7  0  0
14  6 389408 13383416 2089284 162506584    0    0 465584 427644 183602 430081 12  3 78  7  0  0
procs -----------memory---------- ---swap-- -----io---- -system-- -------cpu-------
 r  b   swpd   free   buff  cache   si   so    bi    bo   in   cs us sy id wa st gu
12  7 389408 13384876 2089284 162509020    0    0 468240 431996 184870 431539 12  3 78  7  0  0
11  8 389408 13384484 2089284 162511436    0    0 465296 431884 182711 426879 12  3 78  7  0  0
14  6 389408 13383272 2089284 162513740    0    0 466912 427536 183326 428126 11  3 78  7  0  0
11  8 389408 13380276 2089284 162516124    0    0 468480 427612 185110 432906 12  3 78  7  0  0
14  6 389408 13375880 2089284 162518436    0    0 463744 431716 183935 427420 11  3 78  7  0  0
15  4 389408 13375992 2089284 162520804    0    0 460912 426172 182605 425580 12  3 78  7  0  0
13  6 389408 13368036 2089284 162523192    0    0 459840 420924 182158 425579 12  3 78  7  0  0
13  7 389408 13372800 2089284 162525520    0    0 463120 425764 183630 428450 12  3 78  7  0  0
15  4 389408 13371364 2089284 162527916    0    0 468256 430740 184321 432451 12  3 78  7  0  0
13  7 389408 13377116 2089284 162530244    0    0 467088 425416 183617 429926 12  3 78  7  0  0
11  7 389408 13372288 2089284 162532588    0    0 470096 431036 184753 431141 12  3 78  7  0  0
13  7 389408 13373532 2089284 162535012    0    0 455200 416904 180005 420953 11  3 78  7  0  0
19  1 389408 13369308 2089284 162537304    0    0 453952 412284 178991 414086 11  3 79  7  0  0
13  8 389408 13367448 2089284 162539520    0    0 452688 416312 179310 417993 11  3 78  7  0  0
14  5 389408 13362460 2089284 162541844    0    0 460400 421000 182244 426258 12  3 78  7  0  0
15  5 389408 13358560 2089284 162544196    0    0 468192 434764 184257 433414 11  3 78  7  0  0
17  2 389408 13357060 2089284 162546608    0    0 467952 428296 183294 429825 12  3 78  7  0  0
16  3 389408 13353684 2089284 162548888    0    0 459040 417792 179561 419037 11  3 78  7  0  0
12  7 389408 13350228 2089284 162551220    0    0 461072 418292 180700 418070 11  3 78  7  0  0
13  6 389408 13345772 2089284 162553552    0    0 457472 412220 179131 415397 11  3 78  7  0  0
15  6 389408 13342852 2089284 162555768    0    0 458688 421240 181767 422571 11  3 78  7  0  0
procs -----------memory---------- ---swap-- -----io---- -system-- -------cpu-------
 r  b   swpd   free   buff  cache   si   so    bi    bo   in   cs us sy id wa st gu
14  5 389408 13335580 2089284 162558204    0    0 463632 421608 182487 424882 12  3 78  7  0  0
15  5 389408 13333004 2089284 162560584    0    0 468624 433372 184507 430934 12  3 78  7  0  0
14  5 389408 13328524 2089284 162562932    0    0 466816 432068 184782 429614 12  3 78  7  0  0
15  6 389408 13330008 2089284 162565300    0    0 468960 430080 185203 431787 12  3 78  7  0  0
19  5 389408 13326744 2089284 162567684    0    0 467552 435488 185015 428511 12  3 78  7  0  0
18  5 389408 13324628 2089284 162569992    0    0 465440 424452 183922 426847 12  3 78  7  0  0
 4  2 389408 13323600 2089284 162572372    0    0 459040 426884 181685 421407 11  3 79  7  0  0
12  7 389408 13317572 2089288 162574704    0    0 466864 435580 184242 427298 12  3 78  7  0  0
15  5 389408 13314508 2089288 162577088    0    0 466512 431608 184018 431233 12  3 78  7  0  0
13  7 389408 13317260 2089288 162579440    0    0 470224 431332 184173 432842 11  3 78  7  0  0
16  6 389408 13315852 2089288 162581712    0    0 473488 429020 182934 427805 12  3 78  7  0  0
14  7 389408 13316440 2089288 162584236    0    0 467056 426816 183167 431180 12  3 78  7  0  0
12  8 389408 13309488 2089288 162586576    0    0 466944 429540 183951 431407 12  3 78  7  0  0
14  5 389408 13307880 2089288 162588972    0    0 466864 431348 184071 431501 12  3 78  7  0  0
15  6 389408 13302444 2089288 162591372    0    0 470512 435332 183993 432209 12  3 78  7  0  0
13  6 389408 13298944 2089288 162593744    0    0 467760 423380 182525 427437 12  3 78  7  0  0
11  7 389408 13292796 2089292 162596064    0    0 469328 432756 184079 431512 12  3 78  7  0  0
14  5 389408 13290660 2089292 162598436    0    0 456800 424592 180006 420537 11  3 79  7  0  0
15  4 389408 13294888 2089292 162600748    0    0 455536 415772 180154 417525 11  3 78  7  0  0
18  3 389408 13289104 2089292 162603000    0    0 450128 414140 178666 413145 11  3 79  7  0  0
 9 10 389408 13287528 2089292 162605296    0    0 467552 422124 183817 425108 12  3 78  7  0  0
procs -----------memory---------- ---swap-- -----io---- -system-- -------cpu-------
 r  b   swpd   free   buff  cache   si   so    bi    bo   in   cs us sy id wa st gu
10  9 389408 13283328 2089292 162607604    0    0 468208 431000 183718 428588 12  3 78  7  0  0
13  7 389408 13280568 2089292 162609948    0    0 463696 425732 181360 424513 12  3 78  7  0  0
17  4 389408 13278340 2089292 162612236    0    0 463248 436232 183310 424654 11  3 78  7  0  0
15  4 389408 13272472 2089292 162614628    0    0 459040 419432 179899 416979 12  3 78  7  0  0
16  5 389408 13271788 2089292 162616956    0    0 458032 415044 179267 417204 11  3 78  7  0  0
11  8 389408 13272536 2089292 162619276    0    0 458576 419016 180172 419368 11  3 78  7  0  0
15  4 389408 13271316 2089292 162621572    0    0 460080 421340 179828 418891 11  3 78  7  0  0
19  5 389408 13273228 2089292 162623900    0    0 469712 423112 183020 431208 12  3 78  7  0  0
14  4 389408 13268512 2089292 162626260    0    0 461456 428516 184364 425449 12  3 78  7  0  0
12  6 389408 13267832 2089292 162628608    0    0 470208 431912 185308 429728 11  3 78  7  0  0
17  2 389408 13261164 2089296 162630996    0    0 468192 426440 182985 428893 12  3 78  7  0  0
 8 10 389408 13260192 2089296 162633348    0    0 465216 432940 184140 430183 12  3 78  7  0  0
15  4 389408 13258444 2089296 162635676    0    0 468928 430656 183625 426635 12  3 78  7  0  0
14  5 389408 13258284 2089296 162638080    0    0 472368 431032 184306 433482 12  3 78  7  0  0
12  7 389408 13239104 2089296 162640452    0    0 468688 429052 184092 428993 11  3 79  7  0  0
 8  9 389408 13235684 2089296 162642828    0    0 468064 427796 184626 431173 12  3 78  7  0  0
10  9 389408 13230996 2089296 162645096    0    0 472864 437556 186054 435852 12  3 78  7  0  0
11  8 389408 13229760 2089296 162647604    0    0 470528 428936 183452 426616 12  3 78  7  0  0
10 10 389408 13232308 2089296 162649972    0    0 468912 420248 180691 419237 12  3 78  7  0  0
12  7 389408 13225540 2089296 162652356    0    0 468640 426384 180268 419563 11  3 78  7  0  0
17  4 389408 13225152 2089304 162654748    0    0 470816 423564 180958 425060 12  3 78  7  0  0
procs -----------memory---------- ---swap-- -----io---- -system-- -------cpu-------
 r  b   swpd   free   buff  cache   si   so    bi    bo   in   cs us sy id wa st gu
11  9 389408 13221024 2089304 162657120    0    0 475024 427600 181789 425409 12  3 78  7  0  0
16  2 389408 13221408 2089304 162659528    0    0 464800 420892 180548 417492 11  3 78  7  0  0
10  9 389408 13215968 2089304 162661828    0    0 465024 419560 179824 416078 11  3 78  7  0  0
15  4 389408 13214844 2089304 162664228    0    0 454880 409352 177240 408188 11  3 78  7  0  0
14  9 389408 13215412 2089304 162666532    0    0 457264 408036 177352 409347 11  3 78  7  0  0
14  5 389408 13210516 2089304 162668820    0    0 461664 413964 179587 413203 12  3 78  7  0  0
12  8 389408 13212628 2089304 162671156    0    0 462768 422232 179925 418478 11  3 78  7  0  0
 9  9 389408 13211212 2089304 162673580    0    0 463072 418840 180429 418622 12  3 78  7  0  0
 8 12 389408 13210812 2089304 162675864    0    0 467008 420636 181425 420943 11  4 78  7  0  0
15  6 389408 13212332 2089304 162678152    0    0 459424 420112 180551 418497 11  3 78  7  0  0
14  7 389408 13207552 2089304 162680436    0    0 460768 422224 180663 420522 11  3 78  7  0  0
11  8 389408 13202108 2089304 162682828    0    0 459136 420240 181705 421049 11  3 78  7  0  0
13  6 389408 13201728 2089304 162685064    0    0 460144 424644 181924 420785 11  3 78  7  0  0
14  6 389408 13200268 2089304 162687468    0    0 468720 429636 183779 430229 12  3 78  7  0  0
14  6 389408 13198952 2089304 162689760    0    0 466768 429172 183092 429364 12  3 78  7  0  0
16  4 389408 13197432 2089304 162692216    0    0 471728 430016 184165 430177 12  3 78  7  0  0
11  8 389408 13190168 2089304 162694540    0    0 468176 430748 183585 428917 12  3 78  7  0  0
15  6 389408 13183464 2089304 162696960    0    0 470416 424352 181549 421850 12  3 78  7  0  0
14  7 389408 13186320 2089304 162699256    0    0 467616 423512 180642 419802 11  3 79  7  0  0
14  5 389408 13184248 2089308 162701596    0    0 467120 423864 180961 423373 12  3 78  7  0  0
12  8 389408 13181256 2089308 162704052    0    0 468384 425132 180715 420639 11  3 78  7  0  0
procs -----------memory---------- ---swap-- -----io---- -system-- -------cpu-------
 r  b   swpd   free   buff  cache   si   so    bi    bo   in   cs us sy id wa st gu
15  6 389408 13179576 2089308 162706364    0    0 470832 426752 181620 424130 11  3 78  7  0  0
12  7 389408 13175040 2089308 162708832    0    0 468272 416692 180186 420766 11  3 79  7  0  0
15  4 389408 13174624 2089308 162711124    0    0 472560 428684 182130 425690 12  3 78  7  0  0
13  6 389408 13173780 2089308 162713544    0    0 467744 419400 180107 422263 12  3 78  7  0  0
10  9 389408 13169320 2089308 162715952    0    0 472512 423116 181388 427956 11  3 78  7  0  0
13  7 389408 13164600 2089308 162718320    0    0 470464 423284 181323 423236 12  3 78  7  0  0
17  3 389408 13163528 2089308 162720732    0    0 463056 418536 179786 420235 12  3 78  7  0  0
16  4 389408 13156720 2089308 162723000    0    0 468128 426488 181092 421854 12  3 78  7  0  0
14  5 389408 13161008 2089308 162725336    0    0 461376 419252 179324 415817 11  3 78  7  0  0
 9 10 389408 13156524 2089308 162727480    0    0 452928 411404 177424 410969 11  3 78  7  0  0
13  7 389408 13155084 2089308 162729948    0    0 455744 411876 177445 410868 11  3 78  7  0  0
20  4 389408 13148616 2089308 162732284    0    0 452304 405840 176579 407173 11  3 78  7  0  0
13  6 389408 13143312 2089308 162734628    0    0 460224 415312 178663 412846 11  3 78  7  0  0
12  6 389408 13145856 2089312 162736944    0    0 454448 400988 176400 404977 11  3 79  7  0  0
17  2 389408 13143056 2089312 162739176    0    0 452816 414208 177621 409001 11  3 79  7  0  0
16  2 389408 13143548 2089312 162741456    0    0 450208 409276 176291 407180 11  3 78  7  0  0
17  2 389408 13142944 2089312 162743744    0    0 448128 398344 175927 404420 11  3 78  7  0  0
13  6 389408 13139508 2089312 162745976    0    0 448944 406340 176816 407410 11  3 78  7  0  0
11  7 389408 13132696 2089312 162748312    0    0 455744 398956 176848 409526 11  3 78  7  0  0
13  5 389408 13126076 2089312 162750628    0    0 454256 416724 176876 407295 11  3 78  7  0  0
14  6 389408 13127776 2089312 162752980    0    0 464816 403716 178887 418203 11  3 78  7  0  0
procs -----------memory---------- ---swap-- -----io---- -system-- -------cpu-------
 r  b   swpd   free   buff  cache   si   so    bi    bo   in   cs us sy id wa st gu
10  9 389408 13127620 2089312 162755260    0    0 458000 420792 178838 413616 11  3 78  7  0  0
16  2 389408 13125264 2089312 162757620    0    0 456768 410948 178062 414628 11  3 78  7  0  0
12  7 389408 13119552 2089316 162759960    0    0 455824 414076 178983 411645 11  3 78  7  0  0
11  7 389408 13112788 2089316 162762172    0    0 457856 413528 178379 414090 11  3 78  7  0  0
11  7 389408 13114148 2089316 162764544    0    0 459120 417580 177953 413971 11  3 78  7  0  0
10  8 389408 13112600 2089316 162766884    0    0 466528 413000 179872 417487 12  3 78  7  0  0
14  5 389408 13110316 2089316 162769232    0    0 466640 429388 181986 421462 12  3 78  7  0  0
13  6 389408 13111676 2089320 162771604    0    0 467440 428944 184041 431070 12  3 78  7  0  0
16  3 389408 13105156 2089320 162773908    0    0 467920 430148 183245 428824 12  3 78  7  0  0
15  5 389408 13099020 2089324 162776288    0    0 467364 428180 183769 427785 12  3 78  7  0  0
15  6 389408 13095052 2089324 162778696    0    0 468096 429392 183062 424437 11  4 78  7  0  0
12  6 389408 13097768 2089324 162781024    0    0 462112 428824 183675 426635 12  3 78  7  0  0
12  6 389408 13099564 2089328 162783344    0    0 463776 433796 184103 425360 12  3 78  7  0  0
13  6 389408 13101580 2089328 162785684    0    0 457600 415696 180451 416569 11  3 78  7  0  0
16  3 389408 13098056 2089328 162787980    0    0 451040 420388 179777 413316 11  3 79  7  0  0
14  4 389408 13095580 2089328 162790244    0    0 451344 415156 179286 413945 11  3 78  7  0  0
18  3 389408 13090032 2089328 162792560    0    0 462800 417808 181559 422580 11  3 78  7  0  0
15  4 389408 13090892 2089328 162794916    0    0 467168 431784 183715 429102 12  3 78  7  0  0
12  7 389408 13087944 2089328 162797268    0    0 470720 426976 183151 431955 12  3 78  7  0  0
12  8 389408 13086000 2089328 162799616    0    0 466896 433792 182657 428670 12  3 78  7  0  0
 7 11 389408 13079948 2089328 162802016    0    0 465472 429176 184132 430604 12  3 78  7  0  0
procs -----------memory---------- ---swap-- -----io---- -system-- -------cpu-------
 r  b   swpd   free   buff  cache   si   so    bi    bo   in   cs us sy id wa st gu
14  5 389408 13078140 2089328 162804224    0    0 452688 415236 180639 414346 11  3 78  7  0  0
12  7 389408 13074208 2089328 162806628    0    0 455440 415904 180723 420943 11  3 78  7  0  0
16  3 389408 13076588 2089328 162809000    0    0 459056 418320 181179 421496 11  3 78  7  0  0
16  4 389408 13071728 2089328 162811212    0    0 462080 424872 183119 426061 12  3 78  7  0  0
12  7 389408 13074184 2089328 162813644    0    0 468160 427264 184698 429404 12  3 78  7  0  0
 9 10 389408 13070824 2089328 162816088    0    0 469680 426092 184480 431383 11  3 78  7  0  0
15  5 389408 13066388 2089328 162818352    0    0 464320 430248 183599 428230 11  3 78  7  0  0
14  6 389408 13066836 2089328 162820748    0    0 467328 431468 184191 430894 12  3 78  7  0  0
17  3 389408 13066028 2089328 162823216    0    0 474832 433152 184818 434523 11  3 79  7  0  0
 9 10 389408 13062476 2089328 162825516    0    0 469648 426044 183730 429863 12  3 78  7  0  0
15  5 389408 13055060 2089328 162827948    0    0 473760 432968 183853 430600 11  3 78  7  0  0
15  3 389408 13055172 2089328 162830328    0    0 469984 429760 184456 430248 12  3 78  7  0  0
11  6 389408 13049940 2089328 162832660    0    0 467712 426308 182987 428464 12  3 78  7  0  0
15  3 389408 13050516 2089328 162834980    0    0 473824 435504 184566 431287 12  3 78  7  0  0
13  7 389408 13047604 2089328 162837424    0    0 465104 426684 182556 425825 12  3 78  7  0  0
15  4 389408 13045032 2089332 162839788    0    0 469328 428120 184087 429597 12  3 78  7  0  0
12  7 389408 13000636 2089332 162842108    0    0 438320 409116 176310 399167 11  3 80  6  0  0
13  6 389408 13000428 2089332 162844360    0    0 468816 418896 180208 421026 12  3 78  7  0  0
13  7 389408 12995224 2089332 162846764    0    0 466384 419156 179842 418542 12  3 78  7  0  0
14  8 389408 12988964 2089332 162849064    0    0 455360 413008 177107 411050 11  3 78  7  0  0
19  1 389408 12983992 2089332 162851380    0    0 458560 414964 177967 415916 11  3 78  7  0  0
procs -----------memory---------- ---swap-- -----io---- -system-- -------cpu-------
 r  b   swpd   free   buff  cache   si   so    bi    bo   in   cs us sy id wa st gu
15  3 389408 13039828 2089332 162853660    0    0 452896 421488 181006 418224 11  3 78  7  0  0
10  8 389408 13037660 2089332 162855980    0    0 456288 416140 180862 418608 11  3 78  7  0  0
19  3 389408 13035732 2089332 162858272    0    0 468288 435184 184910 430648 12  3 78  7  0  0
18  3 389408 13035308 2089332 162860728    0    0 464800 423664 182456 422985 12  3 78  7  0  0
18  5 389408 13033796 2089332 162863028    0    0 468176 423632 182974 425653 12  3 78  7  0  0
13  7 389408 13029724 2089332 162865352    0    0 459600 428380 182793 421663 11  3 78  7  0  0
14  5 389408 13027804 2089332 162867736    0    0 458928 415840 180194 416714 11  3 78  7  0  0
15  4 389408 13023516 2089332 162869932    0    0 450192 419188 179295 412720 11  3 79  7  0  0
12  6 389408 13021188 2089332 162872304    0    0 457392 415864 181326 419963 11  3 78  7  0  0
15  6 389408 13017160 2089332 162874544    0    0 459088 428364 182721 426816 12  3 78  7  0  0
11  7 389408 13019712 2089332 162876948    0    0 468576 429152 182956 430057 11  3 78  7  0  0
12  6 389408 13015228 2089332 162879244    0    0 471440 430428 183716 430587 11  3 78  7  0  0
16  3 389408 13014348 2089332 162881660    0    0 469632 426524 184102 430135 12  3 78  7  0  0
11  6 389408 13008748 2089332 162884032    0    0 467472 433088 184195 430626 12  3 78  7  0  0
12  6 389408 12999676 2089332 162886332    0    0 474000 431936 185069 434808 12  3 78  7  0  0
14  4 389408 12997864 2089332 162888764    0    0 470768 434592 185143 435051 12  3 78  7  0  0
14  5 389408 12993316 2089332 162891144    0    0 467776 427644 184216 429543 12  3 78  7  0  0
13  6 389408 12992704 2089332 162893532    0    0 464384 432200 184048 427469 12  3 78  7  0  0
13  5 389408 12987256 2089332 162895956    0    0 471008 429264 184101 430949 12  3 78  7  0  0
12  7 389408 12983412 2089332 162898304    0    0 465920 428680 183673 427351 12  3 78  7  0  0
10  8 389408 12984048 2089336 162900636    0    0 462640 421872 182445 421846 12  3 78  7  0  0
procs -----------memory---------- ---swap-- -----io---- -system-- -------cpu-------
 r  b   swpd   free   buff  cache   si   so    bi    bo   in   cs us sy id wa st gu
13  5 389408 12983528 2089336 162903012    0    0 471584 426400 184816 432566 12  3 78  7  0  0
13  5 389408 12982072 2089336 162905332    0    0 466832 428960 184161 430980 12  3 78  7  0  0
17  4 389408 12975908 2089336 162907716    0    0 463312 423080 183444 427971 12  3 78  7  0  0
11  7 389408 12977292 2089336 162910000    0    0 453184 421292 180498 415873 11  3 78  7  0  0
14  4 389408 12974356 2089340 162912288    0    0 457888 416956 181186 419779 11  3 78  7  0  0
10  8 389408 12974348 2089344 162914624    0    0 457780 424240 180867 418247 11  3 78  7  0  0
13  4 389408 12972684 2089344 162916884    0    0 456240 422208 181576 417956 11  3 78  7  0  0
12  7 389408 12975960 2089344 162919228    0    0 468864 429788 183371 427696 11  3 78  7  0  0
10  8 389408 12973928 2089344 162921584    0    0 470560 429800 184154 433844 12  3 78  7  0  0
18  5 389408 12972780 2089352 162923968    0    0 468240 431636 182224 425857 12  3 78  7  0  0
14  5 389408 12968016 2089352 162926324    0    0 465424 431744 181733 426425 12  3 78  7  0  0
15  5 389408 12962088 2089352 162928688    0    0 463152 419656 181823 423130 12  3 78  7  0  0
15  6 389408 12959928 2089352 162931008    0    0 459600 420868 181829 421953 11  3 78  7  0  0
11  6 389408 12954368 2089352 162933340    0    0 459840 412940 179771 417773 11  3 78  7  0  0
 9  9 389408 12949680 2089352 162935632    0    0 459712 430176 180872 421383 11  3 78  7  0  0
13  5 389408 12947288 2089352 162937936    0    0 458480 413452 179243 418157 11  3 78  7  0  0
16  5 389408 12945508 2089352 162940248    0    0 467664 427168 184387 431731 12  3 78  7  0  0
14  6 389408 12940688 2089352 162942648    0    0 464240 429268 183979 431448 12  3 78  7  0  0
11  7 389408 12940692 2089352 162944864    0    0 470512 433176 185870 436081 12  3 78  7  0  0
10  8 389408 12937348 2089352 162947432    0    0 467888 428368 183562 431611 12  3 78  7  0  0
11  6 389408 12938284 2089352 162949828    0    0 461632 422132 182461 422956 12  3 79  7  0  0
procs -----------memory---------- ---swap-- -----io---- -system-- -------cpu-------
 r  b   swpd   free   buff  cache   si   so    bi    bo   in   cs us sy id wa st gu
15  4 389408 12932332 2089352 162952152    0    0 468464 430708 183744 430579 12  3 78  7  0  0
13  6 389408 12926816 2089352 162954520    0    0 470016 427288 182750 429096 12  3 78  7  0  0
10  8 389408 12925024 2089356 162956864    0    0 465104 429108 183195 429363 12  3 78  7  0  0
10  9 389408 12921476 2089356 162959228    0    0 462000 423000 182149 426197 12  3 78  7  0  0
13  5 389408 12927204 2089356 162961592    0    0 468208 426596 181997 426326 12  3 78  7  0  0
14  4 389408 12921824 2089356 162963912    0    0 464624 426768 183733 427209 12  3 78  7  0  0
11  8 389408 12918616 2089356 162966336    0    0 470224 427368 184203 430342 12  3 78  7  0  0
16  2 389408 12913736 2089360 162968684    0    0 468672 430016 183410 425930 12  3 78  7  0  0
14  7 389408 12913232 2089360 162971088    0    0 469552 431992 182955 428218 12  3 78  7  0  0
16  7 389408 12908544 2089360 162973456    0    0 460896 424892 181782 425295 11  3 78  7  0  0
16  5 389408 12906872 2089360 162975748    0    0 452688 418416 180011 419886 11  3 78  7  0  0
16  4 389408 12906052 2089360 162978024    0    0 450768 418344 179429 416447 11  3 78  7  0  0
16  4 389408 12904964 2089364 162980428    0    0 460208 416668 180218 418966 11  3 78  7  0  0
16  3 389408 12901060 2089364 162982604    0    0 465920 424844 182009 424482 12  3 78  7  0  0
16  3 389408 12905412 2089364 162984992    0    0 466416 431208 182321 427887 12  3 78  7  0  0
14  4 389408 12901756 2089364 162987284    0    0 466464 423140 182556 426693 12  3 78  7  0  0
13  6 389408 12904144 2089364 162989712    0    0 460064 430676 183121 424186 12  3 78  7  0  0
12  8 389408 12898428 2089364 162992020    0    0 467968 426492 182886 426517 12  3 78  7  0  0
16  5 389408 12892456 2089364 162994352    0    0 461280 427396 182412 422278 11  3 78  7  0  0
13  7 389408 12894248 2089364 162996736    0    0 454624 419020 180612 417682 11  3 78  7  0  0
13  6 389408 12889636 2089364 162998908    0    0 453984 418616 180773 418378 11  3 78  7  0  0
procs -----------memory---------- ---swap-- -----io---- -system-- -------cpu-------
 r  b   swpd   free   buff  cache   si   so    bi    bo   in   cs us sy id wa st gu
12  7 389408 12888616 2089364 163001232    0    0 450944 414864 180026 416811 11  3 78  7  0  0
15  5 389408 12887880 2089364 163003512    0    0 458528 419064 181434 419308 12  3 78  7  0  0
15  5 389408 12887228 2089364 163005852    0    0 467168 432448 184043 428544 12  3 78  7  0  0
14  5 389408 12888380 2089364 163008264    0    0 467184 428656 183604 432098 12  3 78  7  0  0
15  5 389408 12880608 2089364 163010496    0    0 468144 431272 184052 430961 12  3 78  7  0  0
13  6 389408 12878992 2089364 163012900    0    0 463696 425184 182777 428208 12  3 78  7  0  0
10  8 389408 12876444 2089364 163015284    0    0 461216 427588 182965 425816 12  3 78  7  0  0
11  7 389408 12873004 2089364 163017636    0    0 470528 431224 184764 431411 12  3 78  7  0  0
15  5 389408 12861964 2089364 163020008    0    0 467920 430308 183771 430639 12  3 78  7  0  0
12  9 389408 12865256 2089364 163022408    0    0 466736 425288 182634 427948 12  3 78  7  0  0
13  6 389408 12857200 2089364 163024736    0    0 462272 431496 183461 428875 12  3 78  7  0  0
14  5 389408 12852648 2089364 163027108    0    0 463536 433092 183815 430223 12  3 78  7  0  0
16  6 389408 12851824 2089364 163029444    0    0 469088 430708 184210 433093 12  3 78  7  0  0
20  3 389408 12849096 2089364 163031828    0    0 469216 428396 184508 434256 12  3 78  7  0  0
17  3 389408 12842984 2089364 163034172    0    0 469808 431044 183545 431844 12  3 78  7  0  0
13  7 389408 12842260 2089364 163036580    0    0 464656 425128 182198 423585 11  3 78  7  0  0
13  6 389408 12836256 2089364 163038872    0    0 458784 419200 180877 421656 11  3 78  7  0  0
10  8 389408 12838328 2089364 163041232    0    0 455872 410040 178844 413356 11  3 78  7  0  0
15  5 389408 12834888 2089364 163043472    0    0 457472 415888 178331 412092 11  3 78  7  0  0
17  2 389408 12834640 2089364 163045832    0    0 470992 423160 180886 420630 11  3 78  7  0  0
13  5 389408 12829552 2089364 163048156    0    0 470960 427292 181680 421682 12  3 78  7  0  0
procs -----------memory---------- ---swap-- -----io---- -system-- -------cpu-------
 r  b   swpd   free   buff  cache   si   so    bi    bo   in   cs us sy id wa st gu
12  7 389408 12828908 2089368 163050536    0    0 467508 422056 180797 420129 12  3 78  7  0  0
13  6 389408 12822768 2089368 163052936    0    0 466736 417168 180051 418893 12  3 78  7  0  0
15  5 389408 12819724 2089368 163055228    0    0 458272 415312 178253 410655 11  3 79  7  0  0
12  8 389408 12819128 2089368 163057540    0    0 461664 423296 179906 420055 12  3 78  7  0  0
15  5 389408 12820248 2089368 163059940    0    0 455008 411404 178304 409590 11  3 78  7  0  0
14  5 389408 12817728 2089368 163062280    0    0 459808 413360 177897 412451 11  3 78  7  0  0
16  5 389408 12819408 2089368 163064408    0    0 456880 412664 179167 415031 11  3 78  7  0  0
15  5 389408 12816404 2089368 163066840    0    0 462336 409496 178846 414971 11  3 78  7  0  0
13  5 389408 12813364 2089368 163069148    0    0 467024 420208 180339 422359 11  3 78  7  0  0
14  5 389408 12812368 2089368 163071516    0    0 462048 418404 179695 419053 12  3 78  7  0  0
20  3 389408 12809108 2089368 163073888    0    0 463936 427432 184210 428545 12  3 78  7  0  0
13  6 389408 12808800 2089368 163076108    0    0 468000 435000 185050 430786 12  3 78  7  0  0
11  7 389408 12811016 2089368 163078676    0    0 471424 428408 185112 432699 11  3 78  7  0  0
13  5 389408 12805520 2089368 163080964    0    0 470016 438612 185954 430428 12  3 78  7  0  0
14  5 389408 12802012 2089368 163083332    0    0 463616 430588 182688 425969 12  3 78  7  0  0
12  8 389408 12797840 2089376 163085724    0    0 465856 426160 183145 425478 12  3 78  7  0  0
11  9 389408 12792740 2089376 163088108    0    0 469824 432072 184771 432663 12  3 78  7  0  0
10 10 389408 12794088 2089376 163090552    0    0 468464 431080 184150 427699 12  3 78  7  0  0
15  4 389408 12790672 2089376 163092748    0    0 470800 434336 184018 430363 11  3 78  7  0  0
17  3 389408 12785680 2089376 163095260    0    0 466448 424640 182411 429888 12  3 78  7  0  0
12  8 389408 12784844 2089376 163097580    0    0 448512 412056 179050 414711 11  3 79  7  0  0
procs -----------memory---------- ---swap-- -----io---- -system-- -------cpu-------
 r  b   swpd   free   buff  cache   si   so    bi    bo   in   cs us sy id wa st gu
13  8 389408 12780592 2089376 163099852    0    0 453552 414496 180486 414946 11  3 78  7  0  0
14  6 389408 12780224 2089376 163102220    0    0 457088 420308 180714 417061 11  3 79  7  0  0
14  4 389408 12778696 2089376 163104476    0    0 455984 420668 181480 417958 11  3 78  7  0  0
14  6 389408 12775756 2089376 163106672    0    0 455536 420136 181073 419981 11  3 78  7  0  0
16  3 389408 12773160 2089376 163109128    0    0 461008 419412 182146 420741 11  3 78  7  0  0
16  3 389408 12773196 2089376 163111228    0    0 455872 417708 180394 415852 11  3 78  7  0  0
16  4 389408 12771524 2089376 163113668    0    0 458592 419208 179967 418666 11  3 78  7  0  0
13  7 389408 12768676 2089376 163116004    0    0 459216 423452 181781 421561 11  3 78  7  0  0
14  6 389408 12772632 2089376 163118320    0    0 456112 418808 181617 422138 11  3 78  7  0  0
14  5 389408 12768020 2089376 163120628    0    0 442992 410792 177867 409771 11  3 79  7  0  0
15  4 389408 12764276 2089376 163122888    0    0 447840 409600 178763 410815 11  3 78  7  0  0
12  6 389408 12759868 2089376 163125092    0    0 441792 407300 177956 409586 11  3 78  7  0  0
13  6 389408 12759664 2089376 163127360    0    0 452128 408460 179169 414055 11  3 78  7  0  0
15  7 389408 12752100 2089376 163129660    0    0 446944 423212 179676 412496 11  3 78  7  0  0
16  7 389408 12748664 2089376 163131924    0    0 456624 415364 180847 419191 11  3 78  7  0  0
11  8 389408 12741208 2089376 163134176    0    0 458640 416924 181116 419393 11  3 78  7  0  0
13  6 389408 12739736 2089376 163136568    0    0 450608 411740 179945 414135 11  3 78  7  0  0
17  5 389408 12734536 2089376 163138724    0    0 451520 418436 180225 416063 11  3 79  7  0  0
18  4 389408 12736060 2089376 163141120    0    0 453536 420956 180851 419670 11  3 79  7  0  0
14  4 389408 12728788 2089380 163143440    0    0 456432 421040 181969 419309 12  3 78  7  0  0
15  4 389408 12731508 2089380 163145768    0    0 458576 414660 179924 414273 11  3 78  7  0  0
procs -----------memory---------- ---swap-- -----io---- -system-- -------cpu-------
 r  b   swpd   free   buff  cache   si   so    bi    bo   in   cs us sy id wa st gu
10  9 389408 12726860 2089380 163147928    0    0 459568 424244 181460 418792 12  3 78  7  0  0
14  6 389408 12720464 2089380 163150380    0    0 462400 423448 183005 422250 11  3 78  7  0  0
14  7 389408 12722592 2089380 163152724    0    0 456688 424544 181036 416390 11  3 78  7  0  0
10  9 389408 12722060 2089384 163155000    0    0 457456 417140 180462 416580 11  3 78  7  0  0
13  7 389408 12720412 2089384 163157348    0    0 465648 421924 181854 424160 11  3 78  7  0  0
14  6 389408 12718228 2089384 163159660    0    0 465248 420100 182542 427030 11  3 78  7  0  0
16  2 389408 12712236 2089384 163161996    0    0 463888 422284 181796 425788 11  3 78  7  0  0
15  4 389408 12710268 2089384 163164268    0    0 452480 417780 179915 416450 11  3 79  7  0  0
12  8 389408 12710388 2089384 163166636    0    0 454240 420724 181483 416594 11  3 78  7  0  0
13  7 389408 12710164 2089384 163168888    0    0 456128 417844 181318 419253 11  3 78  7  0  0
16  5 389408 12703528 2089384 163171172    0    0 464640 420192 182312 425992 12  3 78  7  0  0
18  3 389408 12703244 2089384 163173532    0    0 458432 422868 181787 421334 11  3 78  7  0  0
14  6 389408 12697424 2089384 163175748    0    0 458736 420200 182042 423229 12  3 78  7  0  0
 9 10 389408 12694592 2089388 163178196    0    0 457584 419860 181968 419391 11  3 78  7  0  0
14  6 389408 12695984 2089388 163180532    0    0 461504 419972 182155 420731 11  3 78  7  0  0
12  7 389408 12696648 2089388 163182832    0    0 457728 419124 179800 417576 11  3 78  7  0  0
10  9 389408 12690076 2089388 163185136    0    0 446496 412292 178010 409735 11  3 78  7  0  0
12  8 389408 12668280 2089388 163187408    0    0 445040 409896 178023 406444 11  3 79  7  0  0
13  9 389408 12662172 2089388 163189724    0    0 449312 409928 178563 409655 11  3 78  7  0  0
11  8 389408 12664116 2089388 163191968    0    0 449504 409020 178541 412970 11  3 78  7  0  0
18  1 389408 12660248 2089388 163194200    0    0 449424 414012 179334 414132 11  3 78  7  0  0
procs -----------memory---------- ---swap-- -----io---- -system-- -------cpu-------
 r  b   swpd   free   buff  cache   si   so    bi    bo   in   cs us sy id wa st gu
 9  4 389408 12654072 2089388 163196524    0    0 452000 418868 179687 417680 11  3 78  7  0  0
12  7 389408 12657108 2089388 163198788    0    0 453952 412200 180420 417603 11  3 78  7  0  0
 7 12 389408 12659072 2089388 163201096    0    0 446608 410264 179152 412767 11  3 78  7  0  0
13  5 389408 12659792 2089388 163203320    0    0 446992 408088 179099 411127 11  3 79  7  0  0
11  9 389408 12659212 2089388 163205604    0    0 450064 411596 179707 412715 11  3 78  7  0  0
 7 12 389408 12658700 2089388 163207868    0    0 450608 415612 180020 411897 11  3 78  7  0  0
15  5 389408 12652068 2089388 163210088    0    0 451136 412152 180150 413246 11  3 78  7  0  0
14  6 389408 12646556 2089392 163212460    0    0 453936 415904 180463 415726 11  3 78  7  0  0
15  6 389408 12651472 2089392 163214680    0    0 452624 414828 179235 413112 11  3 78  7  0  0
15  4 389408 12645408 2089392 163216992    0    0 446656 411900 178034 407969 11  3 78  7  0  0
11  9 389408 12643364 2089392 163219260    0    0 448608 410728 178735 412816 11  3 78  7  0  0
 9 10 389408 12641736 2089392 163221412    0    0 453440 411848 180038 417438 11  3 78  7  0  0
 7  0 389408 12639548 2089392 163223736    0    0 458672 410656 180653 418774 11  3 78  7  0  0
22  2 389408 12637864 2089392 163226100    0    0 457952 417228 181434 418659 11  3 78  7  0  0
 5  0 389408 12631400 2089392 163228404    0    0 451808 424048 180528 416844 11  3 78  7  0  0
13  6 389408 12631796 2089392 163230496    0    0 461424 418664 182266 422297 11  3 78  7  0  0
17  3 389408 12626256 2089392 163232956    0    0 453440 418596 179684 415785 11  3 79  7  0  0
15  6 389408 12630128 2089392 163235224    0    0 460272 420736 181264 419235 11  3 78  7  0  0
10  9 389408 12625700 2089392 163237584    0    0 456112 413092 180380 416687 11  3 78  7  0  0
14  5 389408 12628608 2089392 163239860    0    0 459984 415916 181114 420378 11  3 78  7  0  0
10  9 389408 12623420 2089392 163242208    0    0 455248 417380 180924 421084 11  3 78  7  0  0
procs -----------memory---------- ---swap-- -----io---- -system-- -------cpu-------
 r  b   swpd   free   buff  cache   si   so    bi    bo   in   cs us sy id wa st gu
 9  8 389408 12622220 2089392 163244480    0    0 449312 415780 179951 412704 11  3 78  7  0  0
15  5 389408 12617028 2089396 163246720    0    0 448944 415540 179608 415285 11  3 78  7  0  0
 7  1 389408 12614456 2089396 163249040    0    0 454800 412060 178057 412942 11  3 78  7  0  0
 4  1 389408 12610548 2089396 163251356    0    0 449280 411256 179802 416081 11  3 78  7  0  0
 7 13 389408 12606720 2089396 163253572    0    0 452496 418640 180377 414534 11  3 78  7  0  0
13  7 389408 12603848 2089396 163255976    0    0 458352 415560 180921 419863 11  3 78  7  0  0
15  6 389408 12601780 2089396 163258160    0    0 452672 412696 179085 414284 11  3 78  7  0  0
 6 13 389408 12598264 2089396 163260544    0    0 455104 418108 180354 416398 11  3 78  7  0  0
12  0 389408 12597192 2089396 163262848    0    0 458032 419268 180631 418783 11  3 78  7  0  0
 7  0 389408 12595172 2089396 163265160    0    0 460000 412460 182134 422134 11  3 78  7  0  0
12  2 389408 12590568 2089396 163267532    0    0 455968 410580 181237 421920 11  3 78  7  0  0
 7  1 389408 12590308 2089396 163269756    0    0 454288 420568 180263 415312 11  3 78  7  0  0
13  6 389408 12590340 2089396 163272100    0    0 456672 409008 180245 417721 11  3 78  7  0  0
12  6 389408 12586428 2089396 163274412    0    0 460160 420164 181519 421664 11  3 78  7  0  0
13  5 389408 12584892 2089396 163276756    0    0 458080 417780 180878 416226 11  3 78  7  0  0
16  4 389408 12580200 2089396 163279012    0    0 448800 413164 179286 411517 11  3 78  7  0  0
15  4 389408 12573492 2089396 163281348    0    0 452672 414164 180021 414821 12  3 78  7  0  0
15  5 389408 12575072 2089396 163283616    0    0 461648 421988 181912 422355 11  3 78  7  0  0
17  5 389408 12567968 2089396 163285972    0    0 461088 424688 182091 424808 11  3 78  7  0  0
 9  9 389408 12566712 2089396 163288276    0    0 459536 423928 181858 421336 11  3 78  7  0  0
 4  2 389408 12568620 2089396 163290636    0    0 457216 424576 182347 424879 12  3 78  7  0  0
procs -----------memory---------- ---swap-- -----io---- -system-- -------cpu-------
 r  b   swpd   free   buff  cache   si   so    bi    bo   in   cs us sy id wa st gu
13  6 389408 12566792 2089396 163292956    0    0 460000 420012 182177 423310 11  3 78  7  0  0
 7  4 389408 12571896 2089396 163295172    0    0 456592 431004 182987 423490 11  3 78  7  0  0
14  8 389408 12567808 2089396 163297580    0    0 458544 426768 182640 421422 12  3 78  7  0  0
12  7 389408 12568616 2089396 163299900    0    0 466144 410500 182127 426267 11  3 78  7  0  0
 4  3 389408 12562332 2089396 163302208    0    0 456640 431164 182531 422483 11  3 78  7  0  0
 7  0 389408 12557168 2089396 163304580    0    0 460560 417532 181764 420604 11  3 79  7  0  0
 5  0 389408 12552020 2089396 163306920    0    0 461696 431408 182720 422584 11  3 78  7  0  0
16  0 389408 12550876 2089396 163309236    0    0 457248 415744 180317 421152 11  3 78  7  0  0
 9 10 389408 12548616 2089396 163311512    0    0 454784 429180 182175 420163 11  3 79  7  0  0
 4  2 389408 12548748 2089396 163313888    0    0 459680 410776 181618 424072 11  3 78  7  0  0
10 10 389408 12547772 2089396 163316196    0    0 454912 416264 182078 417481 11  3 78  7  0  0
 6  0 389408 12547172 2089396 163318440    0    0 459728 424044 182654 421971 11  3 78  7  0  0
15  6 389408 12546428 2089396 163320724    0    0 458240 421648 181184 417608 12  3 78  7  0  0
13  5 389408 12545080 2089396 163323176    0    0 458800 419176 182302 420976 11  3 79  7  0  0
13  5 389408 12541632 2089396 163325432    0    0 457504 424564 182612 424529 11  3 78  7  0  0
14  5 389408 12543896 2089396 163327720    0    0 457872 419600 181585 419850 11  3 78  7  0  0
 5  0 389408 12539448 2089396 163330076    0    0 459040 423800 182561 422649 11  3 78  7  0  0
 5  0 389408 12533060 2089396 163332348    0    0 456960 426972 181582 419357 11  3 78  7  0  0
 7 11 389408 12525640 2089396 163334628    0    0 455808 430256 182138 422485 11  3 79  7  0  0
 0  2 389408 12520556 2089396 163337016    0    0 460128 419768 181952 421560 11  3 78  7  0  0
 6  2 389408 12521700 2089396 163339316    0    0 458752 426964 183415 425327 11  3 78  7  0  0
procs -----------memory---------- ---swap-- -----io---- -system-- -------cpu-------
 r  b   swpd   free   buff  cache   si   so    bi    bo   in   cs us sy id wa st gu
10  7 389408 12518940 2089396 163341584    0    0 462544 409600 181895 422056 11  3 78  7  0  0
 4  1 389408 12514824 2089396 163343872    0    0 451504 428204 181418 416284 11  3 79  7  0  0
10 10 389408 12515572 2089396 163346188    0    0 456592 426064 183026 426415 11  3 78  7  0  0
16  3 389408 12516828 2089396 163348536    0    0 464144 425644 183153 426821 11  3 78  7  0  0
14  5 389408 12511612 2089396 163350812    0    0 460224 422812 181712 422478 11  3 78  7  0  0
17  5 389408 12511484 2089396 163353244    0    0 462640 423308 183681 426970 11  3 78  7  0  0
14  6 389408 12510620 2089396 163355544    0    0 458032 422000 182863 424688 11  3 78  7  0  0
 6  2 389408 12505992 2089396 163357908    0    0 456368 422420 182323 422399 11  3 78  7  0  0
17  4 389408 12501104 2089396 163360184    0    0 459552 425568 182349 422785 11  3 78  7  0  0
 8  0 389408 12499976 2089396 163362552    0    0 454160 420256 180933 418350 11  3 78  7  0  0
 9  9 389408 12495240 2089396 163364812    0    0 455600 422636 181381 419053 11  3 78  7  0  0
 8 10 389408 12497220 2089396 163367096    0    0 462960 424964 182684 422715 12  3 78  7  0  0
 9  9 389408 12490336 2089396 163369464    0    0 466352 425644 183810 427298 11  3 78  7  0  0
11  7 389408 12485428 2089396 163371748    0    0 460896 422380 181525 419672 11  3 78  7  0  0
16  3 389408 12484192 2089396 163374180    0    0 464576 425952 183711 430289 11  3 78  7  0  0
13  7 389408 12478912 2089396 163376492    0    0 460048 423232 182479 420923 11  3 78  7  0  0
 6  3 389408 12479084 2089396 163378640    0    0 459808 424780 183035 423178 12  3 78  7  0  0
12  6 389408 12474752 2089396 163381108    0    0 456112 417812 181429 418560 11  3 78  7  0  0
 8 10 389408 12470612 2089396 163383380    0    0 455040 417480 182020 418996 11  3 78  7  0  0
 4  0 389408 12468196 2089396 163385732    0    0 464336 423864 183015 423490 11  3 78  7  0  0
11  7 389408 12469600 2089396 163388012    0    0 460272 425104 182864 425176 12  3 78  7  0  0
procs -----------memory---------- ---swap-- -----io---- -system-- -------cpu-------
 r  b   swpd   free   buff  cache   si   so    bi    bo   in   cs us sy id wa st gu
 7  4 389408 12424300 2089396 163390352    0    0 430528 403312 175671 396928 11  3 79  7  0  0
 7  0 389408 12421756 2089396 163392560    0    0 462288 413536 181309 421686 11  3 78  7  0  0
 7  1 389408 12416524 2089396 163394904    0    0 456432 430708 180826 417978 11  3 78  7  0  0
 2  2 389408 12413552 2089396 163397120    0    0 467712 412400 181624 422659 11  3 78  7  0  0
14  5 389408 12407688 2089396 163399508    0    0 460752 419540 182014 423954 11  3 78  7  0  0
13  5 389408 12466812 2089400 163401832    0    0 456484 417468 180780 419541 11  3 78  7  0  0
 2  2 389408 12461988 2089400 163404100    0    0 452768 424800 180764 417820 11  3 78  7  0  0
 9  9 389408 12458048 2089400 163406380    0    0 451616 421072 181102 416532 11  3 78  7  0  0
 3  3 389408 12455976 2089404 163408684    0    0 458224 421700 180886 420148 11  3 79  7  0  0
 6  0 389408 12451888 2089404 163410996    0    0 460800 413824 182037 423099 11  3 78  7  0  0
12  7 389408 12449628 2089404 163413316    0    0 454864 413676 180119 418537 11  3 78  7  0  0
 6  0 389408 12448812 2089404 163415604    0    0 461984 427144 182115 422537 11  3 78  7  0  0
19  0 389408 12444900 2089404 163417952    0    0 457648 429260 180824 421635 11  3 78  7  0  0
10  8 389408 12441804 2089412 163420244    0    0 458000 421112 182491 422585 11  3 78  7  0  0
 4 11 389408 12437452 2089412 163422544    0    0 460464 424472 181959 424246 12  3 78  7  0  0
 8 12 389408 12436564 2089412 163424900    0    0 455536 422748 181397 420919 11  3 78  7  0  0
10  7 389408 12434604 2089412 163427180    0    0 457824 417336 181285 418742 11  3 78  7  0  0
 6 10 389408 12430704 2089412 163429488    0    0 463312 424340 182237 424140 11  3 78  7  0  0
11  8 389408 12428016 2089416 163431868    0    0 457904 422456 180833 419000 11  3 78  7  0  0
 6  1 389408 12438320 2089416 163434168    0    0 460688 424468 183563 426871 11  3 78  7  0  0
 3  2 389408 12431588 2089416 163436488    0    0 460176 419504 181896 422112 11  3 78  7  0  0
procs -----------memory---------- ---swap-- -----io---- -system-- -------cpu-------
 r  b   swpd   free   buff  cache   si   so    bi    bo   in   cs us sy id wa st gu
15  5 389408 12434692 2089416 163438816    0    0 461888 414804 182470 424808 11  3 78  7  0  0
15  1 389408 12426588 2089416 163441176    0    0 457984 429000 182389 421299 11  3 78  7  0  0
10  8 389408 12425052 2089416 163443452    0    0 457360 431284 182444 419934 12  3 78  7  0  0
 4  2 389408 12420232 2089416 163445796    0    0 458448 411480 180888 418848 12  3 78  7  0  0
11  7 389408 12416812 2089416 163448172    0    0 463936 409604 181727 422410 11  3 78  7  0  0
 9  0 389408 12415236 2089416 163450400    0    0 458064 425848 181932 422189 11  3 78  7  0  0
 8  1 389408 12409596 2089416 163452792    0    0 458976 424208 181569 422936 11  3 78  7  0  0
 7  1 389408 12405168 2089420 163455052    0    0 457504 413828 181174 419803 11  3 78  7  0  0
 9 10 389408 12402556 2089420 163457400    0    0 458816 431272 182156 418421 11  3 78  7  0  0
 9 10 389408 12405172 2089420 163459704    0    0 457536 407912 181659 421002 11  3 78  7  0  0
16  3 389408 12404248 2089420 163461968    0    0 457776 423520 182603 419868 11  3 78  7  0  0
12  7 389408 12399084 2089420 163464328    0    0 463744 427432 182955 423633 11  3 78  7  0  0
16  3 389408 12398480 2089420 163466604    0    0 459680 426388 181984 422500 11  3 78  7  0  0
14  5 389408 12392724 2089420 163468952    0    0 466736 424672 183022 428482 11  3 78  7  0  0
17  2 389408 12391960 2089420 163471360    0    0 461936 424608 181910 422909 11  3 78  7  0  0
12  5 389408 12388628 2089420 163473624    0    0 462496 423824 183102 425904 12  3 78  7  0  0
16  4 389408 12385352 2089420 163476056    0    0 466144 431088 184425 426824 12  3 78  7  0  0
14  4 389408 12385692 2089424 163478352    0    0 463712 426412 182411 425030 11  3 78  7  0  0
10  1 389408 12383220 2089424 163480684    0    0 460688 437448 182122 421003 11  3 78  7  0  0
15  4 389408 12390584 2089424 163483072    0    0 465008 414096 183106 424484 11  3 78  7  0  0
15  4 389408 12383700 2089424 163485348    0    0 461728 424580 182947 423862 12  3 78  7  0  0
procs -----------memory---------- ---swap-- -----io---- -system-- -------cpu-------
 r  b   swpd   free   buff  cache   si   so    bi    bo   in   cs us sy id wa st gu
14  4 389408 12382880 2089424 163487552    0    0 462944 425968 181870 423986 11  3 78  7  0  0
14  6 389408 12381816 2089424 163490004    0    0 465424 425992 183739 428009 12  3 78  7  0  0
17  3 389408 12377800 2089424 163492356    0    0 468384 426988 182618 427484 11  3 78  7  0  0
15  4 389408 12374524 2089424 163494744    0    0 466496 431396 183677 428671 12  3 78  7  0  0
 5  2 389408 12370480 2089424 163497100    0    0 465456 427888 185216 426999 12  3 78  7  0  0
15  4 389408 12367624 2089424 163499432    0    0 466240 425736 183080 429925 11  3 78  7  0  0
15  4 389408 12369368 2089424 163501816    0    0 466640 421572 182798 424971 12  3 78  7  0  0
 6  0 389408 12371248 2089424 163504192    0    0 454768 429172 182018 420691 11  3 79  7  0  0
14  9 389408 12363964 2089424 163506432    0    0 453504 411968 181951 418075 12  3 79  7  0  0
12  0 389408 12362472 2089424 163508612    0    0 456992 419336 181799 422740 11  3 78  7  0  0
16  2 389408 12359372 2089424 163511020    0    0 465200 429900 183454 425266 12  3 78  7  0  0
11  9 389408 12356832 2089424 163513352    0    0 464944 422284 182072 425170 12  3 78  7  0  0
12  7 389408 12353364 2089424 163515712    0    0 462192 428612 183272 427630 12  3 78  7  0  0
10  2 389408 12347300 2089424 163518016    0    0 459200 439560 182094 425063 11  3 78  7  0  0
16  4 389408 12350276 2089424 163520448    0    0 460208 420400 181854 424178 11  3 78  7  0  0
10  0 389408 12346580 2089424 163522772    0    0 464864 413976 182146 426208 12  3 78  7  0  0
 8  0 389408 12344496 2089424 163525044    0    0 457456 436980 182703 419853 12  3 78  7  0  0
 3  4 389408 12338684 2089424 163527292    0    0 465600 416012 181876 424211 12  3 78  7  0  0
 4  2 389408 12342036 2089424 163529716    0    0 457232 421924 181822 421747 11  3 79  7  0  0
 7  0 389408 12336224 2089424 163532004    0    0 461200 420720 182627 425192 11  3 79  7  0  0
 9  0 389408 12331036 2089424 163534340    0    0 458352 428960 181902 422373 11  3 78  7  0  0
procs -----------memory---------- ---swap-- -----io---- -system-- -------cpu-------
 r  b   swpd   free   buff  cache   si   so    bi    bo   in   cs us sy id wa st gu
 6  2 389408 12325112 2089424 163536664    0    0 453760 415080 178957 415249 11  3 79  7  0  0
10  1 389408 12325808 2089424 163539032    0    0 463264 425432 181937 421501 11  3 79  7  0  0
 8  9 389408 12323316 2089424 163541368    0    0 460800 433680 182711 422186 11  3 78  7  0  0
11 10 389408 12323468 2089424 163543644    0    0 463744 425828 182633 425251 11  3 78  7  0  0
 9  0 389408 12322792 2089428 163546012    0    0 459936 416924 182347 425801 12  3 78  7  0  0
16  6 389408 12320496 2089428 163548328    0    0 462464 435936 184366 425492 12  3 78  7  0  0
 6  2 389408 12319696 2089428 163550628    0    0 465216 422956 183225 429479 12  3 78  7  0  0
10  1 389408 12316316 2089428 163553004    0    0 456368 434940 183197 423696 12  3 78  7  0  0
16  1 389408 12318364 2089428 163555340    0    0 460976 427156 181122 421208 11  3 78  7  0  0
 8  0 389408 12316968 2089428 163557664    0    0 463936 419636 181990 421803 11  3 78  7  0  0
12  0 389408 12312104 2089428 163560004    0    0 465168 434784 183771 427153 12  3 78  7  0  0
 5  3 389408 12313056 2089428 163562332    0    0 468512 416928 182866 427167 12  3 78  7  0  0
15  1 389408 12308180 2089428 163564708    0    0 459232 434148 182611 418014 11  3 78  7  0  0
17  6 389408 12300632 2089428 163567000    0    0 464048 410092 181389 422194 12  3 78  7  0  0
16  3 389408 12294796 2089428 163569332    0    0 464288 424560 182663 423267 11  3 78  7  0  0
 6  0 389408 12289480 2089428 163571668    0    0 459520 438048 181568 419771 11  3 78  7  0  0
15  6 389408 12290260 2089428 163574056    0    0 464000 421072 181810 422758 11  3 78  7  0  0
15  6 389408 12287732 2089428 163576372    0    0 464352 431420 182372 421411 11  3 78  7  0  0
 8  7 389408 12289084 2089428 163578772    0    0 466256 424484 182776 425681 11  3 78  7  0  0
17  4 389408 12289724 2089428 163581148    0    0 464688 428576 182444 422036 11  3 79  7  0  0
 3  2 389408 12285632 2089428 163583476    0    0 462704 422372 181907 421397 12  3 78  7  0  0
procs -----------memory---------- ---swap-- -----io---- -system-- -------cpu-------
 r  b   swpd   free   buff  cache   si   so    bi    bo   in   cs us sy id wa st gu
 9  1 389408 12282920 2089428 163585780    0    0 462352 424212 182356 425487 11  3 78  7  0  0
17  0 389408 12279164 2089428 163588072    0    0 460400 435396 183359 426128 11  3 78  7  0  0
 9  0 389408 12275324 2089428 163590464    0    0 470112 417352 183058 429087 11  3 78  7  0  0
11 10 389408 12271484 2089428 163592760    0    0 464048 428780 182081 425780 11  3 78  7  0  0
20  0 389408 12269844 2089428 163595140    0    0 456448 439328 182153 421494 11  3 78  7  0  0
18  5 389408 12268676 2089428 163597508    0    0 466656 412540 183365 428251 12  3 78  7  0  0
13  2 389408 12266764 2089428 163599844    0    0 455200 441732 183241 422417 11  3 79  7  0  0
 6  2 389408 12263244 2089428 163602112    0    0 464528 419156 184112 425322 12  3 78  7  0  0
17  4 389408 12261584 2089428 163604472    0    0 460864 422772 181780 421488 12  3 78  7  0  0
20  2 389408 12255428 2089428 163606772    0    0 458352 421984 182183 422492 12  3 78  7  0  0
14  8 389408 12255784 2089428 163609144    0    0 460992 426092 184318 426709 12  3 78  7  0  0
 9  0 389408 12256080 2089428 163611528    0    0 462432 434784 182996 424478 11  3 79  7  0  0
18  4 389408 12249820 2089428 163613816    0    0 468416 422124 184427 430861 12  3 78  7  0  0
10  0 389408 12245764 2089428 163616176    0    0 460704 432604 183976 426386 12  3 78  7  0  0
18  0 389408 12249236 2089428 163618452    0    0 465104 428048 182096 422580 11  3 78  7  0  0
11  2 389408 12249696 2089428 163620768    0    0 468400 426660 184062 426904 11  3 78  7  0  0
 5  2 389408 12246860 2089428 163623176    0    0 466864 423664 183614 426667 11  3 78  7  0  0
20  3 389408 12245384 2089428 163625488    0    0 460624 440060 183974 424926 11  3 78  7  0  0
13  8 389408 12239468 2089432 163627888    0    0 473120 413240 183784 432082 12  3 78  7  0  0
10  0 389408 12237848 2089432 163630300    0    0 461328 426964 180496 416383 11  3 78  7  0  0
14  8 389408 12239120 2089432 163632580    0    0 465904 419388 181003 423594 12  3 78  7  0  0
procs -----------memory---------- ---swap-- -----io---- -system-- -------cpu-------
 r  b   swpd   free   buff  cache   si   so    bi    bo   in   cs us sy id wa st gu
10  0 389408 12234328 2089432 163634936    0    0 455376 439564 182587 422021 11  3 79  7  0  0
20  4 389408 12239920 2089432 163637304    0    0 458304 426720 181688 420697 12  3 78  7  0  0
 7  3 389408 12231692 2089436 163639628    0    0 464624 425068 183828 428505 12  3 78  7  0  0
24  4 389408 12234572 2089436 163641960    0    0 465568 430528 183901 429952 12  3 78  7  0  0
10  6 389408 12233020 2089436 163644260    0    0 462832 428360 182279 423139 11  3 79  7  0  0
13  8 389408 12230032 2089436 163646556    0    0 464208 425464 182561 426186 12  3 78  7  0  0
17  6 389408 12227200 2089436 163648920    0    0 463856 423476 183170 425300 12  3 78  7  0  0
14  7 389408 12224748 2089440 163651320    0    0 460464 431536 183162 423097 11  3 78  7  0  0
16  1 389408 12220128 2089440 163653652    0    0 462160 423712 180320 417850 11  3 78  7  0  0
14  0 389408 12213436 2089440 163656012    0    0 465104 421420 182246 424448 11  3 78  7  0  0
12 10 389408 12211192 2089440 163658344    0    0 457600 430440 184223 424908 11  3 78  7  0  0
17  7 389408 12217588 2089440 163660652    0    0 464064 431848 182235 425948 11  3 78  7  0  0
 7  4 389408 12211888 2089448 163662968    0    0 464464 423232 183134 425500 11  3 78  7  0  0
16  5 389408 12214840 2089448 163665432    0    0 462432 426356 183973 429266 11  3 78  7  0  0
17  9 389408 12208580 2089448 163667704    0    0 466176 430692 183058 425673 12  3 78  7  0  0
12  9 389408 12190636 2089448 163670072    0    0 451248 419972 179646 414578 11  3 79  7  0  0
 4  0 389408 12187020 2089448 163672380    0    0 465408 427704 182790 425982 11  3 78  7  0  0
16  5 389408 12195652 2089452 163674656    0    0 461008 427516 183109 426254 12  3 78  7  0  0
 9  1 389408 12194628 2089452 163677024    0    0 462208 422320 183547 426532 12  3 78  7  0  0
