procs -----------memory---------- ---swap-- -----io---- -system-- -------cpu-------
 r  b   swpd   free   buff  cache   si   so    bi    bo   in   cs us sy id wa st gu
 7  0 389408 98682808 2115936 54477372    2    7 16218 21859 11941    3  2  0 97  0  0  0
 1  0 389408 98690484 2116316 54480808    0    0   380 269524 98786 72884  2  1 97  0  0  0
 1  0 389408 98693832 2116316 54481116    0    0     0 259660 96101 67953  1  1 98  0  0  0
 1  0 389408 98704976 2116316 54481448    0    0     0 254624 95367 68341  1  0 98  1  0  0
 1  0 389408 98721124 2116316 54481804    0    0     0 250220 96154 71206  1  1 98  0  0  0
 2  0 389408 98728816 2116320 54482136    0    0     0 245756 94968 67648  1  0 98  0  0  0
 2  0 389408 98745356 2116320 54482540    0    0     0 242388 95159 66847  1  0 98  0  0  0
 3  0 389408 98755040 2116320 54482848    0    0     0 238568 95111 68214  1  0 98  0  0  0
 1  0 389408 98773624 2116320 54483164    0    0     0 234800 94481 67475  1  0 98  0  0  0
 1  0 389408 98784792 2116320 54483480    0    0     0 233004 94779 68192  1  1 98  0  0  0
 1  0 389408 98786552 2116324 54483868    0    0     0 230012 94613 68457  1  1 98  0  0  0
 1  0 389408 98789680 2116324 54484208    0    0     0 227292 94399 68252  1  0 98  0  0  0
 2  0 389408 98791400 2116324 54484556    0    0     0 224436 93998 65629  1  0 98  0  0  0
 1  0 389408 98804656 2116324 54484892    0    0     0 221532 94154 67376  1  0 98  0  0  0
 1  0 389408 98810816 2116324 54485236    0    0     0 219368 93962 66080  1  0 98  0  0  0
 1  0 389408 98811368 2116324 54485588    0    0     0 217424 93722 67002  1  0 98  0  0  0
 2  0 389408 98818268 2116324 54485916    0    0     0 216120 93636 67893  1  0 98  0  0  0
 1  0 389408 98820912 2116324 54486284    0    0     0 211044 93457 66313  1  0 98  0  0  0
 1  0 389408 98830136 2116324 54486640    0    0     0 210824 93322 66496  1  0 98  0  0  0
 1  0 389408 98837272 2116324 54486976    0    0     0 209820 92691 65659  1  0 98  0  0  0
 1  0 389408 98838960 2116324 54487316    0    0     0 207124 93024 65863  1  0 98  0  0  0
procs -----------memory---------- ---swap-- -----io---- -system-- -------cpu-------
 r  b   swpd   free   buff  cache   si   so    bi    bo   in   cs us sy id wa st gu
 1  0 389408 98838004 2116324 54487660    0    0     0 206264 93074 65424  1  0 98  0  0  0
 0  0 389408 98832284 2116324 54488000    0    0     0 203984 93357 65530  1  0 98  0  0  0
 1  0 389408 98831564 2116328 54488356    0    0     0 202320 93191 65791  1  0 98  0  0  0
 1  0 389408 98832576 2116328 54488680    0    0     0 201896 92300 62678  1  0 98  0  0  0
 2  0 389408 98835220 2116328 54489024    0    0     0 197672 92582 61618  1  0 98  0  0  0
 2  0 389408 98838668 2116328 54489356    0    0     0 196532 92434 62860  1  0 98  0  0  0
 2  0 389408 98831692 2116328 54489708    0    0     0 195308 92227 63546  1  0 98  0  0  0
 1  0 389408 98834688 2116328 54490080    0    0     0 194920 92207 61769  1  0 98  0  0  0
 1  0 389408 98829912 2116328 54490388    0    0     0 193892 92727 64885  1  0 98  0  0  0
 1  0 389408 98838900 2116328 54490776    0    0     0 191528 91881 63431  1  0 98  0  0  0
 1  0 389408 98841448 2116328 54491072    0    0     0 190356 91686 63488  1  0 98  0  0  0
 1  0 389408 98839780 2116328 54491480    0    0     0 138464 89787 57964  1  0 98  0  0  0
 1  0 389408 98835892 2116328 54491792    0    0     0 136376 89413 57577  1  0 98  0  0  0
 2  0 389408 98832764 2116328 54492156    0    0     0 137724 89788 57860  1  0 98  0  0  0
 1  0 389408 98832132 2116328 54492492    0    0     0 135072 89714 58108  1  0 98  0  0  0
 1  0 389408 98833892 2116328 54492852    0    0     0 135664 89457 57215  1  0 98  0  0  0
 1  0 389408 98831088 2116328 54493228    0    0     0 134416 89281 57142  1  0 98  0  0  0
 1  0 389408 98823000 2116332 54493548    0    0     0 133804 89389 57376  1  0 98  0  0  0
 1  0 389408 98818444 2116332 54493916    0    0     0 132936 89366 57306  1  0 98  0  0  0
 1  0 389408 98815936 2116336 54494248    0    0     0 132620 89469 57266  1  0 98  0  0  0
 1  0 389408 98815248 2116336 54494620    0    0     0 133204 89300 57837  1  0 98  0  0  0
procs -----------memory---------- ---swap-- -----io---- -system-- -------cpu-------
 r  b   swpd   free   buff  cache   si   so    bi    bo   in   cs us sy id wa st gu
 1  0 389408 98813028 2116336 54494968    0    0     0 133556 89737 58023  1  0 98  0  0  0
 1  0 389408 98811856 2116336 54495336    0    0     0 131300 89226 56229  1  0 98  0  0  0
 1  0 389408 98812956 2116336 54495696    0    0     0 129652 89551 56736  1  0 98  0  0  0
 1  0 389408 98810936 2116336 54496036    0    0     0 131244 89167 56644  1  0 98  0  0  0
 1  0 389408 98810020 2116336 54496448    0    0     0 130060 89974 57225  1  0 98  0  0  0
 1  0 389408 98811668 2116336 54496748    0    0     0 131392 89303 57443  1  0 98  0  0  0
 1  0 389408 98811036 2116336 54497112    0    0     0 129788 89305 56256  1  0 98  0  0  0
 1  0 389408 98805672 2116336 54497468    0    0     0 130656 89452 55682  1  0 98  0  0  0
 1  0 389408 98804136 2116336 54497824    0    0     0 129372 89122 57184  1  0 98  0  0  0
 2  0 389408 98806012 2116336 54498168    0    0     0 130064 89503 56814  1  0 98  0  0  0
 2  0 389408 98806620 2116336 54498540    0    0     0 129852 89016 56973  1  0 98  0  0  0
 2  0 389408 98805884 2116336 54498868    0    0     0 129708 89168 57676  1  0 98  0  0  0
 1  0 389408 98808512 2116336 54499224    0    0     0 129368 89383 56541  1  0 98  0  0  0
 1  0 389408 98809348 2116336 54499584    0    0     0 129380 89119 56753  1  0 98  0  0  0
 1  0 389408 98809696 2116336 54499920    0    0     0 128620 89353 55780  1  0 98  0  0  0
 1  0 389408 98806740 2116336 54500292    0    0     0 128064 89142 56806  2  0 98  0  0  0
 1  0 389408 98811328 2116336 54500656    0    0     0 128880 89252 57118  1  0 98  0  0  0
 1  0 389408 98806824 2116336 54501000    0    0     0 127660 89050 56619  1  0 98  0  0  0
 1  0 389408 98803764 2116340 54501360    0    0     0 129616 89332 57115  1  0 98  0  0  0
 1  0 389408 98801072 2116340 54501708    0    0     0 126900 89539 56300  1  0 98  0  0  0
 1  0 389408 98795684 2116340 54502068    0    0     0 90952 87695 53150  1  0 98  0  0  0
procs -----------memory---------- ---swap-- -----io---- -system-- -------cpu-------
 r  b   swpd   free   buff  cache   si   so    bi    bo   in   cs us sy id wa st gu
 1  0 389408 98792476 2116340 54502428    0    0     0 89848 87782 52988  1  0 98  0  0  0
 1  0 389408 98792348 2116340 54502784    0    0     0 90004 87973 52276  1  0 98  0  0  0
 2  0 389408 98792252 2116344 54503148    0    0     0 90064 87685 52677  1  0 98  0  0  0
 1  0 389408 98790736 2116344 54503520    0    0     0 89556 87681 52837  1  0 98  0  0  0
 1  0 389408 98790432 2116344 54503868    0    0     0 90288 87638 53148  1  0 98  0  0  0
 1  0 389408 98790992 2116344 54504232    0    0     0 91652 88087 54162  1  0 98  0  0  0
 1  0 389408 98785020 2116480 54504448    0    0   132 90692 87916 51705  1  0 98  0  0  0
 3  0 389408 98784168 2116484 54504960    0    0     0 90780 88245 53627  1  0 98  0  0  0
 1  0 389408 98786384 2116484 54505316    0    0     0 90340 88093 53537  1  0 98  0  0  0
 1  0 389408 98784712 2116484 54505660    0    0     0 89600 87803 53023  1  0 98  0  0  0
 1  0 389408 98788868 2116484 54506016    0    0     0 118140 89185 54134  1  0 98  0  0  0
 1  0 389408 98788992 2116484 54506372    0    0     0 186096 91742 61930  1  0 98  1  0  0
 1  0 389408 98785172 2116488 54506688    0    0     0 210564 92696 63332  1  0 98  1  0  0
 1  0 389408 98795660 2116488 54507040    0    0     0 221376 93206 65808  1  0 98  0  0  0
 1  0 389408 98793836 2116488 54507376    0    0     0 225632 93511 66996  1  0 98  0  0  0
 1  0 389408 98794436 2116488 54507772    0    0     0 226816 93433 65494  1  0 98  0  0  0
 1  0 389408 98797300 2116488 54507912    0    0     0 234152 94247 65580  1  0 98  1  0  0
 1  0 389408 98795748 2116492 54508400    0    0     0 240284 94039 68729  1  0 98  1  0  0
 1  0 389408 98803212 2116492 54508720    0    0     0 241940 94107 69184  1  0 98  1  0  0
 1  0 389408 98799308 2116492 54509068    0    0     0 245784 94117 67964  1  0 98  1  0  0
 2  0 389408 98791612 2116492 54509420    0    0     0 250564 94773 67364  1  0 98  1  0  0
procs -----------memory---------- ---swap-- -----io---- -system-- -------cpu-------
 r  b   swpd   free   buff  cache   si   so    bi    bo   in   cs us sy id wa st gu
 1  0 389408 98792024 2116492 54509724    0    0     0 251352 94570 67849  1  0 98  1  0  0
 1  0 389408 98787484 2116492 54510048    0    0     0 257420 95223 65600  1  0 98  1  0  0
 1  0 389408 98788540 2116492 54510328    0    0     0 263408 95694 66505  1  0 98  1  0  0
 1  0 389408 98787988 2116492 54510640    0    0     0 242648 93943 67535  1  0 98  0  0  0
 3  0 389408 98789768 2116492 54510960    0    0     0 223896 92823 65713  1  0 98  0  0  0
 1  0 389408 98793668 2116492 54511292    0    0     0 207980 92853 64145  1  0 98  0  0  0
 1  0 389408 98791780 2116496 54511672    0    0     0 193812 92222 62575  1  0 98  0  0  0
 4  0 389408 98791796 2116496 54512000    0    0     0 181524 91635 61173  1  0 98  0  0  0
 1  0 389408 98790204 2116496 54512316    0    0     0 169192 91272 60710  1  0 98  0  0  0
 1  0 389408 98792956 2116496 54512732    0    0     0 161008 90873 59650  1  0 98  0  0  0
 1  0 389408 98788704 2116496 54513088    0    0     0 152784 90645 58936  1  0 98  0  0  0
 0  1 389408 98793204 2116496 54513396    0    0     0 145572 90183 58344  1  0 98  0  0  0
 1  0 389408 98787876 2116496 54513732    0    0     0 138932 90187 58241  1  0 98  0  0  0
 1  0 389408 98786440 2116496 54514084    0    0     0 133736 89828 57369  1  0 98  0  0  0
 1  0 389408 98792740 2116496 54514432    0    0     0 128664 89902 55989  1  0 98  0  0  0
 1  0 389408 98798972 2116496 54514796    0    0     0 125096 89359 55790  1  0 98  0  0  0
 1  0 389408 98794648 2116500 54515136    0    0     0 122072 89343 54931  1  0 98  0  0  0
 2  0 389408 98794068 2116500 54515496    0    0     0 118300 88837 55508  1  0 98  0  0  0
 1  0 389408 98789768 2116500 54515856    0    0     0 115776 88880 55531  1  0 98  0  0  0
 1  0 389408 98784488 2116500 54516232    0    0     0 113052 88863 55067  1  0 98  0  0  0
 1  0 389408 98779548 2116500 54516556    0    0     0 111552 88748 54484  1  0 98  0  0  0
procs -----------memory---------- ---swap-- -----io---- -system-- -------cpu-------
 r  b   swpd   free   buff  cache   si   so    bi    bo   in   cs us sy id wa st gu
 2  0 389408 98775300 2116504 54516916    0    0     0 110412 88612 55046  1  0 98  0  0  0
 1  0 389408 98785344 2116504 54517244    0    0     0 108660 88691 54356  1  0 98  0  0  0
 1  0 389408 98783328 2116504 54517604    0    0     0 107180 88843 53773  1  0 98  0  0  0
 1  0 389408 98788064 2116504 54517956    0    0     0 106268 88641 53759  1  0 98  0  0  0
 1  0 389408 98788460 2116504 54518312    0    0     0 105028 88257 53226  1  0 98  0  0  0
 1  0 389408 98783980 2116504 54518680    0    0     0 104032 88600 53291  1  0 98  0  0  0
 1  0 389408 98784156 2116504 54519016    0    0     0 103476 88110 53736  1  0 98  0  0  0
 1  0 389408 98777704 2116504 54519376    0    0     0 102560 88422 53455  1  0 98  0  0  0
 2  0 389408 98781344 2116504 54519736    0    0     0 102132 88342 53478  1  0 98  0  0  0
 1  0 389408 98787736 2116504 54520068    0    0     0 101552 88406 53734  1  0 98  0  0  0
 1  0 389408 98788212 2116504 54520432    0    0     0 101176 88185 53322  1  0 98  0  0  0
 1  0 389408 98782832 2116504 54520760    0    0     0 101060 88452 53713  1  0 98  0  0  0
 1  0 389408 98782200 2116504 54521136    0    0     0 100092 88154 53369  1  0 98  0  0  0
 1  0 389408 98781780 2116504 54521464    0    0     0 100192 88645 54334  1  0 98  0  0  0
 2  0 389408 98780984 2116504 54521832    0    0     0 100080 88467 54135  1  0 98  0  0  0
 2  0 389408 98789180 2116504 54522212    0    0     0 100012 88608 53245  1  0 98  0  0  0
 2  0 389408 98785104 2116504 54522572    0    0     0 99848 88511 52997  1  0 98  0  0  0
 1  0 389408 98788828 2116504 54522896    0    0     0 88768 88294 52604  1  0 98  0  0  0
 2  0 389408 98789600 2116504 54523232    0    0     0 89692 87778 52314  1  0 98  0  0  0
 1  0 389408 98796304 2116504 54523592    0    0     0 90784 87979 51590  1  0 98  0  0  0
 1  0 389408 98792540 2116508 54523984    0    0     0 91892 88128 52913  1  0 98  0  0  0
procs -----------memory---------- ---swap-- -----io---- -system-- -------cpu-------
 r  b   swpd   free   buff  cache   si   so    bi    bo   in   cs us sy id wa st gu
 1  0 389408 98791560 2116508 54524340    0    0     0 92856 88452 53385  1  0 98  0  0  0
 1  0 389408 98789936 2116508 54524680    0    0     0 92804 88126 52566  1  0 98  0  0  0
 1  0 389408 98786648 2116508 54525040    0    0     0 93244 88171 52755  1  0 98  0  0  0
 1  0 389408 98778420 2116508 54525408    0    0     0 93688 88304 51455  1  0 98  0  0  0
 1  0 389408 98780856 2116508 54525720    0    0     0 94484 88506 52387  1  0 98  0  0  0
 1  0 389408 98779220 2116508 54526096    0    0     0 94288 87989 52598  1  0 98  0  0  0
 1  0 389408 98780820 2116508 54526420    0    0     0 95036 88493 53942  1  0 98  0  0  0
 1  0 389408 98780852 2116508 54526780    0    0     0 94784 88559 52852  1  0 98  0  0  0
 1  0 389408 98777876 2116508 54527116    0    0     0 95216 88547 53418  1  0 98  0  0  0
 1  0 389408 98774372 2116508 54527484    0    0     0 95532 88299 52948  1  0 98  0  0  0
 1  0 389408 98768048 2116508 54527824    0    0     0 95216 88234 51830  1  0 98  0  0  0
 4  0 389408 98770300 2116512 54528172    0    0     0 95476 88231 51150  1  0 98  0  0  0
 1  0 389408 98771040 2116512 54528516    0    0     0 95244 88324 52055  1  0 98  0  0  0
 1  0 389408 98776164 2116512 54528880    0    0     0 95620 88270 52889  1  0 98  0  0  0
 1  0 389408 98773012 2116512 54529236    0    0     0 95768 88059 51813  1  0 98  0  0  0
 3  0 389408 98770512 2116512 54529592    0    0     0 95992 88310 52916  1  0 98  0  0  0
 1  0 389408 98766580 2116512 54530016    0    0     0 96416 88496 53302  1  0 98  0  0  0
 1  0 389408 98767600 2116512 54530336    0    0     0 96084 88163 52846  1  0 98  0  0  0
 1  0 389408 98772860 2116512 54530664    0    0     0 96168 88371 52600  1  0 98  0  0  0
 2  0 389408 98768960 2116524 54531008    0    0     0 96420 88295 52551  1  0 98  0  0  0
 1  0 389408 98768792 2116524 54531412    0    0     0 96340 88370 52765  1  0 98  0  0  0
procs -----------memory---------- ---swap-- -----io---- -system-- -------cpu-------
 r  b   swpd   free   buff  cache   si   so    bi    bo   in   cs us sy id wa st gu
 1  0 389408 98769772 2116524 54531760    0    0     0 96476 88871 52182  1  0 98  0  0  0
 1  0 389408 98774680 2116524 54532076    0    0     0 95828 88551 51736  1  0 98  0  0  0
 1  0 389408 98769024 2116524 54532376    0    0     0 95588 88870 51359  1  0 98  0  0  0
 1  0 389408 98769052 2116524 54532772    0    0     0 94968 88396 52085  1  0 98  0  0  0
 1  0 389408 98767548 2116524 54533120    0    0     0 95056 88768 50870  1  0 98  0  0  0
 1  0 389408 98773540 2116524 54533448    0    0     0 85936 88028 51513  1  0 98  0  0  0
 1  0 389408 98766052 2116524 54533820    0    0     0 86524 87691 51122  1  0 98  0  0  0
 1  0 389408 98763028 2116524 54534156    0    0     0 87548 87853 52324  1  0 98  0  0  0
 1  1 389408 98766356 2116524 54534484    0    0     0 88812 87915 51522  1  0 98  0  0  0
 1  0 389408 98764512 2116524 54534860    0    0     0 89368 87725 51498  1  0 98  0  0  0
 1  0 389408 98761328 2116524 54535212    0    0     0 89788 88152 52174  1  0 98  0  0  0
 1  0 389408 98760720 2116524 54535536    0    0     0 87800 87580 52158  1  0 98  0  0  0
 2  0 389408 98760148 2116524 54535896    0    0     0 85844 88171 51916  1  0 98  0  0  0
 1  0 389408 98767408 2116532 54536248    0    0     0 87256 88216 52979  1  0 98  0  0  0
 1  0 389408 98765656 2116792 54536352    0    0   260 86156 88039 51434  1  0 98  0  0  0
 1  0 389408 98759324 2116792 54537016    0    0     0 86060 88124 51742  1  0 98  0  0  0
 1  0 389408 98755932 2116792 54537340    0    0     0 87056 88021 52448  1  0 98  0  0  0
 1  0 389408 98761560 2116792 54537708    0    0     0 87912 88086 52513  1  0 98  0  0  0
 2  0 389408 98762604 2116792 54538056    0    0     0 88364 88118 51384  1  0 98  0  0  0
 1  0 389408 98757168 2116792 54538412    0    0     0 88412 87705 52251  1  0 98  0  0  0
 1  0 389408 98748484 2116796 54538752    0    0     0 86880 87847 52051  1  0 98  0  0  0
procs -----------memory---------- ---swap-- -----io---- -system-- -------cpu-------
 r  b   swpd   free   buff  cache   si   so    bi    bo   in   cs us sy id wa st gu
 1  0 389408 98751732 2116796 54539120    0    0     0 87392 87489 52348  1  0 98  0  0  0
 1  0 389408 98755836 2116796 54539488    0    0     0 87312 87959 51813  1  0 98  0  0  0
 1  0 389408 98755516 2116800 54539840    0    0     0 87040 87727 52249  1  0 98  0  0  0
 1  0 389408 98755640 2116800 54540200    0    0     0 87036 87738 52559  1  0 98  0  0  0
 1  0 389408 98761572 2116800 54540516    0    0     0 87728 87550 52009  1  0 98  0  0  0
 2  0 389408 98762452 2116800 54540900    0    0     0 86672 87827 52268  1  0 98  0  0  0
 2  0 389408 98763924 2116800 54541224    0    0     0 86352 87663 52538  1  0 98  0  0  0
 2  0 389408 98766192 2116800 54541624    0    0     0 88048 87806 52553  1  0 98  0  0  0
 3  1 389408 98764584 2116800 54541968    0    0     0 87612 87579 51831  1  0 98  0  0  0
 3  0 389408 98770176 2116800 54542336    0    0     0 88880 87740 52202  2  0 98  0  0  0
 2  0 389408 98768464 2116800 54542700    0    0     0 88236 87682 51753  1  0 98  0  0  0
 2  0 389408 98766500 2116800 54543040    0    0     0 88784 87624 51983  1  0 98  0  0  0
 2  0 389408 98770156 2116800 54543412    0    0     0 86864 87719 51932  1  0 98  0  0  0
 2  0 389408 98768752 2116800 54543760    0    0     0 87124 87437 51640  1  0 98  0  0  0
 2  0 389408 98762312 2116800 54544168    0    0     0 65440 86852 50012  1  0 98  0  0  0
 2  0 389408 98763452 2116800 54544484    0    0     0 65404 86907 49596  1  0 98  0  0  0
 1  0 389408 98763680 2116800 54544876    0    0     0 64028 86567 49596  1  0 98  0  0  0
 2  0 389408 98763736 2116800 54545200    0    0     0 65280 86658 49578  1  0 98  0  0  0
 1  0 389408 98761704 2116800 54545572    0    0     0 65640 86993 50070  1  0 98  0  0  0
 1  0 389408 98761760 2116800 54545920    0    0     0 65032 86754 49746  1  0 98  0  0  0
 1  0 389408 98759640 2116800 54546276    0    0     0 64460 86717 49279  1  0 98  0  0  0
procs -----------memory---------- ---swap-- -----io---- -system-- -------cpu-------
 r  b   swpd   free   buff  cache   si   so    bi    bo   in   cs us sy id wa st gu
 1  0 389408 98758484 2116800 54546620    0    0     0 64716 86686 49450  1  0 98  0  0  0
 2  0 389408 98758688 2116804 54546980    0    0     0 65044 86844 49967  1  0 98  0  0  0
 2  0 389408 98760588 2116804 54547376    0    0     0 66044 86745 49935  1  0 98  0  0  0
 2  0 389408 98754460 2116804 54547680    0    0     0 63836 86846 49290  1  0 98  0  0  0
 2  0 389408 98748288 2116804 54548048    0    0     0 64276 86677 49345  1  0 98  0  0  0
 1  0 389408 98745660 2116804 54548392    0    0     0 62868 86651 49785  1  0 98  0  0  0
 4  1 389408 98742392 2116804 54548720    0    0     0 63552 86649 49393  1  0 98  0  0  0
 3  0 389408 98740248 2116804 54549108    0    0     0 62264 86660 49420  1  0 98  0  0  0
 2  0 389408 98742236 2116804 54549480    0    0     0 62720 86777 49825  1  0 98  0  0  0
 7  0 389408 98739948 2116808 54549844    0    0     0 61568 86753 49637  1  0 98  0  0  0
 7  0 389408 98738688 2116808 54550228    0    0     0 61476 86684 49806  1  0 98  0  0  0
 7  0 389408 98737264 2116808 54550568    0    0     0 64352 86771 49565  1  0 98  0  0  0
 1  7 389408 98734680 2116808 54550912    0    0     0 68348 86437 49533  1  0 98  0  0  0
 2  5 389408 98738056 2116808 54551256    0    0     0 60608 86716 49498  1  0 98  0  0  0
 3  5 389408 98733552 2116808 54551656    0    0     0 60580 86523 49593  1  0 98  0  0  0
 4  4 389408 98734256 2116808 54552040    0    0     0 60744 86593 49510  1  0 98  0  0  0
 4  4 389408 98733108 2116812 54552392    0    0     0 60996 86453 49770  1  0 98  0  0  0
 4  4 389408 98732488 2116812 54552720    0    0     0 61076 86647 49875  1  0 98  0  0  0
 4  4 389408 98735408 2116812 54553088    0    0     0 63312 86568 49963  1  0 98  0  0  0
 5  2 389408 98732004 2116812 54553456    0    0     0 62992 86693 50059  1  0 98  0  0  0
 6  2 389408 98727380 2116812 54553740    0    0     0 59916 86533 49850  1  0 98  0  0  0
procs -----------memory---------- ---swap-- -----io---- -system-- -------cpu-------
 r  b   swpd   free   buff  cache   si   so    bi    bo   in   cs us sy id wa st gu
 5  2 389408 98730536 2116812 54554144    0    0     0 61768 86807 49694  1  0 98  0  0  0
 5  1 389408 98724564 2116812 54554528    0    0     0 65200 86719 50037  1  0 98  0  0  0
 2  1 389408 98720808 2116812 54554892    0    0     0 50620 86115 48245  1  0 98  0  0  0
 4  1 389408 98722236 2116812 54555332    0    0     0 48544 86080 48423  1  0 98  0  0  0
 9  2 389408 98721584 2116812 54555560    0    0     0 51216 86364 49106  1  0 98  0  0  0
 5  2 389408 98720468 2116816 54555996    0    0     0 50812 86014 48631  1  0 98  0  0  0
 6  0 389408 98718900 2116816 54556348    0    0     0 48764 86289 48712  1  0 98  0  0  0
 0  3 389408 98715684 2116816 54556724    0    0     0 50812 86263 49296  1  0 98  0  0  0
 3  4 389408 98720996 2116816 54557088    0    0     0 53464 86376 48701  1  0 98  0  0  0
 3  3 389408 98715432 2116816 54557448    0    0     0 48184 86175 48517  1  0 98  0  0  0
 1  4 389408 98718004 2116816 54557836    0    0     0 51540 86257 48998  1  0 98  0  0  0
 1  5 389408 98716160 2116816 54558184    0    0     0 49640 86207 48554  1  0 98  0  0  0
 0  4 389408 98715108 2116816 54558640    0    0     0 49116 86203 48549  1  0 98  0  0  0
 5  4 389408 98713732 2116816 54558836    0    0     0 50524 86081 47909  1  0 98  0  0  0
 2  4 389408 98709160 2116816 54559356    0    0     0 47476 85983 48245  1  0 98  0  0  0
 2  5 389408 98707820 2116816 54559516    0    0     0 47428 86071 47908  1  0 98  0  0  0
 3  3 389408 98707292 2116816 54559992    0    0     0 46468 86133 48145  1  0 98  0  0  0
 1  5 389408 98707024 2116816 54560356    0    0     0 45764 85867 47590  1  0 98  0  0  0
 6  1 389408 98708296 2116816 54560724    0    0     0 49520 85920 47575  1  0 98  0  0  0
 1  3 389408 98705916 2116816 54561072    0    0     0 45380 86005 48554  1  0 98  0  0  0
 0  1 389408 98706756 2116816 54561444    0    0     0 48612 86143 48991  1  0 98  0  0  0
procs -----------memory---------- ---swap-- -----io---- -system-- -------cpu-------
 r  b   swpd   free   buff  cache   si   so    bi    bo   in   cs us sy id wa st gu
 5  2 389408 98705592 2116816 54561816    0    0     0 46704 85940 47879  1  0 98  0  0  0
 1  1 389408 98704960 2116816 54562200    0    0     0 48952 86138 47743  1  0 98  0  0  0
 0  2 389408 98704572 2116816 54562572    0    0     0 48160 86302 48534  1  0 98  0  0  0
 3  0 389408 98704256 2116816 54562920    0    0     0 50100 86221 48429  1  0 98  0  0  0
 6  0 389408 98703188 2116816 54563244    0    0     0 48188 86091 47791  1  0 98  0  0  0
 0  1 389408 98706068 2116816 54563648    0    0     0 50072 86192 48516  1  0 98  0  0  0
 1  0 389408 98704480 2116816 54564004    0    0     0 49364 86152 48458  1  0 98  0  0  0
 1  0 389408 98701352 2116816 54564368    0    0     0 49912 86187 48300  1  0 98  0  0  0
 2  0 389408 98700904 2116816 54564748    0    0     0 50316 86281 48404  1  0 98  0  0  0
 1  0 389408 98700492 2116820 54565104    0    0     0 49916 86227 47809  1  0 98  0  0  0
 1  0 389408 98701108 2116820 54565468    0    0     0 40776 85768 47481  1  0 98  0  0  0
 1  0 389408 98707872 2116820 54565776    0    0     0 40432 85805 47506  1  0 98  0  0  0
 1  0 389408 98705348 2116820 54566196    0    0     0 41284 85835 47446  1  0 98  0  0  0
 1  0 389408 98704860 2116820 54566556    0    0     0 42880 85808 47499  1  0 98  0  0  0
 1  0 389408 98702536 2116824 54566904    0    0     0 42828 85905 47636  1  0 98  0  0  0
 1  0 389408 98700680 2116824 54567284    0    0     0 43228 85945 47835  1  0 98  0  0  0
 1  0 389408 98698228 2116824 54567468    0    0     0 42700 85988 47704  1  0 98  0  0  0
 2  0 389408 98698136 2116824 54567980    0    0     0 43268 85825 47963  1  0 98  0  0  0
 2  0 389408 98700292 2116824 54568388    0    0     0 44068 86045 48319  1  0 98  0  0  0
 2  0 389408 98696600 2116828 54568700    0    0     0 44216 85842 47753  1  0 98  0  0  0
 1  0 389408 98699436 2116828 54569100    0    0     0 43220 86040 47914  1  0 98  0  0  0
procs -----------memory---------- ---swap-- -----io---- -system-- -------cpu-------
 r  b   swpd   free   buff  cache   si   so    bi    bo   in   cs us sy id wa st gu
 1  0 389408 98700668 2116828 54569472    0    0     0 42312 85875 47603  1  0 98  0  0  0
 1  0 389408 98704196 2116828 54569780    0    0     0 41900 85838 47378  1  0 98  0  0  0
 1  0 389408 98705532 2116828 54570196    0    0     0 41240 85862 47593  1  0 98  0  0  0
 2  0 389408 98702664 2116828 54570556    0    0     0 42056 85830 47607  1  0 98  0  0  0
 2  0 389408 98699584 2116828 54570876    0    0     0 42004 85789 47318  1  0 98  0  0  0
 1  0 389408 98701492 2116828 54571284    0    0     0 42136 85868 47583  1  0 98  0  0  0
 1  0 389408 98703376 2116828 54571604    0    0     0 41156 85902 47709  1  0 98  0  0  0
 1  0 389408 98703244 2116828 54571968    0    0     0 39752 85852 47672  1  0 98  0  0  0
 1  0 389408 98701280 2116832 54572344    0    0     0 40152 85643 47820  1  0 98  0  0  0
 1  0 389408 98699956 2116832 54572720    0    0     0 40228 85871 47321  1  0 98  0  0  0
 1  0 389408 98699584 2116832 54573092    0    0     0 40372 85681 47342  1  0 98  0  0  0
 1  0 389408 98696120 2116832 54573420    0    0     0 39996 85786 47294  1  0 98  0  0  0
 1  0 389408 98695800 2116832 54573816    0    0     0 39416 85690 47265  1  0 98  0  0  0
 1  0 389408 98692772 2116832 54574184    0    0     0 40056 85780 47325  1  0 98  0  0  0
 1  0 389408 98690332 2116832 54574528    0    0     0 39272 85864 47511  1  0 98  0  0  0
 3  0 389408 98690600 2116832 54574900    0    0     0 39192 85693 47446  1  0 98  0  0  0
 1  0 389408 98688792 2116832 54575296    0    0     0 39568 85778 47433  1  0 98  0  0  0
 1  0 389408 98691832 2116832 54575588    0    0     0 40416 85728 47356  1  0 98  0  0  0
 1  0 389408 98689348 2116832 54576004    0    0     0 40388 85946 48012  1  0 98  0  0  0
 1  0 389408 98690944 2116832 54576328    0    0     0 34720 85520 46756  1  0 98  0  0  0
 1  0 389408 98691328 2116832 54576684    0    0     0 34240 85543 46804  1  0 98  0  0  0
procs -----------memory---------- ---swap-- -----io---- -system-- -------cpu-------
 r  b   swpd   free   buff  cache   si   so    bi    bo   in   cs us sy id wa st gu
 1  0 389408 98688456 2116832 54577096    0    0     0 33960 85610 47026  1  0 98  0  0  0
 1  0 389408 98683240 2116832 54577428    0    0     0 33604 85493 46814  1  0 98  0  0  0
 2  0 389408 98681012 2116836 54577816    0    0     0 34144 85599 47661  1  0 98  0  0  0
 2  0 389408 98679960 2116836 54578180    0    0     0 34104 85464 47288  1  0 98  0  0  0
 2  0 389408 98679816 2116836 54578532    0    0     0 34544 85588 47658  1  0 98  0  0  0
 1  0 389408 98679328 2116836 54578856    0    0     0 34044 85578 47247  1  0 98  0  0  0
 1  0 389408 98681560 2116836 54579280    0    0     0 34420 85562 46840  1  0 98  0  0  0
 1  0 389408 98680920 2116836 54579636    0    0     0 34024 85562 46791  1  0 98  0  0  0
 1  0 389408 98679200 2116836 54579972    0    0     0 34128 85566 46793  1  0 98  0  0  0
 2  0 389408 98675580 2116836 54580360    0    0     0 34104 85624 47253  1  0 98  0  0  0
 1  0 389408 98674848 2116836 54580732    0    0     0 34612 85506 47528  1  0 99  0  0  0
 1  0 389408 98681848 2116836 54581128    0    0     0 35068 85716 47919  1  0 98  0  0  0
 2  0 389408 98679280 2116840 54581420    0    0     0 36032 85697 47634  1  0 98  0  0  0
 1  0 389408 98682040 2116840 54581828    0    0     0 35752 85799 47745  1  0 99  0  0  0
 1  0 389408 98681356 2116840 54582160    0    0     0 36604 85515 46901  1  0 98  0  0  0
 1  0 389408 98680720 2116840 54582516    0    0     0 36680 85702 47213  1  0 98  0  0  0
 1  0 389408 98680400 2116840 54582888    0    0     0 36508 85616 46864  1  0 98  0  0  0
 1  0 389408 98680704 2116840 54583292    0    0     0 37212 85881 47055  1  0 98  0  0  0
 1  0 389408 98680400 2116840 54583624    0    0     0 35488 85496 46757  1  0 98  0  0  0
 1  0 389408 98673100 2116840 54583984    0    0     0 35296 85699 47033  1  0 98  0  0  0
 1  0 389408 98676692 2116840 54584332    0    0     0 35428 85582 46788  1  0 98  0  0  0
procs -----------memory---------- ---swap-- -----io---- -system-- -------cpu-------
 r  b   swpd   free   buff  cache   si   so    bi    bo   in   cs us sy id wa st gu
 1  0 389408 98675740 2116840 54584752    0    0     0 36208 85787 47232  1  0 98  0  0  0
 1  0 389408 98673376 2116844 54585076    0    0     0 36020 85494 46965  1  0 98  0  0  0
 1  0 389408 98660616 2116844 54585420    0    0     0 35972 85739 46923  1  0 98  0  0  0
 1  0 389408 98662780 2116844 54585792    0    0     0 35156 85621 47066  2  0 98  0  0  0
 1  0 389408 98661416 2116844 54586136    0    0     0 35012 85725 46912  1  0 98  0  0  0
 1  0 389408 98660324 2116844 54586552    0    0     0 35428 85799 47016  1  0 98  0  0  0
 1  0 389408 98663824 2116848 54586924    0    0     0 35148 85552 46388  1  0 98  0  0  0
 1  0 389408 98663312 2116848 54587280    0    0     0 32104 85378 45927  1  0 98  0  0  0
 1  0 389408 98658780 2116848 54587648    0    0     0 31260 85415 46356  1  0 98  0  0  0
 2  0 389408 98654188 2116848 54588020    0    0     0 30956 85437 46218  1  0 98  0  0  0
 1  0 389408 98655156 2116848 54588356    0    0     0 30584 85472 46905  1  0 99  0  0  0
 1  0 389408 98654900 2116848 54588752    0    0     0 31296 85527 47255  1  0 98  0  0  0
 1  0 389408 98659344 2116848 54589060    0    0     0 31804 85547 47243  1  0 98  0  0  0
 1  0 389408 98659100 2116848 54589460    0    0     0 32112 85413 47099  1  0 99  0  0  0
 1  0 389408 98661036 2116848 54589844    0    0     0 31384 85341 46456  1  0 98  0  0  0
 1  0 389408 98659292 2116848 54590192    0    0     0 31036 85409 46196  1  0 98  0  0  0
 1  0 389408 98659904 2116860 54590528    0    0     0 31780 85446 46517  1  0 98  0  0  0
 1  0 389408 98659504 2116860 54590924    0    0     0 31784 85441 46371  1  0 98  0  0  0
 1  0 389408 98661676 2116860 54591296    0    0     0 31880 85348 46634  1  0 98  0  0  0
 1  0 389408 98656376 2116860 54591612    0    0     0 32252 85509 46601  1  0 98  0  0  0
 1  0 389408 98657060 2116860 54592012    0    0     0 32600 85446 46635  1  0 98  0  0  0
procs -----------memory---------- ---swap-- -----io---- -system-- -------cpu-------
 r  b   swpd   free   buff  cache   si   so    bi    bo   in   cs us sy id wa st gu
 1  0 389408 98659988 2116860 54592380    0    0     0 33648 85521 46339  1  0 98  0  0  0
 1  0 389408 98659792 2116860 54592748    0    0     0 33196 85479 46392  1  0 98  0  0  0
 1  0 389408 98655652 2116860 54593064    0    0     0 32464 85409 46380  1  0 98  0  0  0
 1  0 389408 98655796 2116860 54593476    0    0     0 32404 85479 46616  1  0 98  0  0  0
 1  0 389408 98656980 2116860 54593848    0    0     0 31816 85399 46554  1  0 98  0  0  0
 1  0 389408 98662912 2116860 54594160    0    0     0 31648 85446 46196  1  0 98  0  0  0
 1  0 389408 98664140 2116860 54594572    0    0     0 31824 85360 46080  1  0 98  0  0  0
 2  0 389408 98665772 2116860 54594928    0    0     0 31332 85425 45992  1  0 99  0  0  0
 1  1 389408 98666896 2116860 54595300    0    0     0 31124 85292 46094  1  0 98  0  0  0
 1  0 389408 98661452 2116860 54595668    0    0     0 30856 85386 46388  1  0 98  0  0  0
 1  0 389408 98661752 2116864 54596028    0    0     0 30936 85323 46372  1  0 98  0  0  0
 1  0 389408 98663620 2116864 54596392    0    0     0 30984 85511 46521  1  0 98  0  0  0
 1  0 389408 98661544 2116864 54596756    0    0     0 30016 85361 46265  1  0 98  0  0  0
 1  0 389408 98658544 2116864 54597120    0    0     0 29608 85313 46212  1  0 98  0  0  0
 1  0 389408 98658024 2116864 54597484    0    0     0 29852 85493 46355  1  0 98  0  0  0
 1  0 389408 98654864 2116872 54597836    0    0     0 30364 85495 47027  1  0 98  0  0  0
 1  0 389408 98651980 2116872 54598212    0    0     0 28504 85485 46453  1  0 98  0  0  0
 1  0 389408 98652064 2116872 54598584    0    0     0 27808 85248 46268  1  0 98  0  0  0
 1  0 389408 98651244 2116872 54598924    0    0     0 29092 85642 46616  1  0 98  0  0  0
 1  0 389408 98651888 2116872 54599304    0    0     0 28980 85363 46566  1  0 98  0  0  0
 3  0 389408 98651744 2116880 54599676    0    0     0 29048 85412 46199  1  0 98  0  0  0
procs -----------memory---------- ---swap-- -----io---- -system-- -------cpu-------
 r  b   swpd   free   buff  cache   si   so    bi    bo   in   cs us sy id wa st gu
 5  0 389408 98648268 2116880 54600032    0    0     0 29456 85242 46041  1  0 98  0  0  0
 1  0 389408 98647932 2116880 54600400    0    0     0 29332 85481 46241  1  0 98  0  0  0
 1  0 389408 98647740 2116880 54600760    0    0     0 29600 85271 46362  1  0 98  0  0  0
 1  0 389408 98645548 2116880 54601132    0    0     0 29200 85459 46211  1  0 98  0  0  0
 2  0 389408 98643476 2116884 54601496    0    0     4 29688 85376 46480  1  0 99  0  0  0
 2  0 389408 98641348 2116884 54601872    0    0     0 28816 85451 46710  1  0 98  0  0  0
 1  0 389408 98639332 2116884 54602240    0    0     0 28488 85332 46225  1  0 98  0  0  0
 1  0 389408 98640780 2116884 54602620    0    0     0 28812 85340 46279  1  0 98  0  0  0
 1  0 389408 98640476 2116884 54602976    0    0     0 29120 85401 46580  1  0 98  0  0  0
 2  0 389408 98642424 2116884 54603348    0    0     0 31108 85423 46621  1  0 98  0  0  0
 1  0 389408 98642188 2116884 54603708    0    0     0 30380 85521 46127  1  0 98  0  0  0
 1  0 389408 98640344 2116884 54604080    0    0     0 31240 85526 46399  1  0 98  0  0  0
 1  0 389408 98638168 2116884 54604400    0    0     0 31092 85285 46244  1  0 98  0  0  0
 1  0 389408 98636284 2116884 54604784    0    0     0 30888 85481 46642  1  0 98  0  0  0
 1  0 389408 98636200 2116884 54605168    0    0     0 30880 85341 47112  1  0 98  0  0  0
 1  0 389408 98635032 2116884 54605492    0    0     0 31200 85453 46392  1  0 98  0  0  0
 1  0 389408 98636384 2116884 54605856    0    0     0 31756 85479 46758  1  0 98  0  0  0
 1  0 389408 98634128 2116884 54606272    0    0     0 31080 85427 46971  1  0 98  0  0  0
 1  0 389408 98633984 2116884 54606628    0    0     0 30424 85525 46982  1  0 98  0  0  0
 1  0 389408 98633932 2116884 54606992    0    0     0 30036 85310 46825  1  0 99  0  0  0
 1  0 389408 98636928 2116884 54607372    0    0     0 29448 85399 46744  1  0 98  0  0  0
procs -----------memory---------- ---swap-- -----io---- -system-- -------cpu-------
 r  b   swpd   free   buff  cache   si   so    bi    bo   in   cs us sy id wa st gu
 0  1 389408 98636444 2116884 54607680    0    0     0 29956 85391 46848  1  0 98  0  0  0
 3  0 389408 98634288 2116884 54608096    0    0     0 29408 85302 46333  1  0 99  0  0  0
 1  0 389408 98632308 2116884 54608432    0    0     0 28936 85284 46021  1  0 98  0  0  0
 1  0 389408 98634620 2116888 54608784    0    0     0 28800 85226 46232  1  0 99  0  0  0
 1  0 389408 98636268 2116888 54609204    0    0     0 27760 85367 46308  1  0 98  0  0  0
 1  0 389408 98637920 2116888 54609508    0    0     0 27944 85239 45858  1  0 98  0  0  0
 1  0 389408 98637772 2116888 54609924    0    0     0 27540 85258 46072  1  0 98  0  0  0
 1  0 389408 98637736 2116888 54610320    0    0     0 28272 85375 46750  1  0 98  0  0  0
 1  0 389408 98634764 2116892 54610640    0    0     0 28556 85365 46809  1  0 98  0  0  0
 2  0 389408 98632444 2116892 54611008    0    0     0 28228 85357 46243  1  0 98  0  0  0
 1  0 389408 98630024 2116892 54611328    0    0     0 28708 85388 46444  1  0 98  0  0  0
 1  0 389408 98624100 2116892 54611692    0    0     0 28412 85436 46504  1  0 98  0  0  0
 1  0 389408 98621716 2116892 54612072    0    0     0 27992 85520 46672  1  0 98  0  0  0
 1  0 389408 98621740 2116896 54612460    0    0     0 28196 85311 46606  1  0 98  0  0  0
 1  0 389408 98622932 2116896 54612844    0    0     0 28420 85502 46581  1  0 98  0  0  0
 1  0 389408 98619020 2116896 54613180    0    0     0 28248 85477 46668  1  0 98  0  0  0
 1  0 389408 98619104 2116896 54613556    0    0     0 27996 85578 46876  1  0 98  0  0  0
 1  0 389408 98615704 2116896 54613924    0    0     0 28276 85452 46315  1  0 98  0  0  0
 1  0 389408 98615932 2116896 54614288    0    0     0 28652 85317 46540  1  0 98  0  0  0
 2  0 389408 98616996 2116896 54614668    0    0     0 28264 85533 46411  1  0 98  0  0  0
 1  0 389408 98616660 2116896 54614992    0    0     0 28012 85278 46445  1  0 99  0  0  0
procs -----------memory---------- ---swap-- -----io---- -system-- -------cpu-------
 r  b   swpd   free   buff  cache   si   so    bi    bo   in   cs us sy id wa st gu
 1  0 389408 98618160 2116896 54615392    0    0     0 27676 85442 46176  1  0 98  0  0  0
 1  0 389408 98617352 2116896 54615724    0    0     0 27368 85218 46319  1  0 98  0  0  0
 1  0 389408 98618008 2116900 54616168    0    0     0 39756 85687 47982  1  0 98  0  0  0
 1  0 389408 98613660 2116900 54616460    0    0     0 39280 85798 47564  1  0 98  0  0  0
 1  0 389408 98621728 2116900 54616864    0    0     0 39540 85769 47359  1  0 98  0  0  0
 1  0 389408 98620252 2116900 54617212    0    0     0 40252 85803 47465  1  0 98  0  0  0
 1  0 389408 98618924 2116900 54617616    0    0     0 39708 85933 46806  1  0 98  0  0  0
 1  0 389408 98615340 2116900 54617964    0    0     0 39856 85860 47440  1  0 98  0  0  0
 1  0 389408 98617668 2116900 54618340    0    0     0 39600 85985 47047  1  0 98  0  0  0
 1  0 389408 98620512 2116900 54618720    0    0     0 39168 85698 47021  1  0 98  0  0  0
 1  0 389408 98615928 2116900 54619056    0    0     0 39780 86013 47126  1  0 98  0  0  0
 1  0 389408 98617980 2116900 54619432    0    0     0 39084 85850 47167  1  0 98  0  0  0
 1  0 389408 98619728 2116900 54619772    0    0     0 39728 85916 48079  1  0 98  0  0  0
 1  0 389408 98618492 2116900 54620152    0    0     0 39076 85812 47727  1  0 98  0  0  0
 1  0 389408 98620172 2116900 54620524    0    0     0 38288 85790 47230  1  0 98  0  0  0
 1  0 389408 98621132 2116900 54620868    0    0     0 38384 85750 47031  1  0 98  0  0  0
 3  0 389408 98619928 2116900 54621240    0    0     0 37884 85678 47172  1  0 98  0  0  0
 1  0 389408 98621732 2116904 54621588    0    0     0 37912 85730 47164  1  0 98  0  0  0
 1  0 389408 98623100 2116904 54621952    0    0     0 38004 85736 46998  1  0 98  0  0  0
 1  0 389408 98623664 2116904 54622316    0    0     0 38396 85811 47113  1  0 98  0  0  0
 1  1 389408 98622468 2116904 54622688    0    0     0 38388 85668 47156  1  0 98  0  0  0
procs -----------memory---------- ---swap-- -----io---- -system-- -------cpu-------
 r  b   swpd   free   buff  cache   si   so    bi    bo   in   cs us sy id wa st gu
 1  0 389408 98617920 2116904 54623028    0    0     0 37684 85729 46878  1  0 98  0  0  0
 1  0 389408 98619884 2116904 54623404    0    0     0 38532 85740 47074  1  0 98  0  0  0
 1  0 389408 98616800 2116904 54623748    0    0     0 37816 85807 47290  1  0 98  0  0  0
 1  0 389408 98619340 2116904 54624116    0    0     0 37372 85747 46919  1  0 98  0  0  0
 1  0 389408 98616116 2116904 54624488    0    0     0 37592 85667 46713  1  0 98  0  0  0
 1  0 389408 98619448 2116904 54624832    0    0     0 36372 85571 46544  1  0 98  0  0  0
 1  0 389408 98616324 2116904 54625200    0    0     0 36528 85802 46695  1  0 98  0  0  0
 1  0 389408 98614628 2116904 54625556    0    0     0 36112 85717 46769  1  0 98  0  0  0
 1  0 389408 98618292 2116904 54625924    0    0     0 35980 85537 46469  1  0 98  0  0  0
 1  0 389408 98617992 2116904 54626260    0    0     0 36444 85708 47089  1  0 98  0  0  0
 1  0 389408 98614456 2116904 54626620    0    0     0 35688 85742 47264  1  0 98  0  0  0
 1  0 389408 98616100 2116908 54626992    0    0     0 35848 85539 47297  1  0 98  0  0  0
 2  0 389408 98616872 2116908 54627368    0    0     0 35776 85700 47518  1  0 98  0  0  0
 2  0 389408 98617440 2116908 54627728    0    0     0 35248 85592 46845  1  0 99  0  0  0
 1  0 389408 98618016 2116908 54628104    0    0     0 37112 85854 47380  1  0 98  0  0  0
 3  0 389408 98621784 2116908 54628460    0    0     0 36788 85687 47090  1  0 98  0  0  0
 2  0 389408 98620660 2116908 54628812    0    0     0 36528 85597 46993  1  0 98  0  0  0
 1  0 389408 98618872 2116908 54629180    0    0     0 36828 85626 47426  1  0 98  0  0  0
 2  0 389408 98618400 2116908 54629512    0    0     0 36784 85795 46837  2  0 98  0  0  0
 2  0 389408 98618764 2116908 54629896    0    0     0 37608 85713 47302  1  0 98  0  0  0
 1  0 389408 98614584 2116908 54630268    0    0     0 36700 85720 46960  1  0 98  0  0  0
procs -----------memory---------- ---swap-- -----io---- -system-- -------cpu-------
 r  b   swpd   free   buff  cache   si   so    bi    bo   in   cs us sy id wa st gu
 2  0 389408 98617656 2116908 54630628    0    0     0 36876 85696 46632  1  0 98  0  0  0
 2  0 389408 98619948 2116908 54630992    0    0     0 37656 85709 47149  1  0 98  0  0  0
 1  0 389408 98620080 2116908 54631348    0    0     0 37556 85729 47754  1  0 98  0  0  0
 1  0 389408 98620612 2116908 54631712    0    0     0 37768 85814 47430  1  0 98  0  0  0
 1  0 389408 98622372 2116908 54632092    0    0     0 37124 85616 47344  1  0 98  0  0  0
 1  0 389408 98618308 2116908 54632436    0    0     0 37216 85948 47243  1  0 98  0  0  0
 1  0 389408 98618420 2116908 54632804    0    0     0 37036 85672 46888  1  0 98  0  0  0
 1  0 389408 98617328 2116908 54633156    0    0     0 37532 85892 47453  1  0 98  0  0  0
 1  0 389408 98613640 2116908 54633524    0    0     0 37368 85727 47262  1  0 98  0  0  0
 1  0 389408 98613004 2116908 54633900    0    0     0 36620 85906 47551  1  0 98  0  0  0
 2  0 389408 98616052 2116908 54634240    0    0     0 37412 85620 47690  1  0 98  0  0  0
 1  0 389408 98620936 2116908 54634616    0    0     0 37224 85903 47985  1  0 99  0  0  0
 1  0 389408 98616492 2116908 54634988    0    0     0 37136 85585 47378  1  0 98  0  0  0
 1  0 389408 98612852 2116908 54635336    0    0     0 37012 85909 47470  1  0 98  0  0  0
 1  0 389408 98610944 2116908 54635700    0    0     0 36840 85684 46992  1  0 98  0  0  0
 1  0 389408 98611012 2116908 54636056    0    0     0 36840 85898 47385  1  0 98  0  0  0
 1  0 389408 98607648 2116908 54636420    0    0     0 36444 85736 47272  1  0 98  0  0  0
 1  0 389408 98609696 2116908 54636792    0    0     0 36648 85849 47330  1  0 98  0  0  0
 1  0 389408 98610688 2116908 54637144    0    0     0 36676 85772 47509  1  0 98  0  0  0
 1  0 389408 98611228 2116908 54637528    0    0     0 36680 85640 46816  1  0 98  0  0  0
 5  0 389408 98609092 2116912 54637892    0    0     0 36752 85790 46978  1  0 98  0  0  0
procs -----------memory---------- ---swap-- -----io---- -system-- -------cpu-------
 r  b   swpd   free   buff  cache   si   so    bi    bo   in   cs us sy id wa st gu
 1  0 389408 98610344 2116912 54638240    0    0     0 36684 85787 47329  1  0 98  0  0  0
 1  0 389408 98607960 2116912 54638612    0    0     0 36580 85705 46938  1  0 98  0  0  0
 2  0 389408 98609776 2116912 54638968    0    0     0 36368 85658 47171  1  0 98  0  0  0
 1  0 389408 98607760 2116912 54639344    0    0     0 36604 85769 46988  1  0 98  0  0  0
 1  0 389408 98607196 2116920 54639704    0    0     0 36396 85861 46568  1  0 98  0  0  0
 1  0 389408 98608936 2116920 54640080    0    0     0 36396 85761 47013  1  0 98  0  0  0
 1  0 389408 98602720 2116920 54640436    0    0     0 37816 85765 47149  1  0 98  0  0  0
 2  0 389408 98604200 2116920 54640800    0    0     0 37664 85770 47081  1  0 98  0  0  0
 1  0 389408 98604716 2116920 54641156    0    0     0 37928 85876 47225  1  0 98  0  0  0
 2  0 389408 98608028 2116920 54641524    0    0     0 37992 85721 47121  1  0 98  0  0  0
 1  0 389408 98608852 2116920 54641888    0    0     0 37748 85809 47089  1  0 98  0  0  0
 1  0 389408 98610136 2116920 54642232    0    0     0 37656 85626 46991  1  0 98  0  0  0
 1  0 389408 98610176 2116920 54642608    0    0     0 37692 85889 47216  1  0 98  0  0  0
 2  0 389408 98610412 2116920 54642956    0    0     0 38152 85683 46912  1  0 98  0  0  0
 1  0 389408 98607968 2116924 54643320    0    0     0 38208 85747 46884  1  0 98  0  0  0
 1  0 389408 98605056 2116924 54643684    0    0     0 37916 85697 46781  1  0 98  0  0  0
 1  0 389408 98610520 2116924 54644044    0    0     0 37916 85812 46942  1  0 98  0  0  0
 1  0 389408 98607448 2116924 54644420    0    0     0 37796 85695 46899  1  0 98  0  0  0
 1  0 389408 98611284 2116924 54644792    0    0     0 38708 85799 46781  1  0 98  0  0  0
 1  0 389408 98609936 2116928 54645136    0    0     0 38408 85701 46895  1  0 98  0  0  0
 1  0 389408 98605472 2116928 54645500    0    0     0 37996 85824 47391  1  0 98  0  0  0
procs -----------memory---------- ---swap-- -----io---- -system-- -------cpu-------
 r  b   swpd   free   buff  cache   si   so    bi    bo   in   cs us sy id wa st gu
 1  0 389408 98604992 2116928 54645856    0    0     0 37832 85787 47032  1  0 98  0  0  0
 1  0 389408 98601660 2116928 54646220    0    0     0 37744 85546 47043  1  0 98  0  0  0
 1  0 389408 98596700 2116928 54646596    0    0     0 38412 85677 46526  1  0 98  0  0  0
 1  0 389408 98594868 2116928 54646940    0    0     0 38196 85518 46790  1  0 98  0  0  0
 2  0 389408 98593540 2116928 54647308    0    0     0 38200 85722 46864  1  0 98  0  0  0
 1  0 389408 98592656 2116928 54647672    0    0     0 37724 85513 46499  1  0 98  0  0  0
 1  0 389408 98589224 2116928 54648012    0    0     0 37516 85736 46656  1  0 98  0  0  0
 1  0 389408 98588912 2116928 54648372    0    0     0 37712 85666 46908  1  0 98  0  0  0
 1  0 389408 98593076 2116928 54648740    0    0     0 37356 85720 46739  1  0 98  0  0  0
 1  0 389408 98597984 2116928 54649096    0    0     0 37000 85530 46681  1  0 98  0  0  0
 1  0 389408 98600716 2116928 54649468    0    0     0 37140 85735 46679  1  0 98  0  0  0
 1  0 389408 98597116 2116928 54649812    0    0     0 37084 85655 46913  1  0 98  0  0  0
 1  0 389408 98593096 2116928 54650184    0    0     0 37032 85737 46688  1  0 98  0  0  0
 1  0 389408 98592908 2116932 54650548    0    0     0 37400 85556 46626  1  0 98  0  0  0
 1  0 389408 98597316 2116932 54650896    0    0     0 37348 85716 46723  1  0 98  0  0  0
 1  0 389408 98594432 2116932 54651264    0    0     0 37400 85559 46926  1  0 98  0  0  0
 1  0 389408 98595012 2116932 54651644    0    0     0 37512 85723 46809  1  0 98  0  0  0
 1  0 389408 98593120 2116932 54651988    0    0     0 37568 85526 46687  1  0 98  0  0  0
 1  0 389408 98595136 2116932 54652368    0    0     0 37940 85748 46773  1  0 98  0  0  0
 1  0 389408 98595692 2116932 54652712    0    0     0 37572 85680 46570  1  0 98  0  0  0
 1  0 389408 98592392 2116932 54653084    0    0     0 37260 85635 46718  1  0 98  0  0  0
procs -----------memory---------- ---swap-- -----io---- -system-- -------cpu-------
 r  b   swpd   free   buff  cache   si   so    bi    bo   in   cs us sy id wa st gu
 1  0 389408 98586096 2116932 54653452    0    0     0 37224 85585 46940  1  0 98  0  0  0
 2  0 389408 98588112 2116932 54653804    0    0     0 37300 85662 46707  1  0 99  0  0  0
 1  0 389408 98586860 2116932 54654180    0    0     0 39216 85814 47235  1  0 98  0  0  0
 1  0 389408 98586156 2116932 54654524    0    0     0 38712 85755 47254  1  0 98  0  0  0
 1  0 389408 98584264 2116932 54654892    0    0     0 38692 85635 47128  1  0 98  0  0  0
 1  0 389408 98581140 2116932 54655264    0    0     0 39248 85753 47118  1  0 98  0  0  0
 1  0 389408 98579264 2116932 54655608    0    0     0 38824 85770 47204  1  0 98  0  0  0
 1  0 389408 98583312 2116936 54655980    0    0     0 39312 85907 47749  1  0 98  0  0  0
 1  0 389408 98581404 2116936 54656368    0    0     0 38656 85674 47743  1  0 98  0  0  0
 1  0 389408 98583964 2116936 54656712    0    0     0 38800 85797 47314  1  0 98  0  0  0
 1  0 389408 98583760 2116936 54657088    0    0     0 38964 85898 47522  1  0 98  0  0  0
 1  0 389408 98581684 2116936 54657452    0    0     0 38832 85756 47229  1  0 98  0  0  0
 1  0 389408 98577996 2116936 54657804    0    0     0 39116 85770 47008  1  0 98  0  0  0
 5  0 389408 98587952 2116936 54658172    0    0     0 38320 85658 46849  1  0 98  0  0  0
 1  0 389408 98588124 2116936 54658532    0    0     0 38524 85920 47300  1  0 98  0  0  0
 1  0 389408 98583924 2116936 54658904    0    0     0 38376 85623 46885  1  0 98  0  0  0
 1  0 389408 98584512 2116936 54659276    0    0     0 38188 85698 46941  1  0 98  0  0  0
 1  0 389408 98584808 2116936 54659628    0    0     0 38852 85710 47200  1  0 98  0  0  0
 1  0 389408 98580904 2116936 54660000    0    0     0 38688 85893 46949  1  0 98  0  0  0
 2  0 389408 98579364 2116936 54660328    0    0     0 38524 85681 46789  1  0 98  0  0  0
 1  0 389408 98580664 2116936 54660708    0    0     0 38644 85740 46945  1  0 98  0  0  0
procs -----------memory---------- ---swap-- -----io---- -system-- -------cpu-------
 r  b   swpd   free   buff  cache   si   so    bi    bo   in   cs us sy id wa st gu
 1  0 389408 98580224 2116936 54661056    0    0     0 39020 85615 47067  1  0 98  0  0  0
 1  0 389408 98576524 2116936 54661420    0    0     0 39660 86025 47289  1  0 98  0  0  0
 1  0 389408 98579488 2116936 54661796    0    0     0 38904 85565 46632  1  0 98  0  0  0
 0  1 389408 98582944 2116936 54662164    0    0     0 38864 85831 47369  1  0 98  0  0  0
 1  0 389408 98579824 2116936 54662512    0    0     0 38556 85538 47372  1  0 98  0  0  0
 2  0 389408 98583340 2116936 54662860    0    0     0 38320 85837 47327  1  0 98  0  0  0
 1  0 389408 98587384 2116936 54663228    0    0     0 39064 85633 47516  1  0 98  0  0  0
 1  0 389408 98589008 2116936 54663600    0    0     0 38684 85937 47500  1  0 98  0  0  0
 1  0 389408 98591284 2116936 54663932    0    0     0 38544 85532 47242  1  0 98  0  0  0
 1  0 389408 98594700 2116936 54664320    0    0     0 38444 85848 47885  1  0 98  0  0  0
 2  0 389408 98590920 2116936 54664696    0    0     0 38508 85589 47574  1  0 98  0  0  0
 1  0 389408 98590728 2116936 54665044    0    0     0 38840 85908 47769  1  0 98  0  0  0
 1  0 389408 98587108 2116936 54665424    0    0     0 38660 85577 47383  1  0 98  0  0  0
 1  0 389408 98583620 2116936 54665784    0    0     0 38444 85883 47044  1  0 98  0  0  0
 1  0 389408 98577380 2116936 54666144    0    0     0 38768 85644 46937  1  0 98  0  0  0
 1  0 389408 98574348 2116936 54666524    0    0     0 38460 85744 47109  1  0 98  0  0  0
 2  0 389408 98571760 2116940 54666864    0    0     0 38404 85688 46907  1  0 98  0  0  0
 1  0 389408 98588448 2116940 54667240    0    0     0 38680 85807 47289  1  0 98  0  0  0
 1  0 389408 98584344 2116940 54667608    0    0     0 38700 85594 47250  1  0 98  0  0  0
 1  0 389408 98586604 2116940 54667960    0    0     0 38780 85716 47385  1  0 98  0  0  0
 1  0 389408 98590308 2116940 54668320    0    0     0 38944 85533 46712  1  0 98  0  0  0
procs -----------memory---------- ---swap-- -----io---- -system-- -------cpu-------
 r  b   swpd   free   buff  cache   si   so    bi    bo   in   cs us sy id wa st gu
 1  0 389408 98594212 2116940 54668660    0    0     0 39392 85662 46921  1  0 98  0  0  0
 1  0 389408 98594596 2116940 54669056    0    0     0 39820 85659 47024  1  0 98  0  0  0
 2  0 389408 98590688 2116940 54669428    0    0     0 39276 85483 46954  1  0 98  0  0  0
 2  0 389408 98586208 2116940 54669776    0    0     0 40104 85635 47074  1  0 98  0  0  0
 1  0 389408 98586096 2116940 54670140    0    0     0 39984 85652 47078  1  0 98  0  0  0
 1  0 389408 98587372 2116940 54670500    0    0     0 40140 85653 46858  1  0 98  0  0  0
 1  0 389408 98582220 2116940 54670864    0    0     0 40164 85557 46962  1  0 98  0  0  0
 1  0 389408 98578048 2116940 54671244    0    0     0 39704 85602 47158  1  0 98  0  0  0
 1  0 389408 98578824 2116940 54671608    0    0     0 39868 85710 47566  1  0 98  0  0  0
 1  0 389408 98579964 2116940 54671956    0    0     0 39672 85551 47555  1  0 98  0  0  0
 2  0 389408 98579872 2116940 54672316    0    0     0 40136 85674 47543  1  0 98  0  0  0
 2  0 389408 98579836 2116940 54672676    0    0     0 40336 85576 47116  1  0 98  0  0  0
 2  0 389408 98577604 2116940 54673044    0    0     0 40024 85784 46860  2  0 98  0  0  0
 2  0 389408 98576324 2116940 54673404    0    0     0 40080 85581 46932  1  0 99  0  0  0
 1  0 389408 98585680 2116940 54673756    0    0     0 40216 85684 46858  1  0 98  0  0  0
 1  0 389408 98586256 2116940 54674128    0    0     0 40332 85660 47127  1  0 98  0  0  0
 1  0 389408 98581652 2116940 54674508    0    0     0 40532 85830 47218  1  0 98  0  0  0
 1  0 389408 98584028 2116940 54674856    0    0     0 40872 85635 46949  1  0 98  0  0  0
 1  0 389408 98586816 2116940 54675232    0    0     0 40632 85700 47183  1  0 98  0  0  0
 2  0 389408 98583108 2116940 54675580    0    0     0 40508 85602 47271  1  0 98  0  0  0
 1  0 389408 98582572 2116944 54675944    0    0     0 40612 85759 47192  1  0 98  0  0  0
procs -----------memory---------- ---swap-- -----io---- -system-- -------cpu-------
 r  b   swpd   free   buff  cache   si   so    bi    bo   in   cs us sy id wa st gu
 1  0 389408 98578004 2116944 54676316    0    0     0 40716 85707 47104  1  0 98  0  0  0
 1  0 389408 98577488 2116944 54676668    0    0     0 41108 85693 47234  1  0 98  0  0  0
 1  0 389408 98584388 2116944 54676996    0    0     0 40504 85715 47111  1  0 98  0  0  0
 1  0 389408 98582792 2116944 54677388    0    0     0 40468 85709 47286  1  0 98  0  0  0
 1  0 389408 98583124 2116948 54677720    0    0     0 40976 85669 47137  1  0 98  0  0  0
 1  0 389408 98579976 2116948 54678140    0    0     0 40636 85585 47418  1  0 98  0  0  0
 1  0 389408 98578580 2116948 54678512    0    0     0 40800 85793 47278  1  0 98  0  0  0
 1  0 389408 98578840 2116948 54678816    0    0     0 40296 85630 47270  1  0 98  0  0  0
 1  0 389408 98581172 2116948 54679192    0    0     0 40116 85752 47176  1  0 98  0  0  0
 1  0 389408 98581692 2116948 54679572    0    0     0 40268 85555 46899  1  0 98  0  0  0
 2  0 389408 98583216 2116948 54679940    0    0     0 39924 85734 46948  1  0 98  0  0  0
 2  0 389408 98587244 2116948 54680272    0    0     0 40176 85649 47217  1  0 98  0  0  0
 1  0 389408 98585584 2116948 54680628    0    0     0 39940 85748 47137  1  0 98  0  0  0
 1  0 389408 98584356 2116948 54681004    0    0     0 39936 85534 47074  1  0 98  0  0  0
 1  0 389408 98582700 2116948 54681420    0    0     0 40236 85754 47483  1  0 98  0  0  0
 1  0 389408 98578356 2116948 54681772    0    0     0 40156 85657 47858  1  0 98  0  0  0
 1  0 389408 98581376 2116948 54682096    0    0     0 40136 85814 47264  1  0 98  0  0  0
 2  0 389408 98584088 2116948 54682488    0    0     0 39992 85749 47237  1  0 98  0  0  0
 5  0 389408 98582392 2116948 54682828    0    0     0 39488 85637 47020  1  0 98  0  0  0
 1  0 389408 98579664 2116948 54683168    0    0     0 40568 85861 47812  1  0 98  0  0  0
 1  0 389408 98580780 2116948 54683520    0    0     0 39940 85745 47466  1  0 98  0  0  0
procs -----------memory---------- ---swap-- -----io---- -system-- -------cpu-------
 r  b   swpd   free   buff  cache   si   so    bi    bo   in   cs us sy id wa st gu
 1  0 389408 98581620 2116948 54683928    0    0     0 39984 85852 47879  1  0 98  0  0  0
 1  0 389408 98580764 2116948 54684300    0    0     0 40064 85756 47083  1  0 98  0  0  0
 1  0 389408 98580048 2116948 54684640    0    0     0 40044 85769 47312  1  0 98  0  0  0
 1  0 389408 98578940 2116948 54685008    0    0     0 39820 85759 47413  1  0 98  0  0  0
 1  0 389408 98576860 2116948 54685332    0    0     0 40572 85835 47112  1  0 98  0  0  0
 1  0 389408 98575088 2116948 54685700    0    0     0 40600 85978 47304  1  0 98  0  0  0
 1  0 389408 98578692 2116948 54686032    0    0     0 41128 85962 47584  1  0 98  0  0  0
 2  0 389408 98578892 2116948 54686432    0    0     0 40640 85922 47163  1  0 99  0  0  0
 1  0 389408 98577660 2116948 54686800    0    0     0 40836 85789 47656  1  0 98  0  0  0
 1  0 389408 98577124 2116948 54687136    0    0     0 41152 86134 47399  1  0 98  0  0  0
 1  0 389408 98569824 2116948 54687480    0    0     0 41156 85933 47311  1  0 98  0  0  0
 1  0 389408 98574452 2116948 54687900    0    0     0 41376 85871 47265  1  0 98  0  0  0
 1  0 389408 98579592 2116948 54688268    0    0     0 40588 85758 47260  1  0 98  0  0  0
 1  0 389408 98574892 2116948 54688624    0    0     0 41512 85958 47245  1  0 98  0  0  0
 1  0 389408 98571852 2116948 54688992    0    0     0 41196 85960 47804  1  0 98  0  0  0
 1  0 389408 98567868 2116948 54689344    0    0     0 41280 85921 47616  1  0 98  0  0  0
 1  0 389408 98568568 2116948 54689728    0    0     0 41608 85916 47589  1  0 98  0  0  0
 1  0 389408 98570816 2116948 54690096    0    0     0 41720 85997 47507  1  0 98  0  0  0
 2  0 389408 98568128 2116948 54690404    0    0     0 41384 86084 47646  1  0 98  0  0  0
 2  0 389408 98570176 2116948 54690812    0    0     0 41500 86040 47812  1  0 98  0  0  0
 1  0 389408 98573424 2116948 54691180    0    0     0 41820 86031 47530  1  0 98  0  0  0
procs -----------memory---------- ---swap-- -----io---- -system-- -------cpu-------
 r  b   swpd   free   buff  cache   si   so    bi    bo   in   cs us sy id wa st gu
 2  0 389408 98568020 2116948 54691500    0    0     0 41816 85962 47385  1  0 98  0  0  0
 1  0 389408 98573532 2116948 54691900    0    0     0 42408 86150 48015  1  0 98  0  0  0
 1  0 389408 98567696 2116948 54692208    0    0     0 42424 86017 47846  1  0 98  0  0  0
 2  0 389408 98564492 2116948 54692616    0    0     0 42136 86024 47813  1  0 98  0  0  0
 2  0 389408 98566136 2116948 54692992    0    0     0 41952 85818 47454  1  0 99  0  0  0
 1  0 389408 98567736 2116948 54693296    0    0     0 41788 86110 47645  1  0 98  0  0  0
 1  0 389408 98565096 2116948 54693720    0    0     0 42200 85968 47358  1  0 98  0  0  0
 1  0 389408 98570796 2116948 54694072    0    0     0 42172 86165 47097  1  0 98  0  0  0
 1  0 389408 98567012 2116948 54694436    0    0     0 42620 85841 47658  1  0 98  0  0  0
 2  0 389408 98567884 2116948 54694808    0    0     0 43604 86190 48072  1  0 98  0  0  0
 1  0 389408 98568608 2116948 54695148    0    0     0 44428 86129 47976  1  0 98  0  0  0
 1  0 389408 98568188 2116948 54695496    0    0     0 44624 86089 48104  1  0 98  0  0  0
 1  0 389408 98569912 2116948 54695856    0    0     0 44244 86050 47832  1  0 98  0  0  0
 1  0 389408 98568288 2116948 54696252    0    0     0 43788 86233 47614  1  0 98  0  0  0
 1  0 389408 98569200 2116948 54696620    0    0     0 44476 86014 48062  1  0 98  0  0  0
 1  0 389408 98568120 2116948 54696988    0    0     0 44476 86113 47885  1  0 98  0  0  0
 2  0 389408 98569176 2116948 54697336    0    0     0 44516 86032 48192  1  0 98  0  0  0
 2  1 389408 98569732 2116948 54697708    0    0     0 44936 86216 48270  1  0 98  0  0  0
 1  0 389408 98572100 2116948 54698040    0    0     0 44428 86046 48245  1  0 98  0  0  0
 1  0 389408 98568584 2116948 54698412    0    0     0 43968 86148 48109  1  0 98  0  0  0
 1  0 389408 98570580 2116948 54698780    0    0     0 43580 85966 46971  1  0 98  0  0  0
procs -----------memory---------- ---swap-- -----io---- -system-- -------cpu-------
 r  b   swpd   free   buff  cache   si   so    bi    bo   in   cs us sy id wa st gu
 1  0 389408 98572388 2116948 54699128    0    0     0 43668 86175 48170  1  0 98  0  0  0
 2  0 389408 98573520 2116948 54699496    0    0     0 43816 85991 48059  1  0 98  0  0  0
 1  0 389408 98574920 2116948 54699876    0    0     0 43184 86174 48379  1  0 98  0  0  0
 1  0 389408 98578020 2116948 54700220    0    0     0 43316 85979 47971  1  0 98  0  0  0
 1  0 389408 98579192 2116948 54700588    0    0     0 43216 85929 47869  1  0 98  0  0  0
 1  0 389408 98579068 2116948 54700960    0    0     0 43996 86098 48025  1  0 98  0  0  0
 1  0 389408 98578068 2116948 54701308    0    0     0 44956 86116 48153  1  0 98  0  0  0
 1  0 389408 98577908 2116948 54701684    0    0     0 44656 86162 48029  1  0 98  0  0  0
 1  0 389408 98582356 2116948 54702036    0    0     0 44184 86151 47959  1  0 98  0  0  0
 1  0 389408 98582136 2116948 54702412    0    0     0 43792 85972 47892  1  0 98  0  0  0
 1  0 389408 98582312 2116948 54702780    0    0     0 43748 86001 47950  1  0 98  0  0  0
 1  0 389408 98583924 2116948 54703136    0    0     0 44020 85965 47473  1  0 98  0  0  0
 2  1 389408 98580020 2116948 54703512    0    0     0 43568 86085 48202  1  0 98  0  0  0
 1  0 389408 98579236 2116948 54703864    0    0     0 43280 85885 48017  1  0 98  0  0  0
 2  0 389408 98574508 2116948 54704228    0    0     0 43136 86007 47855  1  0 98  0  0  0
 2  0 389408 98576900 2116948 54704592    0    0     0 43136 85939 48053  1  0 98  0  0  0
 1  0 389408 98580688 2116948 54704948    0    0     0 43628 86125 48163  1  0 98  0  0  0
 1  0 389408 98577844 2116948 54705316    0    0     0 43344 85926 47531  1  0 98  0  0  0
 1  0 389408 98579276 2116948 54705696    0    0     0 44152 85964 47864  1  0 98  0  0  0
 2  0 389408 98584836 2116948 54706048    0    0     0 43752 85948 47588  1  0 98  0  0  0
 1  0 389408 98580692 2116948 54706416    0    0     0 43456 85982 47647  1  0 98  0  0  0
procs -----------memory---------- ---swap-- -----io---- -system-- -------cpu-------
 r  b   swpd   free   buff  cache   si   so    bi    bo   in   cs us sy id wa st gu
 1  0 389408 98581724 2116948 54706764    0    0     0 44204 86001 47758  1  0 98  0  0  0
 1  0 389408 98576632 2116948 54707136    0    0     0 44160 85873 47971  1  0 98  0  0  0
 1  0 389408 98576000 2116948 54707504    0    0     0 43772 85966 47711  1  0 98  0  0  0
 1  0 389408 98575064 2116948 54707852    0    0     0 43936 86174 48140  1  0 98  0  0  0
 1  0 389408 98582320 2116948 54708224    0    0     0 44004 85963 47509  1  0 98  0  0  0
 1  1 389408 98585144 2116952 54708592    0    0     0 44148 86045 47651  1  0 98  0  0  0
 1  0 389408 98582016 2116952 54708940    0    0     0 43656 85995 47818  1  0 98  0  0  0
 1  0 389408 98580948 2116952 54709304    0    0     0 44156 86098 48205  1  0 98  0  0  0
 5  0 389408 98581896 2116952 54709664    0    0     0 44192 85937 47774  1  0 98  0  0  0
 1  0 389408 98582268 2116952 54710028    0    0     0 44220 85915 47739  1  0 98  0  0  0
 1  0 389408 98582176 2116952 54710372    0    0     0 45256 86027 47918  1  0 98  0  0  0
 1  0 389408 98580980 2116952 54710744    0    0     0 44828 86234 48368  1  0 98  0  0  0
 1  0 389408 98578556 2116952 54711108    0    0     0 44280 86061 48061  1  0 98  0  0  0
 1  0 389408 98576124 2116952 54711480    0    0     0 44556 86052 48072  1  0 98  0  0  0
 2  0 389408 98576512 2116952 54711828    0    0     0 44616 86154 47882  1  0 98  0  0  0
 2  0 389408 98576416 2116952 54712200    0    0     0 44708 86075 47697  1  0 98  0  0  0
 4  0 389408 98579796 2116952 54712564    0    0     0 44416 86173 47833  1  0 98  0  0  0
 1  0 389408 98586940 2116952 54712908    0    0     0 44592 86046 48270  1  0 98  0  0  0
 2  0 389408 98587900 2116952 54713244    0    0     0 44716 86220 47974  1  0 98  0  0  0
 2  0 389408 98585916 2116952 54713608    0    0     0 44912 86362 48420  1  0 98  0  0  0
 1  0 389408 98584680 2116952 54713960    0    0     0 45272 86290 48342  1  0 98  0  0  0
procs -----------memory---------- ---swap-- -----io---- -system-- -------cpu-------
 r  b   swpd   free   buff  cache   si   so    bi    bo   in   cs us sy id wa st gu
 1  0 389408 98582268 2116952 54714380    0    0     0 45396 86108 48413  1  0 98  0  0  0
 1  0 389408 98579580 2116952 54714728    0    0     0 45192 86360 48313  1  0 98  0  0  0
 1  1 389408 98576604 2116952 54715100    0    0     0 45472 86333 48758  1  0 98  0  0  0
 1  0 389408 98578644 2116952 54715416    0    0     0 45308 86149 48113  1  0 98  0  0  0
 1  0 389408 98575032 2116956 54715800    0    0     0 45224 86051 47730  1  0 98  0  0  0
 1  0 389408 98571612 2116956 54716192    0    0     0 45120 86098 47845  1  0 98  0  0  0
 1  0 389408 98572908 2116956 54716508    0    0     0 44540 86197 47759  2  0 98  0  0  0
 1  0 389408 98566508 2116956 54716900    0    0     0 44688 85958 47905  1  0 98  0  0  0
 1  0 389408 98568208 2116956 54717216    0    0     0 44308 86048 47903  1  0 98  0  0  0
 1  0 389408 98567028 2116956 54717576    0    0     0 45336 86141 48227  1  0 98  0  0  0
 1  0 389408 98565416 2116956 54717992    0    0     0 45892 86212 48345  1  0 98  0  0  0
 1  0 389408 98562012 2116956 54718308    0    0     0 45488 86175 48114  1  0 98  0  0  0
 2  0 389408 98562460 2116956 54718676    0    0     0 45624 86081 48534  1  0 98  0  0  0
 2  0 389408 98564924 2116956 54719024    0    0     0 45352 86118 48273  1  0 99  0  0  0
 1  0 389408 98563504 2116956 54719396    0    0     0 45940 86164 48161  1  0 98  0  0  0
 1  0 389408 98565540 2116956 54719768    0    0     0 47228 86229 48310  1  0 98  0  0  0
 1  0 389408 98563420 2116956 54720128    0    0     0 47264 86108 48383  1  0 98  0  0  0
 1  0 389408 98557180 2116956 54720488    0    0     0 47840 86315 48347  1  0 98  0  0  0
 1  0 389408 98556824 2116956 54720860    0    0     0 47472 86232 48223  1  0 98  0  0  0
 1  0 389408 98555484 2116960 54721192    0    0     0 48308 86262 48262  1  0 98  0  0  0
 1  0 389408 98556896 2116960 54721576    0    0     0 47756 86185 48427  1  0 98  0  0  0
procs -----------memory---------- ---swap-- -----io---- -system-- -------cpu-------
 r  b   swpd   free   buff  cache   si   so    bi    bo   in   cs us sy id wa st gu
 1  0 389408 98557100 2116960 54721924    0    0     0 48488 86170 48375  1  0 98  0  0  0
 1  0 389408 98553900 2116960 54722288    0    0     0 48008 86428 48928  1  0 98  0  0  0
 1  0 389408 98558628 2116960 54722664    0    0     0 47596 86054 48399  1  0 98  0  0  0
 1  0 389408 98557116 2116960 54723004    0    0     0 47540 86270 48292  1  0 98  0  0  0
 1  0 389408 98557696 2116960 54723364    0    0     0 47240 86189 48300  1  0 98  0  0  0
 1  0 389408 98558188 2116960 54723744    0    0     0 46804 86283 48265  1  0 98  0  0  0
 2  0 389408 98558324 2116960 54724092    0    0     0 46740 85955 48138  1  0 98  0  0  0
 1  0 389408 98559472 2116960 54724456    0    0     0 47396 86167 48111  1  0 98  0  0  0
 1  0 389408 98558460 2116968 54724820    0    0     0 47228 85917 48161  1  0 98  0  0  0
 2  0 389408 98558252 2116968 54725180    0    0     0 46608 86232 48265  1  0 98  0  0  0
 1  0 389408 98563016 2116968 54725548    0    0     0 47084 85925 48067  1  0 98  0  0  0
 1  0 389408 98557044 2116968 54725924    0    0     0 47024 86216 48246  1  0 98  0  0  0
 1  0 389408 98552404 2116968 54726268    0    0     0 47556 86081 48220  1  0 98  0  0  0
 1  0 389408 98552996 2116968 54726640    0    0     0 47268 86243 48288  1  0 98  0  0  0
 2  0 389408 98552016 2116968 54727000    0    0     0 46812 86130 48298  1  0 98  0  0  0
 1  0 389408 98547868 2116968 54727364    0    0     0 47000 86253 48554  1  0 98  0  0  0
 1  0 389408 98549312 2116968 54727744    0    0     0 46272 86142 48646  1  0 98  0  0  0
 1  0 389408 98549460 2116968 54728096    0    0     0 46208 86172 48566  1  0 98  0  0  0
 1  0 389408 98550484 2116972 54728460    0    0     0 46608 86271 48357  1  0 98  0  0  0
 1  0 389408 98550352 2116972 54728840    0    0     0 46952 86196 48456  1  0 98  0  0  0
 1  0 389408 98549016 2116972 54729188    0    0     0 47048 86109 48456  1  0 98  0  0  0
procs -----------memory---------- ---swap-- -----io---- -system-- -------cpu-------
 r  b   swpd   free   buff  cache   si   so    bi    bo   in   cs us sy id wa st gu
 1  0 389408 98549612 2116972 54729552    0    0     0 47512 86250 48411  1  0 98  0  0  0
 1  0 389408 98547840 2116972 54729932    0    0     0 47204 86297 48321  1  0 98  0  0  0
 1  0 389408 98547544 2116976 54730284    0    0     0 47384 86278 48294  1  0 98  0  0  0
 1  0 389408 98550632 2116976 54730652    0    0     0 46944 86108 48286  1  0 98  0  0  0
 1  0 389408 98546700 2116976 54731004    0    0     0 46460 86309 48516  1  0 98  0  0  0
 1  0 389408 98541204 2116976 54731376    0    0     0 47000 86140 48576  1  0 98  0  0  0
 2  0 389408 98542184 2116976 54731744    0    0     0 46332 86196 48277  1  0 98  0  0  0
 1  0 389408 98540928 2116980 54732092    0    0     0 46628 86020 48163  1  0 98  0  0  0
 1  0 389408 98542804 2116980 54732468    0    0     0 46032 86090 48223  1  0 98  0  0  0
 1  0 389408 98542756 2116980 54732820    0    0     0 45904 85982 48184  1  0 98  0  0  0
 1  0 389408 98541444 2116980 54733200    0    0     0 47160 86325 48870  1  0 98  0  0  0
 1  0 389408 98542908 2116980 54733572    0    0     0 46676 86027 48915  1  0 98  0  0  0
 1  0 389408 98542600 2116988 54733908    0    0     0 46340 86173 49254  1  0 98  0  0  0
 1  0 389408 98538500 2116988 54734292    0    0     0 46160 86159 49100  1  0 98  0  0  0
 1  0 389408 98538780 2116988 54734664    0    0     0 46224 86005 48641  1  0 98  0  0  0
 3  0 389408 98540928 2116988 54735012    0    0     0 46748 86138 48615  1  0 98  0  0  0
 1  0 389408 98543692 2116988 54735364    0    0     0 46404 86224 48871  1  0 98  0  0  0
 2  0 389408 98541544 2116988 54735724    0    0     0 46432 86137 48407  1  0 98  0  0  0
 1  0 389408 98534760 2116988 54736124    0    0     0 46068 86012 48265  1  0 98  0  0  0
 1  0 389408 98535860 2116988 54736492    0    0     0 45948 86050 48451  1  0 98  0  0  0
 2  1 389408 98533168 2116988 54736844    0    0     0 46496 86121 48490  1  0 98  0  0  0
procs -----------memory---------- ---swap-- -----io---- -system-- -------cpu-------
 r  b   swpd   free   buff  cache   si   so    bi    bo   in   cs us sy id wa st gu
 1  0 389408 98534776 2116988 54737212    0    0     0 45912 86006 48560  1  0 98  0  0  0
 1  0 389408 98536852 2116988 54737584    0    0     0 46192 86074 48684  1  0 98  0  0  0
 1  0 389408 98535964 2116988 54737932    0    0     0 46060 85882 48508  1  0 98  0  0  0
 0  0 389408 98533548 2116988 54738312    0    0     0 46136 86242 48830  1  0 98  0  0  0
 2  0 389408 98537492 2116988 54738660    0    0     0 46296 86008 48351  1  0 98  0  0  0
 1  0 389408 98541656 2116988 54739028    0    0     0 46920 86141 48339  1  0 98  0  0  0
 2  0 389408 98540720 2116988 54739396    0    0     0 46256 85968 48067  1  0 98  0  0  0
 1  0 389408 98540056 2116988 54739756    0    0     0 47044 86184 48450  1  0 98  0  0  0
 1  0 389408 98539968 2116988 54740132    0    0     0 47376 86191 48313  1  0 98  0  0  0
 1  0 389408 98533620 2116988 54740508    0    0     0 47160 85981 48586  1  0 98  0  0  0
 1  0 389408 98534840 2116988 54740856    0    0     0 47560 86234 48485  1  0 98  0  0  0
 1  0 389408 98532056 2116992 54741224    0    0     0 46356 86048 49155  1  0 98  0  0  0
 1  0 389408 98530544 2116992 54741576    0    0     0 46460 86094 48400  1  0 98  0  0  0
 1  0 389408 98531880 2116992 54741948    0    0     0 46668 85933 48312  1  0 98  0  0  0
 2  0 389408 98527108 2116992 54742312    0    0     0 46760 86214 48935  1  0 98  0  0  0
 2  0 389408 98526584 2116992 54742660    0    0     0 47660 86325 49153  1  0 98  0  0  0
 1  0 389408 98530356 2117000 54743032    0    0     0 47924 86256 48800  1  0 98  0  0  0
 1  0 389408 98526668 2117000 54743432    0    0     0 47268 86035 48534  1  0 98  0  0  0
 1  0 389408 98527636 2117000 54743760    0    0     0 47360 86242 48700  1  0 98  0  0  0
 1  0 389408 98529060 2117000 54744136    0    0     0 47920 86192 48749  1  0 98  0  0  0
 1  0 389408 98526596 2117000 54744480    0    0     0 48660 86192 48535  1  0 98  0  0  0
procs -----------memory---------- ---swap-- -----io---- -system-- -------cpu-------
 r  b   swpd   free   buff  cache   si   so    bi    bo   in   cs us sy id wa st gu
 1  0 389408 98524600 2117000 54744876    0    0     0 49068 86223 48694  1  0 98  0  0  0
 2  0 389408 98527284 2117000 54745224    0    0     0 49024 86271 48784  1  0 98  0  0  0
 1  0 389408 98525532 2117000 54745596    0    0     0 49024 86312 49006  1  0 98  0  0  0
 1  0 389408 98526804 2117000 54745936    0    0     0 48292 86295 48398  1  0 98  0  0  0
 1  0 389408 98525860 2117000 54746280    0    0     0 48564 86109 48482  1  0 98  0  0  0
 1  0 389408 98533416 2117000 54746664    0    0     0 47212 86338 48060  1  0 98  0  0  0
 1  0 389408 98530008 2117000 54747032    0    0     0 47860 86078 48874  1  0 98  0  0  0
 1  0 389408 98532292 2117000 54747400    0    0     0 47432 86252 48483  1  0 98  0  0  0
 2  0 389408 98529532 2117000 54747768    0    0     0 48064 86158 48366  1  0 98  0  0  0
 1  0 389408 98535628 2117000 54748140    0    0     0 48116 86307 48478  1  0 98  0  0  0
 1  0 389408 98536168 2117000 54748460    0    0     0 47840 86230 48590  1  0 98  0  0  0
 2  0 389408 98538556 2117000 54748828    0    0     0 48700 86251 48681  1  0 98  0  0  0
 1  0 389408 98532408 2117000 54749204    0    0     0 48764 86184 48590  1  0 98  0  0  0
 1  0 389408 98533428 2117000 54749556    0    0     0 48024 86199 48239  1  0 98  0  0  0
 1  0 389408 98532864 2117000 54749916    0    0     0 47856 86073 48526  1  0 98  0  0  0
 1  0 389408 98534376 2117000 54750276    0    0     0 47952 86123 48710  1  0 98  0  0  0
 1  0 389408 98534260 2117000 54750644    0    0     0 48904 86172 48632  1  0 98  0  0  0
 1  0 389408 98534272 2117000 54751032    0    0     0 48948 86286 48644  1  0 98  0  0  0
 1  0 389408 98530292 2117000 54751360    0    0     0 49020 86388 48786  1  0 98  0  0  0
 2  0 389408 98528880 2117000 54751728    0    0     0 49420 86263 48622  1  0 98  0  0  0
 1  0 389408 98527872 2117004 54752096    0    0     0 49244 86422 48742  1  0 98  0  0  0
procs -----------memory---------- ---swap-- -----io---- -system-- -------cpu-------
 r  b   swpd   free   buff  cache   si   so    bi    bo   in   cs us sy id wa st gu
 1  0 389408 98531296 2117004 54752456    0    0     0 48876 86202 48621  1  0 98  0  0  0
 1  0 389408 98532952 2117004 54752840    0    0     0 48208 86247 48589  1  0 98  0  0  0
 1  0 389408 98532092 2117004 54753184    0    0     0 48496 86191 48168  1  0 98  0  0  0
 1  0 389408 98536324 2117004 54753560    0    0     0 48520 86324 48603  1  0 98  0  0  0
 1  0 389408 98532276 2117004 54753920    0    0     0 49500 86116 48446  1  0 98  0  0  0
 1  0 389408 98524956 2117004 54754276    0    0     0 49144 86363 49110  1  0 98  0  0  0
 1  0 389408 98521756 2117004 54754636    0    0     0 48676 86175 49040  1  0 98  0  0  0
 1  0 389408 98518064 2117004 54755000    0    0     0 48316 86184 48934  1  0 98  0  0  0
 1  0 389408 98513916 2117004 54755368    0    0     0 47544 86131 48462  1  0 98  0  0  0
 1  0 389408 98517216 2117004 54755736    0    0     0 48276 86261 48930  1  0 98  0  0  0
 1  0 389408 98517244 2117004 54756084    0    0     0 48052 86198 48382  1  0 98  0  0  0
 1  0 389408 98524240 2117004 54756460    0    0     0 49708 86195 48740  1  0 98  0  0  0
 1  0 389408 98522904 2117004 54756832    0    0     0 49708 86220 48921  1  0 98  0  0  0
 1  0 389408 98519160 2117004 54757184    0    0     0 49808 86283 48762  1  0 98  0  0  0
 1  0 389408 98514176 2117004 54757564    0    0     0 49324 86158 48742  1  0 98  0  0  0
 1  0 389408 98518088 2117004 54757928    0    0     0 48724 86210 48542  1  0 98  0  0  0
 2  0 389408 98518752 2117004 54758280    0    0     0 50012 86248 48824  1  0 98  0  0  0
 1  0 389408 98525896 2117004 54758644    0    0     0 50040 86387 49026  1  0 98  0  0  0
 1  1 389408 98527240 2117004 54759036    0    0     0 49576 86216 48743  1  0 98  0  0  0
 1  0 389408 98524888 2117004 54759372    0    0     0 49344 86372 48498  1  0 98  0  0  0
 1  0 389408 98523160 2117004 54759736    0    0     0 49092 86115 48635  1  0 98  0  0  0
procs -----------memory---------- ---swap-- -----io---- -system-- -------cpu-------
 r  b   swpd   free   buff  cache   si   so    bi    bo   in   cs us sy id wa st gu
 1  0 389408 98525388 2117004 54760084    0    0     0 50720 86515 48823  2  0 98  0  0  0
 1  0 389408 98521124 2117004 54760444    0    0     0 50812 86205 48631  1  0 98  0  0  0
 1  0 389408 98525084 2117004 54760820    0    0     0 50320 86374 48836  1  0 98  0  0  0
 1  0 389408 98526340 2117004 54761160    0    0     0 50008 86103 48679  1  0 98  0  0  0
 2  0 389408 98525472 2117004 54761536    0    0     0 50884 86454 49019  1  0 98  0  0  0
 1  0 389408 98521964 2117004 54761900    0    0     0 49980 86131 48693  1  0 98  0  0  0
 1  0 389408 98523876 2117004 54762252    0    0     0 49856 86331 48768  1  0 98  0  0  0
 1  0 389408 98521600 2117004 54762632    0    0     0 49488 86155 48546  1  0 98  0  0  0
 1  0 389408 98521124 2117004 54762988    0    0     0 49748 86408 48660  1  0 98  0  0  0
 1  0 389408 98521640 2117004 54763360    0    0     0 51284 86491 48669  1  0 98  0  0  0
 1  0 389408 98514796 2117004 54763732    0    0     0 50680 86402 48439  1  0 98  0  0  0
 1  0 389408 98512952 2117004 54764088    0    0     0 50604 86462 49275  1  0 98  0  0  0
 1  0 389408 98515128 2117004 54764456    0    0     0 50320 86390 49114  1  0 98  0  0  0
 3  0 389408 98513956 2117004 54764820    0    0     0 50296 86408 48778  1  0 98  0  0  0
 2  0 389408 98516772 2117004 54765188    0    0     0 50724 86305 48930  1  0 98  0  0  0
 3  0 389408 98515256 2117004 54765564    0    0     0 49712 86477 48822  1  0 98  0  0  0
 1  0 389408 98514364 2117004 54765904    0    0     0 51024 86552 49147  1  0 98  0  0  0
 1  0 389408 98513188 2117004 54766268    0    0     0 50304 86393 48836  1  0 98  0  0  0
 2  0 389408 98515736 2117004 54766648    0    0     0 50632 86271 48482  1  0 98  0  0  0
 1  0 389408 98515708 2117004 54766996    0    0     0 49728 86416 48459  1  0 98  0  0  0
 1  0 389408 98519764 2117004 54767356    0    0     0 48960 86331 48584  1  0 98  0  0  0
procs -----------memory---------- ---swap-- -----io---- -system-- -------cpu-------
 r  b   swpd   free   buff  cache   si   so    bi    bo   in   cs us sy id wa st gu
 1  0 389408 98519108 2117004 54767708    0    0     0 49416 86294 48674  1  0 98  0  0  0
 2  1 389408 98520200 2117004 54768076    0    0     0 50232 86433 48724  1  0 98  0  0  0
 1  0 389408 98520900 2117004 54768444    0    0     0 49836 86238 48174  1  0 98  0  0  0
 1  0 389408 98521456 2117004 54768804    0    0     0 50088 86388 48424  1  0 98  0  0  0
 1  0 389408 98515528 2117004 54769184    0    0     0 50120 86312 48758  1  0 98  0  0  0
 1  0 389408 98517428 2117004 54769536    0    0     0 49136 86286 48235  1  0 98  0  0  0
 1  0 389408 98513524 2117004 54769888    0    0     0 49180 86202 48768  1  0 98  0  0  0
 1  0 389408 98509132 2117004 54770260    0    0     0 48056 86387 48653  1  0 98  0  0  0
 1  0 389408 98511984 2117004 54770604    0    0     0 48184 86092 48026  1  0 98  0  0  0
 1  0 389408 98510664 2117004 54770976    0    0     0 48644 86326 48308  1  0 98  0  0  0
 1  0 389408 98508564 2117004 54771348    0    0     0 48140 86413 48569  1  0 98  0  0  0
 2  0 389408 98508412 2117004 54771688    0    0     0 48708 86191 48121  1  0 98  0  0  0
 1  0 389408 98508180 2117004 54772068    0    0     0 49624 86400 48512  1  0 98  0  0  0
 2  0 389408 98513692 2117004 54772428    0    0     0 50136 86122 48846  1  0 98  0  0  0
 1  0 389408 98512004 2117004 54772788    0    0     0 51240 86487 49137  1  0 98  0  0  0
 1  0 389408 98510220 2117004 54773152    0    0     0 50480 86359 48660  1  0 98  0  0  0
 1  0 389408 98516560 2117008 54773492    0    0     0 50580 86414 48649  1  0 98  0  0  0
 1  0 389408 98517168 2117008 54773864    0    0     0 49728 86186 48905  1  0 98  0  0  0
 1  0 389408 98517632 2117008 54774236    0    0     0 49328 86435 48781  1  0 98  0  0  0
 1  0 389408 98494952 2117008 54774580    0    0     0 49432 86311 48585  1  0 98  0  0  0
 1  0 389408 98491328 2117008 54774952    0    0     0 49612 86409 48809  1  0 98  0  0  0
procs -----------memory---------- ---swap-- -----io---- -system-- -------cpu-------
 r  b   swpd   free   buff  cache   si   so    bi    bo   in   cs us sy id wa st gu
 1  0 389408 98490952 2117012 54775320    0    0     0 50684 86274 48726  1  0 98  0  0  0
 1  0 389408 98490312 2117012 54775676    0    0     0 50280 86347 48817  1  0 98  0  0  0
 1  0 389408 98486408 2117012 54776056    0    0     0 49732 86369 49158  1  0 98  0  0  0
 1  0 389408 98486788 2117012 54776420    0    0     0 49708 86274 48662  1  0 98  0  0  0
 1  0 389408 98484124 2117012 54776588    0    0     0 49388 86242 48826  1  0 98  0  0  0
 1  0 389408 98488104 2117012 54777156    0    0     0 49320 86198 48773  1  0 98  0  0  0
 1  0 389408 98489736 2117012 54777508    0    0     0 48868 86234 48907  1  0 98  0  0  0
 1  0 389408 98487996 2117012 54777884    0    0     0 48524 86233 48702  1  0 98  0  0  0
 2  0 389408 98487612 2117012 54778248    0    0     0 48916 86215 48742  1  0 98  0  0  0
 1  0 389408 98490932 2117012 54778572    0    0     0 49272 86305 48749  1  0 98  0  0  0
 1  0 389408 98490744 2117012 54778992    0    0     0 50024 86315 49324  1  0 98  0  0  0
 1  0 389408 98494864 2117012 54779340    0    0     0 49624 86380 48796  1  0 98  0  0  0
 1  0 389408 98495436 2117012 54779664    0    0     0 49052 86220 48503  1  0 98  0  0  0
 1  0 389408 98501276 2117012 54780080    0    0     0 48712 86278 48837  1  0 98  0  0  0
 1  0 389408 98498304 2117012 54780424    0    0     0 48276 86271 48912  1  0 98  0  0  0
 1  0 389408 98504456 2117012 54780792    0    0     0 47952 86127 48731  1  0 98  0  0  0
 1  0 389408 98505944 2117012 54781148    0    0     0 47972 86077 48490  1  0 98  0  0  0
 1  0 389408 98508804 2117012 54781532    0    0     0 48468 86192 49159  1  0 98  0  0  0
 1  0 389408 98504492 2117012 54781864    0    0     0 48228 86225 49665  1  0 98  0  0  0
 1  0 389408 98500684 2117012 54782248    0    0     0 48200 86182 49145  1  0 98  0  0  0
 1  0 389408 98500804 2117012 54782584    0    0     0 47848 86137 48800  1  0 98  0  0  0
procs -----------memory---------- ---swap-- -----io---- -system-- -------cpu-------
 r  b   swpd   free   buff  cache   si   so    bi    bo   in   cs us sy id wa st gu
 1  0 389408 98496148 2117012 54782988    0    0     0 48060 86234 48823  1  0 98  0  0  0
 1  0 389408 98495272 2117012 54783340    0    0     0 48016 86260 48554  1  0 98  0  0  0
 1  0 389408 98498004 2117012 54783676    0    0     0 48304 86273 48717  1  0 98  0  0  0
 1  0 389408 98499236 2117012 54784068    0    0     0 48040 86125 48800  1  0 98  0  0  0
 1  0 389408 98498036 2117012 54784428    0    0     0 47652 86214 48535  1  0 98  0  0  0
 2  1 389408 98494536 2117012 54784788    0    0     0 47416 86217 48594  1  0 98  0  0  0
 1  0 389408 98495380 2117012 54785160    0    0     0 47432 86137 48383  1  0 98  0  0  0
 1  0 389408 98492144 2117012 54785544    0    0     0 47444 86216 48686  1  0 98  0  0  0
 1  0 389408 98497292 2117012 54785912    0    0     0 47784 86205 48917  1  0 98  0  0  0
 1  0 389408 98502476 2117012 54786256    0    0     0 47200 86278 49081  1  0 98  0  0  0
 1  0 389408 98507804 2117012 54786584    0    0     0 47316 86097 48296  1  0 98  0  0  0
 1  0 389408 98506176 2117012 54786976    0    0     0 47820 86318 48926  1  0 98  0  0  0
 1  0 389408 98505812 2117012 54787320    0    0     0 47748 86385 48881  1  0 98  0  0  0
 1  0 389408 98507216 2117012 54787716    0    0     0 48468 86387 48756  1  0 98  0  0  0
 1  0 389408 98507048 2117012 54788080    0    0     0 48136 86288 48882  1  0 98  0  0  0
 1  0 389408 98506940 2117012 54788408    0    0     0 47964 86512 48967  1  0 98  0  0  0
 1  0 389408 98503196 2117012 54788828    0    0     0 47612 86296 48608  1  0 98  0  0  0
 1  0 389408 98501976 2117012 54789144    0    0     0 47324 86586 48835  1  0 98  0  0  0
 2  0 389408 98496964 2117012 54789552    0    0     0 47628 86136 48539  1  0 98  0  0  0
 1  0 389408 98503544 2117012 54789888    0    0     0 47036 86304 48339  1  0 98  0  0  0
 2  0 389408 98500324 2117016 54790276    0    0     0 47768 86261 48504  1  0 98  0  0  0
procs -----------memory---------- ---swap-- -----io---- -system-- -------cpu-------
 r  b   swpd   free   buff  cache   si   so    bi    bo   in   cs us sy id wa st gu
 6  1 389408 98497652 2117016 54790604    0    0     0 47800 86368 48529  1  0 98  0  0  0
 2  0 389408 98492988 2117016 54790988    0    0     0 47788 86247 48599  1  0 98  0  0  0
 2  0 389408 98496060 2117016 54791368    0    0     0 48164 86342 48659  1  0 98  0  0  0
 1  0 389408 98495092 2117016 54791752    0    0     0 48152 86150 48527  1  0 99  0  0  0
 1  0 389408 98497736 2117020 54792132    0    0     0 48372 86270 48731  1  0 98  0  0  0
 0  0 389408 98494044 2117020 54792432    0    0     0 47584 86247 48594  1  0 98  0  0  0
 1  0 389408 98499096 2117020 54792808    0    0     0 47560 86193 48744  1  0 98  0  0  0
 1  0 389408 98494300 2117020 54793156    0    0     0 47872 86281 48920  1  0 98  0  0  0
 1  0 389408 98499836 2117020 54793580    0    0     0 48356 86487 49347  1  0 98  0  0  0
 1  0 389408 98494660 2117020 54793904    0    0     0 47928 86226 48713  1  0 98  0  0  0
 1  0 389408 98494396 2117020 54794256    0    0     0 47332 86246 48490  1  0 98  0  0  0
 1  0 389408 98495544 2117020 54794692    0    0     0 47080 86124 48687  1  0 98  0  0  0
 1  0 389408 98493516 2117020 54795028    0    0     0 47280 86360 48754  1  0 98  0  0  0
 1  0 389408 98491056 2117020 54795396    0    0     0 47560 86073 48841  1  0 98  0  0  0
 1  0 389408 98489592 2117020 54795740    0    0     0 47704 86183 48582  1  0 98  0  0  0
 1  0 389408 98488080 2117020 54796072    0    0     0 47776 86095 48845  1  0 98  0  0  0
 1  0 389408 98484404 2117020 54796484    0    0     0 48092 86325 48777  1  0 98  0  0  0
 1  1 389408 98489632 2117020 54796840    0    0     0 47996 86219 48626  1  0 98  0  0  0
 1  0 389408 98494328 2117020 54797208    0    0     0 48116 86193 48740  1  0 98  0  0  0
 1  0 389408 98489060 2117020 54797540    0    0     0 48148 86164 48581  1  0 98  0  0  0
 0  0 389408 98486948 2117020 54797920    0    0     0 48040 86319 49047  1  0 98  0  0  0
procs -----------memory---------- ---swap-- -----io---- -system-- -------cpu-------
 r  b   swpd   free   buff  cache   si   so    bi    bo   in   cs us sy id wa st gu
 3  0 389408 98489564 2117020 54798304    0    0     0 47168 86066 48357  1  0 98  0  0  0
 1  0 389408 98491660 2117020 54798640    0    0     0 47184 86121 49046  1  0 98  0  0  0
 0  1 389408 98487176 2117020 54799048    0    0     0 47540 86219 49083  1  0 98  0  0  0
 1  0 389408 98484372 2117020 54799392    0    0     0 47036 86381 48275  1  0 98  0  0  0
 1  0 389408 98479912 2117020 54799732    0    0     0 47328 86191 49211  1  0 98  0  0  0
 1  0 389408 98485928 2117020 54800100    0    0     0 46712 86080 48082  1  0 98  0  0  0
 1  0 389408 98482484 2117020 54800472    0    0     0 46852 86190 46906  1  0 98  0  0  0
 0  1 389408 98483524 2117020 54800808    0    0     0 46952 86163 46853  1  0 98  0  0  0
 1  0 389408 98480320 2117020 54801180    0    0     0 47512 86154 48497  1  0 98  0  0  0
 1  0 389408 98473960 2117020 54801556    0    0     0 46508 85967 48121  1  0 98  0  0  0
 1  0 389408 98470124 2117020 54801884    0    0     0 46528 86125 48463  1  0 98  0  0  0
 1  0 389408 98470328 2117020 54802260    0    0     0 46364 86130 48605  1  0 98  0  0  0
 1  0 389408 98471200 2117020 54802608    0    0     0 46448 86130 48277  1  0 98  0  0  0
 1  0 389408 98468976 2117024 54802976    0    0     0 46592 86058 48261  1  0 98  0  0  0
 1  0 389408 98470068 2117024 54803364    0    0     0 46708 86223 48532  1  0 98  0  0  0
 1  0 389408 98466524 2117024 54803692    0    0     0 46592 86175 48661  2  0 98  0  0  0
 1  0 389408 98473008 2117024 54804068    0    0     0 46396 86278 48324  1  0 98  0  0  0
 1  0 389408 98471768 2117024 54804440    0    0     0 46100 86023 48505  1  0 98  0  0  0
