procs -----------memory---------- ---swap-- -----io---- -system-- -------cpu-------
 r  b   swpd   free   buff  cache   si   so    bi    bo   in   cs us sy id wa st gu
 4  0 389408 3530616 2095780 171415300    2    7 16373 22165 12059    3  2  0 97  0  0  0
112  0 389408 3470476 2095780 171415368    0    0     0 207668 92436 48204 95  1  3  0  0  0
132  0 389408 3456848 2095780 171415408    0    0     0 263348 115367 41660 98  1  1  0  0  0
126  0 389408 3451972 2095780 171415448    0    0     0 273772 93921 41860 98  1  1  0  0  0
101  0 389408 3444240 2095780 171415496    0    0     0 271156 111275 42840 98  1  1  0  0  0
95  0 389408 3430668 2095784 171415536    0    0     0 267388 95789 40645 98  1  1  0  0  0
41 33 389408 3154488 2095784 171415596    0    0 365008 432700 337998 495105 64 16 18  2  0  0
40 16 389408 3107764 2095784 171418288    0    0 1226688 617264 301922 1222095 51 17 21 11  0  0
65 22 389408 3053524 2095784 171424232    0    0 1245360 640800 304302 1263268 51 17 20 11  0  0
67 31 389408 3043676 2095784 171430320    0    0 1236288 627072 302502 1247650 51 17 20 12  0  0
94 12 389408 3029224 2095788 171436488    0    0 1219616 674372 298301 1225261 49 17 21 13  0  0
92 23 389408 3020368 2095788 171442224    0    0 1232576 743488 298400 1231728 49 16 21 13  0  0
20 19 389408 3012028 2095788 171448408    0    0 1249680 743996 295877 1200305 49 16 21 14  0  0
83  9 389408 3005496 2095788 171454376    0    0 1228592 721088 291898 1171896 47 16 22 15  0  0
87 47 389408 2999828 2095788 171460348    0    0 1171456 720612 291998 1177665 47 16 23 14  0  0
52 11 389408 2992300 2095792 171466028    0    0 1211120 733792 295110 1172165 48 16 22 14  0  0
48 11 389408 2986124 2095792 171472048    0    0 1178624 725764 291703 1186587 47 16 22 14  0  0
17 24 389408 2979616 2095792 171477868    0    0 1205984 753116 290872 1142422 46 15 23 15  0  0
29 11 389408 2972820 2095792 171483808    0    0 1206976 780568 294386 1156621 47 15 23 14  0  0
33 18 389408 2968880 2095796 171489784    0    0 1172960 787752 292919 1131817 46 15 25 14  0  0
74 18 389408 2964228 2095804 171495460    0    0 1189440 781756 292922 1129853 46 15 24 14  0  0
procs -----------memory---------- ---swap-- -----io---- -system-- -------cpu-------
 r  b   swpd   free   buff  cache   si   so    bi    bo   in   cs us sy id wa st gu
28 19 389408 3202116 2095804 171256260    0    0 1178368 798008 292759 1138482 46 16 23 16  0  0
44  7 389408 3195544 2095804 171261180    0    0 1166720 787852 295621 1131150 46 16 23 14  0  0
23 23 389408 3185732 2095804 171266828    0    0 1171856 821304 293697 1122398 45 16 23 15  0  0
76 57 389408 3180008 2095808 171272620    0    0 1190288 823856 294290 1118588 46 15 24 14  0  0
18  8 389408 3178008 2095816 171278288    0    0 1158432 828208 285578 1085486 45 15 23 17  0  0
16 21 389408 3171664 2095816 171283908    0    0 1149088 818808 290160 1108624 45 16 23 16  0  0
59 10 389408 3165904 2095816 171289688    0    0 1177616 821124 291126 1102201 45 15 23 17  0  0
15 23 389408 3161836 2095820 171295284    0    0 1157092 822156 291890 1111390 46 16 23 16  0  0
32 18 389408 3155308 2095820 171300848    0    0 1161952 801704 290583 1117829 46 15 23 16  0  0
71 61 389408 3149836 2095820 171306936    0    0 1177248 822324 288570 1083916 45 15 24 16  0  0
20 25 389408 3142840 2095820 171312440    0    0 1158944 811260 289187 1098303 46 15 24 15  0  0
86 47 389408 3136456 2095820 171318096    0    0 1141168 793236 290536 1090447 44 15 25 15  0  0
93 34 389408 3131308 2095820 171323568    0    0 1148992 803472 289079 1106535 45 16 23 16  0  0
94 38 389408 3124868 2095820 171329280    0    0 1174800 818572 288878 1086329 45 15 23 17  0  0
86 11 389408 3119012 2095824 171335208    0    0 1186064 809212 288639 1075455 45 15 24 16  0  0
63 11 389408 3113660 2095824 171340792    0    0 1116352 802008 286734 1090406 45 15 24 16  0  0
49 18 389408 3107396 2095824 171346260    0    0 1164448 817960 291857 1121364 46 16 23 15  0  0
42 13 389408 3066944 2095824 171352296    0    0 1091328 773944 278053 1023925 42 15 29 15  0  0
54 32 389408 3065448 2095824 171357260    0    0 1132496 807996 288358 1096086 45 15 24 16  0  0
79 44 389408 3117280 2095828 171362904    0    0 1145824 813660 288237 1082958 45 15 24 15  0  0
81 52 389408 3108960 2095828 171369068    0    0 1130544 798148 288758 1090284 44 16 24 16  0  0
procs -----------memory---------- ---swap-- -----io---- -system-- -------cpu-------
 r  b   swpd   free   buff  cache   si   so    bi    bo   in   cs us sy id wa st gu
79 27 389408 3102200 2095828 171374020    0    0 1137760 806548 287862 1065478 44 15 26 15  0  0
103 32 389408 3094208 2095828 171379672    0    0 1136432 791256 289564 1093911 45 15 24 16  0  0
38 27 389408 3084860 2095828 171385124    0    0 1143200 801668 290780 1108028 46 16 23 15  0  0
72 48 389408 3077912 2095828 171390724    0    0 1132752 804876 287951 1084871 44 15 25 16  0  0
19 10 389408 3074780 2095828 171396636    0    0 1112736 805764 289238 1089245 44 16 25 15  0  0
50 24 389408 3071372 2095828 171401800    0    0 1160160 808316 291540 1097593 46 16 23 15  0  0
27 11 389408 3065184 2095828 171407300    0    0 1169744 819324 291437 1096041 46 15 23 16  0  0
26 25 389408 3059408 2095828 171413576    0    0 1103920 802860 288926 1095757 44 15 26 15  0  0
16 10 389408 3055928 2095828 171418548    0    0 1132368 802096 287083 1072238 45 15 25 15  0  0
23 26 389408 3049092 2095828 171424108    0    0 1112448 791660 289875 1095469 44 16 25 14  0  0
28 18 389408 3037512 2095828 171430160    0    0 1124704 804444 289745 1092076 45 16 24 15  0  0
31 24 389408 3029112 2095828 171434868    0    0 1115616 795956 287971 1078869 44 15 25 16  0  0
87 15 389408 3022796 2095828 171440664    0    0 1146720 816716 288298 1081038 45 15 24 16  0  0
42 12 389408 3017008 2095832 171445904    0    0 1137744 813104 290932 1097073 45 16 24 15  0  0
25 16 389408 3011524 2095832 171451560    0    0 1126944 817672 288691 1078936 45 15 25 15  0  0
27 12 389408 3006020 2095832 171457512    0    0 1160800 823660 292983 1115697 47 16 23 15  0  0
23 26 389408 3001568 2095832 171462824    0    0 1132624 806896 288860 1092201 45 15 24 16  0  0
26 20 389408 2995828 2095832 171468424    0    0 1122448 807724 289683 1100302 45 16 24 16  0  0
96 30 389408 2989588 2095836 171474588    0    0 1156928 810996 291629 1089683 46 16 24 15  0  0
 4 42 389408 2986984 2095836 171479468    0    0 1156992 822852 291725 1097641 46 15 24 15  0  0
84 17 389408 2978108 2095836 171485628    0    0 1198288 836124 293180 1088914 46 16 23 15  0  0
procs -----------memory---------- ---swap-- -----io---- -system-- -------cpu-------
 r  b   swpd   free   buff  cache   si   so    bi    bo   in   cs us sy id wa st gu
35  7 389408 2971668 2095836 171491996    0    0 1123344 807840 289479 1098287 45 16 25 15  0  0
80  9 389408 3203920 2095384 171254028    0    0 1186832 841048 291863 1079741 46 16 23 16  0  0
31 17 389408 3184460 2095384 171259648    0    0 1115084 804032 283875 1050405 44 15 24 17  0  0
30 12 389408 3138740 2095564 171264636    0    0 1116908 803464 287992 1074620 45 16 24 15  0  0
36 25 389408 3093440 2095572 171272516    0    0 1121136 803468 286476 1062648 45 16 24 15  0  0
16 26 389408 3127776 2095580 171280972    0    0 1123452 806908 289874 1088775 45 17 24 14  0  0
87 36 389408 3119496 2095580 171285480    0    0 1121424 806512 290735 1093781 44 16 25 14  0  0
81 18 389408 3072836 2095584 171291224    0    0 1114928 809772 285629 1064709 45 16 24 16  0  0
66 22 389408 3103304 2095584 171297532    0    0 1168064 824292 291690 1084523 46 16 23 15  0  0
54  8 389408 3095080 2095584 171302136    0    0 1133376 802812 288778 1085754 45 16 25 15  0  0
41 13 389408 3086232 2095584 171308252    0    0 1132592 819124 291113 1098405 45 16 24 15  0  0
83 46 389408 3072160 2095584 171314192    0    0 1127728 811372 289615 1084760 46 17 23 14  0  0
71 34 389408 3084120 2095588 171318916    0    0 1164736 824908 287986 1069520 46 16 23 15  0  0
26 18 389408 3072952 2095588 171325236    0    0 1115440 814356 287256 1081724 45 15 25 15  0  0
17 17 389408 3072556 2095588 171329944    0    0 1115504 807996 287124 1087646 44 15 25 15  0  0
24 25 389408 3065072 2095588 171335748    0    0 1158144 845576 290218 1084017 45 15 24 16  0  0
28 11 389408 3061896 2095588 171342060    0    0 1137232 827456 287573 1079165 45 15 24 16  0  0
19 17 389408 3034068 2095588 171346644    0    0 1111232 806116 285948 1071205 46 16 24 14  0  0
48  8 389408 3048780 2095588 171352596    0    0 1152016 826456 285974 1064991 45 15 24 16  0  0
23 20 389408 3036524 2095588 171358848    0    0 1164288 837652 287470 1070170 45 15 24 16  0  0
87 15 389408 3035120 2095588 171363560    0    0 1141488 838020 290523 1095680 45 16 23 16  0  0
procs -----------memory---------- ---swap-- -----io---- -system-- -------cpu-------
 r  b   swpd   free   buff  cache   si   so    bi    bo   in   cs us sy id wa st gu
64 13 389408 3031156 2095588 171369820    0    0 1173040 829212 292443 1108521 47 16 23 15  0  0
21 10 389408 3025500 2095592 171376004    0    0 1100816 816692 288023 1091854 44 16 25 15  0  0
31 39 389408 3021804 2095592 171380516    0    0 1140000 842956 288320 1083976 45 15 24 16  0  0
69 54 389408 3017308 2095592 171386756    0    0 1129888 804168 287328 1071942 44 16 25 14  0  0
99 18 389408 3012304 2095592 171391504    0    0 1138752 829540 290430 1093153 45 15 24 15  0  0
64 33 389408 3007596 2095592 171397240    0    0 1135168 823596 287272 1064865 44 15 25 16  0  0
63 55 389408 3260080 2095592 171159412    0    0 1074688 790208 283672 1041979 44 17 26 13  0  0
18 35 389408 3247160 2095592 171162792    0    0 1147200 839404 289743 1082848 45 16 24 15  0  0
36 28 389408 3240312 2095592 171168992    0    0 1088880 813288 284942 1075758 44 15 26 15  0  0
21 10 389408 3236588 2095592 171174832    0    0 1117520 808664 284979 1059535 44 15 25 16  0  0
66 12 389408 3230768 2095592 171179272    0    0 1159456 831672 289691 1094537 46 15 23 16  0  0
80 51 389408 3223324 2095592 171185624    0    0 1140992 834888 288546 1082766 45 15 24 16  0  0
24 24 389408 3215964 2095592 171191760    0    0 1143760 842648 290450 1076331 45 15 24 15  0  0
44 14 389408 3210164 2095592 171196356    0    0 1159920 833764 292342 1099487 45 16 24 15  0  0
54 30 389408 3203928 2095592 171202720    0    0 1129888 835532 288616 1092922 45 15 24 15  0  0
85 49 389408 3173984 2095592 171207628    0    0 1109920 808056 288120 1080446 44 15 26 15  0  0
77 39 389408 3167184 2095592 171213048    0    0 1128704 824360 291308 1083471 45 15 26 15  0  0
13 25 389408 3162232 2095592 171219136    0    0 1108912 805672 288462 1082172 44 15 25 16  0  0
45 17 389408 3159420 2095592 171223636    0    0 1146768 813288 293777 1104181 46 16 24 14  0  0
31 23 389408 3195124 2095592 171229732    0    0 1133008 830056 291857 1097000 45 16 24 15  0  0
42  6 389408 3196464 2095592 171235860    0    0 1158880 823876 292716 1107486 46 16 24 14  0  0
procs -----------memory---------- ---swap-- -----io---- -system-- -------cpu-------
 r  b   swpd   free   buff  cache   si   so    bi    bo   in   cs us sy id wa st gu
28 18 389408 3190964 2095600 171240224    0    0 1150768 834496 292610 1082964 45 16 23 16  0  0
88 41 389408 3186848 2095600 171246724    0    0 1128368 813744 290400 1090793 45 16 24 15  0  0
30 12 389408 3180264 2095600 171252640    0    0 1145504 818812 290545 1093223 46 15 24 15  0  0
18 17 389408 3173532 2095600 171257272    0    0 1124144 816340 291150 1106353 46 16 24 14  0  0
99 27 389408 3123200 2095600 171263508    0    0 1181728 829168 290136 1075447 47 16 23 14  0  0
29 12 389408 3075492 2095600 171269096    0    0 1123072 824052 288500 1092405 47 16 22 15  0  0
47 15 389408 3091132 2095600 171274784    0    0 1125888 803852 291313 1092703 46 16 23 15  0  0
27 34 389408 3053776 2095600 171280736    0    0 1143072 828592 291002 1076593 45 15 25 14  0  0
63 28 389408 3101824 2095600 171285668    0    0 1097360 805872 285687 1056834 44 16 25 15  0  0
80 41 389408 3087292 2095600 171291360    0    0 1160336 839832 292610 1089402 45 16 24 15  0  0
41 17 389408 3080428 2095600 171297408    0    0 1137408 831432 292146 1102946 46 16 24 15  0  0
42 10 389408 3029960 2095600 171302216    0    0 1146192 824976 292255 1077780 46 16 24 13  0  0
56 11 389408 3072596 2095600 171308412    0    0 1138256 817200 289328 1075839 45 16 25 15  0  0
97 38 389408 3061716 2095600 171314520    0    0 1151520 842292 294811 1100712 46 16 23 15  0  0
69 24 389408 3054872 2095600 171319200    0    0 1169376 833604 293388 1083095 45 16 24 15  0  0
73 22 389408 3052760 2095600 171325620    0    0 1159360 845244 295000 1104571 46 16 24 15  0  0
93 37 389408 3008532 2095600 171332048    0    0 1143824 830192 291679 1091147 46 16 23 15  0  0
31  2 389408 3032660 2095600 171336596    0    0 1125344 818832 290288 1074851 45 16 24 14  0  0
78 47 389408 3023200 2095600 171342256    0    0 1118128 821732 290630 1089802 44 16 25 15  0  0
96 34 389408 3019028 2095600 171346900    0    0 1134400 816664 292514 1097060 45 16 26 14  0  0
24 22 389408 3016004 2095604 171353072    0    0 1156864 834780 292703 1108269 46 15 23 16  0  0
procs -----------memory---------- ---swap-- -----io---- -system-- -------cpu-------
 r  b   swpd   free   buff  cache   si   so    bi    bo   in   cs us sy id wa st gu
66  9 389408 3006596 2095604 171359160    0    0 1166048 845580 293723 1090758 45 15 24 15  0  0
93 20 389408 3006836 2095604 171363896    0    0 1121568 827356 290882 1095726 44 16 25 15  0  0
22 14 389408 3001236 2095604 171370052    0    0 1132752 825740 294546 1108482 45 16 25 14  0  0
11 23 389408 2996284 2095604 171376128    0    0 1131968 807472 291168 1103326 45 16 24 16  0  0
27 22 389408 2993392 2095608 171380804    0    0 1166736 843024 292218 1073314 45 16 24 15  0  0
81  7 389408 3234300 2095608 171142148    0    0 1119968 805084 287833 1070749 46 16 23 14  0  0
63 39 389408 3220516 2095608 171147248    0    0 1166112 845312 295115 1116845 47 16 24 14  0  0
20 24 389408 3217952 2095608 171151860    0    0 1147056 832012 292470 1084130 45 15 25 15  0  0
42 14 389408 3211896 2095608 171158188    0    0 1166288 835256 294007 1099863 46 16 23 15  0  0
42 19 389408 3167380 2095608 171162688    0    0 1064736 761724 276995 1031597 42 15 29 14  0  0
76 43 389408 3162244 2095608 171168648    0    0 1160944 841800 294201 1100222 46 15 24 15  0  0
35 15 389408 3217640 2095612 171174672    0    0 1119232 803528 282466 1057792 44 15 24 18  0  0
41 10 389408 3209276 2095612 171179180    0    0 1145360 788288 285023 1071784 45 15 23 17  0  0
14 26 389408 3204688 2095612 171185424    0    0 1164448 825928 284629 1056512 45 15 23 18  0  0
15 17 389408 3195796 2095612 171191684    0    0 1165136 813132 286931 1070973 46 15 22 17  0  0
37 16 389408 3187004 2095612 171196352    0    0 1127856 802420 283779 1061289 43 15 25 17  0  0
84 22 389408 3184600 2095612 171202500    0    0 1142064 813076 284752 1052267 44 15 24 17  0  0
77 32 389408 3174908 2095612 171208544    0    0 1146080 799856 283454 1050313 44 15 23 18  0  0
15 20 389408 3215676 2095612 171213500    0    0 1112832 804196 284723 1066397 44 15 24 17  0  0
21  6 389408 3210776 2095612 171219176    0    0 1142016 809684 285572 1051431 44 15 24 17  0  0
60  9 389408 3205876 2095612 171223700    0    0 1109856 787244 283644 1053984 44 15 26 16  0  0
procs -----------memory---------- ---swap-- -----io---- -system-- -------cpu-------
 r  b   swpd   free   buff  cache   si   so    bi    bo   in   cs us sy id wa st gu
31 19 389408 3199404 2095612 171229884    0    0 1124368 803968 285113 1049617 44 15 24 17  0  0
82 41 389408 3191212 2095612 171235916    0    0 1106640 802784 284464 1062483 44 15 26 16  0  0
77 19 389408 3162628 2095612 171240296    0    0 1095936 791808 283070 1064460 44 15 25 16  0  0
12 19 389408 3097120 2095616 171246620    0    0 1096928 783628 281332 1038514 45 15 24 16  0  0
99 11 389408 3132764 2095616 171252452    0    0 1094768 775252 282442 1040277 44 16 24 15  0  0
87 20 389408 3121744 2095616 171257168    0    0 1120448 802704 285173 1055094 44 15 26 16  0  0
89 46 389408 3082720 2095616 171263060    0    0 1104960 792004 284056 1049652 44 16 24 16  0  0
33  7 389408 3106608 2095616 171268920    0    0 1098816 785232 282217 1053668 45 16 23 16  0  0
23 11 389408 3101584 2095620 171273384    0    0 1113536 813648 284017 1060194 44 15 25 17  0  0
23 15 389408 3094404 2095620 171279468    0    0 1122224 788916 282891 1042400 43 15 26 16  0  0
28 23 389408 3056872 2095620 171284008    0    0 1135360 820920 288540 1073973 45 16 23 16  0  0
80 49 389408 3090416 2095620 171290092    0    0 1112896 796544 285241 1041719 44 16 25 16  0  0
65 16 389408 3082364 2095620 171296148    0    0 1135856 806808 287933 1064651 44 16 24 16  0  0
98 29 389408 3079236 2095628 171300712    0    0 1116400 801180 291610 1087447 45 16 25 15  0  0
83 40 389408 3061084 2095628 171306584    0    0 1110624 795920 283767 1036755 43 15 27 16  0  0
57 32 389408 3057668 2095628 171312544    0    0 1134800 805248 290518 1102146 46 16 23 16  0  0
59 58 389408 3022172 2095628 171317352    0    0 1125344 823600 293314 1105952 46 16 24 13  0  0
28  4 389408 3032960 2095628 171323856    0    0 1129264 816776 291772 1112483 46 17 23 14  0  0
13 21 389408 3046304 2095628 171329456    0    0 1159728 829420 293236 1097056 46 16 24 14  0  0
28 16 389408 3042308 2095628 171334320    0    0 1120784 812792 287895 1065899 43 16 25 16  0  0
63 15 389408 3036260 2095628 171340240    0    0 1118688 808264 291685 1099811 45 16 24 15  0  0
procs -----------memory---------- ---swap-- -----io---- -system-- -------cpu-------
 r  b   swpd   free   buff  cache   si   so    bi    bo   in   cs us sy id wa st gu
32 15 389408 3033816 2095628 171344784    0    0 1100000 796792 290883 1102595 45 16 26 13  0  0
62 21 389408 3027192 2095628 171350648    0    0 1151392 823300 292607 1091748 45 16 24 15  0  0
71 57 389408 3018800 2095628 171356916    0    0 1164160 843864 293525 1094985 46 16 24 14  0  0
44 14 389408 3018728 2095632 171361784    0    0 1149364 837756 294454 1096959 46 16 25 13  0  0
34 24 389408 3012932 2095632 171367924    0    0 1170048 828308 292676 1107731 46 16 24 14  0  0
48 28 389408 3008104 2095632 171374104    0    0 1145744 834340 290771 1083187 45 15 25 16  0  0
97 13 389408 3241176 2095540 171134532    0    0 1127168 817956 289330 1068769 46 17 24 14  0  0
23 28 389408 3259504 2095544 171139140    0    0 1152864 847904 293009 1089527 45 16 25 14  0  0
40 24 389408 3250776 2095544 171145332    0    0 1142464 826296 292268 1098627 46 16 25 14  0  0
97 35 389408 3244380 2095544 171149944    0    0 1124128 823732 289963 1102035 45 16 24 15  0  0
89 37 389408 3239348 2095544 171155860    0    0 1113904 821912 288910 1079686 44 15 25 15  0  0
95 29 389408 3231796 2095544 171160492    0    0 1113184 823552 292806 1107045 45 16 25 14  0  0
62 36 389408 3224468 2095544 171166376    0    0 1133520 835916 295016 1119659 46 16 24 14  0  0
79 14 389408 3217488 2095544 171172616    0    0 1166976 850224 295098 1115758 46 16 24 14  0  0
18 16 389408 3211836 2095544 171177496    0    0 1138528 847720 293766 1108494 45 16 25 13  0  0
52  6 389408 3206356 2095544 171183508    0    0 1151952 829964 294198 1098359 46 16 25 14  0  0
25  9 389408 3197912 2095544 171189680    0    0 1167760 861888 294831 1088530 46 16 24 14  0  0
79 35 389408 3190920 2095544 171194416    0    0 1124288 821976 289891 1071125 44 15 27 13  0  0
84 21 389408 3185680 2095544 171200356    0    0 1151632 839368 295232 1113902 46 16 25 13  0  0
35 11 389408 3180328 2095544 171206652    0    0 1123440 827148 294451 1099592 45 16 26 13  0  0
25 19 389408 3217096 2095544 171211276    0    0 1166416 862636 295992 1108361 46 16 25 13  0  0
procs -----------memory---------- ---swap-- -----io---- -system-- -------cpu-------
 r  b   swpd   free   buff  cache   si   so    bi    bo   in   cs us sy id wa st gu
11 23 389408 3211612 2095544 171217168    0    0 1167536 847784 296072 1118305 47 16 24 14  0  0
97  7 389408 3205804 2095548 171222180    0    0 1139808 834348 292000 1092230 45 16 24 15  0  0
75 48 389408 3199636 2095548 171228088    0    0 1119744 820604 291684 1090551 45 15 27 13  0  0
97 20 389408 3190164 2095548 171234104    0    0 1143840 837732 295815 1118966 46 16 24 14  0  0
56  6 389408 3164928 2095548 171239036    0    0 1159136 837840 294345 1109902 47 16 23 14  0  0
91 27 389408 3092144 2095548 171245760    0    0 1163680 856900 294809 1105373 48 16 23 13  0  0
37  9 389408 3102260 2095552 171251720    0    0 1115040 829044 290767 1093783 45 16 25 14  0  0
83 43 389408 3096964 2095552 171256272    0    0 1163904 841716 294205 1092615 46 16 24 14  0  0
19 16 389408 3068460 2095552 171262220    0    0 1135648 825044 293961 1101579 48 17 23 12  0  0
26 21 389408 3086432 2095552 171268788    0    0 1131504 828040 293937 1098832 46 16 26 12  0  0
58 33 389408 3083116 2095556 171273268    0    0 1173856 839824 297390 1126417 47 16 24 13  0  0
24 17 389408 3051176 2095560 171279680    0    0 1120800 830008 292576 1091260 45 16 27 13  0  0
95 35 389408 3074156 2095560 171284176    0    0 1141600 825964 292410 1102648 47 17 24 13  0  0
19 34 389408 3062256 2095560 171290368    0    0 1134576 819636 293618 1109245 46 15 24 15  0  0
31 17 389408 3056356 2095560 171296424    0    0 1156176 832368 295340 1117013 46 16 24 14  0  0
73 37 389408 3051236 2095560 171301152    0    0 1145088 836408 295115 1102401 46 16 25 14  0  0
34 21 389408 3045492 2095564 171307412    0    0 1149696 838092 298137 1131122 46 16 23 14  0  0
31 14 389408 3004288 2095564 171313708    0    0 1121104 831700 294782 1111930 47 16 25 12  0  0
20 13 389408 3036436 2095564 171318276    0    0 1105104 810988 290950 1096421 45 16 26 13  0  0
32 18 389408 3029472 2095564 171324104    0    0 1146720 830156 295573 1116782 45 16 24 14  0  0
76 55 389408 3024672 2095564 171330288    0    0 1146352 839052 293836 1100439 46 16 25 14  0  0
procs -----------memory---------- ---swap-- -----io---- -system-- -------cpu-------
 r  b   swpd   free   buff  cache   si   so    bi    bo   in   cs us sy id wa st gu
33 26 389408 3020060 2095564 171334912    0    0 1174304 857024 298070 1117666 47 16 24 14  0  0
45  6 389408 3016400 2095564 171341384    0    0 1162736 831496 297822 1123941 47 16 24 13  0  0
31 22 389408 3011188 2095564 171345972    0    0 1104000 825596 295052 1125902 45 16 26 12  0  0
34  9 389408 3003644 2095564 171351816    0    0 1141072 824392 298660 1146737 47 16 24 13  0  0
73 54 389408 2994780 2095564 171358056    0    0 1144464 843524 296997 1126380 46 16 24 14  0  0
75 15 389408 2982276 2095564 171362896    0    0 1156608 845228 298531 1142256 47 16 23 14  0  0
94 40 389408 3245568 2095564 171123640    0    0 1138192 826752 292921 1092784 47 17 23 13  0  0
117  8 389408 3230632 2095564 171129232    0    0 1114976 803572 293189 1111319 45 16 25 14  0  0
78  7 389408 3224156 2095564 171133708    0    0 1126976 821384 296641 1133750 46 17 25 13  0  0
50 11 389408 3219876 2095564 171139912    0    0 1137296 821580 293640 1102137 45 16 25 14  0  0
23 17 389408 3213536 2095568 171146072    0    0 1142320 837436 295043 1099093 46 16 24 15  0  0
95 32 389408 3206816 2095568 171150696    0    0 1170048 836200 296962 1115046 46 16 24 14  0  0
91 24 389408 3200636 2095568 171156760    0    0 1108032 821412 294972 1120445 45 16 25 14  0  0
30 20 389408 3195488 2095568 171161284    0    0 1150864 823956 296018 1123089 47 16 24 13  0  0
54 15 389408 3189352 2095568 171167388    0    0 1100688 818488 293104 1115522 45 16 26 13  0  0
 8 28 389408 3183032 2095568 171173496    0    0 1158864 827976 296231 1114986 46 16 24 14  0  0
19 22 389408 3181524 2095568 171178040    0    0 1095440 795212 290340 1088520 44 16 27 14  0  0
37 57 389408 3175364 2095568 171184236    0    0 1139536 832688 296724 1126614 47 16 24 13  0  0
40 26 389408 3168280 2095568 171190264    0    0 1127552 823536 292729 1088645 46 16 26 13  0  0
46 60 389408 3195020 2095572 171194760    0    0 1135920 819896 297975 1142946 47 16 24 13  0  0
55 78 389408 3151112 2095576 171200872    0    0 1097360 819256 293161 1114715 46 16 25 13  0  0
procs -----------memory---------- ---swap-- -----io---- -system-- -------cpu-------
 r  b   swpd   free   buff  cache   si   so    bi    bo   in   cs us sy id wa st gu
42 82 389408 3128128 2095576 171207256    0    0 1116960 814864 291869 1096034 47 16 24 13  0  0
50 56 389408 3124796 2095576 171211292    0    0 1136848 827312 294566 1096887 45 16 25 14  0  0
80 50 389408 3077904 2095576 171217452    0    0 1061920 776288 278518 1006590 42 15 30 13  0  0
19 70 389408 3080936 2095576 171221900    0    0 1118048 813296 294134 1113739 46 16 25 13  0  0
61 67 389408 3128128 2095580 171228044    0    0 1165152 828760 298051 1121959 47 16 24 13  0  0
22 91 389408 3094476 2095580 171234184    0    0 1146784 842404 295358 1105644 47 17 23 14  0  0
21 62 389408 3130976 2095580 171238536    0    0 1109008 810628 292776 1095632 46 16 25 13  0  0
32 90 389408 3123156 2095580 171244700    0    0 1139376 816072 295026 1123218 46 16 24 14  0  0
13 90 389408 3115136 2095580 171250924    0    0 1121696 814080 294875 1113822 45 16 25 14  0  0
24 75 389408 3110356 2095580 171255460    0    0 1157712 844556 295448 1089454 46 16 25 14  0  0
21 82 389408 3055516 2095580 171262048    0    0 1130528 810156 292486 1098434 46 16 25 13  0  0
43 80 389408 3088460 2095580 171267624    0    0 1090000 801288 291685 1111411 46 17 24 13  0  0
54 60 389408 3086308 2095580 171272316    0    0 1106544 808680 294918 1120704 45 16 26 13  0  0
22 87 389408 3077612 2095580 171278412    0    0 1158096 837840 296075 1092804 46 15 25 14  0  0
36 35 389408 3076816 2095580 171283012    0    0 1158928 839408 297306 1124518 47 16 24 14  0  0
53 74 389408 3073644 2095580 171289200    0    0 1141616 832632 298283 1144084 47 16 24 13  0  0
49 55 389408 3067056 2095580 171295420    0    0 1122864 817516 292230 1086354 44 16 26 14  0  0
45 15 389408 3061612 2095580 171299924    0    0 1158560 829864 295820 1112778 46 16 24 13  0  0
55 57 389408 3058468 2095580 171306104    0    0 1123840 838140 297924 1127818 46 16 24 14  0  0
97 43 389408 3040668 2095580 171312136    0    0 1133824 813616 293585 1082392 45 16 26 14  0  0
40 13 389408 3044080 2095580 171316708    0    0 1110704 817028 289841 1085745 46 17 24 14  0  0
procs -----------memory---------- ---swap-- -----io---- -system-- -------cpu-------
 r  b   swpd   free   buff  cache   si   so    bi    bo   in   cs us sy id wa st gu
55 23 389408 3034948 2095580 171322868    0    0 1147552 841720 294641 1091835 45 16 25 14  0  0
87 26 389408 3031660 2095580 171329160    0    0 1174032 841780 300446 1132469 47 16 24 13  0  0
77 59 389408 3025296 2095580 171333852    0    0 1148272 841896 294252 1089988 45 15 26 14  0  0
78 49 389408 3021184 2095588 171339860    0    0 1129328 816536 295339 1120470 46 16 26 13  0  0
21 33 389408 3020480 2095588 171344492    0    0 1167472 846308 296917 1130379 47 16 24 14  0  0
40 78 389408 3015260 2095588 171350780    0    0 1144128 825192 296446 1132219 47 16 23 14  0  0
28 13 389408 3008816 2095592 171357012    0    0 1157188 844160 294876 1082687 45 16 25 14  0  0
66 18 389408 3004264 2095592 171361860    0    0 1175168 832004 296337 1105706 47 16 24 13  0  0
48  9 389408 2997276 2095596 171367948    0    0 1176864 849352 296274 1104897 46 16 24 14  0  0
30  3 389408 2991832 2095596 171374288    0    0 1171312 849984 298199 1123334 47 17 23 13  0  0
23 21 389408 2988984 2095596 171378828    0    0 1142224 836552 294713 1105053 45 16 25 13  0  0
40 13 389408 2983592 2095596 171384964    0    0 1122896 826320 292417 1096335 44 16 26 14  0  0
85 36 389408 3019004 2095596 171390996    0    0 1160912 836100 297125 1113508 46 16 23 14  0  0
98 35 389408 3006328 2095596 171395468    0    0 1154512 841940 297620 1111031 46 16 25 13  0  0
61 17 389408 2999968 2095600 171401864    0    0 1163248 844312 296226 1104933 46 16 25 13  0  0
86 22 389408 2996152 2095600 171406620    0    0 1157248 822172 296461 1114937 46 16 25 13  0  0
84  4 389408 2985916 2095600 171412928    0    0 1160416 834004 293706 1090831 45 16 25 14  0  0
37 19 389408 3208780 2095584 171175248    0    0 1145872 839012 292493 1087442 45 16 24 15  0  0
81 15 389408 3129404 2095588 171178360    0    0 1121872 827192 294134 1106407 47 16 24 13  0  0
32 28 389408 3163704 2095588 171184344    0    0 1135680 829692 295027 1116182 47 17 24 12  0  0
59  5 389408 3159500 2095588 171190468    0    0 1140576 823348 297267 1123242 46 16 25 12  0  0
procs -----------memory---------- ---swap-- -----io---- -system-- -------cpu-------
 r  b   swpd   free   buff  cache   si   so    bi    bo   in   cs us sy id wa st gu
100 30 389408 3131848 2095588 171194872    0    0 1096912 811788 289697 1082853 45 17 25 13  0  0
33 10 389408 3149356 2095588 171200992    0    0 1132320 825188 292606 1093062 45 16 25 14  0  0
86 42 389408 3143540 2095588 171206876    0    0 1134720 833076 293969 1103529 45 16 26 14  0  0
30 12 389408 3113220 2095588 171211556    0    0 1119104 816436 292633 1100462 46 16 25 14  0  0
82 43 389408 3138464 2095588 171217788    0    0 1137424 826832 294623 1098370 47 17 23 13  0  0
88 42 389408 3127984 2095588 171222164    0    0 1174608 841100 297497 1128065 47 16 23 14  0  0
84 31 389408 3124376 2095588 171228512    0    0 1156240 834060 296891 1124630 47 16 23 14  0  0
22 28 389408 3118232 2095592 171234692    0    0 1128976 803636 295434 1114199 46 16 25 13  0  0
32 15 389408 3116304 2095592 171239356    0    0 1153648 837284 293922 1090312 45 16 24 15  0  0
25 24 389408 3078192 2095596 171245436    0    0 1073956 789332 285116 1067944 45 16 26 13  0  0
20 20 389408 3100132 2095596 171251232    0    0 1107792 807660 291278 1095156 45 16 26 13  0  0
57 14 389408 3092744 2095596 171255856    0    0 1133168 814072 296306 1112127 46 16 25 14  0  0
48 10 389408 3090168 2095596 171262092    0    0 1137136 826156 295348 1116728 46 16 25 13  0  0
52  6 389408 3087952 2095600 171268044    0    0 1117968 817868 296033 1120092 46 16 25 13  0  0
55 26 389408 3080376 2095600 171272636    0    0 1126112 826076 296975 1129052 46 16 24 13  0  0
32  3 389408 3069108 2095600 171278976    0    0 1186352 854484 299219 1120565 47 16 23 14  0  0
25 15 389408 3066048 2095600 171283536    0    0 1119696 833880 296130 1133402 46 16 25 14  0  0
34 22 389408 3059652 2095600 171289692    0    0 1135712 824028 297364 1128780 47 16 24 13  0  0
61 12 389408 3048856 2095600 171295848    0    0 1135680 828404 295566 1121566 46 17 24 13  0  0
79 21 389408 3040968 2095600 171300728    0    0 1121072 819812 289690 1075828 46 17 24 13  0  0
 7 16 389408 3031744 2095600 171306572    0    0 1145872 838444 297914 1126385 47 16 25 12  0  0
procs -----------memory---------- ---swap-- -----io---- -system-- -------cpu-------
 r  b   swpd   free   buff  cache   si   so    bi    bo   in   cs us sy id wa st gu
32 19 389408 3008488 2095600 171312488    0    0 1100720 814372 293914 1137660 46 16 25 13  0  0
42 20 389408 3005484 2095600 171317060    0    0 1122544 823308 294138 1098948 45 16 26 13  0  0
57  8 389408 2999004 2095600 171323220    0    0 1161664 842776 297277 1094096 46 16 25 13  0  0
76 11 389408 2997528 2095600 171329496    0    0 1158528 836440 295380 1093684 46 16 25 13  0  0
25 20 389408 2992844 2095600 171334100    0    0 1091040 805660 292688 1116752 45 16 26 14  0  0
17 34 389408 2988816 2095600 171340088    0    0 1142480 833540 293846 1092806 45 16 26 13  0  0
82 18 389408 2983608 2095600 171344680    0    0 1125792 826724 294574 1114997 45 16 25 13  0  0
74 22 389408 2980208 2095600 171350892    0    0 1133184 822756 293544 1097159 45 16 26 13  0  0
21 30 389408 2971956 2095600 171356984    0    0 1143968 836712 297003 1113302 46 16 25 13  0  0
26 29 389408 2967644 2095600 171361616    0    0 1124016 832068 294475 1108602 45 16 25 13  0  0
69 15 389408 2961832 2095600 171367736    0    0 1149520 844204 295667 1109074 46 15 24 15  0  0
40 17 389408 3243556 2095600 171127920    0    0 1129072 825612 294330 1127847 46 16 24 14  0  0
86 44 389408 3240488 2095600 171132612    0    0 1151584 849360 296884 1118263 46 16 24 14  0  0
69 16 389408 3234144 2095604 171138620    0    0 1144548 839984 295626 1114615 46 16 25 13  0  0
27 19 389408 3225428 2095604 171144544    0    0 1128240 813208 297223 1146258 47 17 24 13  0  0
102 25 389408 3220852 2095604 171149312    0    0 1157488 829848 295237 1114045 46 16 24 14  0  0
63 30 389408 3217916 2095604 171155340    0    0 1137952 834824 295830 1101486 45 16 25 13  0  0
28 13 389408 3175328 2095604 171159928    0    0 1114544 816804 292132 1087946 46 16 25 13  0  0
79 50 389408 3122444 2095604 171166284    0    0 1139232 834668 290659 1076857 47 16 24 14  0  0
30 15 389408 3151980 2095604 171172224    0    0 1100384 814228 294534 1113783 46 17 25 13  0  0
96 24 389408 3110192 2095604 171177200    0    0 1143520 830328 292050 1087216 46 17 24 13  0  0
procs -----------memory---------- ---swap-- -----io---- -system-- -------cpu-------
 r  b   swpd   free   buff  cache   si   so    bi    bo   in   cs us sy id wa st gu
81 49 389408 3141688 2095604 171183136    0    0 1167696 838476 295883 1107695 47 16 24 13  0  0
13 19 389408 3136632 2095604 171189144    0    0 1123216 816776 286378 1060396 44 15 25 17  0  0
29 17 389408 3080932 2095604 171193912    0    0 1110992 784204 283965 1069636 45 16 24 15  0  0
23 23 389408 3124088 2095604 171199740    0    0 1117920 806908 284667 1060753 44 16 24 17  0  0
28 17 389408 3119488 2095604 171206060    0    0 1157792 830436 286379 1050245 44 15 25 16  0  0
17 13 389408 3114404 2095608 171210552    0    0 1154560 815564 288277 1087319 45 15 23 17  0  0
26 20 389408 3110760 2095608 171216748    0    0 1116672 803624 283835 1056084 43 15 26 16  0  0
18 11 389408 3057780 2095608 171221508    0    0 1143392 814756 285846 1053199 45 15 23 16  0  0
49 21 389408 3097728 2095608 171227272    0    0 1090112 771864 283753 1070760 43 16 25 15  0  0
55 65 389408 3089648 2095608 171233464    0    0 1138560 817392 287961 1086730 45 15 23 17  0  0
69 49 389408 3087672 2095616 171238216    0    0 1136640 811180 288372 1070636 44 15 24 17  0  0
16 23 389408 3084536 2095616 171244164    0    0 1102992 811628 286685 1072898 44 15 26 15  0  0
38 15 389408 3081980 2095616 171250048    0    0 1138304 809692 287715 1065506 44 15 25 17  0  0
53 22 389408 3079148 2095616 171254800    0    0 1116576 809620 286581 1074790 44 15 25 16  0  0
72 56 389408 3073744 2095616 171260684    0    0 1133056 807276 289365 1083073 44 15 24 16  0  0
80 23 389408 3068480 2095616 171266804    0    0 1143712 826096 289353 1070723 44 15 25 15  0  0
28 22 389408 2989720 2095620 171271544    0    0 1076788 787416 276679 989503 42 15 29 13  0  0
77 55 389408 3013516 2095620 171277292    0    0 1135312 825804 292342 1095919 46 16 24 14  0  0
74 49 389408 3066024 2095624 171282228    0    0 1141472 804740 286125 1064304 44 15 25 16  0  0
25 33 389408 3059364 2095624 171288016    0    0 1111504 811676 283395 1049983 43 15 26 17  0  0
35  7 389408 3053908 2095632 171294012    0    0 1125696 800004 288533 1081300 44 15 24 16  0  0
procs -----------memory---------- ---swap-- -----io---- -system-- -------cpu-------
 r  b   swpd   free   buff  cache   si   so    bi    bo   in   cs us sy id wa st gu
103  7 389408 3049176 2095632 171298708    0    0 1146768 831408 291357 1095331 46 16 24 15  0  0
61 19 389408 3044700 2095632 171304752    0    0 1147600 822016 290877 1074607 45 15 25 14  0  0
31 19 389408 3036976 2095632 171310996    0    0 1153408 842496 292481 1094269 46 16 24 15  0  0
47 11 389408 3033564 2095632 171315500    0    0 1126320 796564 291222 1102365 45 15 25 14  0  0
88 12 389408 3025704 2095632 171321640    0    0 1138672 820004 288871 1084630 45 16 24 15  0  0
23 21 389408 3019428 2095632 171327556    0    0 1120528 814560 289024 1086274 45 16 24 15  0  0
90 53 389408 3014924 2095632 171332560    0    0 1164208 825876 292118 1090199 46 16 24 14  0  0
51 24 389408 3009876 2095632 171338632    0    0 1129776 809900 287582 1092171 45 15 25 15  0  0
58 22 389408 3041148 2095632 171343712    0    0 1146144 812492 288750 1059750 44 15 24 17  0  0
17 12 389408 3036196 2095636 171349028    0    0 1122096 812820 286174 1066937 44 16 25 15  0  0
19 19 389408 3031136 2095636 171355048    0    0 1118272 800048 289860 1086267 45 15 26 14  0  0
65 22 389408 3019244 2095636 171359752    0    0 1116208 813688 287286 1066891 44 15 25 16  0  0
69 48 389408 3014312 2095636 171365892    0    0 1165840 831996 291899 1072711 45 16 24 15  0  0
20 31 389408 3008364 2095636 171371900    0    0 1126048 812148 293590 1115203 46 16 24 14  0  0
76 45 389408 3113788 2095636 171224772    0    0 1145824 833012 290168 1078426 46 15 24 14  0  0
50 31 389408 3149532 2095636 171138236    0    0 1101824 811808 285485 1054484 45 16 25 14  0  0
26 17 389408 3188048 2095636 171143884    0    0 1133232 810964 289092 1066608 44 16 25 15  0  0
15 24 389408 3184852 2095636 171148488    0    0 1109552 801032 289776 1086539 44 16 26 14  0  0
23 13 389408 3140288 2095636 171154416    0    0 1100672 798488 288597 1086232 45 16 26 13  0  0
58 21 389408 3165200 2095636 171159864    0    0 1150976 819928 289747 1094532 46 17 22 15  0  0
27 14 389408 3161520 2095636 171164828    0    0 1148768 815772 283928 1058765 44 15 24 16  0  0
procs -----------memory---------- ---swap-- -----io---- -system-- -------cpu-------
 r  b   swpd   free   buff  cache   si   so    bi    bo   in   cs us sy id wa st gu
26 31 389408 3158796 2095636 171170680    0    0 1126080 812884 283863 1060541 44 15 25 17  0  0
17 35 389408 3156456 2095636 171175272    0    0 1126544 787332 282421 1049939 45 16 22 16  0  0
29 18 389408 3150596 2095636 171181260    0    0 1134144 815360 284032 1054485 44 15 24 17  0  0
94 25 389408 3148796 2095636 171186928    0    0 1128976 792664 283168 1052911 44 15 25 16  0  0
77 44 389408 3145244 2095636 171191556    0    0 1116752 795128 283890 1063973 44 15 25 16  0  0
44 21 389408 3130296 2095636 171197760    0    0 1156784 821428 287532 1077085 45 15 22 18  0  0
39 14 389408 3073024 2095636 171203224    0    0 1102512 807204 284139 1056678 45 16 24 16  0  0
21 26 389408 3097944 2095636 171208536    0    0 1165376 831828 290015 1063583 46 16 24 15  0  0
81 13 389408 3092752 2095640 171214616    0    0 1147792 831780 293248 1099654 45 16 24 14  0  0
26 20 389408 3088180 2095640 171219388    0    0 1147264 820372 291066 1102656 46 16 22 16  0  0
67 49 389408 3084944 2095640 171225512    0    0 1134000 802308 283934 1056232 44 15 24 16  0  0
33  9 389408 3080128 2095640 171231564    0    0 1189824 849636 297536 1107755 47 16 23 14  0  0
22 13 389408 3078016 2095640 171236448    0    0 1131056 830144 293971 1102687 45 16 26 13  0  0
56 15 389408 3072108 2095640 171242608    0    0 1134496 826144 292952 1099735 45 16 26 14  0  0
50 14 389408 3069916 2095640 171248112    0    0 1110720 815744 292533 1103203 44 16 25 14  0  0
22 23 389408 3052812 2095640 171253280    0    0 1137808 818168 294096 1109017 46 16 25 14  0  0
96 28 389408 3066312 2095640 171259188    0    0 1118160 806424 290878 1071565 46 16 24 14  0  0
27 12 389408 3061444 2095640 171264684    0    0 1115200 807712 294630 1109260 45 16 26 13  0  0
18 16 389408 3050836 2095640 171269996    0    0 1129552 835820 295781 1103513 45 16 26 14  0  0
81 21 389408 3043100 2095640 171275772    0    0 1130832 822416 294478 1109681 45 16 25 14  0  0
32 19 389408 3041724 2095640 171280644    0    0 1122224 830824 294815 1111091 45 16 24 15  0  0
procs -----------memory---------- ---swap-- -----io---- -system-- -------cpu-------
 r  b   swpd   free   buff  cache   si   so    bi    bo   in   cs us sy id wa st gu
20 18 389408 3034676 2095640 171286836    0    0 1156048 822300 289814 1085360 45 15 24 16  0  0
18 15 389408 3031452 2095640 171292324    0    0 1112368 800360 284213 1059554 44 15 26 16  0  0
83 36 389408 3027564 2095640 171297436    0    0 1142480 810528 289251 1072056 45 15 26 14  0  0
84 13 389408 3024392 2095640 171303532    0    0 1154016 836728 293223 1105740 46 16 23 15  0  0
21 17 389408 3019448 2095640 171309444    0    0 1198592 843292 294048 1098825 47 16 22 15  0  0
79 49 389408 3013408 2095640 171314700    0    0 1117552 818648 289844 1095271 45 16 24 15  0  0
36  4 389408 3007652 2095640 171320436    0    0 1141152 822072 290725 1072974 45 16 26 14  0  0
87 38 389408 3003136 2095640 171325896    0    0 1111040 818788 291631 1094068 44 15 26 14  0  0
28  9 389408 3023192 2095640 171331224    0    0 1140768 825076 290296 1076321 45 15 25 15  0  0
78  6 389408 2992312 2095640 171336924    0    0 1117968 793024 289080 1083749 46 15 24 14  0  0
22 14 389408 3217064 2095640 171097004    0    0 1117568 831156 288660 1082474 46 16 24 14  0  0
76 50 389408 3218940 2095640 171102836    0    0 1147008 815368 290228 1071329 45 15 25 15  0  0
73 42 389408 3221264 2095640 171108256    0    0 1136544 798096 284022 1056409 44 15 24 17  0  0
39 21 389408 3190560 2095640 171113392    0    0 1104064 788228 281601 1054057 45 16 23 16  0  0
44  6 389408 3185112 2095640 171118856    0    0 1108656 812440 290916 1094428 44 16 26 14  0  0
 9 18 389408 3183716 2095640 171124236    0    0 1138576 838396 293031 1104440 45 16 25 14  0  0
30 12 389408 3139496 2095640 171129584    0    0 1106000 814872 291271 1109175 47 17 23 13  0  0
73 40 389408 3151304 2095640 171135080    0    0 1149856 834084 295650 1122797 46 16 23 14  0  0
78 43 389408 3146096 2095640 171140648    0    0 1132224 823420 289529 1087145 44 15 25 15  0  0
23 27 389408 3143500 2095640 171146172    0    0 1139728 820600 294109 1102088 46 15 25 14  0  0
70  9 389408 3141764 2095640 171151796    0    0 1160784 828208 294510 1104959 46 16 24 14  0  0
procs -----------memory---------- ---swap-- -----io---- -system-- -------cpu-------
 r  b   swpd   free   buff  cache   si   so    bi    bo   in   cs us sy id wa st gu
66 11 389408 3136812 2095640 171157300    0    0 1134304 824960 290793 1066691 46 16 25 13  0  0
67 13 389408 3134652 2095640 171162980    0    0 1163312 852536 293764 1087165 45 16 25 14  0  0
94 34 389408 3130608 2095640 171168692    0    0 1155392 840656 293858 1106995 46 16 25 14  0  0
23 26 389408 3126728 2095640 171174172    0    0 1132768 802604 285039 1080139 45 15 24 16  0  0
92 34 389408 3118752 2095640 171179864    0    0 1144704 821836 285250 1058525 44 15 24 16  0  0
51 25 389408 3115340 2095640 171185520    0    0 1152592 838840 294778 1103983 46 16 24 14  0  0
48  5 389408 3108408 2095640 171191292    0    0 1164320 834180 294026 1083158 45 15 25 14  0  0
24 15 389408 3105628 2095640 171196868    0    0 1143136 836112 295753 1113555 46 16 25 13  0  0
43 27 389408 3100276 2095640 171202412    0    0 1138768 835144 293662 1092638 45 16 25 14  0  0
13 28 389408 3075232 2095640 171207792    0    0 1106832 810084 292524 1112538 46 17 24 13  0  0
63 15 389408 3085424 2095640 171213536    0    0 1171568 840424 295448 1105854 47 16 23 14  0  0
51  3 389408 3080524 2095640 171219064    0    0 1134816 827156 291168 1071924 45 15 27 13  0  0
86 32 389408 3078748 2095640 171224592    0    0 1120864 830300 293827 1102723 45 16 27 12  0  0
90 38 389408 3076304 2095640 171230168    0    0 1151168 830316 292108 1091011 45 16 25 14  0  0
70 26 389408 3069264 2095640 171235724    0    0 1124400 820748 289836 1092002 45 15 25 15  0  0
59  7 389408 3063612 2095640 171241268    0    0 1148896 803340 285301 1075152 45 15 24 17  0  0
69 46 389408 3060828 2095640 171246864    0    0 1160080 833632 290792 1106593 46 16 23 15  0  0
64 18 389408 3054400 2095640 171252572    0    0 1150560 832944 289702 1058960 44 15 25 15  0  0
31 38 389408 3046148 2095640 171258032    0    0 1110784 803492 291205 1113757 45 16 25 14  0  0
46  9 389408 3041992 2095640 171263788    0    0 1175008 838036 294590 1115759 47 16 22 15  0  0
88 39 389408 3035160 2095640 171269444    0    0 1157904 841056 291423 1098798 46 16 24 14  0  0
procs -----------memory---------- ---swap-- -----io---- -system-- -------cpu-------
 r  b   swpd   free   buff  cache   si   so    bi    bo   in   cs us sy id wa st gu
26 14 389408 3027432 2095640 171275140    0    0 1166624 834124 291216 1080131 45 15 23 17  0  0
53 70 389408 3064620 2095640 171280744    0    0 1142400 818568 291560 1089686 45 16 24 15  0  0
78 43 389408 3061624 2095640 171285956    0    0 1127744 814424 292223 1110140 46 16 23 15  0  0
25 13 389408 3057248 2095640 171291476    0    0 1138224 826164 294310 1117186 46 16 24 14  0  0
51 29 389408 3049112 2095640 171297164    0    0 1171952 826416 293697 1100662 46 16 24 13  0  0
28 18 389408 3043900 2095640 171302848    0    0 1142272 826868 295395 1129057 46 16 23 14  0  0
77 46 389408 3038060 2095640 171308592    0    0 1179168 820764 286438 1071527 45 15 23 16  0  0
40  6 389408 2994032 2095640 171314340    0    0 1099248 793748 288154 1089068 45 16 25 14  0  0
80  8 389408 3146336 2095640 171074520    0    0 1089648 784168 281407 1027990 44 15 28 12  0  0
16 26 389408 3188476 2095640 171079788    0    0 1157904 842812 293850 1098731 46 16 23 14  0  0
19 13 389408 3228084 2095640 171085212    0    0 1117760 826008 293051 1098347 45 16 26 13  0  0
33 21 389408 3233596 2095640 171090524    0    0 1124336 823308 293014 1086895 46 17 24 13  0  0
33 15 389408 3230764 2095640 171095924    0    0 1134848 827380 291491 1083433 44 15 25 15  0  0
88 42 389408 3225992 2095640 171101516    0    0 1157440 830372 295406 1104179 46 15 25 14  0  0
24 11 389408 3193288 2095640 171106844    0    0 1132368 822896 294536 1115267 47 17 23 13  0  0
17 19 389408 3201076 2095640 171112664    0    0 1165568 833004 295436 1104221 46 16 24 14  0  0
23 16 389408 3196204 2095640 171118140    0    0 1116208 821736 290640 1081003 44 15 26 14  0  0
23 29 389408 3192116 2095640 171123700    0    0 1131552 814224 293763 1111236 45 16 25 14  0  0
29 18 389408 3187376 2095640 171129196    0    0 1128736 793456 286488 1079129 44 15 24 17  0  0
21 11 389408 3138468 2095640 171134788    0    0 1131024 811536 288598 1066505 45 16 24 14  0  0
25 22 389408 3174596 2095644 171140448    0    0 1162832 844700 295387 1113074 47 17 22 13  0  0
procs -----------memory---------- ---swap-- -----io---- -system-- -------cpu-------
 r  b   swpd   free   buff  cache   si   so    bi    bo   in   cs us sy id wa st gu
48  5 389408 3167692 2095644 171145944    0    0 1132176 820796 295359 1112102 45 16 25 13  0  0
98 38 389408 3163868 2095644 171151460    0    0 1134912 829836 292510 1095153 45 16 26 13  0  0
81 45 389408 3159016 2095644 171156872    0    0 1119632 816728 294071 1102023 45 16 25 14  0  0
90 39 389408 3156048 2095644 171162396    0    0 1106368 804936 290167 1085200 44 16 26 15  0  0
18 27 389408 3153184 2095644 171167924    0    0 1162000 845096 295461 1106299 46 16 24 14  0  0
58  3 389408 3148708 2095644 171173596    0    0 1142864 819820 294248 1090924 45 16 26 13  0  0
26 17 389408 3143072 2095644 171179356    0    0 1166064 857400 298517 1112056 47 16 24 13  0  0
62 28 389408 3138220 2095644 171184868    0    0 1121728 813304 294008 1107982 45 16 26 13  0  0
24 23 389408 3097704 2095644 171190304    0    0 1119344 799736 290884 1087634 46 16 24 13  0  0
29 28 389408 3101700 2095644 171195904    0    0 1151792 817224 282815 1047976 45 15 24 16  0  0
38 20 389408 3097584 2095644 171201544    0    0 1139312 813948 290840 1115375 46 16 24 14  0  0
102 40 389408 3093928 2095644 171207104    0    0 1162960 846352 296129 1097835 45 16 25 14  0  0
46 11 389408 3091292 2095644 171212672    0    0 1140512 842940 295557 1105004 45 16 26 13  0  0
31 12 389408 3087804 2095644 171218368    0    0 1162144 843828 295723 1104177 46 16 24 14  0  0
59 32 389408 3085380 2095644 171224052    0    0 1173056 836244 296886 1103996 46 16 24 13  0  0
26 17 389408 3082100 2095644 171229740    0    0 1140032 826196 289217 1069883 45 15 26 14  0  0
66 59 389408 3080752 2095648 171235320    0    0 1176176 834072 298593 1107251 46 16 24 14  0  0
46 25 389408 3077260 2095648 171240924    0    0 1142352 824972 297520 1132849 46 17 23 14  0  0
11 20 389408 3071956 2095648 171246572    0    0 1116644 818232 291983 1100444 45 16 25 14  0  0
90 46 389408 3064812 2095648 171252068    0    0 1149376 839316 295339 1106183 46 16 25 14  0  0
57 29 389408 3062120 2095648 171257632    0    0 1120080 807768 287715 1067206 44 15 26 15  0  0
procs -----------memory---------- ---swap-- -----io---- -system-- -------cpu-------
 r  b   swpd   free   buff  cache   si   so    bi    bo   in   cs us sy id wa st gu
24 20 389408 3102964 2095648 171262832    0    0 1126928 802036 287026 1076200 44 15 24 16  0  0
24 13 389408 3095772 2095648 171268192    0    0 1138928 820268 291833 1097433 45 16 25 14  0  0
26 15 389408 3087008 2095648 171273796    0    0 1126272 819276 292260 1095875 45 16 26 13  0  0
23  3 389408 3084844 2095648 171279352    0    0 1143056 825456 294916 1109983 46 16 25 14  0  0
66 57 389408 3078264 2095648 171285184    0    0 1178848 849848 294678 1096837 46 16 25 14  0  0
75 47 389408 3074180 2095648 171290612    0    0 1127248 805348 291985 1099595 45 16 25 13  0  0
37 48 389408 3026104 2095648 171296616    0    0 1145328 827392 290810 1094586 47 16 23 15  0  0
64 36 389408 2974276 2095648 171302040    0    0 1108768 805040 292658 1099318 47 16 24 13  0  0
79 40 389408 3005032 2095648 171307548    0    0 1122800 826012 295475 1089973 45 16 26 13  0  0
43 34 389408 3233728 2095648 171068632    0    0 1134960 829148 293080 1082704 46 16 25 13  0  0
55 57 389408 3250940 2095648 171073128    0    0 1164656 838112 294134 1106724 47 16 23 14  0  0
49 61 389408 3247376 2095648 171078688    0    0 1150016 812724 285607 1059112 44 15 24 17  0  0
41 87 389408 3209148 2095648 171084116    0    0 1115344 802468 285633 1073153 44 16 24 16  0  0
62 38 389408 3222588 2095648 171089408    0    0 1121536 811640 293355 1125036 47 17 24 12  0  0
32 52 389408 3216672 2095652 171094976    0    0 1148628 838244 295548 1115824 46 16 24 14  0  0
76  9 389408 3212816 2095652 171100536    0    0 1142432 832420 295835 1100302 46 16 25 14  0  0
74 67 389408 3210296 2095652 171105908    0    0 1098208 806456 289029 1090319 44 16 27 13  0  0
67  6 389408 3193636 2095652 171111428    0    0 1145296 832112 294025 1088996 45 16 26 13  0  0
45 43 389408 3198168 2095652 171117108    0    0 1127584 822896 289086 1072626 46 17 23 14  0  0
58 66 389408 3188420 2095652 171122684    0    0 1161168 841412 295424 1122143 46 16 24 14  0  0
48 49 389408 3185456 2095652 171128136    0    0 1132576 843676 295033 1124872 46 16 24 14  0  0
procs -----------memory---------- ---swap-- -----io---- -system-- -------cpu-------
 r  b   swpd   free   buff  cache   si   so    bi    bo   in   cs us sy id wa st gu
39 59 389408 3181436 2095652 171133788    0    0 1154720 835360 294168 1103555 46 16 25 14  0  0
34 77 389408 3174456 2095652 171139324    0    0 1111728 832480 294237 1112793 45 16 25 15  0  0
30 80 389408 3171936 2095652 171144852    0    0 1149744 811456 287281 1084837 45 16 23 16  0  0
42 76 389408 3168416 2095652 171150292    0    0 1111664 802868 284400 1056456 43 15 25 16  0  0
27 94 389408 3164124 2095652 171155760    0    0 1145536 827036 292470 1084053 45 16 26 14  0  0
27 52 389408 3159456 2095652 171161412    0    0 1125968 830172 293618 1115060 45 16 25 14  0  0
39 60 389408 3108076 2095652 171167044    0    0 1119408 818412 289793 1059028 46 16 25 13  0  0
31 47 389408 3093212 2095656 171172308    0    0 1118224 817516 290103 1089037 45 16 27 13  0  0
34 39 389408 3090924 2095656 171177940    0    0 1157872 828944 295269 1116818 46 16 24 14  0  0
20 73 389408 3087364 2095656 171183488    0    0 1124448 832740 289958 1085384 44 16 26 14  0  0
53 57 389408 3083344 2095656 171188876    0    0 1098400 818080 291165 1092389 44 16 27 14  0  0
49 63 389408 3078804 2095656 171194564    0    0 1184224 857988 295277 1111522 46 16 23 14  0  0
49 83 389408 3076552 2095656 171200320    0    0 1168528 850864 293715 1086009 45 16 25 14  0  0
22 61 389408 3074192 2095656 171205844    0    0 1143488 831268 295297 1097399 45 16 25 14  0  0
21 69 389408 3072324 2095656 171211384    0    0 1141344 823584 286879 1087877 45 16 24 16  0  0
57 53 389408 3068400 2095656 171216916    0    0 1131392 805624 287505 1084815 45 15 24 16  0  0
38 42 389408 3065320 2095656 171222540    0    0 1145952 837840 293495 1104243 46 16 24 14  0  0
42 64 389408 3061984 2095656 171228132    0    0 1133056 844688 294674 1110998 46 16 25 13  0  0
44 83 389408 3056284 2095656 171233728    0    0 1134832 821620 296438 1104760 46 16 26 13  0  0
28 81 389408 3096472 2095656 171238920    0    0 1157632 840672 297796 1133384 47 16 24 13  0  0
46  8 389408 3092500 2095656 171244492    0    0 1120848 829820 295582 1120627 46 16 26 12  0  0
procs -----------memory---------- ---swap-- -----io---- -system-- -------cpu-------
 r  b   swpd   free   buff  cache   si   so    bi    bo   in   cs us sy id wa st gu
17 102 389408 3087972 2095656 171250104    0    0 1151792 821144 297719 1119087 46 17 25 12  0  0
45 83 389408 3083484 2095656 171255596    0    0 1135888 838648 292839 1100939 45 15 25 14  0  0
77  8 389408 3077540 2095656 171261284    0    0 1170224 857668 298635 1103218 46 16 25 14  0  0
46 55 389408 3052328 2095656 171267048    0    0 1112768 817452 295757 1126499 46 16 26 12  0  0
53 18 389408 3023048 2095656 171272664    0    0 1138384 816012 292693 1088164 46 16 25 13  0  0
34 11 389408 3017580 2095656 171278204    0    0 1107824 794192 283612 1053351 45 16 25 15  0  0
49 69 389408 3009056 2095656 171283504    0    0 1114304 803836 286975 1069773 44 15 25 16  0  0
31  9 389408 2968624 2095656 171289548    0    0 1173408 838008 296475 1107984 48 16 23 12  0  0
16 18 389408 2991524 2095656 171295100    0    0 1184320 864676 299068 1123551 48 17 23 12  0  0
76 15 389408 2985228 2095656 171300772    0    0 1145424 837632 296439 1112799 46 16 25 13  0  0
27 21 389408 3220572 2095656 171061148    0    0 1145744 833972 296627 1114377 47 16 24 13  0  0
88 25 389408 3239864 2095656 171066100    0    0 1160304 831192 295214 1112723 47 17 24 12  0  0
64 10 389408 3235332 2095656 171071512    0    0 1129904 840904 297382 1155557 46 16 24 14  0  0
16 11 389408 3231604 2095656 171077192    0    0 1150544 849300 297369 1106776 46 16 26 13  0  0
16 11 389408 3227348 2095656 171082652    0    0 1110720 816668 296500 1142369 46 16 26 12  0  0
18 13 389408 3219616 2095656 171088156    0    0 1144320 830404 294801 1100567 45 16 25 14  0  0
23 26 389408 3202284 2095656 171093592    0    0 1119376 814672 292569 1120645 47 17 24 12  0  0
19 21 389408 3187372 2095660 171098956    0    0 1106880 806096 286380 1070622 44 15 26 15  0  0
92 19 389408 3183876 2095660 171104520    0    0 1107264 807572 288419 1084059 44 16 25 15  0  0
49 21 389408 3176320 2095660 171110168    0    0 1181648 846448 301021 1148282 48 17 23 12  0  0
90 12 389408 3172880 2095664 171115744    0    0 1142340 836328 299967 1143502 47 16 24 12  0  0
procs -----------memory---------- ---swap-- -----io---- -system-- -------cpu-------
 r  b   swpd   free   buff  cache   si   so    bi    bo   in   cs us sy id wa st gu
 1  0 389408 3128016 2095664 171121324    0    0 1106656 819592 290802 1089033 45 16 28 12  0  0
89 19 389408 3126284 2095664 171126676    0    0 1130480 815680 289503 1078864 44 15 28 12  0  0
56 16 389408 3123412 2095664 171132112    0    0 1122128 826748 298306 1134456 46 16 25 12  0  0
74  9 389408 3176804 2095664 171137732    0    0 1149440 830068 295486 1102538 46 16 25 13  0  0
33 19 389408 3130076 2095664 171143552    0    0 1133680 837128 293035 1086166 46 17 23 14  0  0
23 17 389408 3159544 2095664 171149040    0    0 1161248 848764 299986 1135940 47 17 23 13  0  0
79 39 389408 3156744 2095664 171154660    0    0 1166400 840108 298528 1119418 46 16 24 14  0  0
31  9 389408 3150428 2095664 171160180    0    0 1137120 821716 293269 1103308 45 16 25 14  0  0
18 14 389408 3148400 2095664 171165832    0    0 1146928 814248 287937 1063752 44 15 24 16  0  0
22 29 389408 3146252 2095664 171171392    0    0 1122224 817208 288616 1079577 44 16 25 15  0  0
53  7 389408 3143800 2095664 171176924    0    0 1176256 855508 299287 1130433 47 16 24 13  0  0
23 15 389408 3141060 2095664 171182732    0    0 1139664 847928 298550 1117549 46 16 25 13  0  0
20  3 389408 3133176 2095664 171188240    0    0 1144128 824160 299219 1119199 46 16 25 13  0  0
61  8 389408 3125508 2095664 171193692    0    0 1110896 810456 298701 1153207 46 17 25 12  0  0
60 42 389408 3115088 2095664 171199236    0    0 1164592 842844 296540 1118435 46 16 25 13  0  0
27 22 389408 3108620 2095664 171205052    0    0 1179328 862232 299290 1107312 46 16 25 13  0  0
35  3 389408 3104284 2095664 171210732    0    0 1146272 822864 296700 1114407 46 16 25 13  0  0
32 17 389408 3139504 2095664 171216176    0    0 1138512 848340 296419 1109320 45 16 26 13  0  0
65 11 389408 3134888 2095664 171221432    0    0 1118448 816492 295267 1138105 46 16 25 13  0  0
73 41 389408 3130152 2095664 171226952    0    0 1136208 827508 293587 1107989 45 16 24 14  0  0
64 13 389408 3125744 2095664 171232532    0    0 1156016 809208 287209 1067726 45 15 24 16  0  0
procs -----------memory---------- ---swap-- -----io---- -system-- -------cpu-------
 r  b   swpd   free   buff  cache   si   so    bi    bo   in   cs us sy id wa st gu
69  8 389408 3118892 2095668 171238108    0    0 1143760 826212 289549 1061300 44 15 26 15  0  0
34 31 389408 3114708 2095668 171243796    0    0 1157184 840492 296286 1106249 46 16 25 13  0  0
26 16 389408 3107200 2095668 171249524    0    0 1147952 839440 297406 1114185 46 16 26 13  0  0
25 18 389408 3101468 2095672 171255108    0    0 1140896 839560 298051 1137567 46 17 25 13  0  0
23 12 389408 3094116 2095672 171260788    0    0 1174176 857212 299667 1135011 47 16 24 13  0  0
50 11 389408 3088572 2095676 171266344    0    0 1147264 826968 294988 1090024 45 16 27 12  0  0
77 26 389408 3082884 2095676 171272052    0    0 1166048 855116 296728 1098625 46 16 25 13  0  0
31 23 389408 3075808 2095676 171277768    0    0 1154368 842244 295423 1117256 46 16 24 14  0  0
88 44 389408 3072064 2095676 171283340    0    0 1166400 848876 298280 1122449 47 16 25 12  0  0
60 14 389408 3066724 2095676 171289156    0    0 1142288 830628 297065 1127518 46 16 25 13  0  0
93 37 389408 3061844 2095676 171294660    0    0 1157632 821264 292403 1098830 46 16 25 14  0  0
29 20 389408 3052432 2095676 171300148    0    0 1137552 812112 284997 1051881 44 15 25 16  0  0
32 23 389408 3042856 2095676 171305852    0    0 1142240 819416 291313 1088084 45 15 24 15  0  0
26 15 389408 3037672 2095676 171311268    0    0 1118112 825792 295833 1131491 45 16 25 13  0  0
34 15 389408 3033192 2095676 171316840    0    0 1147072 841072 300835 1142192 47 16 24 13  0  0
21 13 389408 3027088 2095680 171322396    0    0 1147248 853272 296753 1103051 46 15 25 14  0  0
15 14 389408 3021628 2095680 171328088    0    0 1154272 846304 297592 1121789 46 16 25 13  0  0
25  8 389408 3014936 2095680 171333760    0    0 1181008 843516 298155 1127756 47 16 24 13  0  0
67 10 389408 3009228 2095680 171339452    0    0 1169440 840796 298675 1118226 46 16 24 13  0  0
25 11 389408 3002704 2095680 171345200    0    0 1134624 836560 296973 1121485 45 16 25 13  0  0
24 16 389408 2998100 2095680 171350724    0    0 1150912 837600 296242 1106273 46 16 25 13  0  0
procs -----------memory---------- ---swap-- -----io---- -system-- -------cpu-------
 r  b   swpd   free   buff  cache   si   so    bi    bo   in   cs us sy id wa st gu
53 16 389408 2991068 2095680 171356220    0    0 1135424 819984 296534 1141340 47 16 25 12  0  0
41 13 389408 2982628 2095680 171361848    0    0 1163824 844860 293566 1106623 46 16 23 15  0  0
81 44 389408 2979080 2095680 171367476    0    0 1144880 811320 286189 1081772 45 15 24 16  0  0
84 12 389408 2976252 2095680 171373052    0    0 1123456 827640 294090 1110032 45 16 26 13  0  0
27 22 389408 2967568 2095680 171378640    0    0 1159584 838136 297940 1130108 47 16 25 12  0  0
91 12 389408 2963800 2095680 171384344    0    0 1141424 829560 296504 1129970 46 16 25 12  0  0
69  8 389408 3209304 2095680 171144124    0    0 1171104 849652 298905 1133352 47 17 24 12  0  0
80 26 389408 3201232 2095680 171149804    0    0 1154528 853640 298076 1137748 46 16 25 13  0  0
30 18 389408 3195280 2095680 171155228    0    0 1121456 831144 292369 1107087 45 16 27 12  0  0
79 47 389408 3191032 2095680 171160868    0    0 1153856 844564 296830 1117086 46 16 25 13  0  0
93 39 389408 3184544 2095680 171166400    0    0 1146928 826560 297567 1125357 46 16 25 12  0  0
22 15 389408 3177076 2095680 171172104    0    0 1161664 854180 297927 1123545 47 16 24 13  0  0
24 12 389408 3175556 2095680 171177704    0    0 1168032 853912 296229 1109402 46 16 24 14  0  0
73 40 389408 3167488 2095680 171183292    0    0 1143856 820336 288741 1085804 45 16 25 15  0  0
19 24 389408 3161888 2095680 171188932    0    0 1143024 825532 288774 1083156 45 16 24 16  0  0
28 25 389408 3154440 2095680 171194548    0    0 1158448 840960 295778 1131043 46 17 24 14  0  0
19 21 389408 3150632 2095680 171200232    0    0 1153424 851324 297224 1121691 46 16 25 12  0  0
79 10 389408 3142624 2095680 171205724    0    0 1110112 829240 294271 1100503 45 16 27 12  0  0
91 31 389408 3134144 2095680 171211192    0    0 1122192 818752 297968 1144816 46 16 25 13  0  0
87  7 389408 3103184 2095688 171216796    0    0 1176656 852124 300570 1133327 47 17 24 12  0  0
68 14 389408 3098320 2095688 171222568    0    0 1151760 847580 294802 1097171 47 16 25 13  0  0
procs -----------memory---------- ---swap-- -----io---- -system-- -------cpu-------
 r  b   swpd   free   buff  cache   si   so    bi    bo   in   cs us sy id wa st gu
29 12 389408 3093032 2095688 171228004    0    0 1132576 844096 295489 1115512 45 16 26 13  0  0
21 13 389408 3087044 2095688 171233700    0    0 1155280 840736 298066 1121123 47 16 24 13  0  0
90 32 389408 3079948 2095688 171239380    0    0 1179056 853176 298600 1129282 47 16 24 13  0  0
71 47 389408 3086104 2095688 171244904    0    0 1135232 828984 291992 1095161 45 16 25 14  0  0
26 16 389408 3079364 2095688 171250512    0    0 1143040 817392 287572 1060948 44 15 25 16  0  0
100 13 389408 3072132 2095688 171255928    0    0 1104656 796964 288897 1085280 44 16 25 15  0  0
85 36 389408 3065916 2095688 171261524    0    0 1139248 839412 298701 1142787 47 16 24 13  0  0
33 18 389408 3059652 2095688 171267168    0    0 1167008 856276 297883 1123242 47 16 24 13  0  0
83 35 389408 3055144 2095696 171272644    0    0 1121040 829436 295445 1118241 45 16 26 13  0  0
88 10 389408 3045608 2095696 171278220    0    0 1155024 843964 297473 1111899 46 16 25 13  0  0
15 14 389408 3039984 2095696 171284156    0    0 1207744 879416 299360 1129428 48 17 23 13  0  0
33 21 389408 3033400 2095696 171289904    0    0 1169680 851724 298560 1120343 47 16 24 12  0  0
48 10 389408 3031312 2095696 171295452    0    0 1131264 804376 289386 1082870 45 15 25 15  0  0
59 63 389408 3023520 2095696 171301040    0    0 1141024 825276 286464 1052068 43 15 26 16  0  0
47  3 389408 3027660 2095696 171306588    0    0 1144864 830692 296670 1127043 46 16 24 13  0  0
16 14 389408 3020528 2095696 171312056    0    0 1094976 797148 284254 1062664 43 15 26 17  0  0
73 19 389408 3012752 2095696 171317452    0    0 1116544 805560 284203 1047228 43 15 26 16  0  0
77 27 389408 3004116 2095696 171322984    0    0 1119088 831548 293741 1095217 45 16 26 13  0  0
73 36 389408 2998888 2095696 171328468    0    0 1142304 838532 296162 1113987 46 16 26 13  0  0
60 12 389408 2995192 2095696 171334104    0    0 1153568 850028 297219 1127086 46 16 25 13  0  0
25 12 389408 2988656 2095696 171339712    0    0 1136048 831156 298550 1142403 47 16 24 13  0  0
procs -----------memory---------- ---swap-- -----io---- -system-- -------cpu-------
 r  b   swpd   free   buff  cache   si   so    bi    bo   in   cs us sy id wa st gu
29  5 389408 2983012 2095696 171345400    0    0 1155856 858720 298795 1122042 46 16 25 13  0  0
92 35 389408 2975196 2095696 171350920    0    0 1136640 828524 297341 1119504 46 17 25 12  0  0
26 16 389408 2969684 2095696 171356488    0    0 1141360 824640 294918 1115215 46 16 25 13  0  0
38 19 389408 3036660 2095580 171284964    0    0 1116528 817104 285884 1068895 43 15 25 16  0  0
22 15 389408 3215744 2095580 171123312    0    0 1145344 827188 294077 1108314 46 16 24 15  0  0
75 18 389408 3211132 2095580 171128744    0    0 1128768 820524 295588 1126126 46 16 26 12  0  0
57 29 389408 3203216 2095580 171133936    0    0 1104288 803028 288393 1100416 44 15 24 16  0  0
27 18 389408 3198096 2095580 171139504    0    0 1146640 815460 287658 1084674 45 15 23 16  0  0
19 20 389408 3193524 2095580 171144916    0    0 1137136 825420 297776 1140510 47 16 25 13  0  0
25  9 389408 3187500 2095580 171150160    0    0 1082560 812188 294068 1123555 45 16 26 13  0  0
80  8 389408 3184988 2095580 171155452    0    0 1128688 816852 296870 1125909 46 16 25 13  0  0
33 11 389408 3177224 2095580 171160892    0    0 1135952 843060 296083 1114405 46 16 25 13  0  0
93 31 389408 3172840 2095580 171166300    0    0 1163936 838016 299545 1135463 47 17 24 13  0  0
69  8 389408 3127616 2095580 171171960    0    0 1089200 795116 283760 1036731 43 15 30 12  0  0
71 58 389408 3121400 2095580 171177076    0    0 1164080 847728 296350 1105272 45 16 25 14  0  0
59 74 389408 3175460 2095580 171182476    0    0 1133136 806772 284256 1052996 44 15 26 16  0  0
23 18 389408 3167316 2095580 171188076    0    0 1137776 820456 293745 1106202 45 16 24 15  0  0
44  8 389408 3157580 2095580 171193604    0    0 1158656 828128 295054 1098477 45 16 24 15  0  0
64  3 389408 3149964 2095584 171199144    0    0 1145840 818276 285459 1044449 43 15 25 17  0  0
78 38 389408 3144492 2095584 171204656    0    0 1115648 801884 288205 1058161 43 15 27 14  0  0
83  5 389408 3137556 2095584 171210344    0    0 1160128 842904 298756 1131929 47 16 24 13  0  0
procs -----------memory---------- ---swap-- -----io---- -system-- -------cpu-------
 r  b   swpd   free   buff  cache   si   so    bi    bo   in   cs us sy id wa st gu
22 13 389408 3130868 2095584 171215980    0    0 1166272 848916 297051 1102830 46 16 25 13  0  0
28 16 389408 3123956 2095584 171221620    0    0 1143024 833376 297612 1137056 47 16 24 13  0  0
90 28 389408 3113896 2095584 171227284    0    0 1179120 837744 300397 1146082 48 17 23 13  0  0
77 50 389408 3109696 2095584 171233076    0    0 1166272 847872 297673 1135321 47 16 24 13  0  0
20 18 389408 3104836 2095584 171238628    0    0 1121712 826852 297937 1136752 46 16 25 13  0  0
75 33 389408 3100360 2095584 171244076    0    0 1142432 825320 292463 1095862 45 15 25 15  0  0
91 42 389408 3091036 2095584 171249544    0    0 1115696 796480 285023 1075426 44 15 25 16  0  0
26 10 389408 3083836 2095588 171255168    0    0 1124496 814336 292113 1103104 45 16 25 14  0  0
46  4 389408 3078076 2095588 171260760    0    0 1161472 814376 292570 1087683 46 15 25 13  0  0
16 14 389408 3074648 2095588 171266372    0    0 1166560 836964 289407 1078586 45 15 24 16  0  0
69 15 389408 3068604 2095588 171272124    0    0 1139408 813660 292844 1106568 45 16 24 15  0  0
25 10 389408 3063180 2095588 171277588    0    0 1157936 837332 299381 1140371 47 16 24 13  0  0
95 28 389408 3058084 2095592 171283388    0    0 1175984 850100 298134 1102433 46 15 25 14  0  0
92 37 389408 3053304 2095592 171289040    0    0 1178416 858760 299179 1140000 47 17 24 13  0  0
32 17 389408 3047928 2095596 171294840    0    0 1150276 834100 296938 1102863 46 16 26 13  0  0
17 13 389408 3045660 2095596 171300300    0    0 1130336 818200 297512 1136657 46 16 25 12  0  0
54 22 389408 3042032 2095596 171306104    0    0 1198352 859416 300590 1133679 48 17 23 13  0  0
30 31 389408 3036828 2095604 171311612    0    0 1122960 807492 287788 1075693 44 15 25 16  0  0
43 16 389408 3028392 2095604 171317052    0    0 1108688 795896 282625 1053415 43 15 26 17  0  0
46 13 389408 3023300 2095604 171322492    0    0 1119744 802012 285801 1068315 44 15 25 15  0  0
79 31 389408 3018292 2095604 171327928    0    0 1120896 810920 283762 1061787 44 15 25 17  0  0
procs -----------memory---------- ---swap-- -----io---- -system-- -------cpu-------
 r  b   swpd   free   buff  cache   si   so    bi    bo   in   cs us sy id wa st gu
20 21 389408 3013720 2095604 171333512    0    0 1115824 788856 279008 1038110 43 14 25 18  0  0
20 14 389408 3007116 2095608 171338988    0    0 1121456 804204 285504 1071794 44 15 25 16  0  0
27 17 389408 3002304 2095608 171344424    0    0 1111504 806204 287758 1080709 44 15 25 15  0  0
95  7 389408 2987204 2095608 171349988    0    0 1151280 810952 288149 1078483 45 15 24 16  0  0
78 34 389408 2983568 2095608 171355368    0    0 1139184 820084 288522 1069525 44 15 25 15  0  0
27 15 389408 2973004 2095612 171361060    0    0 1123520 809476 286343 1071858 44 15 25 15  0  0
32 11 389408 2967484 2095616 171366668    0    0 1174416 828096 296478 1105876 46 16 24 13  0  0
69  9 389408 2961428 2095616 171372312    0    0 1128176 824052 293430 1100519 45 16 26 14  0  0
65 49 389408 3207180 2095596 171134404    0    0 1130688 816060 286649 1064608 44 15 26 16  0  0
102 24 389408 3200692 2095596 171139748    0    0 1117072 810500 286935 1069880 44 15 25 16  0  0
88 19 389408 3192888 2095596 171145140    0    0 1180240 851360 299349 1123627 47 16 23 14  0  0
92 16 389408 3189388 2095600 171150820    0    0 1170416 837900 295553 1113438 46 16 23 15  0  0
93 49 389408 3184004 2095600 171156176    0    0 1121664 815356 287019 1090835 44 16 23 17  0  0
27 22 389408 3178104 2095600 171161896    0    0 1167808 830724 293337 1090708 45 16 24 15  0  0
23 19 389408 3173244 2095600 171167228    0    0 1152480 827492 298574 1129533 47 17 25 12  0  0
36 13 389408 3170532 2095600 171172632    0    0 1137488 831536 298619 1126290 46 16 26 12  0  0
46  9 389408 3163996 2095600 171178360    0    0 1188880 847392 298843 1122470 47 16 24 14  0  0
73 15 389408 3158640 2095604 171183860    0    0 1178036 852776 297608 1106061 46 16 25 13  0  0
25 20 389408 3152556 2095604 171189404    0    0 1137696 833040 298248 1119207 46 16 25 13  0  0
30 20 389408 3146888 2095604 171194772    0    0 1153376 835828 294229 1098141 46 16 25 14  0  0
84 41 389408 3137188 2095604 171200356    0    0 1152768 822012 289457 1070658 45 15 24 16  0  0
procs -----------memory---------- ---swap-- -----io---- -system-- -------cpu-------
 r  b   swpd   free   buff  cache   si   so    bi    bo   in   cs us sy id wa st gu
67  9 389408 3134552 2095612 171205456    0    0 1082064 777148 283450 1048356 43 15 28 14  0  0
33 12 389408 3129180 2095612 171210876    0    0 1134896 837140 295310 1119350 46 16 25 13  0  0
29 12 389408 3124048 2095612 171216464    0    0 1179680 848432 293390 1091805 46 16 23 14  0  0
27 20 389408 3115736 2095612 171221924    0    0 1125040 808768 287428 1058046 44 15 25 16  0  0
12 27 389408 3110296 2095612 171227304    0    0 1132736 819268 292063 1099652 45 16 26 13  0  0
60  9 389408 3104492 2095612 171232772    0    0 1157632 828356 295317 1116287 47 16 25 12  0  0
57  6 389408 3097580 2095612 171238124    0    0 1121072 827732 295630 1109480 45 16 26 13  0  0
22 13 389408 3087852 2095612 171243688    0    0 1151776 860428 294857 1087803 45 15 26 13  0  0
20 11 389408 3081328 2095612 171249416    0    0 1127984 829328 294913 1114187 46 16 26 13  0  0
41 19 389408 3072172 2095612 171254804    0    0 1160512 847424 299415 1123665 47 16 25 12  0  0
25 15 389408 3066264 2095612 171260440    0    0 1156368 844456 295810 1119730 46 16 24 14  0  0
57 45 389408 3057012 2095612 171266064    0    0 1128032 812644 285166 1044580 43 15 26 16  0  0
76 53 389408 3034960 2095612 171271440    0    0 1125312 814008 288538 1076940 44 15 25 16  0  0
63 57 389408 3028084 2095612 171277072    0    0 1147216 835840 295873 1106890 45 16 26 13  0  0
57  2 389408 3021292 2095612 171282704    0    0 1103824 799772 283867 1054679 43 15 26 16  0  0
83 30 389408 3019348 2095612 171288204    0    0 1167232 831108 287597 1072177 45 15 23 16  0  0
52 33 389408 3012016 2095612 171293632    0    0 1103632 837240 295511 1126948 46 16 26 13  0  0
32 38 389408 3003904 2095612 171299204    0    0 1147344 830892 297800 1129772 46 17 24 13  0  0
31 18 389408 2998780 2095612 171304704    0    0 1140272 841040 292257 1088927 45 16 26 13  0  0
35  9 389408 2992828 2095612 171310344    0    0 1140192 831412 295585 1118695 46 16 25 13  0  0
105 24 389408 2988456 2095612 171315916    0    0 1128960 833604 294214 1112233 45 16 26 13  0  0
procs -----------memory---------- ---swap-- -----io---- -system-- -------cpu-------
 r  b   swpd   free   buff  cache   si   so    bi    bo   in   cs us sy id wa st gu
30 18 389408 2982024 2095616 171321416    0    0 1155600 845292 298889 1125785 47 16 25 12  0  0
47 19 389408 2976664 2095616 171327100    0    0 1155520 831020 295612 1103373 46 16 25 13  0  0
65 55 389408 2971104 2095616 171332796    0    0 1154032 824904 288925 1083345 45 15 24 16  0  0
68 19 389408 2965160 2095616 171338340    0    0 1111568 812848 285034 1062122 43 15 25 16  0  0
86 32 389408 3213016 2095596 171099360    0    0 1112784 822028 295158 1115020 45 16 26 12  0  0
41 22 389408 3202740 2095596 171104272    0    0 1111904 792848 283553 1070687 44 15 24 17  0  0
91 34 389408 3196712 2095596 171109628    0    0 1103968 797096 287094 1088630 44 15 25 16  0  0
77 19 389408 3192104 2095596 171114852    0    0 1139504 835516 296138 1124107 46 16 25 13  0  0
82 26 389408 3188104 2095596 171120372    0    0 1161312 840796 298423 1119066 46 16 24 13  0  0
41  5 389408 3185076 2095596 171125832    0    0 1157456 831776 297380 1124832 46 16 24 14  0  0
19 16 389408 3177232 2095600 171131260    0    0 1131296 828572 295689 1117369 46 16 26 13  0  0
73  7 389408 3172992 2095600 171136800    0    0 1149040 839264 297423 1119572 47 16 25 13  0  0
74 20 389408 3168804 2095600 171142276    0    0 1153312 823680 296625 1111227 46 16 25 12  0  0
27 16 389408 3162604 2095600 171147612    0    0 1138288 833316 296564 1106477 45 16 26 13  0  0
36 32 389408 3155192 2095600 171153332    0    0 1157840 814736 286459 1052655 45 15 24 15  0  0
32 21 389408 3149392 2095600 171158948    0    0 1147984 814424 292196 1099270 46 16 23 15  0  0
50 10 389408 3139772 2095600 171164600    0    0 1181152 853152 298297 1108310 47 16 24 13  0  0
36 13 389408 3135084 2095600 171170228    0    0 1119952 807600 283673 1048428 44 15 25 16  0  0
25 19 389408 3129268 2095600 171175740    0    0 1137584 813912 290659 1093778 45 16 24 15  0  0
25 18 389408 3122612 2095600 171181404    0    0 1176176 851504 299214 1126452 47 16 24 13  0  0
92 24 389408 3115004 2095600 171186988    0    0 1150208 853124 295325 1089496 45 16 26 14  0  0
procs -----------memory---------- ---swap-- -----io---- -system-- -------cpu-------
 r  b   swpd   free   buff  cache   si   so    bi    bo   in   cs us sy id wa st gu
35 12 389408 3110352 2095600 171192532    0    0 1129456 819832 296365 1127702 46 16 25 13  0  0
62  6 389408 3098040 2095600 171198164    0    0 1144768 827660 295731 1105902 46 16 25 12  0  0
66 53 389408 3095348 2095600 171203820    0    0 1196736 853312 299810 1123142 47 16 23 13  0  0
87 39 389408 3089048 2095600 171209476    0    0 1137344 835516 296768 1132755 46 17 24 13  0  0
43 14 389408 3082576 2095600 171215164    0    0 1129296 821628 291321 1085536 45 15 26 14  0  0
24 24 389408 3077036 2095600 171220632    0    0 1128704 818036 286888 1055910 44 15 26 16  0  0
19 21 389408 3035796 2095600 171225880    0    0 1088752 788436 279221 1020795 42 14 29 14  0  0
71 57 389408 3029368 2095600 171231612    0    0 1161408 841380 299766 1122552 47 16 25 12  0  0
78 34 389408 3078460 2095600 171237168    0    0 1130832 800756 285259 1051702 44 15 24 17  0  0
71  7 389408 3072168 2095600 171242828    0    0 1186640 842116 293093 1081364 46 16 23 15  0  0
25 16 389408 3069612 2095600 171248464    0    0 1154864 845396 299459 1131454 47 16 24 13  0  0
94 33 389408 3061708 2095600 171254092    0    0 1172816 855356 296881 1100849 46 16 25 13  0  0
55 37 389408 3055748 2095600 171259700    0    0 1112720 825864 296895 1121778 45 16 26 13  0  0
76 46 389408 3056332 2095600 171265164    0    0 1122880 820700 295046 1120852 46 16 26 12  0  0
26 16 389408 3050468 2095600 171271024    0    0 1184320 857756 296157 1090572 46 16 25 13  0  0
40 16 389408 3043160 2095600 171276496    0    0 1122272 819100 297939 1134813 46 16 25 12  0  0
49 14 389408 3032936 2095600 171281992    0    0 1149456 823756 290855 1087637 45 16 25 15  0  0
66  3 389408 3031584 2095600 171287584    0    0 1154928 812848 289956 1091803 45 15 23 16  0  0
24  1 389408 3025480 2095600 171293160    0    0 1116640 818084 294021 1090973 45 15 26 13  0  0
14 17 389408 3018956 2095600 171298784    0    0 1138928 832268 292115 1095886 45 16 25 14  0  0
38 39 389408 3031516 2095600 171304228    0    0 1111408 790052 283341 1048587 43 15 26 16  0  0
procs -----------memory---------- ---swap-- -----io---- -system-- -------cpu-------
 r  b   swpd   free   buff  cache   si   so    bi    bo   in   cs us sy id wa st gu
20 22 389408 3042532 2095600 171309768    0    0 1142416 828808 295345 1124060 46 16 25 13  0  0
74 33 389408 3029904 2095600 171315276    0    0 1121872 825872 295829 1118499 46 16 26 13  0  0
42 21 389408 3018684 2095600 171320700    0    0 1156432 838480 298002 1117631 46 16 25 13  0  0
19 10 389408 3012972 2095600 171326416    0    0 1129088 834408 296357 1113709 45 16 26 13  0  0
95 14 389408 3008772 2095600 171331972    0    0 1161680 834684 297439 1118523 47 16 25 13  0  0
37 21 389408 3004496 2095600 171337560    0    0 1142192 834760 295653 1112182 46 16 25 13  0  0
62  5 389408 2996788 2095604 171343356    0    0 1176948 838768 295879 1096433 46 15 25 14  0  0
31 35 389408 2989964 2095604 171349044    0    0 1153968 825532 287162 1068975 45 15 24 16  0  0
54 18 389408 2982528 2095604 171354640    0    0 1169056 838564 291775 1086308 45 15 25 14  0  0
63  5 389408 2976920 2095604 171360124    0    0 1102992 800908 292429 1117062 45 16 26 13  0  0
43 17 389408 2968576 2095604 171365736    0    0 1118640 817104 288398 1073671 44 15 26 15  0  0
59 55 389408 2965668 2095604 171370968    0    0 1087488 787328 282479 1061296 43 15 26 17  0  0
69 28 389408 3209612 2095568 171131680    0    0 1168096 844788 297442 1122900 47 16 24 13  0  0
28  7 389408 3201608 2095568 171136756    0    0 1137072 835212 297238 1129014 46 16 25 13  0  0
75 51 389408 3194384 2095568 171142116    0    0 1170560 851680 297393 1120016 47 16 24 13  0  0
53 14 389408 3189780 2095568 171147544    0    0 1120976 814892 295292 1118059 45 16 26 13  0  0
50 13 389408 3185412 2095568 171153040    0    0 1151728 820448 296959 1129226 47 16 25 12  0  0
91 37 389408 3181208 2095568 171158508    0    0 1115936 827804 293377 1100115 44 16 27 13  0  0
79 53 389408 3175308 2095576 171164016    0    0 1106400 814060 291818 1088317 44 15 26 14  0  0
66 49 389408 3171200 2095576 171169444    0    0 1121216 807796 288389 1080484 44 15 25 16  0  0
16  5 389408 3164456 2095576 171174924    0    0 1169296 838336 291329 1068281 45 15 26 14  0  0
procs -----------memory---------- ---swap-- -----io---- -system-- -------cpu-------
 r  b   swpd   free   buff  cache   si   so    bi    bo   in   cs us sy id wa st gu
35 37 389408 3157656 2095576 171180588    0    0 1109248 814116 292293 1094912 44 16 27 13  0  0
51 52 389408 3155368 2095576 171186036    0    0 1119600 796532 288673 1093863 45 15 24 16  0  0
47 76 389408 3146332 2095576 171191584    0    0 1127312 813604 287586 1095316 45 15 24 16  0  0
86 35 389408 3133920 2095576 171197060    0    0 1177024 847116 297159 1107500 46 16 25 12  0  0
55 44 389408 3105348 2095576 171202748    0    0 1129512 804640 291922 1108801 46 17 25 12  0  0
24 81 389408 3100092 2095576 171208528    0    0 1162672 854464 294878 1090645 46 16 26 13  0  0
29 74 389408 3098788 2095576 171214176    0    0 1168256 839120 296296 1112835 46 16 25 13  0  0
57 53 389408 3092604 2095576 171219832    0    0 1132544 844196 294481 1101973 45 16 26 13  0  0
39 68 389408 3089852 2095576 171225352    0    0 1171328 808320 295910 1109464 46 16 25 13  0  0
34 95 389408 3083228 2095576 171231012    0    0 1096864 801744 286183 1085325 44 15 26 15  0  0
21 65 389408 3083848 2095576 171236356    0    0 1115200 799668 286130 1062636 44 15 27 15  0  0
42 83 389408 3080940 2095576 171241752    0    0 1132352 819980 292965 1086918 44 16 26 13  0  0
48 58 389408 3076948 2095576 171247356    0    0 1133040 840220 292773 1105746 45 15 26 14  0  0
25 89 389408 3069168 2095576 171252944    0    0 1140400 810436 284749 1048788 44 15 26 15  0  0
33 78 389408 3062388 2095576 171258552    0    0 1158816 844280 289341 1065196 45 15 25 16  0  0
47 69 389408 3056916 2095576 171264180    0    0 1141776 847104 295778 1108280 45 16 26 13  0  0
50 78 389408 3052844 2095576 171269668    0    0 1131056 817316 295654 1123455 46 16 26 12  0  0
47 69 389408 3046292 2095580 171275244    0    0 1112992 806268 294819 1122513 45 16 27 11  0  0
29 82 389408 3042988 2095580 171280716    0    0 1185888 829540 298684 1135318 48 16 24 12  0  0
45 80 389408 3035316 2095580 171286436    0    0 1142976 847620 296065 1117035 45 16 25 13  0  0
43 82 389408 3032400 2095580 171292108    0    0 1153424 838172 297079 1114103 46 16 25 12  0  0
procs -----------memory---------- ---swap-- -----io---- -system-- -------cpu-------
 r  b   swpd   free   buff  cache   si   so    bi    bo   in   cs us sy id wa st gu
16 69 389408 3025504 2095580 171297724    0    0 1139024 796872 288005 1081480 44 16 26 14  0  0
37 90 389408 3020624 2095584 171303200    0    0 1115088 823236 288443 1084570 44 16 26 15  0  0
48 78 389408 3015992 2095584 171308508    0    0 1112688 791020 294609 1121565 45 16 27 11  0  0
20 87 389408 3008680 2095584 171313892    0    0 1120368 817208 291557 1088347 44 15 26 15  0  0
12 65 389408 2987624 2095584 171319328    0    0 1095744 788588 282807 1046792 43 15 26 16  0  0
31 74 389408 2981368 2095584 171324964    0    0 1176000 837776 291596 1093483 46 16 24 15  0  0
35  8 389408 2974736 2095584 171330604    0    0 1132176 812540 294362 1114945 45 16 25 14  0  0
78 15 389408 2969980 2095584 171336236    0    0 1162432 836352 297147 1116740 47 16 25 13  0  0
73 37 389408 2965648 2095584 171341740    0    0 1125072 829184 294019 1100980 45 16 27 13  0  0
66 58 389408 3212508 2095540 171103028    0    0 1171280 846192 297752 1118892 47 16 24 13  0  0
87 38 389408 3210924 2095540 171107604    0    0 1114128 817656 295020 1118480 45 16 26 12  0  0
48 73 389408 3206120 2095540 171112892    0    0 1137408 828604 293485 1097227 45 16 26 13  0  0
49 73 389408 3199692 2095540 171118344    0    0 1141344 823236 288424 1073351 44 15 26 15  0  0
22 28 389408 3193300 2095544 171123796    0    0 1120644 791220 286521 1079991 44 15 25 15  0  0
75 55 389408 3190340 2095544 171129252    0    0 1169536 842412 295895 1090786 45 16 26 13  0  0
23 45 389408 3180536 2095544 171135048    0    0 1160592 832592 294923 1116771 46 16 24 13  0  0
23 28 389408 3175264 2095552 171140468    0    0 1128960 809792 284349 1060636 44 15 24 17  0  0
32 13 389408 3168780 2095552 171146020    0    0 1125088 826652 290475 1082908 44 16 26 14  0  0
50 37 389408 3163160 2095552 171151576    0    0 1140736 835232 291780 1101384 45 16 25 14  0  0
49 24 389408 3158568 2095552 171157296    0    0 1179280 843832 295813 1101047 46 16 25 13  0  0
53 16 389408 3153704 2095552 171162956    0    0 1138784 837976 294810 1115202 46 16 26 12  0  0
procs -----------memory---------- ---swap-- -----io---- -system-- -------cpu-------
 r  b   swpd   free   buff  cache   si   so    bi    bo   in   cs us sy id wa st gu
33 20 389408 3144272 2095560 171168336    0    0 1110960 802916 298505 1145219 46 17 25 12  0  0
87 24 389408 3137964 2095560 171173964    0    0 1151872 829408 296514 1119521 46 16 25 12  0  0
24 19 389408 3133516 2095560 171179500    0    0 1178528 856988 296885 1117631 47 16 24 14  0  0
80 48 389408 3127640 2095560 171185120    0    0 1119600 802504 289384 1081810 44 16 26 14  0  0
21 16 389408 3119436 2095560 171190552    0    0 1115168 811820 285749 1062263 44 15 26 16  0  0
28 28 389408 3113544 2095564 171196136    0    0 1150992 835172 296693 1110407 46 16 25 13  0  0
29 17 389408 3104928 2095564 171201780    0    0 1148672 825500 292511 1084840 45 15 26 14  0  0
57  4 389408 3102344 2095564 171207284    0    0 1116784 794608 284259 1061448 43 15 25 16  0  0
53 12 389408 3095712 2095564 171212700    0    0 1116064 806224 287697 1053483 43 15 27 15  0  0
11 25 389408 3090040 2095564 171218280    0    0 1135984 836676 296041 1124537 46 16 25 12  0  0
88 40 389408 3082504 2095564 171223764    0    0 1127696 824864 296486 1124455 46 16 26 12  0  0
66 11 389408 3076864 2095564 171229352    0    0 1149664 837960 297545 1103527 46 16 26 12  0  0
17 18 389408 3069604 2095564 171234836    0    0 1137488 832852 295684 1112036 46 16 26 13  0  0
54 24 389408 3062764 2095564 171240436    0    0 1158224 837588 292851 1089526 45 15 26 13  0  0
13 29 389408 3055972 2095564 171246164    0    0 1156016 831728 296055 1115650 46 16 25 13  0  0
33 14 389408 3051772 2095564 171251752    0    0 1145440 827320 290533 1093959 46 16 24 14  0  0
21 18 389408 3047120 2095564 171257192    0    0 1116832 803420 290276 1094613 45 16 25 15  0  0
95 21 389408 3039060 2095564 171262900    0    0 1200032 846260 296977 1107898 47 16 23 13  0  0
22 15 389408 3036052 2095564 171268532    0    0 1119232 810344 292008 1097436 45 16 26 14  0  0
54 77 389408 2995924 2095564 171273688    0    0 1049456 758100 273598 1007973 41 14 31 15  0  0
33 24 389408 2987416 2095564 171278980    0    0 1106128 805284 289376 1080914 44 15 25 16  0  0
procs -----------memory---------- ---swap-- -----io---- -system-- -------cpu-------
 r  b   swpd   free   buff  cache   si   so    bi    bo   in   cs us sy id wa st gu
27 10 389408 3041352 2095564 171284576    0    0 1149200 835816 295345 1089743 45 16 26 13  0  0
68  7 389408 3037236 2095564 171290204    0    0 1159392 820628 298069 1114160 46 16 25 13  0  0
22 11 389408 3032192 2095564 171295900    0    0 1165968 854760 296366 1099242 46 16 25 13  0  0
69 62 389408 3025912 2095564 171301456    0    0 1138832 821328 297453 1109564 45 16 26 12  0  0
12 11 389408 3019456 2095568 171307100    0    0 1140928 807124 297296 1115662 46 16 25 12  0  0
71 38 389408 3011656 2095568 171312524    0    0 1141184 831560 295538 1103482 45 16 26 13  0  0
52 27 389408 3005476 2095568 171318108    0    0 1119504 804404 288089 1066315 44 15 26 15  0  0
56 14 389408 2998896 2095568 171323556    0    0 1115616 791832 286540 1065575 44 15 26 15  0  0
40 14 389408 2994368 2095568 171328992    0    0 1135888 815380 296782 1126236 47 16 25 12  0  0
75 56 389408 2989664 2095568 171334504    0    0 1132032 824184 287618 1073610 44 15 25 16  0  0
98 12 389408 2982796 2095568 171340188    0    0 1144464 813352 286707 1052255 44 15 24 17  0  0
34 11 389408 2976292 2095568 171345548    0    0 1111280 806152 293282 1110531 45 16 26 13  0  0
82 37 389408 2964792 2095568 171351252    0    0 1175552 846320 297410 1088608 46 16 25 13  0  0
71  7 389408 3211808 2095564 171111960    0    4 1185344 842224 299216 1115811 47 16 24 13  0  0
24 16 389408 3206200 2095572 171116984    0    0 1157968 847752 297915 1119146 46 16 25 13  0  0
84 43 389408 3198004 2095572 171122504    0    0 1144384 821356 298067 1153788 47 16 24 12  0  0
26 16 389408 3202484 2095572 171127948    0    0 1123744 824708 291915 1103410 45 16 26 13  0  0
22 35 389408 3197096 2095572 171133308    0    0 1142832 827736 297468 1135840 46 16 25 12  0  0
28 27 389408 3188384 2095576 171138960    0    0 1131284 802764 289757 1086508 44 16 25 14  0  0
48 14 389408 3183336 2095580 171144484    0    0 1166816 813416 289593 1073322 45 15 25 15  0  0
28 16 389408 3180064 2095580 171150128    0    0 1164672 834832 295424 1112662 46 16 24 14  0  0
procs -----------memory---------- ---swap-- -----io---- -system-- -------cpu-------
 r  b   swpd   free   buff  cache   si   so    bi    bo   in   cs us sy id wa st gu
85 19 389408 3173100 2095580 171155688    0    0 1152000 815760 287166 1061587 45 15 25 16  0  0
77 51 389408 3167852 2095580 171161400    0    0 1142960 824244 289297 1076552 45 15 24 16  0  0
110 11 389408 3162420 2095580 171166808    0    0 1117312 807372 295058 1103251 45 16 26 13  0  0
26  6 389408 3155248 2095588 171172364    0    0 1119584 820868 294613 1105944 45 16 26 12  0  0
85 39 389408 3150264 2095588 171177732    0    0 1124624 806516 295896 1097596 45 16 27 12  0  0
15 31 389408 3142256 2095588 171183308    0    0 1142480 830240 296698 1123360 46 16 26 13  0  0
100 18 389408 3135648 2095588 171188948    0    0 1153456 829188 296396 1112395 46 16 26 13  0  0
24 20 389408 3130156 2095588 171194468    0    0 1133968 835348 298426 1130337 46 16 25 13  0  0
32 18 389408 3125076 2095588 171199984    0    0 1161712 836504 296043 1107394 46 16 25 14  0  0
53  5 389408 3101172 2095588 171205724    0    0 1130992 824824 291496 1099794 45 16 25 14  0  0
37 18 389408 3096452 2095588 171211136    0    0 1155168 809244 290753 1111279 46 16 23 15  0  0
67 31 389408 3093404 2095588 171216784    0    0 1136432 812192 289301 1086601 45 15 25 15  0  0
30  5 389408 3085888 2095588 171222360    0    0 1155088 815440 288723 1081250 45 15 23 16  0  0
108 15 389408 3080068 2095588 171228004    0    0 1160720 839656 295270 1101587 46 16 24 14  0  0
72 42 389408 3074632 2095588 171233656    0    0 1144768 829948 293640 1091585 45 15 26 14  0  0
66 10 389408 3069880 2095588 171239216    0    0 1128640 818564 296354 1118170 46 16 26 13  0  0
24 20 389408 3060708 2095588 171244692    0    0 1152896 839884 298262 1132956 47 16 25 13  0  0
14 15 389408 3057392 2095588 171250392    0    0 1129856 819732 295269 1118910 46 16 26 12  0  0
71 37 389408 3052108 2095592 171255928    0    0 1159296 825920 299020 1136696 47 16 24 13  0  0
93 13 389408 3052988 2095592 171261712    0    0 1157072 830260 295888 1101689 46 15 25 13  0  0
18  9 389408 3045448 2095592 171267036    0    0 1123728 828988 295220 1093627 45 15 27 13  0  0
procs -----------memory---------- ---swap-- -----io---- -system-- -------cpu-------
 r  b   swpd   free   buff  cache   si   so    bi    bo   in   cs us sy id wa st gu
71 18 389408 3041728 2095592 171272564    0    0 1158416 817960 287612 1064409 44 15 25 16  0  0
34 22 389408 3036216 2095596 171278224    0    0 1126596 817756 287189 1069704 44 15 25 15  0  0
25 17 389408 3027208 2095596 171283772    0    0 1142496 838448 286996 1059784 44 15 25 16  0  0
81  5 389408 3022256 2095596 171289292    0    0 1161344 822272 288193 1073761 45 15 23 16  0  0
13 23 389408 3013108 2095596 171295016    0    0 1136224 837148 292688 1083017 44 16 25 14  0  0
50 19 389408 3006824 2095596 171300424    0    0 1111712 817804 291040 1094545 44 16 27 13  0  0
35  1 389408 2984280 2095596 171305900    0    0 1116336 821840 291479 1079940 44 15 28 13  0  0
110 14 389408 2976512 2095600 171311364    0    0 1160592 849720 296032 1094581 46 16 25 13  0  0
89 37 389408 2970616 2095600 171317056    0    0 1138192 842360 296092 1096682 45 16 26 13  0  0
82 50 389408 2963792 2095600 171322672    0    0 1159648 844912 296866 1108903 47 16 25 12  0  0
55 10 389408 3218744 2095600 171083548    0    0 1145168 840660 294336 1106942 45 16 26 13  0  0
17 19 389408 3213428 2095600 171088172    0    0 1169648 850244 296487 1112563 47 16 24 14  0  0
23 11 389408 3204420 2095600 171093596    0    0 1107040 807084 285720 1063325 44 15 27 15  0  0
29 24 389408 3201048 2095600 171098992    0    0 1122896 812120 284947 1067762 44 15 26 15  0  0
30 18 389408 3194532 2095600 171104344    0    0 1134656 812160 288486 1083476 44 15 26 14  0  0
27 25 389408 3188780 2095600 171109860    0    0 1140640 814420 285890 1064660 44 15 25 16  0  0
25 17 389408 3182852 2095600 171115480    0    0 1124624 834996 295241 1114908 45 16 25 14  0  0
69 17 389408 3174404 2095600 171120932    0    0 1144928 840692 293248 1077440 44 15 27 14  0  0
31 13 389408 3144868 2095600 171126584    0    0 1169520 859316 294105 1080354 45 15 26 13  0  0
80 19 389408 3141712 2095600 171132140    0    0 1166208 853552 297260 1101054 46 16 25 13  0  0
33 13 389408 3136472 2095600 171137992    0    0 1163984 844124 295735 1082988 46 16 26 12  0  0
procs -----------memory---------- ---swap-- -----io---- -system-- -------cpu-------
 r  b   swpd   free   buff  cache   si   so    bi    bo   in   cs us sy id wa st gu
89 46 389408 3126904 2095600 171143584    0    0 1154272 849468 295550 1106154 45 16 26 13  0  0
36 18 389408 3121560 2095600 171149264    0    0 1141584 841888 295288 1107352 46 16 26 13  0  0
65 44 389408 3116680 2095600 171154768    0    0 1183008 864556 298675 1121665 47 16 25 13  0  0
38 13 389408 3111364 2095600 171160476    0    0 1149536 838956 287777 1065105 44 15 24 16  0  0
32 20 389408 3104256 2095600 171166168    0    0 1135488 803836 285954 1073600 45 15 24 16  0  0
41  5 389408 3099072 2095600 171171632    0    0 1102640 798380 284314 1054746 43 15 27 15  0  0
35 15 389408 3093156 2095600 171176920    0    0 1107920 794416 290182 1087941 44 16 26 15  0  0
104 24 389408 3089600 2095600 171182532    0    0 1220608 876736 299119 1100953 47 15 23 14  0  0
73 40 389408 3081892 2095600 171188368    0    0 1119792 818528 294174 1097124 45 16 27 13  0  0
46  6 389408 3076056 2095600 171193952    0    0 1142352 834956 295902 1112912 46 16 25 13  0  0
84 25 389408 3071744 2095600 171199584    0    0 1147296 842848 298802 1130060 46 16 24 14  0  0
83 47 389408 3063432 2095600 171205176    0    0 1130400 811056 293216 1109747 46 16 26 12  0  0
33 19 389408 3056232 2095600 171210552    0    0 1149392 824220 295934 1115016 46 16 25 13  0  0
92 40 389408 3052752 2095600 171216216    0    0 1147872 850280 296164 1084040 45 16 26 13  0  0
105 45 389408 3047084 2095600 171221808    0    0 1132688 838964 296494 1110827 45 16 27 12  0  0
67 11 389408 3042700 2095600 171227156    0    0 1119104 791152 289187 1089275 44 16 25 15  0  0
68  6 389408 3035972 2095604 171232764    0    0 1162384 833440 286396 1053132 45 15 24 16  0  0
22 24 389408 3031456 2095604 171238352    0    0 1137584 827192 285307 1054850 44 15 25 16  0  0
85 46 389408 3022564 2095604 171243996    0    0 1129264 811484 288578 1055348 43 15 27 15  0  0
97 31 389408 3013584 2095604 171249400    0    0 1159488 842620 294993 1086595 45 15 25 14  0  0
15 12 389408 3013160 2095604 171255144    0    0 1146336 845256 296531 1110081 46 16 25 13  0  0
procs -----------memory---------- ---swap-- -----io---- -system-- -------cpu-------
 r  b   swpd   free   buff  cache   si   so    bi    bo   in   cs us sy id wa st gu
73 41 389408 3006456 2095604 171260724    0    0 1160944 833860 297409 1113529 47 16 25 12  0  0
68  7 389408 2998440 2095604 171266532    0    0 1191680 859160 298475 1115095 47 16 24 13  0  0
47 20 389408 2994272 2095604 171272084    0    0 1107824 833980 295577 1108435 45 16 27 12  0  0
