procs -----------memory---------- ---swap-- -----io---- -system-- -------cpu-------
 r  b   swpd   free   buff  cache   si   so    bi    bo   in   cs us sy id wa st gu
 4  5 389408 3520344 2102192 183311152    2    7 16627 22358 12152    3  2  0 97  0  0  0
115  1 389408 3474252 2102192 183311208    0    0 89248 183880 101800 65808 96  1  3  0  0  0
111  1 389408 3466160 2102192 183311256    0    0 84864 202424 126675 56605 98  1  1  0  0  0
131  1 389408 3458248 2102192 183311312    0    0 87968 127180 98776 50714 99  1  0  0  0  0
133  1 389408 3452716 2102192 183311360    0    0 83248 142688 117064 49551 98  1  1  0  0  0
115  0 389408 3442684 2102192 183311400    0    0 89712 130900 97554 49158 98  1  0  0  0  0
50  5 389408 3234412 2102192 183311452    0    0 245328 239104 310682 543763 64 17 18  1  0  0
57  1 389408 3179784 2102192 183311968    0    0 544304 184680 293653 1570168 45 28 24  3  0  0
56  0 389408 3167196 2102192 183313404    0    0 491200 246616 286632 1437284 41 26 30  3  0  0
56  5 389408 3160752 2102196 183314604    0    0 518768 351324 270734 1296902 38 22 37  3  0  0
 4  0 389408 3146744 2102196 183315916    0    0 493984 318600 276266 1365468 39 24 34  3  0  0
111 15 389408 3138448 2102196 183317212    0    0 486112 323328 271328 1342562 38 24 36  2  0  0
 2  1 389408 3125628 2102196 183318368    0    0 508688 341568 281097 1336579 39 23 36  3  0  0
50  5 389408 3116104 2102196 183319744    0    0 525520 323960 277906 1360621 40 23 34  3  0  0
101  3 389408 3105784 2102196 183320996    0    0 498288 324828 281238 1366265 39 23 35  3  0  0
67 19 389408 3095192 2102196 183322288    0    0 503808 326508 276346 1335604 38 24 35  3  0  0
41  3 389408 3090672 2102196 183323680    0    0 526656 319392 278884 1343202 39 22 35  3  0  0
102 11 389408 3083324 2102196 183324876    0    0 499328 325500 278986 1332402 38 23 36  3  0  0
50  0 389408 3074012 2102196 183326172    0    0 511008 317084 276283 1340336 39 23 35  3  0  0
95  6 389408 3069844 2102200 183327620    0    0 534080 327436 278057 1322537 40 22 35  3  0  0
79 11 389408 3069948 2102200 183328840    0    0 499856 304936 275603 1334362 38 24 35  3  0  0
procs -----------memory---------- ---swap-- -----io---- -system-- -------cpu-------
 r  b   swpd   free   buff  cache   si   so    bi    bo   in   cs us sy id wa st gu
44  1 389408 3063644 2102200 183330112    0    0 519200 313276 281592 1326987 38 23 36  3  0  0
59  2 389408 3063056 2102200 183331624    0    0 533424 313312 274510 1304103 38 22 35  5  0  0
59 18 389408 3059304 2102200 183332744    0    0 488064 302672 273499 1327039 38 23 36  3  0  0
48  8 389408 3054276 2102200 183333996    0    0 495440 310760 273771 1326694 38 23 36  3  0  0
103 18 389408 3055236 2102200 183335248    0    0 546640 319400 286278 1337328 40 22 35  4  0  0
19  2 389408 3052464 2102204 183336652    0    0 490928 310908 274666 1317212 38 23 36  3  0  0
32  5 389408 3051732 2102204 183337932    0    0 511760 306848 280375 1344578 39 23 34  3  0  0
53 11 389408 3048872 2102204 183339168    0    0 504176 315524 278494 1306742 39 23 35  3  0  0
16  2 389408 3044404 2102204 183340480    0    0 494304 313000 279922 1328865 38 23 35  3  0  0
 4  1 389408 3043536 2102204 183341860    0    0 509520 308528 278177 1322420 39 23 35  3  0  0
48  8 389408 3038964 2102204 183342980    0    0 508880 309216 279365 1327989 39 23 35  3  0  0
34  0 389408 3037472 2102204 183344360    0    0 522848 318508 273729 1293860 38 22 36  4  0  0
90 21 389408 3037900 2102204 183345732    0    0 490720 307644 276928 1315190 39 23 35  3  0  0
41  5 389408 3034628 2102208 183346776    0    0 475936 306348 275014 1317622 38 23 36  2  0  0
94 12 389408 3035232 2102208 183348096    0    0 503984 310220 277883 1320196 39 23 36  3  0  0
75  4 389408 3033064 2102208 183349272    0    0 494704 303380 277718 1335576 39 23 35  2  0  0
69  8 389408 3033628 2102208 183350512    0    0 513568 314356 281788 1333929 39 23 35  3  0  0
47  5 389408 3030920 2102208 183351964    0    0 494880 305520 278407 1343361 38 24 35  3  0  0
 5  0 389408 3031328 2102212 183353088    0    0 525952 324156 278877 1307837 39 23 36  3  0  0
58 10 389408 3024472 2102212 183354480    0    0 496976 306628 278680 1333813 39 23 35  2  0  0
35  1 389408 3024504 2102212 183355860    0    0 489744 311884 279519 1324367 39 23 36  2  0  0
procs -----------memory---------- ---swap-- -----io---- -system-- -------cpu-------
 r  b   swpd   free   buff  cache   si   so    bi    bo   in   cs us sy id wa st gu
91  9 389408 3023616 2102212 183356908    0    0 504768 321288 282660 1327955 39 23 35  3  0  0
63 14 389408 3022724 2102212 183358320    0    0 507936 316828 286082 1333635 39 23 35  3  0  0
28 14 389408 3020408 2102216 183359684    0    0 487856 310584 277306 1327413 38 24 35  3  0  0
20  1 389408 3019412 2102216 183360712    0    0 510672 311760 288562 1341910 39 23 35  3  0  0
45  2 389408 3020168 2102216 183362168    0    0 507408 307912 284131 1336953 40 23 34  3  0  0
48 10 389408 3018696 2102216 183363268    0    0 505488 313280 287221 1342355 40 23 34  3  0  0
41  9 389408 3015024 2102216 183364644    0    0 482832 311372 276997 1324439 38 23 36  2  0  0
27 17 389408 3012252 2102220 183366016    0    0 504448 322820 288469 1333105 39 23 36  2  0  0
50  4 389408 3010428 2102220 183367092    0    0 494736 313288 279497 1325400 39 23 35  2  0  0
66  8 389408 3005260 2102220 183368464    0    0 508496 315100 283076 1328337 39 24 34  3  0  0
33  4 389408 3004536 2102220 183369828    0    0 495744 329892 278218 1309161 38 23 36  3  0  0
87  8 389408 3003032 2102220 183370908    0    0 519104 320620 281020 1316691 39 23 35  3  0  0
72  6 389408 3003996 2102220 183372364    0    0 495040 312756 278818 1336894 39 23 35  3  0  0
45 10 389408 3000532 2102220 183373628    0    0 488960 321304 285204 1330264 38 24 36  2  0  0
59  0 389408 2997760 2102220 183374728    0    0 495552 308832 281517 1331924 39 24 35  3  0  0
83  7 389408 2999028 2102220 183376084    0    0 497360 313420 281741 1331695 38 24 35  3  0  0
 4  0 389408 2995964 2102220 183377192    0    0 497264 323548 286584 1323191 39 22 36  3  0  0
101 17 389408 2994756 2102220 183378540    0    0 501984 319660 280489 1316832 38 23 36  3  0  0
 1  0 389408 2992452 2102220 183379968    0    0 512736 329632 283678 1306435 38 23 36  3  0  0
80  2 389408 2992964 2102220 183381032    0    0 489072 313152 278614 1316674 39 23 36  2  0  0
37  1 389408 2991904 2102220 183382388    0    0 505488 319048 281230 1319093 39 23 36  3  0  0
procs -----------memory---------- ---swap-- -----io---- -system-- -------cpu-------
 r  b   swpd   free   buff  cache   si   so    bi    bo   in   cs us sy id wa st gu
88 14 389408 2989324 2102220 183383808    0    0 514400 328160 278567 1294460 38 23 36  3  0  0
91  6 389408 2988692 2102220 183384880    0    0 491504 319088 280044 1323996 39 23 35  3  0  0
102 22 389408 2986160 2102220 183386288    0    0 489184 309072 278757 1321460 38 24 35  3  0  0
19  1 389408 2985460 2102220 183387304    0    0 502816 313292 283424 1335603 39 24 35  3  0  0
62  3 389408 2982956 2102220 183388660    0    0 494016 315236 283591 1332202 39 24 35  2  0  0
92 11 389408 2981052 2102220 183390040    0    0 484608 319024 287837 1334157 39 23 36  2  0  0
42  8 389408 2980340 2102220 183391080    0    0 503296 318400 282715 1320624 39 23 35  3  0  0
72  1 389408 2978448 2102220 183392516    0    0 498160 315812 292567 1350572 39 24 34  3  0  0
16  5 389408 2977952 2102220 183393864    0    0 493456 318208 282945 1326184 39 23 35  3  0  0
 4  0 389408 2972452 2102220 183394872    0    0 489728 315520 284152 1333575 39 24 34  3  0  0
 4  0 389408 2973812 2102220 183396236    0    0 490176 317132 277753 1311033 38 23 36  3  0  0
30 19 389408 2972680 2102220 183397660    0    0 527232 317644 282212 1324742 39 22 35  3  0  0
72  3 389408 2971708 2102220 183398720    0    0 492032 317816 283735 1317827 39 23 36  2  0  0
47  5 389408 2971640 2102220 183400152    0    0 483680 304288 281383 1338949 39 24 35  2  0  0
 4  0 389408 2970940 2102220 183401096    0    0 493520 317104 283097 1323628 39 24 35  2  0  0
 4  0 389408 2970220 2102220 183402516    0    0 496512 313636 281373 1324301 39 24 34  3  0  0
75  4 389408 2968764 2102220 183403876    0    0 494688 318772 278622 1307542 38 23 36  3  0  0
60  3 389408 2968132 2102220 183404948    0    0 485904 306484 280588 1341192 38 24 35  3  0  0
43  7 389408 2968100 2102220 183406264    0    0 495008 319244 285691 1327953 39 24 35  3  0  0
71  5 389408 2964856 2102220 183407640    0    0 501744 318564 282176 1322100 39 23 35  3  0  0
 2  1 389408 3203812 2102184 183165404    0    0 513808 329596 280434 1314817 39 23 35  3  0  0
procs -----------memory---------- ---swap-- -----io---- -system-- -------cpu-------
 r  b   swpd   free   buff  cache   si   so    bi    bo   in   cs us sy id wa st gu
 4  0 389408 3204300 2102184 183165984    0    0 508928 323888 281854 1310762 38 23 36  3  0  0
112  8 389408 3203132 2102184 183167408    0    0 513584 326760 282203 1309836 39 23 35  3  0  0
101  8 389408 3203488 2102184 183168516    0    0 492064 316848 281057 1319141 40 23 35  2  0  0
56  2 389408 3205128 2102184 183169844    0    0 511920 327256 285347 1321675 39 23 35  3  0  0
69 18 389408 3200996 2102184 183170872    0    0 508256 322828 283344 1324407 39 23 35  3  0  0
 4  1 389408 3202836 2102184 183172328    0    0 498848 321224 280580 1310640 38 23 36  2  0  0
 4  0 389408 3202824 2102184 183173608    0    0 482512 307784 280891 1330086 39 24 35  2  0  0
29  1 389408 3203588 2102184 183174672    0    0 520000 321860 281802 1324391 39 23 35  3  0  0
53  9 389408 3201428 2102184 183176076    0    0 500576 319020 281040 1319300 39 23 36  2  0  0
46 13 389408 3200560 2102184 183177472    0    0 498352 315428 283307 1323535 39 24 35  2  0  0
 5  4 389408 3199848 2102184 183178508    0    0 488352 309032 281852 1333279 39 24 35  2  0  0
40 12 389408 3197604 2102184 183179888    0    0 508928 319072 286788 1328634 39 24 35  3  0  0
53  0 389408 3195636 2102184 183181232    0    0 493632 314844 279053 1313642 39 23 36  3  0  0
27  0 389408 3190256 2102184 183182220    0    0 499248 309016 286192 1340100 39 24 34  3  0  0
63  4 389408 3190424 2102184 183183556    0    0 489488 317424 279734 1315111 39 23 36  2  0  0
80  3 389408 3190200 2102184 183184552    0    0 477008 304948 278746 1332074 39 24 35  3  0  0
 4  0 389408 3189084 2102184 183185916    0    0 495584 321456 282899 1323189 39 23 36  3  0  0
75  1 389408 3188004 2102184 183187176    0    0 481664 299964 279708 1348249 39 24 34  2  0  0
75 13 389408 3187072 2102184 183188236    0    0 503696 322944 286084 1327948 39 23 35  3  0  0
 5  1 389408 3186116 2102184 183189592    0    0 506208 321460 278430 1321960 38 23 36  3  0  0
68  5 389408 3181440 2102184 183190924    0    0 499600 317260 286526 1339540 39 24 35  3  0  0
procs -----------memory---------- ---swap-- -----io---- -system-- -------cpu-------
 r  b   swpd   free   buff  cache   si   so    bi    bo   in   cs us sy id wa st gu
21  2 389408 3185312 2102184 183191980    0    0 494576 323388 281143 1313825 39 23 36  2  0  0
74 10 389408 3182596 2102184 183193340    0    0 505616 310120 284237 1348218 39 24 34  3  0  0
50 17 389408 3182744 2102184 183194692    0    0 490288 321020 282946 1322615 39 23 36  2  0  0
78 12 389408 3182684 2102184 183195660    0    0 497696 312704 282269 1346403 39 24 34  3  0  0
45  1 389408 3181172 2102184 183197036    0    0 505584 315584 284343 1326340 39 24 35  3  0  0
37  3 389408 3179488 2102184 183198040    0    0 495536 314272 281972 1330959 38 24 35  3  0  0
62  8 389408 3178208 2102184 183199416    0    0 515520 328764 287493 1322814 38 23 36  3  0  0
38 12 389408 3178556 2102184 183200796    0    0 486048 320164 278561 1312302 38 23 36  3  0  0
 4  0 389408 3179288 2102184 183201812    0    0 490800 310032 289444 1353899 40 24 34  2  0  0
70  4 389408 3177812 2102184 183203156    0    0 499040 320692 279936 1308324 38 23 36  3  0  0
 6  1 389408 3177764 2102184 183204584    0    0 486224 308832 286245 1360953 39 24 35  2  0  0
71  6 389408 3178320 2102184 183205440    0    0 492416 316544 281439 1325438 39 24 35  2  0  0
58  1 389408 3177048 2102184 183206820    0    0 500608 318416 283799 1327747 39 23 35  3  0  0
39  2 389408 3173820 2102184 183208196    0    0 497888 317764 280666 1322205 39 23 35  3  0  0
49 23 389408 3173304 2102184 183209232    0    0 494320 314180 282967 1333281 39 24 35  2  0  0
26 22 389408 3170708 2102188 183210512    0    0 470784 307028 282051 1333908 38 24 35  2  0  0
 4  0 389408 3171400 2102188 183211564    0    0 493232 315052 280711 1324951 39 24 35  2  0  0
72 10 389408 3169108 2102188 183212860    0    0 497536 314904 287757 1340098 39 24 34  2  0  0
40  3 389408 3166080 2102188 183214212    0    0 491248 313548 279968 1336933 39 24 34  3  0  0
64 15 389408 3165588 2102188 183215252    0    0 501616 318688 283251 1318490 39 23 36  3  0  0
 4  0 389408 3165828 2102192 183216544    0    0 471648 310396 279013 1331972 39 24 35  2  0  0
procs -----------memory---------- ---swap-- -----io---- -system-- -------cpu-------
 r  b   swpd   free   buff  cache   si   so    bi    bo   in   cs us sy id wa st gu
44  5 389408 3165244 2102192 183217948    0    0 513152 318144 287920 1342319 39 23 35  3  0  0
104  8 389408 3165824 2102192 183218936    0    0 485392 310300 279511 1337653 39 24 35  2  0  0
52  3 389408 3164636 2102192 183220284    0    0 496496 314652 291045 1342954 39 24 35  3  0  0
74  6 389408 3164088 2102192 183221608    0    0 495616 318844 280833 1318672 38 24 35  3  0  0
59  1 389408 3162632 2102192 183222680    0    0 478096 306712 278240 1330343 39 23 35  2  0  0
 4  3 389408 3158852 2102192 183223948    0    0 492928 318704 280539 1314655 39 23 36  3  0  0
35  4 389408 3160052 2102192 183224976    0    0 495792 311688 279418 1327838 39 23 35  3  0  0
49  6 389408 3159616 2102192 183226304    0    0 498016 314136 281452 1327428 39 23 35  3  0  0
58  3 389408 3158172 2102192 183227668    0    0 496944 320760 279157 1323249 39 23 35  3  0  0
60  0 389408 3157208 2102200 183228668    0    0 495536 317628 283347 1335681 39 23 35  2  0  0
22  3 389408 3155636 2102200 183230020    0    0 513504 320572 283175 1322643 39 23 34  3  0  0
51 11 389408 3158252 2102200 183231440    0    0 477424 302576 278299 1337072 39 24 35  2  0  0
56  4 389408 3156272 2102200 183232388    0    0 480592 313980 278424 1320843 39 23 35  2  0  0
59 20 389408 3140684 2102200 183233692    0    0 492672 308372 281415 1334853 39 23 35  2  0  0
11 27 389408 3137024 2102200 183235036    0    0 511120 323024 287050 1328616 39 23 35  3  0  0
71  1 389408 3135576 2102200 183236096    0    0 488320 306820 282895 1335809 39 23 35  3  0  0
63  3 389408 3131864 2102200 183237436    0    0 481760 312516 288918 1342721 39 23 35  3  0  0
18 10 389408 3129984 2102200 183238532    0    0 487056 310892 279136 1320527 38 24 35  3  0  0
12 18 389408 3123980 2102200 183239912    0    0 504912 314196 280893 1323384 40 23 35  3  0  0
76  3 389408 3121920 2102200 183241296    0    0 490720 310944 280500 1323961 39 23 35  3  0  0
100 14 389408 3120660 2102200 183242304    0    0 495632 309056 278740 1318706 38 23 36  3  0  0
procs -----------memory---------- ---swap-- -----io---- -system-- -------cpu-------
 r  b   swpd   free   buff  cache   si   so    bi    bo   in   cs us sy id wa st gu
15 16 389408 3122184 2102200 183243728    0    0 486464 327812 279981 1333056 39 23 35  2  0  0
31  1 389408 3122416 2102200 183245032    0    0 481632 293764 280602 1352136 39 24 35  2  0  0
56 11 389408 3122336 2102200 183246020    0    0 488944 317044 280181 1340248 39 24 34  3  0  0
87  7 389408 3121584 2102200 183247380    0    0 505888 318492 283547 1332633 39 23 35  3  0  0
28 18 389408 3122140 2102200 183248788    0    0 496672 314280 279973 1342554 39 23 35  3  0  0
 6  1 389408 3117380 2102200 183249788    0    0 485936 315172 284552 1336929 38 24 35  2  0  0
74 14 389408 3118108 2102200 183251196    0    0 483264 307264 277776 1321490 38 24 36  2  0  0
54 22 389408 3117940 2102200 183252264    0    0 485840 309508 284596 1358443 39 24 34  2  0  0
19 16 389408 3117952 2102200 183253636    0    0 488272 326400 278946 1335607 38 23 36  3  0  0
25 27 389408 3117136 2102200 183255004    0    0 501008 316076 281131 1330320 39 23 35  3  0  0
60 18 389408 3115464 2102204 183256008    0    0 489264 317148 278238 1334317 39 24 35  2  0  0
42  6 389408 3111972 2102204 183257388    0    0 508352 318948 282703 1335326 39 23 35  3  0  0
58  8 389408 3109988 2102204 183258892    0    0 494432 320148 279152 1320185 38 23 36  3  0  0
49  4 389408 3110028 2102204 183259856    0    0 497664 314832 280018 1331625 39 24 34  3  0  0
28 13 389408 3107756 2102204 183261292    0    0 493120 317372 280076 1322352 39 23 36  2  0  0
83 10 389408 3106208 2102204 183262580    0    0 493920 304528 282765 1334212 39 23 35  3  0  0
45  9 389408 3100612 2102204 183263676    0    0 495088 316308 280323 1312153 39 23 36  3  0  0
19 13 389408 3097768 2102204 183265004    0    0 492560 312340 280134 1330192 39 23 35  3  0  0
66  8 389408 3098716 2102204 183266056    0    0 495872 298520 283243 1328018 39 23 35  3  0  0
94 10 389408 3099304 2102204 183267420    0    0 488560 306052 279484 1325187 39 23 35  3  0  0
34  6 389408 3099352 2102204 183268844    0    0 507888 339572 283700 1319895 39 23 35  3  0  0
procs -----------memory---------- ---swap-- -----io---- -system-- -------cpu-------
 r  b   swpd   free   buff  cache   si   so    bi    bo   in   cs us sy id wa st gu
102 13 389408 3094564 2102204 183269872    0    0 481776 308220 277812 1314070 38 23 36  2  0  0
48  7 389408 3097976 2102204 183271240    0    0 490896 323792 292219 1355620 39 24 35  2  0  0
80 16 389408 3096652 2102204 183272628    0    0 493456 308748 280333 1323662 39 23 36  2  0  0
18 21 389408 3091868 2102204 183273660    0    0 480528 303036 282857 1340660 39 25 35  2  0  0
104  3 389408 3091176 2102204 183274968    0    0 482416 300996 280430 1339550 39 23 36  2  0  0
42  8 389408 3090564 2102204 183276312    0    0 484912 310860 283921 1343348 39 24 35  2  0  0
91  5 389408 3090680 2102204 183277348    0    0 517088 321512 291040 1338315 39 24 34  3  0  0
83 11 389408 3088220 2102204 183278800    0    0 501408 317372 280735 1321505 39 23 35  3  0  0
17  0 389408 3084228 2102204 183279852    0    0 504640 312256 283326 1320390 38 23 36  3  0  0
100 13 389408 3082744 2102204 183281260    0    0 497312 313056 279208 1313271 39 24 35  2  0  0
48  1 389408 3079580 2102204 183282688    0    0 506496 329200 285149 1328004 39 23 35  3  0  0
91 10 389408 3080104 2102204 183283740    0    0 510976 331868 279520 1308136 38 23 36  3  0  0
51 13 389408 3078940 2102204 183285084    0    0 496288 308260 279064 1323018 39 23 35  3  0  0
87 15 389408 3078716 2102204 183286468    0    0 493168 311728 277376 1306150 38 24 36  2  0  0
57 11 389408 3079244 2102204 183287556    0    0 495920 316424 280795 1336056 39 24 35  3  0  0
98 24 389408 3078768 2102204 183288972    0    0 494800 320148 277778 1314011 39 23 36  3  0  0
38 13 389408 3079228 2102204 183290364    0    0 508304 340408 287840 1320551 39 23 35  3  0  0
68  1 389408 3078500 2102204 183291440    0    0 492000 297040 277989 1301717 38 23 36  2  0  0
53 15 389408 3079088 2102204 183292756    0    0 488128 326516 282532 1337208 39 24 34  2  0  0
44  9 389408 3078524 2102204 183293824    0    0 483792 315352 278379 1327089 39 23 36  2  0  0
28  4 389408 3078168 2102204 183295148    0    0 493312 295916 279550 1328750 39 23 35  3  0  0
procs -----------memory---------- ---swap-- -----io---- -system-- -------cpu-------
 r  b   swpd   free   buff  cache   si   so    bi    bo   in   cs us sy id wa st gu
34  5 389408 3076568 2102204 183296472    0    0 499984 332776 283595 1319366 38 23 36  3  0  0
94 15 389408 3075352 2102204 183297536    0    0 492800 312856 280310 1333967 39 24 35  3  0  0
47  3 389408 3072816 2102204 183298992    0    0 497424 309816 285539 1338443 39 23 35  2  0  0
36  5 389408 3071428 2102204 183300320    0    0 484752 321376 281358 1340457 39 23 35  2  0  0
18  2 389408 3067928 2102204 183301404    0    0 490992 313676 288626 1349994 39 24 35  2  0  0
79 10 389408 3067028 2102204 183302808    0    0 502400 311636 279745 1315462 39 24 35  3  0  0
30  4 389408 3065516 2102204 183304072    0    0 481824 311872 286152 1353214 39 24 34  2  0  0
87  7 389408 3066024 2102204 183305148    0    0 508880 313580 283307 1324459 39 23 36  3  0  0
88 34 389408 3063540 2102204 183306516    0    0 482144 310656 278674 1328868 39 24 35  3  0  0
53  7 389408 3062072 2102204 183307568    0    0 500576 307292 284046 1320914 39 23 36  3  0  0
43  5 389408 3061272 2102208 183308960    0    0 495712 302460 280123 1321899 38 24 35  3  0  0
68  1 389408 3058028 2102208 183310288    0    0 496064 316412 287060 1339501 39 24 35  3  0  0
24  2 389408 3054152 2102208 183311396    0    0 482128 303000 277692 1329730 39 23 36  2  0  0
40 11 389408 3054224 2102208 183312772    0    0 492176 310792 285445 1339386 39 24 35  2  0  0
101  2 389408 3052776 2102208 183314104    0    0 490384 327452 281990 1320169 39 24 35  3  0  0
42  1 389408 3052332 2102208 183315136    0    0 485792 317196 289173 1346364 38 24 35  2  0  0
80 13 389408 3048708 2102212 183316532    0    0 504576 308516 278660 1316775 39 22 36  3  0  0
86  2 389408 3048308 2102212 183317564    0    0 483632 302900 279902 1329192 39 24 34  2  0  0
47 16 389408 3045860 2102212 183318904    0    0 489280 328212 278330 1322324 39 23 36  2  0  0
50  2 389408 3044644 2102212 183320220    0    0 488656 309748 284282 1341393 39 24 35  2  0  0
18  2 389408 3041296 2102212 183321288    0    0 483952 314696 281565 1340685 39 23 36  2  0  0
procs -----------memory---------- ---swap-- -----io---- -system-- -------cpu-------
 r  b   swpd   free   buff  cache   si   so    bi    bo   in   cs us sy id wa st gu
58  2 389408 3039076 2102212 183322660    0    0 477552 298060 277105 1333913 38 24 36  2  0  0
90  8 389408 3037300 2102212 183323964    0    0 489088 308732 281740 1335261 39 24 35  2  0  0
93 19 389408 3038604 2102212 183325020    0    0 476400 305656 278263 1339559 38 24 36  2  0  0
64  3 389408 3038156 2102212 183326332    0    0 494384 316584 280800 1322474 39 23 35  2  0  0
88 14 389408 3035472 2102212 183327736    0    0 488096 318728 279181 1322579 39 23 36  2  0  0
101 20 389408 3036252 2102212 183328856    0    0 495968 316300 289287 1357414 39 24 35  2  0  0
54 17 389408 3035716 2102212 183330092    0    0 485008 307484 277818 1319431 38 24 35  2  0  0
68 24 389408 3031988 2102212 183331156    0    0 499248 311464 280232 1329285 39 24 35  3  0  0
97 10 389408 3030516 2102212 183332548    0    0 482672 306668 279895 1332226 39 23 36  2  0  0
70  6 389408 3031816 2102212 183333896    0    0 507360 317100 282602 1321974 39 23 35  3  0  0
83  7 389408 3032084 2102212 183335004    0    0 492976 319692 280090 1321578 38 24 35  2  0  0
89  4 389408 3018852 2102212 183336388    0    0 492624 317760 281764 1327378 39 22 36  2  0  0
53 13 389408 3015568 2102212 183337748    0    0 491792 303644 280577 1334851 40 23 35  2  0  0
45  9 389408 3015360 2102212 183338732    0    0 456384 315808 284450 1351996 39 25 34  2  0  0
29  8 389408 3013116 2102212 183340076    0    0 492400 302488 277436 1313153 38 23 36  3  0  0
86 15 389408 3011512 2102212 183341372    0    0 488080 326592 283910 1343248 39 24 34  2  0  0
66  4 389408 3011288 2102212 183342440    0    0 496880 314104 281587 1325040 39 23 35  2  0  0
73  9 389408 3010768 2102212 183343768    0    0 478608 307436 279014 1337886 39 24 35  2  0  0
16 19 389408 3008612 2102212 183344976    0    0 494944 305612 279579 1326223 39 24 35  3  0  0
124  8 389408 3005412 2102212 183346228    0    0 490032 289460 276140 1319223 38 24 36  3  0  0
51  5 389408 3006244 2102212 183347580    0    0 494448 313400 283279 1345105 39 24 34  3  0  0
procs -----------memory---------- ---swap-- -----io---- -system-- -------cpu-------
 r  b   swpd   free   buff  cache   si   so    bi    bo   in   cs us sy id wa st gu
57 41 389408 3005736 2102212 183348612    0    0 488576 325440 281229 1327246 39 23 35  3  0  0
25 18 389408 3004388 2102212 183349996    0    0 484288 303712 287123 1340428 39 24 35  2  0  0
110 14 389408 3001280 2102212 183351280    0    0 496496 321688 283879 1331697 39 24 35  3  0  0
54  6 389408 3002012 2102212 183352312    0    0 480944 296180 282344 1343918 39 24 34  2  0  0
49  4 389408 3001324 2102212 183353716    0    0 496528 326580 285687 1332824 39 23 35  3  0  0
75  4 389408 2999220 2102212 183355036    0    0 475632 304764 279128 1328266 39 24 35  2  0  0
81  6 389408 2998872 2102212 183356044    0    0 482208 303572 279349 1333498 38 24 35  2  0  0
31  6 389408 2995132 2102212 183357436    0    0 495696 319044 281519 1326347 39 24 35  2  0  0
59  6 389408 2991288 2102212 183358548    0    0 496816 304900 286029 1329689 39 23 35  2  0  0
82  6 389408 2989276 2102212 183359836    0    0 474128 305528 279568 1338400 39 24 35  2  0  0
23  6 389408 2987304 2102212 183361180    0    0 488912 293976 282407 1343997 39 23 35  3  0  0
54 10 389408 2985840 2102212 183362232    0    0 477312 310320 278659 1322374 38 24 35  2  0  0
101 11 389408 2982196 2102212 183363616    0    0 509792 327320 286174 1338672 40 23 34  3  0  0
25  3 389408 2980420 2102212 183364924    0    0 493248 315936 285177 1327176 38 24 35  2  0  0
31  8 389408 2981988 2102212 183366028    0    0 488336 311596 280462 1331204 39 23 35  3  0  0
34  4 389408 2983740 2102212 183367392    0    0 496736 317088 280093 1327026 39 23 35  2  0  0
28  6 389408 2980484 2102212 183368756    0    0 482928 313112 279493 1326165 39 24 35  2  0  0
37 18 389408 2981184 2102212 183369760    0    0 493200 297892 283441 1332963 39 24 35  2  0  0
35 22 389408 2976228 2102212 183371140    0    0 502512 309480 280500 1329448 39 24 35  3  0  0
29 15 389408 2977948 2102212 183372232    0    0 493376 311840 285290 1334379 39 24 35  2  0  0
96  7 389408 2976548 2102212 183373636    0    0 496288 327156 280978 1312168 38 23 36  3  0  0
procs -----------memory---------- ---swap-- -----io---- -system-- -------cpu-------
 r  b   swpd   free   buff  cache   si   so    bi    bo   in   cs us sy id wa st gu
53 10 389408 2978340 2102212 183374924    0    0 487152 302460 281488 1338244 39 23 35  2  0  0
76 14 389408 2976884 2102212 183376088    0    0 489280 322856 281806 1310672 38 23 36  2  0  0
104  9 389408 2970864 2102212 183377380    0    0 488864 308152 281768 1343381 39 24 35  2  0  0
 1  3 389408 2970844 2102216 183378732    0    0 494656 321680 280371 1308235 38 23 36  3  0  0
30 24 389408 2970832 2102216 183379852    0    0 492800 314940 281640 1323799 39 24 35  2  0  0
26  9 389408 2968756 2102216 183381240    0    0 481760 319452 281742 1333473 38 24 35  3  0  0
55  8 389408 2967764 2102216 183382668    0    0 490080 308372 282473 1322759 38 24 36  2  0  0
54 41 389408 2960968 2102216 183383652    0    0 484400 315744 280349 1327521 39 24 35  3  0  0
104  8 389408 3203448 2102220 183140164    0    0 490944 306968 286932 1335333 39 24 35  2  0  0
57 29 389408 3204512 2102220 183141208    0    0 492528 319600 279247 1317592 39 23 35  3  0  0
34 40 389408 3205504 2102220 183142520    0    0 499984 316344 283144 1328094 39 23 35  2  0  0
67  6 389408 3204316 2102220 183143884    0    0 482864 309048 279532 1319717 39 24 35  3  0  0
52 12 389408 3203000 2102220 183144900    0    0 511904 311920 281551 1328606 39 24 34  3  0  0
32  0 389408 3199964 2102220 183146220    0    0 481328 312340 279003 1326262 38 24 35  3  0  0
62 19 389408 3201024 2102220 183147572    0    0 497264 317288 283378 1334657 39 24 35  3  0  0
52  5 389408 3202808 2102220 183148568    0    0 487136 315272 280068 1321712 39 23 36  3  0  0
 4  0 389408 3202028 2102220 183149876    0    0 498624 304748 280964 1336886 39 24 35  3  0  0
102 12 389408 3201388 2102220 183151208    0    0 490064 315040 281581 1330386 39 24 35  2  0  0
95  8 389408 3200504 2102224 183152212    0    0 481248 319676 278179 1327260 38 24 35  2  0  0
27 16 389408 3200056 2102224 183153532    0    0 488464 312888 280905 1327298 39 23 35  2  0  0
 9  3 389408 3199744 2102224 183154604    0    0 492528 315844 287505 1344149 39 24 34  2  0  0
procs -----------memory---------- ---swap-- -----io---- -system-- -------cpu-------
 r  b   swpd   free   buff  cache   si   so    bi    bo   in   cs us sy id wa st gu
40  2 389408 3196960 2102224 183155924    0    0 482768 316936 280215 1315827 39 23 35  2  0  0
17 21 389408 3195288 2102224 183157220    0    0 496480 305332 283189 1349021 39 24 34  3  0  0
68 13 389408 3194864 2102224 183158176    0    0 475664 315380 280039 1323764 39 24 35  2  0  0
24 15 389408 3178416 2102224 183159544    0    0 503696 316068 290044 1350830 39 24 34  3  0  0
21 18 389408 3177764 2102224 183160928    0    0 499488 321500 285047 1328932 39 24 35  3  0  0
19 11 389408 3179056 2102224 183161960    0    0 486448 313768 280859 1328439 39 24 35  3  0  0
26 28 389408 3173564 2102224 183163248    0    0 497424 313136 282159 1331054 39 23 35  3  0  0
51  6 389408 3173664 2102224 183164584    0    0 460928 308904 279157 1332304 39 24 36  2  0  0
 6  6 389408 3169384 2102224 183165488    0    0 489472 311064 283585 1336113 39 23 36  3  0  0
 2  0 389408 3171348 2102224 183166896    0    0 497488 317732 281225 1329235 39 24 35  3  0  0
59 19 389408 3169672 2102224 183167936    0    0 484272 315820 283265 1324767 39 23 35  2  0  0
35 26 389408 3168332 2102224 183169204    0    0 489136 299524 279736 1337199 39 24 35  2  0  0
50 19 389408 3165528 2102224 183170604    0    0 496768 314412 285680 1337134 39 23 35  3  0  0
 5  1 389408 3164272 2102224 183171592    0    0 493296 320152 281770 1328127 39 23 35  3  0  0
89 10 389408 3162348 2102224 183172912    0    0 476640 309720 283457 1342188 39 24 35  2  0  0
56  1 389408 3159676 2102224 183174256    0    0 500144 313964 281765 1333912 39 23 35  3  0  0
 7  3 389408 3161480 2102224 183175284    0    0 489184 318324 282688 1333493 38 23 36  2  0  0
50  5 389408 3161004 2102224 183176524    0    0 488368 308460 282626 1341547 39 24 35  2  0  0
 4  0 389408 3160268 2102224 183177884    0    0 479216 307380 282617 1342582 39 24 35  2  0  0
 5  0 389408 3161152 2102224 183178840    0    0 491008 313636 281802 1332562 39 23 36  2  0  0
98  3 389408 3159756 2102224 183180156    0    0 480720 307120 280407 1334421 39 24 35  2  0  0
procs -----------memory---------- ---swap-- -----io---- -system-- -------cpu-------
 r  b   swpd   free   buff  cache   si   so    bi    bo   in   cs us sy id wa st gu
 4  1 389408 3159444 2102224 183181196    0    0 495328 312924 282150 1331547 39 24 35  2  0  0
37  2 389408 3156200 2102224 183182520    0    0 485648 314320 281193 1335910 39 24 35  3  0  0
62 14 389408 3155368 2102224 183183848    0    0 498672 312248 287022 1336617 39 23 35  3  0  0
36  0 389408 3152624 2102224 183184892    0    0 513104 319124 282457 1328109 39 23 35  3  0  0
 4  1 389408 3154120 2102224 183186320    0    0 497520 323984 288305 1337056 39 24 35  3  0  0
50  4 389408 3153496 2102224 183187712    0    0 501600 315284 286235 1325687 38 24 35  3  0  0
34  3 389408 3149456 2102228 183188756    0    0 483248 305388 279779 1335459 39 24 35  2  0  0
81  8 389408 3147968 2102228 183190112    0    0 493072 316420 280631 1318472 39 23 36  2  0  0
70 14 389408 3145528 2102228 183191440    0    0 481104 313796 278089 1324983 39 23 36  2  0  0
67  6 389408 3142680 2102228 183192508    0    0 494464 313924 282036 1327427 39 23 36  3  0  0
 4  1 389408 3139748 2102228 183193888    0    0 493552 317956 277035 1317325 38 23 36  3  0  0
44  3 389408 3136304 2102228 183194920    0    0 496336 311624 287094 1349804 39 24 35  2  0  0
40 11 389408 3135900 2102228 183196212    0    0 487328 316236 279644 1324582 38 24 35  3  0  0
 5  1 389408 3133924 2102228 183197576    0    0 471488 310968 284817 1337835 38 24 36  2  0  0
 4  0 389408 3132816 2102228 183198616    0    0 487760 313784 279708 1327662 38 24 35  3  0  0
58  8 389408 3129876 2102228 183199916    0    0 472656 302104 276192 1336629 38 24 35  2  0  0
33 11 389408 3130516 2102228 183201368    0    0 501232 313252 282514 1335129 39 24 34  3  0  0
51 12 389408 3129872 2102228 183202416    0    0 494208 312628 280448 1323271 39 23 34  3  0  0
 4  0 389408 3130388 2102228 183203796    0    0 496144 314300 284270 1331892 39 23 35  3  0  0
111  8 389408 3125116 2102228 183204860    0    0 496848 315780 279809 1324433 39 23 35  3  0  0
21  0 389408 3126184 2102228 183206224    0    0 507920 314656 288043 1329746 39 23 35  3  0  0
procs -----------memory---------- ---swap-- -----io---- -system-- -------cpu-------
 r  b   swpd   free   buff  cache   si   so    bi    bo   in   cs us sy id wa st gu
27 23 389408 3124936 2102228 183207572    0    0 476608 307168 279091 1330116 39 24 35  2  0  0
97 25 389408 3125356 2102228 183208620    0    0 499968 313244 282741 1333056 39 24 34  3  0  0
45 15 389408 3121376 2102228 183209928    0    0 484272 318932 277936 1318309 39 23 36  3  0  0
114 13 389408 3120656 2102228 183211300    0    0 507616 315116 286162 1329133 39 23 35  3  0  0
 1  3 389408 3116784 2102228 183212400    0    0 483680 315624 278405 1313812 38 23 36  3  0  0
94  4 389408 3116136 2102228 183213720    0    0 478064 308876 280303 1328254 39 23 35  3  0  0
80  7 389408 3114496 2102232 183215072    0    0 484272 312904 277369 1314462 38 24 36  3  0  0
 2  0 389408 3113480 2102232 183216072    0    0 491760 317516 282008 1320460 39 24 35  3  0  0
55  5 389408 3113172 2102232 183217484    0    0 507648 315976 280581 1325962 39 23 35  3  0  0
41  9 389408 3114552 2102232 183218648    0    0 495888 318700 286880 1325303 38 23 36  3  0  0
 4  0 389408 3113288 2102232 183219932    0    0 493200 311824 281698 1333748 39 24 34  3  0  0
48  0 389408 3108524 2102232 183221300    0    0 492608 307688 283273 1334639 39 24 35  3  0  0
64  2 389408 3109612 2102232 183222392    0    0 489728 315076 281452 1323994 39 23 36  3  0  0
65  1 389408 3108108 2102232 183223704    0    0 481072 308444 279268 1335121 38 24 35  3  0  0
 4  0 389408 3099776 2102232 183225100    0    0 492560 316224 281208 1323617 39 23 36  3  0  0
99 16 389408 3101480 2102232 183226180    0    0 488640 308632 279464 1319199 39 24 35  3  0  0
64  9 389408 3101080 2102232 183227456    0    0 495328 313316 288358 1334325 39 23 35  3  0  0
33  2 389408 3099900 2102232 183228868    0    0 502288 317084 280396 1317954 39 23 35  3  0  0
73  9 389408 3098484 2102232 183229892    0    0 486784 306744 287163 1356646 39 24 34  3  0  0
74 10 389408 3099716 2102232 183231244    0    0 476000 314852 278366 1318687 38 24 35  2  0  0
20  0 389408 3099668 2102232 183232240    0    0 479696 308036 284412 1334247 38 24 35  2  0  0
procs -----------memory---------- ---swap-- -----io---- -system-- -------cpu-------
 r  b   swpd   free   buff  cache   si   so    bi    bo   in   cs us sy id wa st gu
96  9 389408 3098052 2102232 183233588    0    0 488624 310192 286168 1336287 39 24 35  2  0  0
32  2 389408 3095824 2102232 183234924    0    0 491552 307820 282203 1336738 39 24 35  2  0  0
 4  0 389408 3092532 2102232 183236032    0    0 505152 312176 285791 1340937 39 23 35  3  0  0
51  6 389408 3092132 2102232 183237396    0    0 474432 313604 277531 1312881 38 24 36  3  0  0
54  3 389408 3090912 2102232 183238700    0    0 483184 298236 281829 1346419 39 24 34  2  0  0
34  1 389408 3091472 2102236 183239804    0    0 503456 317932 279171 1305542 39 22 36  3  0  0
53  3 389408 3089604 2102236 183241104    0    0 486080 308632 278755 1330813 38 24 35  3  0  0
50 13 389408 3087852 2102236 183242476    0    0 484992 307988 280779 1334497 39 23 35  3  0  0
17  6 389408 3088260 2102236 183243544    0    0 508704 311928 283443 1333108 39 24 34  3  0  0
60  3 389408 3083744 2102236 183244936    0    0 490192 319852 280526 1314191 39 23 36  2  0  0
40  1 389408 3082680 2102240 183246020    0    0 504752 312960 282753 1337100 40 23 35  3  0  0
71  2 389408 3082396 2102240 183247360    0    0 477984 314664 285966 1333981 38 24 35  2  0  0
91  5 389408 3081248 2102240 183248744    0    0 495024 312092 281720 1337553 39 24 35  2  0  0
38 15 389408 3079384 2102240 183249744    0    0 479872 308596 278756 1334177 39 24 35  2  0  0
32  0 389408 3077052 2102240 183250960    0    0 481584 314444 279498 1330255 39 23 36  2  0  0
34  4 389408 3075448 2102240 183252432    0    0 480000 304796 277308 1337858 39 24 35  2  0  0
43 11 389408 3074636 2102240 183253468    0    0 492896 318072 279843 1325519 39 24 35  2  0  0
74  2 389408 3069140 2102240 183254820    0    0 478736 307452 277003 1325120 38 24 35  2  0  0
 3  0 389408 3069692 2102240 183256104    0    0 485136 308876 280255 1338135 39 24 35  2  0  0
52 10 389408 3069736 2102240 183257164    0    0 481552 311940 279203 1326034 38 24 35  2  0  0
85 12 389408 3067740 2102240 183258536    0    0 491568 309068 279649 1331987 39 24 35  3  0  0
procs -----------memory---------- ---swap-- -----io---- -system-- -------cpu-------
 r  b   swpd   free   buff  cache   si   so    bi    bo   in   cs us sy id wa st gu
 2  1 389408 3066228 2102240 183259532    0    0 484048 319304 278813 1319962 39 24 35  2  0  0
66  2 389408 3065500 2102240 183260964    0    0 501904 312760 288584 1345285 38 24 35  3  0  0
66  1 389408 3059952 2102240 183262288    0    0 500512 317084 279773 1321187 39 23 35  3  0  0
78  4 389408 3059452 2102240 183263412    0    0 492464 311308 285223 1336069 39 24 35  2  0  0
38  2 389408 3054376 2102240 183264800    0    0 495936 321028 281222 1330664 39 23 35  3  0  0
33  1 389408 3056116 2102240 183266076    0    0 497984 309868 292254 1357847 39 24 35  3  0  0
 4  0 389408 3053872 2102240 183267148    0    0 505168 320960 280854 1311270 38 23 36  3  0  0
69 10 389408 3050824 2102240 183268500    0    0 480016 296924 280450 1345307 39 24 34  2  0  0
93  3 389408 3050252 2102240 183269856    0    0 508432 313364 280823 1324704 39 24 35  3  0  0
 5  0 389408 3050120 2102244 183270992    0    0 490240 323000 286035 1332314 38 24 36  3  0  0
 3  1 389408 3049228 2102244 183272372    0    0 503536 320508 284166 1319026 39 22 36  3  0  0
64 20 389408 3049936 2102244 183273396    0    0 484848 309720 283744 1343652 39 25 34  2  0  0
39  1 389408 3050260 2102244 183274816    0    0 497168 313668 281438 1330694 39 23 35  3  0  0
41 17 389408 3048024 2102244 183276100    0    0 489264 310268 281334 1330577 39 24 35  2  0  0
50  2 389408 3046784 2102248 183277204    0    0 504576 324744 288284 1324018 38 24 35  3  0  0
52  6 389408 3046068 2102248 183278576    0    0 482240 306724 280606 1336234 39 24 35  2  0  0
20  0 389408 3045004 2102248 183279832    0    0 503616 314252 281802 1326989 39 24 35  3  0  0
16  2 389408 3045072 2102248 183281012    0    0 503456 329356 279603 1304371 39 22 36  3  0  0
77 19 389408 3044152 2102248 183282432    0    0 498816 322500 278299 1310871 38 23 36  3  0  0
86 17 389408 3044392 2102248 183283732    0    0 506960 324160 282746 1318335 39 23 35  3  0  0
36 18 389408 3040328 2102248 183284888    0    0 488928 312276 280225 1330689 39 24 35  2  0  0
procs -----------memory---------- ---swap-- -----io---- -system-- -------cpu-------
 r  b   swpd   free   buff  cache   si   so    bi    bo   in   cs us sy id wa st gu
59 12 389408 3042032 2102248 183286284    0    0 494480 313984 282347 1338309 39 24 35  2  0  0
63 20 389408 3039360 2102248 183287436    0    0 524016 326980 282644 1314752 39 23 35  3  0  0
89  4 389408 3037616 2102248 183288840    0    0 494496 320832 279481 1332160 39 23 35  3  0  0
30 15 389408 3036404 2102248 183290128    0    0 500288 318704 280161 1320168 39 23 36  3  0  0
43  3 389408 3034056 2102248 183291284    0    0 504944 316296 281544 1320280 39 23 35  2  0  0
40 10 389408 3032256 2102248 183292752    0    0 523024 329468 278996 1310675 39 22 36  3  0  0
 4  0 389408 3032528 2102248 183294036    0    0 499648 318864 280548 1314238 39 23 36  2  0  0
70 10 389408 3031060 2102248 183295332    0    0 512576 320856 281195 1314706 39 23 36  3  0  0
69  6 389408 3029072 2102248 183296596    0    0 496528 312720 278868 1316880 39 23 36  3  0  0
56  9 389408 3026772 2102248 183297880    0    0 489296 319768 282842 1320795 38 23 36  2  0  0
 5  0 389408 3026736 2102248 183299080    0    0 488576 311868 277849 1324650 39 23 36  2  0  0
62  6 389408 3024568 2102248 183300332    0    0 488576 308936 279563 1334209 39 24 35  2  0  0
90  7 389408 3023568 2102248 183301432    0    0 481680 310652 277064 1316581 39 24 36  2  0  0
75  1 389408 3020736 2102248 183302780    0    0 492304 318616 284414 1330254 39 24 35  3  0  0
125  9 389408 3020496 2102248 183304052    0    0 506352 319392 280276 1313093 39 24 35  2  0  0
65 11 389408 3013624 2102248 183305260    0    0 504560 318948 281120 1322227 39 23 35  3  0  0
45 14 389408 3014052 2102248 183306612    0    0 496912 317128 280737 1322646 39 23 35  3  0  0
91  5 389408 3015508 2102248 183307816    0    0 477744 309400 278251 1334482 39 24 35  3  0  0
48 10 389408 3014760 2102252 183309080    0    0 497488 314108 279817 1319560 39 23 35  3  0  0
69  7 389408 3010768 2102252 183310324    0    0 495600 315340 282267 1325747 39 23 35  3  0  0
37  4 389408 3009800 2102252 183311568    0    0 490896 326520 279531 1302525 38 23 36  2  0  0
procs -----------memory---------- ---swap-- -----io---- -system-- -------cpu-------
 r  b   swpd   free   buff  cache   si   so    bi    bo   in   cs us sy id wa st gu
50 15 389408 3009632 2102252 183312816    0    0 499184 310180 280811 1331342 39 24 35  3  0  0
58  2 389408 3008868 2102252 183314068    0    0 488880 322380 280836 1315058 38 23 36  2  0  0
46 12 389408 3005888 2102252 183315280    0    0 507504 312728 284887 1348838 40 23 34  3  0  0
33  2 389408 3003680 2102252 183316572    0    0 491920 324284 285918 1327906 39 23 36  3  0  0
101 13 389408 3001720 2102252 183317796    0    0 483856 311556 281535 1327820 39 23 35  2  0  0
90  3 389408 3000904 2102252 183319016    0    0 486080 304220 281726 1343050 39 24 34  2  0  0
100  2 389408 3000828 2102252 183320276    0    0 483680 316876 279478 1321701 39 23 35  3  0  0
77  5 389408 3000604 2102256 183321540    0    0 512752 317224 282795 1329024 40 23 35  3  0  0
 6  4 389408 3000896 2102256 183322804    0    0 489552 323728 279543 1317665 39 23 35  3  0  0
 0  1 389408 2999648 2102256 183324084    0    0 497808 316996 281133 1314206 38 23 36  3  0  0
33  4 389408 2999380 2102256 183325352    0    0 499424 316516 279065 1315410 39 23 36  3  0  0
44  3 389408 2995524 2102256 183326592    0    0 504160 317488 283205 1316309 38 24 35  3  0  0
92  2 389408 2996088 2102256 183327852    0    0 485616 317960 278704 1316383 39 23 36  2  0  0
18  2 389408 2994580 2102256 183329056    0    0 491776 312252 281872 1323006 39 24 35  2  0  0
39  1 389408 2993836 2102256 183330316    0    0 482896 316404 279270 1325865 39 24 35  2  0  0
 4  1 389408 2991340 2102256 183331548    0    0 493248 308124 285034 1336305 39 24 34  2  0  0
17  9 389408 2991468 2102256 183332792    0    0 496736 314484 279604 1322708 39 23 36  3  0  0
48  8 389408 2991204 2102256 183334048    0    0 484768 316748 281478 1318028 38 23 36  2  0  0
77  3 389408 2990644 2102256 183335320    0    0 503872 311468 283497 1339138 39 24 35  3  0  0
45  6 389408 2986028 2102256 183336556    0    0 501248 315412 286853 1339906 39 24 34  3  0  0
59  2 389408 2985296 2102256 183337840    0    0 495936 327156 283354 1311196 38 23 36  2  0  0
procs -----------memory---------- ---swap-- -----io---- -system-- -------cpu-------
 r  b   swpd   free   buff  cache   si   so    bi    bo   in   cs us sy id wa st gu
65  6 389408 2987140 2102256 183339044    0    0 476560 301080 282051 1353403 39 24 34  2  0  0
48  3 389408 2984260 2102256 183340296    0    0 478160 312440 279481 1325608 39 23 36  2  0  0
23  4 389408 2981724 2102256 183341496    0    0 482800 311972 281045 1332717 39 24 35  2  0  0
67  3 389408 2981528 2102256 183342768    0    0 507088 320900 287165 1329537 39 23 35  3  0  0
37 15 389408 2978688 2102256 183343956    0    0 480816 308228 280542 1337612 39 24 35  2  0  0
105  2 389408 2979428 2102256 183345180    0    0 480432 308972 280713 1339462 39 23 35  2  0  0
90  8 389408 2976608 2102256 183346428    0    0 492448 316172 281608 1329347 38 24 35  2  0  0
 5  2 389408 2976496 2102256 183347696    0    0 498128 322852 288132 1326752 39 23 35  3  0  0
 4  0 389408 2974260 2102256 183348936    0    0 494064 319216 278670 1308460 39 22 36  3  0  0
105 19 389408 2971680 2102256 183350272    0    0 524080 317536 282915 1318594 39 24 34  3  0  0
14  0 389408 2969552 2102256 183351540    0    0 487300 317680 278696 1320554 39 24 35  3  0  0
 2  0 389408 2969096 2102256 183352800    0    0 512288 328068 285262 1315513 39 24 35  3  0  0
64  3 389408 2968592 2102256 183354136    0    0 510000 326204 282545 1321809 39 23 36  3  0  0
43  3 389408 2968160 2102256 183355324    0    0 486384 310728 279976 1332353 39 24 35  2  0  0
 4  0 389408 2968824 2102256 183356588    0    0 481264 310596 280981 1339775 39 23 36  2  0  0
77 16 389408 2967168 2102256 183357792    0    0 471712 306312 276946 1325392 38 24 36  2  0  0
23  0 389408 2966652 2102256 183359040    0    0 502576 313240 285478 1340667 39 24 35  3  0  0
63 17 389408 2966180 2102256 183360308    0    0 499808 325396 278014 1306180 37 23 36  3  0  0
103 24 389408 2964500 2102256 183361540    0    0 493824 313272 278517 1324216 39 24 35  3  0  0
38  8 389408 3206680 2102256 183120316    0    0 474288 308032 277446 1325902 39 24 35  3  0  0
79 12 389408 3206888 2102256 183120820    0    0 492992 309440 284267 1335012 39 23 35  2  0  0
procs -----------memory---------- ---swap-- -----io---- -system-- -------cpu-------
 r  b   swpd   free   buff  cache   si   so    bi    bo   in   cs us sy id wa st gu
 4  0 389408 3206840 2102256 183121984    0    0 476752 309168 280787 1335564 39 24 35  2  0  0
61  0 389408 3163500 2102256 183123168    0    0 505376 302372 269628 1239247 36 22 39  3  0  0
42  1 389408 3164448 2102256 183124388    0    0 479856 323172 281017 1316023 38 24 36  2  0  0
41  6 389408 3162588 2102260 183125656    0    0 516788 316952 286348 1339457 39 23 34  3  0  0
62  9 389408 3159548 2102260 183126872    0    0 487488 320292 279962 1319996 39 23 35  2  0  0
45  4 389408 3161008 2102260 183128060    0    0 500672 317732 281447 1326883 39 23 35  3  0  0
23  1 389408 3160088 2102260 183129320    0    0 498288 310196 279759 1328974 39 24 35  3  0  0
51  5 389408 3161832 2102260 183130512    0    0 489392 311216 287133 1349197 40 23 35  2  0  0
69  3 389408 3157064 2102260 183131752    0    0 496320 322580 279249 1315417 39 24 35  2  0  0
77 12 389408 3156104 2102260 183132916    0    0 478336 307676 286111 1351209 39 24 35  2  0  0
34  4 389408 3211048 2102268 183134176    0    0 498244 319368 280718 1325006 39 23 36  2  0  0
38 16 389408 3211728 2102268 183135372    0    0 498288 315912 281909 1334381 39 23 35  2  0  0
64  2 389408 3209628 2102268 183136604    0    0 505216 319504 282238 1323643 39 24 34  3  0  0
83  2 389408 3212544 2102268 183137760    0    0 480944 312536 279658 1334987 39 24 35  2  0  0
57  1 389408 3214120 2102268 183139040    0    0 511696 324640 280927 1321545 39 23 35  3  0  0
95  9 389408 3212816 2102268 183140248    0    0 490880 316300 285315 1346095 38 25 35  2  0  0
 2  0 389408 3213432 2102268 183141508    0    0 482864 324976 284606 1322414 38 24 36  2  0  0
11  2 389408 3212532 2102268 183142688    0    0 491504 304900 284058 1352907 39 24 35  2  0  0
52  5 389408 3214228 2102268 183143900    0    0 488560 313700 287882 1341399 39 23 35  2  0  0
52  1 389408 3213040 2102268 183145096    0    0 480960 307960 281380 1341772 39 24 34  3  0  0
76 11 389408 3211884 2102272 183146272    0    0 492048 317740 282376 1325157 39 23 35  3  0  0
procs -----------memory---------- ---swap-- -----io---- -system-- -------cpu-------
 r  b   swpd   free   buff  cache   si   so    bi    bo   in   cs us sy id wa st gu
76 11 389408 3210556 2102272 183147492    0    0 483808 311520 281142 1322908 39 24 34  3  0  0
67 10 389408 3209672 2102272 183148700    0    0 496016 313636 287279 1346062 39 24 35  3  0  0
100 16 389408 3210204 2102272 183149932    0    0 498832 318728 282187 1325567 39 24 35  3  0  0
 4  1 389408 3209280 2102272 183151124    0    0 486912 313644 282071 1336629 39 24 35  3  0  0
29  1 389408 3208432 2102276 183152400    0    0 507360 311236 285701 1347825 40 23 34  3  0  0
32  2 389408 3207820 2102276 183153556    0    0 487424 312596 281531 1331781 39 23 35  3  0  0
57  8 389408 3205820 2102276 183154876    0    0 500976 316988 280772 1322371 39 23 36  3  0  0
39  4 389408 3205388 2102276 183156040    0    0 497904 313584 285293 1329771 39 24 35  3  0  0
67  2 389408 3204664 2102276 183157348    0    0 508112 318912 288496 1319902 39 23 35  3  0  0
108 14 389408 3201064 2102276 183158528    0    0 488544 322748 277485 1299661 38 23 36  3  0  0
50  3 389408 3201524 2102276 183159772    0    0 505248 311932 284185 1334810 40 23 34  3  0  0
19  9 389408 3202868 2102276 183161016    0    0 504256 320676 280594 1317198 39 23 35  3  0  0
37  3 389408 3197412 2102276 183162268    0    0 500496 321520 287399 1325951 39 23 35  3  0  0
45 10 389408 3198172 2102276 183163464    0    0 489456 318832 278235 1318100 39 24 35  3  0  0
115 10 389408 3197620 2102276 183164720    0    0 501936 310408 290948 1347321 40 23 34  3  0  0
46  5 389408 3195096 2102276 183165864    0    0 485280 312568 281884 1333494 39 24 35  3  0  0
 8  4 389408 3191236 2102276 183167100    0    0 488560 318408 288390 1342468 39 23 35  3  0  0
 4  3 389408 3189848 2102276 183168352    0    0 494448 315536 279736 1319351 39 24 35  3  0  0
48  8 389408 3188484 2102276 183169524    0    0 498144 313208 281534 1333675 39 23 35  3  0  0
81  6 389408 3188004 2102276 183170812    0    0 505664 319268 282574 1322971 39 23 36  3  0  0
14  5 389408 3186904 2102276 183172028    0    0 494432 317592 282554 1328601 39 23 35  3  0  0
procs -----------memory---------- ---swap-- -----io---- -system-- -------cpu-------
 r  b   swpd   free   buff  cache   si   so    bi    bo   in   cs us sy id wa st gu
49  3 389408 3183772 2102276 183173284    0    0 511216 328108 285667 1322130 39 23 35  3  0  0
98 22 389408 3182444 2102276 183174520    0    0 499952 320552 279369 1320874 39 23 35  3  0  0
21  2 389408 3177672 2102276 183175768    0    0 497744 323668 283034 1316899 38 24 36  3  0  0
35  0 389408 3179752 2102276 183176948    0    0 489904 308116 282491 1340231 39 24 34  3  0  0
72  4 389408 3179380 2102276 183178208    0    0 503472 311648 285811 1343682 39 24 34  3  0  0
73  1 389408 3177868 2102276 183179440    0    0 490416 323228 278529 1307782 38 23 36  3  0  0
47 11 389408 3176580 2102276 183180596    0    0 487824 312444 280655 1320926 39 23 35  3  0  0
60 13 389408 3173756 2102276 183181844    0    0 490944 318620 277049 1311648 39 23 35  3  0  0
31  7 389408 3174308 2102280 183183040    0    0 496688 311516 285008 1343257 39 24 35  3  0  0
 4  2 389408 3175432 2102280 183184264    0    0 489136 318804 281336 1321514 39 23 35  3  0  0
58  8 389408 3174132 2102280 183185452    0    0 492256 304492 279997 1348213 39 24 34  3  0  0
63  2 389408 3174388 2102280 183186692    0    0 502384 317452 283085 1324475 39 23 36  3  0  0
36  2 389408 3170888 2102280 183187908    0    0 488112 305956 280554 1342087 39 23 35  3  0  0
13  0 389408 3169768 2102280 183189140    0    0 497168 323124 282456 1324108 39 23 36  3  0  0
61  0 389408 3169748 2102280 183190332    0    0 493856 305328 283244 1343777 38 24 35  3  0  0
61 12 389408 3164732 2102280 183191540    0    0 494976 310304 285845 1335920 40 23 35  3  0  0
57  2 389408 3164416 2102280 183192780    0    0 483936 318544 280778 1316826 39 24 35  2  0  0
79 11 389408 3167416 2102280 183194008    0    0 494368 307996 281216 1337153 39 24 35  3  0  0
40 27 389408 3167076 2102280 183195224    0    0 493136 321280 278977 1312972 38 23 36  3  0  0
51 13 389408 3167380 2102280 183196492    0    0 508560 316516 284207 1316296 39 23 34  3  0  0
 4  0 389408 3165236 2102280 183197716    0    0 500352 320528 282086 1322916 39 24 34  3  0  0
procs -----------memory---------- ---swap-- -----io---- -system-- -------cpu-------
 r  b   swpd   free   buff  cache   si   so    bi    bo   in   cs us sy id wa st gu
15  0 389408 3159352 2102280 183198904    0    0 486736 314844 281617 1320299 38 23 35  3  0  0
57  5 389408 3152072 2102280 183200096    0    0 483024 311032 278777 1322756 39 23 35  3  0  0
52  0 389408 3148680 2102280 183201304    0    0 489040 300196 285725 1355702 39 24 34  3  0  0
106 13 389408 3149512 2102280 183202508    0    0 483504 321488 278274 1308561 39 23 36  3  0  0
74  3 389408 3148600 2102280 183203704    0    0 490240 304056 280911 1331587 39 23 35  3  0  0
78  5 389408 3148264 2102280 183204888    0    0 474656 314264 279545 1322729 39 23 36  2  0  0
48  9 389408 3146944 2102280 183206040    0    0 482944 304952 281616 1345712 38 24 35  2  0  0
80  6 389408 3146516 2102280 183207296    0    0 500672 317220 281174 1325481 39 23 35  3  0  0
63  7 389408 3145364 2102280 183208476    0    0 481952 312708 284391 1328722 38 23 36  2  0  0
63  4 389408 3142588 2102280 183209688    0    0 489392 311432 279398 1323307 39 23 35  3  0  0
42  4 389408 3144876 2102280 183210912    0    0 482032 306844 283081 1343009 39 24 35  2  0  0
 4  2 389408 3143992 2102280 183212116    0    0 480160 315772 281156 1326652 38 23 36  2  0  0
12  1 389408 3143780 2102280 183213328    0    0 509312 317032 281238 1331374 38 24 35  3  0  0
53  3 389408 3141280 2102280 183214616    0    0 514016 323796 287091 1334603 40 23 34  3  0  0
59  2 389408 3139348 2102280 183215788    0    0 489456 317012 281061 1329263 38 23 36  3  0  0
55  9 389408 3134792 2102280 183217044    0    0 502928 319168 284239 1323311 39 23 35  3  0  0
102  5 389408 3133828 2102280 183218208    0    0 483280 302516 280731 1348824 39 23 35  2  0  0
72 25 389408 3131288 2102280 183219432    0    0 485344 314588 279804 1322884 39 23 36  2  0  0
14  9 389408 3126972 2102280 183220620    0    0 474880 306920 283201 1341686 38 24 36  2  0  0
71  7 389408 3129256 2102280 183221856    0    0 504256 317928 290801 1335802 39 23 36  3  0  0
 3  0 389408 3127668 2102280 183223072    0    0 492784 318928 280080 1324491 39 23 35  3  0  0
procs -----------memory---------- ---swap-- -----io---- -system-- -------cpu-------
 r  b   swpd   free   buff  cache   si   so    bi    bo   in   cs us sy id wa st gu
59 28 389408 3129184 2102280 183224296    0    0 485648 309752 281180 1332924 38 24 35  2  0  0
107 21 389408 3128228 2102280 183225472    0    0 498016 317472 282152 1326702 39 24 35  3  0  0
68  3 389408 3124768 2102280 183226664    0    0 485984 304776 279281 1345228 40 24 34  2  0  0
 5  0 389408 3125152 2102280 183227932    0    0 493984 329984 282507 1308827 39 23 36  2  0  0
108  3 389408 3123552 2102280 183229116    0    0 489200 307600 280873 1336662 39 24 35  2  0  0
49 12 389408 3121844 2102280 183230312    0    0 492064 319376 282034 1328682 39 24 35  3  0  0
49  1 389408 3121156 2102284 183231492    0    0 483920 311856 281060 1326837 39 23 35  3  0  0
45 12 389408 3119644 2102284 183232760    0    0 497536 316544 282700 1320318 39 24 35  3  0  0
67  7 389408 3119520 2102284 183233944    0    0 477776 308160 278532 1336361 39 24 35  2  0  0
 4  1 389408 3116820 2102284 183235132    0    0 481280 305392 284768 1338930 39 24 34  3  0  0
94 14 389408 3116356 2102284 183236324    0    0 489568 314100 280230 1327350 39 23 35  3  0  0
 2  1 389408 3114780 2102284 183237572    0    0 486176 308084 282955 1347337 39 24 35  3  0  0
67 16 389408 3114812 2102284 183238780    0    0 509936 330740 279249 1299450 38 22 36  3  0  0
63  2 389408 3103232 2102284 183240216    0    0 520256 314776 289673 1336983 39 24 34  3  0  0
85  9 389408 3097700 2102284 183241552    0    0 488720 310404 279586 1319409 39 24 35  2  0  0
 7  1 389408 3095232 2102284 183242800    0    0 500768 312972 285012 1332301 39 24 35  3  0  0
70 12 389408 3094288 2102288 183244036    0    0 490096 313796 276099 1309947 39 23 36  3  0  0
54  6 389408 3093112 2102288 183245256    0    0 500064 307940 282329 1337056 39 24 35  3  0  0
 4  0 389408 3090292 2102288 183246504    0    0 498432 325052 279886 1305549 38 23 36  3  0  0
41 10 389408 3088108 2102288 183247696    0    0 490336 307048 288263 1341790 40 24 34  3  0  0
117  6 389408 3087328 2102288 183248952    0    0 494096 323396 276089 1290838 38 23 36  3  0  0
procs -----------memory---------- ---swap-- -----io---- -system-- -------cpu-------
 r  b   swpd   free   buff  cache   si   so    bi    bo   in   cs us sy id wa st gu
 4  0 389408 3086424 2102292 183250116    0    0 482272 303612 285897 1357019 39 24 34  3  0  0
69  6 389408 3085428 2102292 183251432    0    0 498832 323712 278847 1306182 39 23 35  3  0  0
106 18 389408 3083496 2102292 183252704    0    0 493104 306008 280076 1331737 39 23 35  3  0  0
40 26 389408 3080664 2102292 183253984    0    0 490784 316564 278626 1315696 39 23 36  3  0  0
72  3 389408 3079324 2102292 183255252    0    0 491056 306980 281956 1341610 38 24 35  3  0  0
59  8 389408 3075608 2102292 183256512    0    0 509696 322188 284635 1316138 39 23 36  3  0  0
87 23 389408 3074912 2102292 183257744    0    0 491312 310340 280070 1343218 39 24 34  3  0  0
25  3 389408 3074956 2102292 183259004    0    0 494224 313068 278059 1317742 39 23 35  3  0  0
106  5 389408 3070136 2102292 183260232    0    0 508320 313872 284583 1331454 39 23 34  3  0  0
 4  2 389408 3071156 2102292 183261460    0    0 491840 318736 282465 1324409 38 23 35  3  0  0
45  3 389408 3073244 2102300 183262736    0    0 496536 313248 280419 1330689 39 23 35  3  0  0
 4  0 389408 3070732 2102300 183264000    0    0 503248 312328 284909 1342023 39 24 34  3  0  0
41  4 389408 3070000 2102300 183265240    0    0 493600 318868 280411 1331901 39 23 35  3  0  0
 4  0 389408 3067956 2102300 183266548    0    0 496624 321732 286538 1327800 39 24 35  3  0  0
56 18 389408 3067272 2102300 183267804    0    0 498544 317340 279891 1315623 38 23 35  3  0  0
52 11 389408 3067488 2102300 183269072    0    0 511984 314952 280603 1326713 39 23 35  3  0  0
71  8 389408 3065712 2102300 183270320    0    0 491968 313844 281447 1332690 39 23 35  3  0  0
16  3 389408 3065724 2102300 183271592    0    0 509232 326976 279778 1298711 38 23 36  3  0  0
45  7 389408 3064364 2102300 183272812    0    0 492784 317188 280167 1315266 38 23 36  3  0  0
49  4 389408 3059124 2102300 183274140    0    0 504224 323692 282434 1312024 39 23 36  3  0  0
71  1 389408 3057944 2102300 183275424    0    0 510640 321092 279245 1314954 39 24 35  3  0  0
procs -----------memory---------- ---swap-- -----io---- -system-- -------cpu-------
 r  b   swpd   free   buff  cache   si   so    bi    bo   in   cs us sy id wa st gu
 4  0 389408 3059128 2102300 183276708    0    0 492144 317964 284231 1335272 38 24 35  3  0  0
 4  0 389408 3058764 2102300 183277960    0    0 492448 317884 278569 1321435 39 23 35  3  0  0
116  8 389408 3055880 2102300 183279184    0    0 489664 301700 280485 1348306 39 24 34  3  0  0
92  3 389408 3052440 2102300 183280432    0    0 501792 328668 278284 1309372 38 24 35  3  0  0
49  0 389408 3052676 2102300 183281708    0    0 498896 326080 282517 1311061 38 23 36  3  0  0
48  1 389408 3050228 2102300 183283004    0    0 503424 317788 280226 1324750 39 23 35  3  0  0
39  5 389408 3049292 2102300 183284268    0    0 507840 314948 288443 1335128 39 24 34  3  0  0
 3  0 389408 3048592 2102300 183285508    0    0 478592 313968 279366 1319452 39 24 35  2  0  0
52  4 389408 3047888 2102300 183286752    0    0 508192 305640 283388 1336431 40 23 34  3  0  0
92  2 389408 3045700 2102304 183288012    0    0 495312 321404 278833 1312866 39 23 36  3  0  0
 3  0 389408 3043764 2102304 183289268    0    0 512416 321580 285180 1321076 39 23 35  3  0  0
56  3 389408 3042556 2102304 183290572    0    0 487616 319100 277514 1309542 39 23 36  3  0  0
74  6 389408 3039768 2102304 183291796    0    0 490192 301628 282756 1353824 39 24 35  3  0  0
 2  0 389408 3038240 2102304 183293024    0    0 486384 326148 279008 1310674 39 23 36  2  0  0
74  4 389408 3034732 2102304 183294236    0    0 490400 309676 280231 1331609 38 24 35  2  0  0
63  1 389408 3032772 2102304 183295536    0    0 491392 312508 283296 1333835 39 23 35  3  0  0
50  7 389408 3033128 2102304 183296728    0    0 470656 309368 276274 1327561 38 24 35  2  0  0
16  1 389408 3032876 2102304 183297972    0    0 493856 322124 280197 1323484 38 23 36  3  0  0
74  3 389408 3033240 2102304 183299176    0    0 489824 309524 277186 1317892 39 23 36  3  0  0
103  5 389408 3032072 2102308 183300476    0    0 505824 322120 279882 1311120 38 23 36  3  0  0
62 10 389408 3029732 2102308 183301716    0    0 485456 311832 278043 1326557 38 24 36  3  0  0
procs -----------memory---------- ---swap-- -----io---- -system-- -------cpu-------
 r  b   swpd   free   buff  cache   si   so    bi    bo   in   cs us sy id wa st gu
 4  2 389408 3026580 2102308 183302940    0    0 496864 320304 281986 1326111 39 23 35  3  0  0
70 11 389408 3025696 2102308 183304224    0    0 498448 313552 281039 1328594 39 23 34  3  0  0
37  6 389408 3024748 2102308 183305460    0    0 492736 316396 280500 1330474 39 23 35  3  0  0
 4  1 389408 3024316 2102308 183306724    0    0 487840 319816 278119 1331189 39 23 35  3  0  0
12  9 389408 3023252 2102308 183307972    0    0 499680 324236 279006 1312753 39 22 36  3  0  0
38  0 389408 3021232 2102308 183309240    0    0 502960 318828 281044 1339878 39 23 35  3  0  0
81 10 389408 3020064 2102308 183310480    0    0 492880 314772 280798 1335370 39 24 35  2  0  0
83 33 389408 3017908 2102308 183311736    0    0 498608 315028 277636 1328190 39 23 36  3  0  0
57 14 389408 3016768 2102308 183312992    0    0 492656 317716 280892 1322628 39 23 35  3  0  0
49  4 389408 3015644 2102308 183314216    0    0 488016 314356 280795 1325841 38 23 36  2  0  0
110 17 389408 3014968 2102308 183315520    0    0 498256 313340 280151 1324689 39 23 35  3  0  0
15  1 389408 3013556 2102308 183316748    0    0 489280 316636 280702 1338601 39 24 35  3  0  0
63 11 389408 3012328 2102308 183317964    0    0 490768 317696 278670 1325841 38 24 35  3  0  0
 4  0 389408 3012872 2102308 183319256    0    0 488384 318548 282801 1324182 39 24 35  2  0  0
61  2 389408 3008024 2102308 183320432    0    0 484176 313276 281125 1334467 39 24 35  3  0  0
37  0 389408 3007676 2102308 183321704    0    0 509024 318156 289020 1353470 39 24 34  3  0  0
41  2 389408 3006164 2102308 183322952    0    0 482592 312260 281918 1342557 39 24 35  2  0  0
41 12 389408 3006660 2102308 183324180    0    0 502336 319964 287435 1338574 39 24 35  3  0  0
103  5 389408 3005336 2102308 183325456    0    0 497216 321508 282448 1323458 39 24 35  3  0  0
83  3 389408 3003852 2102308 183326760    0    0 502352 324688 283453 1335227 39 24 35  3  0  0
37  7 389408 3002820 2102308 183327948    0    0 486272 316072 278529 1325206 39 24 35  2  0  0
procs -----------memory---------- ---swap-- -----io---- -system-- -------cpu-------
 r  b   swpd   free   buff  cache   si   so    bi    bo   in   cs us sy id wa st gu
 4  0 389408 3002924 2102308 183329236    0    0 499712 321040 289695 1345988 39 23 35  3  0  0
37  0 389408 3002700 2102308 183330512    0    0 497424 314604 281413 1343696 39 24 35  3  0  0
43  2 389408 3000324 2102308 183331748    0    0 489072 310028 289007 1350854 39 24 34  3  0  0
64  8 389408 2999440 2102308 183333024    0    0 497904 326504 281937 1323674 38 23 36  3  0  0
111  7 389408 2997148 2102308 183334244    0    0 489936 320456 280385 1319716 38 24 36  3  0  0
 3  1 389408 2994804 2102308 183335556    0    0 501968 321676 284036 1320925 39 23 35  3  0  0
85  8 389408 2992624 2102308 183336728    0    0 489056 315808 281847 1330556 39 24 35  3  0  0
27  0 389408 2993612 2102316 183338004    0    0 498272 315424 287601 1335366 38 24 35  3  0  0
18  1 389408 2989504 2102316 183339300    0    0 493584 319948 280014 1319826 38 24 35  3  0  0
101 16 389408 2987456 2102316 183340556    0    0 507712 322776 282158 1323123 39 23 35  3  0  0
68 14 389408 2985216 2102316 183341772    0    0 479152 320028 275964 1322654 38 23 36  3  0  0
23  3 389408 2985940 2102316 183343080    0    0 513200 323360 281610 1320733 39 24 35  3  0  0
45  1 389408 2984012 2102316 183344296    0    0 484384 316396 279390 1336592 39 24 35  2  0  0
64 10 389408 2985080 2102316 183345548    0    0 502848 325008 285251 1327700 39 23 35  3  0  0
96  6 389408 2984204 2102316 183346864    0    0 501088 319436 283865 1328465 39 23 35  3  0  0
76  2 389408 2982800 2102316 183348084    0    0 488080 316972 279816 1329357 39 23 35  3  0  0
34  9 389408 2982680 2102316 183349360    0    0 496480 320468 279801 1308936 39 23 35  3  0  0
86  6 389408 2982064 2102316 183350520    0    0 476704 308968 281456 1342154 39 24 34  2  0  0
84 19 389408 2980976 2102316 183351792    0    0 492496 314916 279882 1319199 39 23 35  3  0  0
 5  1 389408 2979016 2102316 183352968    0    0 470448 310664 278634 1334801 39 24 35  3  0  0
70  5 389408 2974500 2102316 183354212    0    0 488656 313932 281044 1334463 38 24 35  3  0  0
procs -----------memory---------- ---swap-- -----io---- -system-- -------cpu-------
 r  b   swpd   free   buff  cache   si   so    bi    bo   in   cs us sy id wa st gu
 4  3 389408 2972056 2102316 183355472    0    0 491536 320072 284853 1325386 39 24 35  3  0  0
50  7 389408 2969028 2102316 183356720    0    0 491184 310628 286453 1341200 39 24 35  3  0  0
 5  4 389408 2968428 2102316 183357960    0    0 483040 316624 279840 1327786 39 24 35  3  0  0
50 14 389408 2965124 2102316 183359224    0    0 501696 322696 281319 1322879 39 23 35  3  0  0
60  4 389408 2967948 2102316 183360420    0    0 480976 305364 280033 1339749 39 24 34  2  0  0
59  5 389408 2964584 2102316 183361652    0    0 496400 313860 281531 1329066 39 23 35  3  0  0
73  1 389408 2962988 2102320 183362888    0    0 482176 311364 279990 1334468 40 23 35  2  0  0
 4  0 389408 3199152 2102320 183121548    0    0 499920 316108 282848 1319128 39 24 35  3  0  0
57  3 389408 3198332 2102320 183122836    0    0 515920 325652 281736 1311968 39 23 35  3  0  0
 7  2 389408 3197944 2102320 183124100    0    0 493472 321640 289232 1336731 39 24 35  3  0  0
114 11 389408 3200172 2102320 183125316    0    0 492576 324216 279368 1308065 39 23 36  3  0  0
 2  1 389408 3199220 2102324 183126468    0    0 481024 305996 282664 1350932 39 24 35  2  0  0
 2  0 389408 3198256 2102324 183127716    0    0 495024 321188 281392 1327016 39 24 35  3  0  0
67  3 389408 3197936 2102324 183128884    0    0 487328 306812 278604 1339775 39 24 34  3  0  0
35  1 389408 3196212 2102324 183130108    0    0 490640 319500 277188 1319491 39 23 36  3  0  0
104 21 389408 3195244 2102324 183131352    0    0 492864 319108 275112 1318723 38 23 36  3  0  0
31  4 389408 3195104 2102324 183132576    0    0 510160 317108 282682 1319622 39 23 35  3  0  0
28  8 389408 3194632 2102324 183133808    0    0 494192 315736 277502 1321323 39 23 35  3  0  0
113  7 389408 3195280 2102324 183135016    0    0 487136 305140 284593 1364658 40 24 34  2  0  0
76 10 389408 3195428 2102324 183136204    0    0 499408 322292 280087 1321103 39 24 35  3  0  0
107 15 389408 3195524 2102324 183137404    0    0 495520 318552 286203 1336661 39 23 35  3  0  0
procs -----------memory---------- ---swap-- -----io---- -system-- -------cpu-------
 r  b   swpd   free   buff  cache   si   so    bi    bo   in   cs us sy id wa st gu
30  1 389408 3192792 2102324 183138636    0    0 483248 312416 279781 1336075 38 24 35  2  0  0
19  0 389408 3192876 2102324 183139860    0    0 500512 315552 279579 1328594 38 23 36  3  0  0
65  0 389408 3194640 2102324 183141076    0    0 482544 319136 276316 1313414 38 23 36  2  0  0
 3  1 389408 3193840 2102324 183142252    0    0 490112 310792 283468 1345054 39 24 35  2  0  0
46  2 389408 3192332 2102324 183143512    0    0 489600 325444 283502 1317747 38 23 36  3  0  0
26  3 389408 3188052 2102324 183144712    0    0 503728 313424 282151 1331238 39 24 35  2  0  0
 8  1 389408 3188200 2102324 183145996    0    0 514912 327556 283818 1326948 40 23 35  3  0  0
74  4 389408 3188040 2102324 183147264    0    0 507952 326844 280625 1312829 38 23 36  2  0  0
97  7 389408 3187640 2102324 183148544    0    0 504208 322432 280991 1321451 39 23 36  3  0  0
57  2 389408 3185768 2102324 183149796    0    0 504016 325652 280071 1321560 39 23 35  3  0  0
78  0 389408 3184580 2102324 183151076    0    0 500608 317740 281286 1331550 39 23 35  3  0  0
 4  0 389408 3184480 2102324 183152332    0    0 506400 329700 282240 1326548 40 23 35  3  0  0
 4  0 389408 3183232 2102324 183153568    0    0 498304 321988 280181 1329885 39 23 35  3  0  0
66 11 389408 3183084 2102324 183154832    0    0 494592 316724 279327 1331796 39 24 35  2  0  0
55  8 389408 3183900 2102324 183156020    0    0 488624 317240 278779 1341867 39 23 35  3  0  0
89  3 389408 3183164 2102324 183157272    0    0 491248 315756 279504 1329796 39 24 35  3  0  0
40 17 389408 3179636 2102332 183158536    0    0 493528 320844 280062 1312343 39 23 36  3  0  0
43 43 389408 3155788 2102332 183159716    0    0 488048 304600 280418 1339400 39 23 36  2  0  0
81 10 389408 3151976 2102332 183161012    0    0 508416 324328 279761 1302271 38 23 36  3  0  0
 4  0 389408 3152024 2102332 183162172    0    0 487440 309372 279562 1338287 39 24 35  2  0  0
38  1 389408 3151560 2102336 183163396    0    0 493520 314724 279844 1321962 39 24 35  3  0  0
procs -----------memory---------- ---swap-- -----io---- -system-- -------cpu-------
 r  b   swpd   free   buff  cache   si   so    bi    bo   in   cs us sy id wa st gu
29 18 389408 3150164 2102336 183164592    0    0 480416 314236 278158 1330444 39 24 35  2  0  0
91 19 389408 3150368 2102336 183165788    0    0 489232 306904 282727 1334554 39 23 35  2  0  0
41  3 389408 3150576 2102336 183167028    0    0 506272 326220 280762 1318507 39 24 35  3  0  0
 5  0 389408 3149756 2102336 183168244    0    0 492016 320740 280939 1331456 39 23 35  2  0  0
39  4 389408 3150716 2102340 183169468    0    0 493104 312908 279637 1332936 39 23 35  3  0  0
46 18 389408 3147188 2102340 183170684    0    0 499200 320464 280625 1328609 39 24 34  3  0  0
 6  1 389408 3147968 2102340 183171896    0    0 496768 316828 281625 1327530 39 24 34  3  0  0
48  2 389408 3147700 2102340 183173112    0    0 493792 316492 282866 1327182 38 24 35  3  0  0
71  2 389408 3152536 2102340 183174344    0    0 485136 319376 280037 1323445 39 24 35  3  0  0
104  1 389408 3151704 2102340 183175568    0    0 509792 315488 283370 1330858 40 23 35  3  0  0
91  0 389408 3151156 2102340 183176788    0    0 487472 323016 281710 1323419 39 23 36  2  0  0
50  5 389408 3146932 2102340 183177968    0    0 479984 316712 280251 1325079 39 24 35  2  0  0
57  5 389408 3146100 2102340 183179148    0    0 491712 307664 284689 1357025 40 24 34  2  0  0
34  5 389408 3145560 2102340 183180372    0    0 496976 318128 278945 1322978 39 24 35  3  0  0
92  8 389408 3143240 2102340 183181624    0    0 498960 314908 280630 1327941 39 23 35  3  0  0
55  1 389408 3143024 2102340 183182820    0    0 486688 313896 280086 1325725 39 24 35  3  0  0
28  4 389408 3140852 2102340 183184036    0    0 490656 318804 282754 1335382 39 23 36  3  0  0
36  4 389408 3139008 2102340 183185244    0    0 497040 312548 283908 1339995 39 23 35  3  0  0
74  6 389408 3137080 2102340 183186472    0    0 498608 319508 288335 1330250 39 24 35  2  0  0
90 17 389408 3137012 2102344 183187656    0    0 489024 314512 284570 1337267 39 23 35  2  0  0
 4  1 389408 3135332 2102344 183188892    0    0 489424 314680 285812 1334549 39 23 35  2  0  0
procs -----------memory---------- ---swap-- -----io---- -system-- -------cpu-------
 r  b   swpd   free   buff  cache   si   so    bi    bo   in   cs us sy id wa st gu
23  1 389408 3133700 2102344 183190092    0    0 491280 316544 277841 1317292 38 23 36  3  0  0
67  6 389408 3133520 2102344 183191352    0    0 501152 324072 280751 1321804 39 24 35  3  0  0
35  1 389408 3133216 2102344 183192576    0    0 483440 319052 275963 1316040 38 23 36  3  0  0
51  5 389408 3131584 2102344 183193800    0    0 507600 320104 282182 1331835 40 23 34  3  0  0
 4  0 389408 3131868 2102344 183195044    0    0 488832 325808 277546 1313181 38 23 36  3  0  0
53  4 389408 3130752 2102344 183196236    0    0 488560 314376 278943 1335678 39 23 35  3  0  0
 5  1 389408 3126448 2102344 183197508    0    0 505280 327268 278173 1320970 38 23 36  3  0  0
71  9 389408 3127420 2102344 183198724    0    0 499536 309456 280030 1341065 39 23 35  3  0  0
 3  0 389408 3124688 2102344 183199936    0    0 497120 319208 281199 1313922 39 23 36  3  0  0
54 17 389408 3124496 2102344 183201204    0    0 495504 320192 278805 1318508 39 23 36  2  0  0
96  6 389408 3124272 2102344 183202396    0    0 496224 310108 283289 1345680 40 24 34  2  0  0
97  6 389408 3120516 2102344 183203608    0    0 494000 322320 276729 1319380 38 24 35  3  0  0
 2  1 389408 3118032 2102344 183204800    0    0 485056 314380 284436 1343486 40 23 35  2  0  0
39 19 389408 3117136 2102344 183206024    0    0 493696 322556 278183 1313941 39 23 36  3  0  0
79 20 389408 3116876 2102344 183207240    0    0 488624 313344 286396 1350670 39 24 35  3  0  0
 5  0 389408 3114460 2102344 183208468    0    0 495840 319224 280411 1321965 39 23 35  3  0  0
71  2 389408 3114052 2102344 183209668    0    0 492976 317112 279579 1327404 39 24 35  3  0  0
 1  0 389408 3111844 2102344 183210928    0    0 504432 324880 278703 1311519 38 24 35  3  0  0
78 16 389408 3113720 2102344 183212104    0    0 496016 315340 280775 1334841 39 23 35  3  0  0
24  0 389408 3108556 2102344 183213364    0    0 493504 322120 279048 1321651 39 23 36  3  0  0
94 15 389408 3106612 2102344 183214552    0    0 492688 319076 278597 1322938 38 24 35  3  0  0
procs -----------memory---------- ---swap-- -----io---- -system-- -------cpu-------
 r  b   swpd   free   buff  cache   si   so    bi    bo   in   cs us sy id wa st gu
32 13 389408 3107716 2102344 183215800    0    0 500672 321048 282511 1322443 39 23 35  2  0  0
86  3 389408 3104488 2102344 183217036    0    0 486208 318396 279975 1325584 38 24 35  3  0  0
96 15 389408 3105764 2102344 183218232    0    0 506496 315536 281771 1329560 39 24 35  3  0  0
 3  0 389408 3103500 2102344 183219464    0    0 476688 315008 277995 1325453 39 24 35  2  0  0
28  6 389408 3104196 2102344 183220628    0    0 494720 315316 282114 1333623 39 23 35  3  0  0
34  5 389408 3103904 2102344 183221844    0    0 489728 314676 278985 1327160 39 23 36  3  0  0
65  8 389408 3103044 2102344 183223036    0    0 487440 318684 280562 1324146 39 24 35  2  0  0
71  2 389408 3102608 2102344 183224232    0    0 482816 312516 276759 1323005 38 23 36  3  0  0
60 20 389408 3099196 2102348 183225456    0    0 498144 320108 280465 1323363 39 23 36  3  0  0
22 17 389408 3074764 2102348 183226628    0    0 487504 306776 284739 1347545 39 24 34  2  0  0
 2  0 389408 3073476 2102348 183227828    0    0 481648 314744 282265 1334606 39 24 35  2  0  0
28  0 389408 3072260 2102348 183229056    0    0 485056 302624 279573 1350941 39 25 34  2  0  0
60  8 389408 3070284 2102348 183230244    0    0 489376 312580 279272 1330009 39 23 35  3  0  0
 4  2 389408 3069388 2102348 183231424    0    0 484336 316504 279531 1317281 38 23 36  2  0  0
41  7 389408 3070436 2102348 183232668    0    0 484368 307284 282218 1337924 38 24 35  2  0  0
18 18 389408 3063592 2102348 183233828    0    0 494416 316644 280692 1326596 39 24 35  2  0  0
54  4 389408 3066612 2102348 183235060    0    0 491024 311612 279127 1329286 40 23 35  2  0  0
60 23 389408 3061956 2102348 183236268    0    0 478400 317400 279142 1330133 38 24 35  2  0  0
37  4 389408 3063452 2102348 183237460    0    0 501152 311268 290078 1344907 39 24 35  3  0  0
52  7 389408 3064156 2102348 183238732    0    0 499712 325536 278961 1312029 38 23 36  3  0  0
96 17 389408 3062488 2102348 183239948    0    0 505696 317372 281467 1329630 39 23 35  3  0  0
procs -----------memory---------- ---swap-- -----io---- -system-- -------cpu-------
 r  b   swpd   free   buff  cache   si   so    bi    bo   in   cs us sy id wa st gu
82  9 389408 3062680 2102348 183241172    0    0 493792 319596 280919 1322881 39 23 35  3  0  0
41  2 389408 3063476 2102348 183242404    0    0 489120 312440 287507 1349501 39 24 35  3  0  0
100  6 389408 3065528 2102348 183243588    0    0 497184 323048 278792 1319001 39 22 36  3  0  0
59  8 389408 3061772 2102348 183244808    0    0 497760 315100 282171 1325918 39 23 36  3  0  0
90  9 389408 3061400 2102348 183246108    0    0 490592 317124 282648 1329738 39 24 35  2  0  0
41  9 389408 3058696 2102348 183247284    0    0 507472 319832 283867 1327515 39 23 35  3  0  0
42  9 389408 3057264 2102348 183248588    0    0 507120 325980 283117 1308984 38 23 36  3  0  0
79  1 389408 3055532 2102348 183249792    0    0 481696 319396 278904 1315598 38 23 36  2  0  0
 3  1 389408 3055900 2102348 183250996    0    0 497200 312920 282449 1333802 39 24 35  3  0  0
47  0 389408 3055192 2102348 183252196    0    0 489040 308608 280958 1334790 39 24 35  3  0  0
48  2 389408 3052064 2102348 183253460    0    0 491632 316208 284470 1335772 39 23 36  3  0  0
57 11 389408 3046984 2102352 183254620    0    0 483472 312260 279283 1335590 39 24 35  3  0  0
61 13 389408 3041700 2102352 183255836    0    0 504352 315812 291227 1349606 39 24 34  3  0  0
68 11 389408 3042592 2102352 183257096    0    0 487616 319804 279984 1313984 38 23 36  2  0  0
34 14 389408 3041548 2102352 183258292    0    0 506640 311552 283164 1339923 39 24 34  3  0  0
88 11 389408 3041456 2102352 183259556    0    0 489168 317688 279860 1333896 39 23 36  2  0  0
94  7 389408 3038040 2102352 183260756    0    0 487456 311512 281242 1341184 39 24 35  2  0  0
 4  0 389408 3037248 2102352 183261956    0    0 493184 319672 280238 1321785 38 24 35  2  0  0
114 11 389408 3036352 2102352 183263144    0    0 489488 316224 281632 1334718 39 24 35  2  0  0
78 15 389408 3034740 2102352 183264392    0    0 500432 313800 286744 1348874 39 24 34  2  0  0
89  4 389408 3031008 2102352 183265604    0    0 484032 311764 278860 1327810 39 23 36  2  0  0
procs -----------memory---------- ---swap-- -----io---- -system-- -------cpu-------
 r  b   swpd   free   buff  cache   si   so    bi    bo   in   cs us sy id wa st gu
53  6 389408 3028864 2102352 183266920    0    0 497456 318296 285012 1328055 39 23 35  2  0  0
53  7 389408 3022304 2102352 183268252    0    0 483104 311104 278196 1335897 39 24 35  2  0  0
97  5 389408 3018028 2102352 183269516    0    0 500752 317744 283601 1332189 39 23 35  2  0  0
26  4 389408 3019852 2102352 183270748    0    0 486832 314788 279344 1334261 38 24 35  3  0  0
 4  0 389408 3018832 2102352 183271956    0    0 491232 320588 281481 1322778 39 23 35  2  0  0
 4  0 389408 3020116 2102356 183273148    0    0 482896 316248 280597 1330246 39 23 36  2  0  0
46 10 389408 3017264 2102356 183274412    0    0 504880 317856 286718 1327994 39 23 35  3  0  0
51  4 389408 3013064 2102356 183275640    0    0 489344 312260 282309 1340029 40 23 35  2  0  0
46  9 389408 3011884 2102356 183276844    0    0 491440 320344 283623 1330528 38 23 36  3  0  0
 6  1 389408 3009512 2102356 183278164    0    0 488576 318480 279422 1318872 38 24 35  3  0  0
82  5 389408 3008364 2102356 183279448    0    0 500192 311480 283300 1338081 40 24 34  2  0  0
73  4 389408 3003592 2102356 183280668    0    0 487696 316180 278674 1326122 38 24 36  2  0  0
53  1 389408 3001448 2102356 183281904    0    0 482336 309268 282169 1338399 38 24 35  2  0  0
119  9 389408 3000276 2102356 183283172    0    0 489568 318720 279202 1320642 38 23 36  3  0  0
58  2 389408 2997960 2102356 183284392    0    0 496912 326852 289937 1340601 39 23 35  3  0  0
88 21 389408 2998172 2102356 183285616    0    0 477840 323320 278191 1306835 38 23 36  2  0  0
 4  0 389408 2998900 2102356 183286800    0    0 485952 299308 283646 1354662 39 25 34  2  0  0
72 17 389408 2998708 2102356 183288064    0    0 490560 326044 278743 1293063 38 23 36  3  0  0
63  2 389408 2998904 2102356 183289260    0    0 483504 303192 281418 1339982 39 23 35  2  0  0
33  5 389408 2998208 2102356 183290556    0    0 502064 320384 279687 1312658 38 23 36  3  0  0
 5  0 389408 2999428 2102356 183291800    0    0 487392 312820 284012 1329513 38 24 35  3  0  0
procs -----------memory---------- ---swap-- -----io---- -system-- -------cpu-------
 r  b   swpd   free   buff  cache   si   so    bi    bo   in   cs us sy id wa st gu
49  3 389408 2998980 2102356 183293072    0    0 493744 309772 285277 1337742 39 24 35  2  0  0
65  8 389408 2996536 2102356 183294292    0    0 488544 310236 281340 1338084 39 24 35  3  0  0
91  9 389408 2993088 2102360 183295492    0    0 495764 313908 287927 1347613 39 23 35  3  0  0
49  0 389408 2993780 2102360 183296796    0    0 498704 320800 281418 1321257 39 23 36  3  0  0
82  7 389408 2993384 2102360 183298008    0    0 485312 307392 279181 1338204 39 24 35  3  0  0
 4  1 389408 2991024 2102360 183299248    0    0 494400 309792 281359 1340828 39 23 35  2  0  0
71  7 389408 2987024 2102360 183300504    0    0 492592 313620 281868 1331587 39 23 35  2  0  0
43  1 389408 2988464 2102360 183301720    0    0 479504 312008 281464 1342153 39 24 35  2  0  0
 2  0 389408 2986732 2102360 183302976    0    0 480832 313684 283960 1329718 39 24 35  2  0  0
20 10 389408 2985772 2102360 183304180    0    0 493616 317300 286068 1341952 39 23 36  2  0  0
43  4 389408 2986992 2102360 183305436    0    0 480880 313436 279318 1324523 39 23 36  2  0  0
50  5 389408 2986952 2102360 183306648    0    0 498656 314208 280512 1335223 39 24 35  3  0  0
70  5 389408 2983664 2102360 183307976    0    0 505200 321560 280927 1321742 38 23 36  3  0  0
82  3 389408 2982668 2102360 183309184    0    0 476528 313064 282912 1327622 38 24 35  2  0  0
35 10 389408 2979524 2102360 183310420    0    0 500032 322016 282529 1315288 38 24 35  3  0  0
57  2 389408 2978104 2102360 183311664    0    0 489184 306860 279897 1336450 38 24 35  3  0  0
31  5 389408 2976220 2102360 183312908    0    0 489648 319608 282881 1319584 38 24 35  2  0  0
57 11 389408 2977048 2102360 183314184    0    0 496656 314064 280873 1328967 39 24 35  3  0  0
35  4 389408 2975928 2102360 183315424    0    0 492224 322004 280834 1312525 39 23 36  2  0  0
42  8 389408 2975984 2102360 183316700    0    0 487904 316904 279631 1323255 38 24 35  3  0  0
48  5 389408 2975556 2102360 183317936    0    0 498448 307708 285337 1339207 39 24 35  2  0  0
procs -----------memory---------- ---swap-- -----io---- -system-- -------cpu-------
 r  b   swpd   free   buff  cache   si   so    bi    bo   in   cs us sy id wa st gu
95  7 389408 2972036 2102360 183319140    0    0 462432 309372 279071 1328765 39 25 34  2  0  0
35  3 389408 2971304 2102360 183320324    0    0 497952 305240 291864 1359496 40 24 34  2  0  0
54  3 389408 2972416 2102360 183321600    0    0 469312 319372 276128 1304209 38 23 37  2  0  0
75  6 389408 2970328 2102360 183322768    0    0 486256 302268 279329 1340473 39 24 35  2  0  0
76  6 389408 2968220 2102360 183324028    0    0 502112 310152 283381 1342695 39 24 34  3  0  0
84  4 389408 2967972 2102360 183325264    0    0 489024 314372 282686 1329674 39 23 36  2  0  0
56  3 389408 2966036 2102360 183326528    0    0 496048 317148 284386 1332102 38 23 36  3  0  0
91  4 389408 2966408 2102360 183327748    0    0 492880 314636 281065 1337448 38 24 35  3  0  0
91 19 389408 2964664 2102364 183329020    0    0 498368 317456 279766 1315684 39 23 36  3  0  0
44 10 389408 3205676 2102360 183088352    0    0 490416 321228 279480 1323442 38 24 35  3  0  0
 2  4 389408 3207872 2102360 183088752    0    0 508160 323844 281001 1327082 39 23 35  3  0  0
63 10 389408 3205772 2102360 183089960    0    0 484352 314828 279710 1331142 39 23 36  2  0  0
35  1 389408 3204336 2102360 183091200    0    0 503200 317904 291764 1346524 39 23 35  2  0  0
49  2 389408 3203452 2102360 183092400    0    0 483968 319500 278595 1318953 38 23 36  3  0  0
85  2 389408 3202240 2102360 183093584    0    0 487472 302084 280229 1339293 39 25 35  2  0  0
98 11 389408 3202968 2102360 183094796    0    0 490320 319284 278740 1312873 38 23 37  2  0  0
45  2 389408 3202548 2102360 183095992    0    0 492496 318212 279741 1320440 38 24 36  3  0  0
11  1 389408 3201996 2102360 183097220    0    0 497056 317392 283991 1334566 39 23 35  3  0  0
40  4 389408 3197924 2102360 183098396    0    0 475024 311092 278273 1320568 38 24 36  2  0  0
68  5 389408 3196504 2102360 183099624    0    0 492464 320544 284849 1323096 38 24 36  2  0  0
44 16 389408 3196868 2102360 183100832    0    0 488752 309264 281113 1337093 39 23 35  2  0  0
procs -----------memory---------- ---swap-- -----io---- -system-- -------cpu-------
 r  b   swpd   free   buff  cache   si   so    bi    bo   in   cs us sy id wa st gu
105  6 389408 3195528 2102360 183101996    0    0 478112 307596 282489 1340158 39 24 35  2  0  0
45  2 389408 3196268 2102360 183103240    0    0 493504 315984 280387 1319384 39 23 35  2  0  0
95 10 389408 3191016 2102360 183104416    0    0 488384 313424 281709 1334897 38 24 35  2  0  0
42  9 389408 3189980 2102360 183105656    0    0 485200 311036 279696 1332537 39 24 35  2  0  0
11  0 389408 3189492 2102360 183106816    0    0 473888 314048 278466 1331652 39 23 36  2  0  0
36  1 389408 3188484 2102360 183108060    0    0 484208 312456 283491 1331798 39 24 35  2  0  0
47 14 389408 3187760 2102360 183109220    0    0 504736 320512 282468 1337569 39 24 34  3  0  0
70  3 389408 3185480 2102364 183110456    0    0 496544 317824 281544 1326829 39 23 35  3  0  0
69  6 389408 3185964 2102364 183111692    0    0 484672 313240 279035 1327663 38 23 36  2  0  0
 7  2 389408 3183272 2102364 183112896    0    0 507952 312972 281571 1328442 39 23 35  3  0  0
 4  3 389408 3184296 2102364 183114168    0    0 504880 310248 282511 1339598 39 24 34  3  0  0
30  2 389408 3183584 2102364 183115356    0    0 492640 323120 277649 1313033 39 23 36  3  0  0
32 13 389408 3182048 2102364 183116568    0    0 485920 319208 278970 1325061 39 23 36  3  0  0
80  4 389408 3182016 2102364 183117812    0    0 504480 315828 282192 1329209 39 24 35  3  0  0
51  4 389408 3180092 2102364 183119012    0    0 485184 312880 278962 1316812 38 24 35  2  0  0
 4  0 389408 3178568 2102364 183120224    0    0 489216 317124 280909 1319018 38 24 36  2  0  0
30  1 389408 3177408 2102364 183121452    0    0 501744 314368 282030 1325112 39 23 35  3  0  0
18 26 389408 3176376 2102368 183122708    0    0 492384 318604 281484 1314363 39 23 36  3  0  0
107 16 389408 3175416 2102368 183123860    0    0 471216 313908 278244 1317043 38 23 36  2  0  0
 5  0 389408 3174120 2102368 183125064    0    0 480400 310812 284971 1346021 39 23 35  2  0  0
86  5 389408 3174008 2102368 183126236    0    0 497840 313016 280855 1334263 39 24 35  2  0  0
procs -----------memory---------- ---swap-- -----io---- -system-- -------cpu-------
 r  b   swpd   free   buff  cache   si   so    bi    bo   in   cs us sy id wa st gu
 3  0 389408 3175104 2102368 183127484    0    0 493808 312944 285749 1333722 39 23 35  2  0  0
36  8 389408 3173092 2102372 183128716    0    0 493888 315756 281659 1323568 39 23 35  2  0  0
93 18 389408 3171136 2102372 183129948    0    0 491872 314420 288760 1342465 39 24 35  2  0  0
59  2 389408 3169508 2102372 183131120    0    0 498896 316304 280484 1332695 39 24 35  3  0  0
89  8 389408 3165588 2102372 183132360    0    0 486432 315800 280436 1334845 39 23 35  2  0  0
 4  0 389408 3167716 2102372 183133588    0    0 508992 323700 280558 1310011 39 23 35  3  0  0
42  1 389408 3166072 2102372 183134820    0    0 492704 318948 280619 1326186 39 23 36  3  0  0
 4  0 389408 3162156 2102372 183136048    0    0 485712 313064 283186 1336264 39 23 35  2  0  0
84  5 389408 3162484 2102372 183137200    0    0 489392 311004 280899 1334933 38 24 35  2  0  0
55  2 389408 3161304 2102372 183138432    0    0 496304 312184 282124 1328526 39 23 35  2  0  0
 2  1 389408 3160552 2102372 183139636    0    0 492624 320904 281120 1320336 39 24 35  3  0  0
58  4 389408 3160220 2102372 183140888    0    0 495232 315096 284080 1331060 39 23 36  2  0  0
92  4 389408 3160232 2102372 183142044    0    0 478560 310308 280004 1327259 38 24 35  2  0  0
22  5 389408 3158112 2102372 183143264    0    0 496944 309456 282304 1336667 39 23 35  2  0  0
24  1 389408 3156380 2102372 183144468    0    0 479536 317224 280106 1328385 38 24 35  2  0  0
29  9 389408 3153844 2102372 183145688    0    0 503008 319844 281945 1330709 38 23 36  3  0  0
19  7 389408 3154208 2102372 183146880    0    0 487552 315624 278898 1327439 39 24 35  2  0  0
 5  0 389408 3152100 2102372 183148116    0    0 490976 311664 287349 1345677 39 24 34  3  0  0
73 10 389408 3150920 2102372 183149332    0    0 480928 309780 279272 1320836 39 23 36  2  0  0
50  2 389408 3147476 2102372 183150504    0    0 486576 313548 286123 1339400 39 23 35  2  0  0
30  5 389408 3143936 2102372 183151724    0    0 495536 321528 279855 1311524 39 23 36  2  0  0
procs -----------memory---------- ---swap-- -----io---- -system-- -------cpu-------
 r  b   swpd   free   buff  cache   si   so    bi    bo   in   cs us sy id wa st gu
40  3 389408 3146928 2102376 183152928    0    0 493408 305036 280374 1341392 39 24 34  2  0  0
67  0 389408 3145892 2102376 183154132    0    0 491264 317592 280541 1323802 39 24 35  2  0  0
33 11 389408 3143864 2102376 183155372    0    0 490688 311352 283236 1335563 39 24 35  2  0  0
68  1 389408 3142676 2102376 183156588    0    0 483808 317108 280049 1318835 39 23 36  2  0  0
65  2 389408 3138916 2102376 183157780    0    0 490240 321680 286870 1322302 38 23 36  2  0  0
74  4 389408 3137580 2102380 183159000    0    0 486960 311136 280175 1334510 38 24 35  2  0  0
39 11 389408 3135160 2102380 183160228    0    0 486144 310252 289755 1347592 39 24 35  2  0  0
67 26 389408 3133492 2102380 183161440    0    0 498880 316868 281201 1326438 39 24 35  2  0  0
47  8 389408 3130964 2102380 183162612    0    0 496272 317132 286475 1337126 39 23 35  3  0  0
94  5 389408 3129996 2102380 183163828    0    0 479456 310784 279961 1339031 39 23 35  2  0  0
41  4 389408 3128440 2102380 183165052    0    0 477472 312716 282205 1329409 39 24 35  2  0  0
79  4 389408 3130932 2102380 183166252    0    0 503504 316880 289891 1339666 40 23 35  2  0  0
21  0 389408 3130152 2102380 183167412    0    0 458128 307176 279786 1326524 38 24 35  2  0  0
72 13 389408 3129032 2102380 183168596    0    0 482448 308392 284304 1352029 39 24 34  2  0  0
102  7 389408 3129496 2102380 183169764    0    0 487408 303376 280019 1338209 39 24 35  2  0  0
 6  8 389408 3126508 2102380 183170960    0    0 472304 320616 280241 1321870 38 24 36  2  0  0
117  8 389408 3127800 2102380 183172156    0    0 498272 321512 279599 1321923 38 24 35  3  0  0
25 10 389408 3126180 2102380 183173368    0    0 496544 310284 280886 1336072 39 24 35  3  0  0
 6  0 389408 3124700 2102380 183174640    0    0 499232 326464 277612 1305861 38 23 36  3  0  0
21 23 389408 3121436 2102380 183175820    0    0 490224 304936 280103 1331142 39 23 35  2  0  0
 4  0 389408 3116284 2102380 183177060    0    0 491952 319504 277963 1326454 39 23 36  3  0  0
procs -----------memory---------- ---swap-- -----io---- -system-- -------cpu-------
 r  b   swpd   free   buff  cache   si   so    bi    bo   in   cs us sy id wa st gu
20  4 389408 3112596 2102380 183178236    0    0 505168 306576 287096 1344985 40 24 34  3  0  0
41  7 389408 3111752 2102380 183179508    0    0 495936 316724 284639 1329514 39 23 36  2  0  0
54  5 389408 3108684 2102380 183180712    0    0 484672 307180 283589 1341333 38 24 35  2  0  0
104  7 389408 3108668 2102380 183181928    0    0 477232 310556 287481 1338172 38 24 36  2  0  0
23 19 389408 3107776 2102380 183183148    0    0 483600 314292 278414 1326053 39 23 36  2  0  0
26 20 389408 3107932 2102380 183184336    0    0 496016 316632 284696 1337758 39 23 36  2  0  0
34 10 389408 3106836 2102380 183185568    0    0 487920 319424 278156 1322999 38 23 36  2  0  0
67 10 389408 3065344 2102380 183186760    0    0 498672 314560 274983 1260117 37 22 39  3  0  0
25 11 389408 3064544 2102380 183187948    0    0 490560 314172 273964 1307220 38 23 36  2  0  0
107  9 389408 3061312 2102380 183189160    0    0 484576 318500 277012 1313451 37 24 37  2  0  0
57  7 389408 3060056 2102380 183190356    0    0 499888 321864 288717 1336865 39 23 36  3  0  0
22 10 389408 3061576 2102380 183191580    0    0 470528 305768 278499 1335542 39 24 35  2  0  0
74 13 389408 3062504 2102380 183192684    0    0 482000 287156 281848 1343048 39 24 34  2  0  0
74  5 389408 3062416 2102380 183193956    0    0 495104 335424 283044 1325938 39 24 35  2  0  0
15 27 389408 3061024 2102380 183195156    0    0 508736 309164 281374 1329937 39 23 35  3  0  0
59  4 389408 3060552 2102380 183196408    0    0 484400 316332 280069 1325105 38 24 36  2  0  0
19 20 389408 3060644 2102380 183197648    0    0 497056 325764 282602 1330079 39 24 35  2  0  0
92 14 389408 3117584 2102384 183198884    0    0 502080 308780 281940 1323063 39 23 35  2  0  0
107 12 389408 3116232 2102384 183200096    0    0 491344 316316 279260 1316069 38 24 36  2  0  0
50  1 389408 3117264 2102388 183201316    0    0 505152 320260 280149 1311733 39 23 36  3  0  0
65  6 389408 3118300 2102388 183202596    0    0 487008 327472 280845 1325345 39 23 36  2  0  0
procs -----------memory---------- ---swap-- -----io---- -system-- -------cpu-------
 r  b   swpd   free   buff  cache   si   so    bi    bo   in   cs us sy id wa st gu
54  8 389408 3118884 2102388 183203780    0    0 514368 307020 281920 1310347 39 23 36  3  0  0
48 25 389408 3117096 2102388 183205064    0    0 499248 333220 279633 1313268 39 23 36  3  0  0
47  3 389408 3117684 2102388 183206320    0    0 510608 319528 282798 1314646 39 23 35  3  0  0
