procs -----------memory---------- ---swap-- -----io---- -system-- -------cpu-------
 r  b   swpd   free   buff  cache   si   so    bi    bo   in   cs us sy id wa st gu
 4  0 389408 15172220 2088872 160906800    2    7 16215 22040 12014    3  2  0 97  0  0  0
 3  1 389408 15144280 2088872 160906864    0    0 113264 365612 110203 114025  3  1 94  2  0  0
 3  1 389408 15141312 2088872 160907720    0    0 138560 89736 98447 107254  3  1 95  2  0  0
 2  2 389408 15140272 2088872 160908664    0    0 139072 116908 100042 110009  3  1 95  2  0  0
 2  2 389408 15139468 2088872 160909344    0    0 141200 102904 99085 109952  3  1 95  2  0  0
 3  1 389408 15138016 2088872 160910128    0    0 138208 100296 98971 108540  3  1 95  2  0  0
 2  2 389408 15138792 2088872 160910948    0    0 142080 105940 99357 110324  3  1 95  2  0  0
 5  0 389408 15142452 2088872 160911636    0    0 140896 99488 98998 110294  3  1 95  2  0  0
 4  1 389408 15140816 2088872 160912444    0    0 141840 108224 99457 110071  3  1 95  2  0  0
 5  0 389408 15136844 2088872 160913184    0    0 140992 104808 99393 109596  3  1 95  2  0  0
 3  1 389408 15133496 2088872 160913864    0    0 140880 96248 98928 109758  3  1 95  2  0  0
 2  2 389408 15138952 2088872 160914564    0    0 140432 110220 99447 109654  3  1 95  2  0  0
 2  2 389408 15136464 2088872 160915448    0    0 141216 104060 99232 110090  3  1 95  2  0  0
 2  2 389408 15136724 2088872 160916036    0    0 141648 104216 99339 110226  3  1 95  2  0  0
 4  0 389408 15135660 2088872 160916828    0    0 140544 106928 99165 109716  3  1 95  2  0  0
 0  4 389408 15136488 2088872 160917532    0    0 140000 102872 98952 108060  3  1 95  2  0  0
 3  1 389408 15135520 2088872 160918252    0    0 142160 103596 98964 108448  3  1 95  2  0  0
 6  2 389408 15134364 2088876 160919092    0    0 139344 105636 98793 108058  3  1 95  2  0  0
 9  0 389408 15136948 2088876 160919716    0    0 137568 104516 98584 107599  3  1 95  2  0  0
 5  2 389408 15137696 2088876 160920424    0    0 131376 105540 98527 105226  3  1 95  2  0  0
 2  4 389408 15136132 2088876 160921136    0    0 135744 102928 98483 105812  3  1 95  2  0  0
procs -----------memory---------- ---swap-- -----io---- -system-- -------cpu-------
 r  b   swpd   free   buff  cache   si   so    bi    bo   in   cs us sy id wa st gu
 6  2 389408 15134364 2088876 160921712    0    0 137024 108080 99110 107955  3  1 95  2  0  0
 7  2 389408 15133648 2088880 160922428    0    0 138112 101808 98826 106633  3  1 95  2  0  0
 7  1 389408 15129544 2088880 160923300    0    0 138208 107148 98931 107395  3  1 95  2  0  0
 5  3 389408 15127008 2088880 160924092    0    0 138736 108344 99085 108682  3  1 95  2  0  0
21  1 389408 15123104 2088880 160924748    0    0 139712 105148 99252 107794  3  1 95  2  0  0
 7  1 389408 15119712 2088880 160925480    0    0 137056 108756 99431 108107  3  1 95  2  0  0
 5  3 389408 15119656 2088884 160926040    0    0 139200 106636 99319 107978  3  1 95  2  0  0
 7  1 389408 15115836 2088884 160926684    0    0 139392 107228 99083 108554  3  1 95  2  0  0
 7  2 389408 15114120 2088884 160927516    0    0 138352 103676 99281 107137  3  1 95  2  0  0
18  1 389408 15111128 2088884 160928328    0    0 137456 106524 98886 107082  3  1 95  2  0  0
15  2 389408 15109112 2088884 160928888    0    0 136896 109148 99086 106712  3  1 95  2  0  0
 7  1 389408 15108480 2088884 160929772    0    0 139200 108016 99451 108187  3  1 95  2  0  0
 5  2 389408 15107944 2088884 160930584    0    0 138800 105804 99266 108926  3  1 95  2  0  0
 6  3 389408 15107096 2088884 160931284    0    0 140000 113072 99526 108177  3  1 95  2  0  0
 4  4 389408 15111000 2088884 160932052    0    0 138752 108780 99276 108206  3  1 95  2  0  0
 3  4 389408 15107300 2088884 160932600    0    0 139856 108052 99371 109136  3  1 95  2  0  0
 4  3 389408 15110704 2088884 160933428    0    0 137088 111440 99538 108469  3  1 95  2  0  0
 6  2 389408 15111712 2088888 160934044    0    0 139936 99560 98704 108829  3  1 95  2  0  0
 8  0 389408 15107440 2088888 160934920    0    0 138112 119436 99667 110052  3  1 95  2  0  0
 6  1 389408 15109740 2088888 160935768    0    0 138560 109984 99314 109249  3  1 95  2  0  0
 6  2 389408 15106084 2088888 160936156    0    0 139840 118544 99790 110282  3  1 95  2  0  0
procs -----------memory---------- ---swap-- -----io---- -system-- -------cpu-------
 r  b   swpd   free   buff  cache   si   so    bi    bo   in   cs us sy id wa st gu
 6  1 389408 15105268 2088888 160937292    0    0 139632 120680 99751 110859  3  1 95  2  0  0
 6  1 389408 15106520 2088888 160937832    0    0 137360 116884 99776 108826  3  1 95  2  0  0
 6  1 389408 15110364 2088888 160938352    0    0 135168 120096 99243 107687  3  1 95  2  0  0
 5  2 389408 15108668 2088888 160939332    0    0 135952 117320 99359 107077  3  1 95  2  0  0
 5  3 389408 15105660 2088888 160939972    0    0 135264 118124 99427 107055  3  1 95  2  0  0
 6  2 389408 15105344 2088888 160940784    0    0 139152 113696 99786 109753  3  1 95  2  0  0
 4  3 389408 15102704 2088888 160941376    0    0 135840 124552 99640 109515  3  1 95  2  0  0
25  1 389408 15100728 2088888 160942072    0    0 138928 105852 99236 109630  3  1 95  2  0  0
 8  3 389408 15103896 2088888 160942848    0    0 140144 119848 99857 111627  3  1 95  2  0  0
 7  1 389408 15101756 2088888 160943724    0    0 138896 124712 99955 111512  3  1 95  2  0  0
 7  2 389408 15102956 2088888 160944412    0    0 137328 102760 99044 108133  3  1 95  2  0  0
 6  2 389408 15103912 2088888 160945264    0    0 138368 116768 99938 110576  3  1 95  2  0  0
 7  1 389408 15102968 2088888 160945912    0    0 138960 123160 100171 110629  3  1 95  2  0  0
 8  1 389408 15096600 2088888 160946760    0    0 140432 116116 99724 111806  3  1 95  2  0  0
 7  2 389408 15096272 2088892 160947384    0    0 138304 119556 99760 110307  3  1 95  2  0  0
 4  4 389408 15096464 2088892 160948064    0    0 139616 115040 99910 110936  3  1 95  2  0  0
19  2 389408 15099352 2088892 160948724    0    0 137280 124368 99796 110258  3  1 95  2  0  0
 4  3 389408 15095168 2088892 160949456    0    0 138304 116224 99287 109951  3  1 95  2  0  0
 1  5 389408 15099020 2088892 160950048    0    0 135712 116896 99469 109312  3  1 95  2  0  0
 3  3 389408 15097460 2088892 160950912    0    0 137680 114800 99437 106850  3  1 95  2  0  0
 3  4 389408 15097352 2088892 160951572    0    0 135264 117544 99571 105348  3  1 95  2  0  0
procs -----------memory---------- ---swap-- -----io---- -system-- -------cpu-------
 r  b   swpd   free   buff  cache   si   so    bi    bo   in   cs us sy id wa st gu
 2  4 389408 15098132 2088892 160952424    0    0 138176 112064 99222 109326  3  1 95  2  0  0
 8  1 389408 15096804 2088892 160953112    0    0 137408 112040 99272 107365  3  1 95  2  0  0
 5  3 389408 15097200 2088892 160953992    0    0 135536 119568 99815 108347  3  1 95  2  0  0
 6  1 389408 15098056 2088892 160954656    0    0 137136 121788 100010 109391  3  1 95  2  0  0
 2  5 389408 15094072 2088892 160955332    0    0 136544 119772 99867 108030  3  1 95  2  0  0
 5  3 389408 15094068 2088892 160956228    0    0 138976 114888 99473 110313  3  1 95  2  0  0
 3  3 389408 15093752 2088892 160956968    0    0 136848 121200 99774 109577  3  1 95  2  0  0
 7  1 389408 15094372 2088892 160957572    0    0 137296 120436 99835 109558  3  1 95  2  0  0
 4  2 389408 15097172 2088892 160958356    0    0 138992 116284 99432 108848  3  1 95  2  0  0
 3  3 389408 15096156 2088892 160959072    0    0 137424 121032 99906 109442  3  1 95  2  0  0
 7  0 389408 15092968 2088892 160959992    0    0 139840 116708 99673 110063  3  1 95  2  0  0
 3  3 389408 15091168 2088892 160960628    0    0 139376 122220 100073 110031  3  1 95  2  0  0
 8  1 389408 15088412 2088892 160961108    0    0 136016 111520 98889 108353  3  1 95  2  0  0
 3  4 389408 15089556 2088892 160962192    0    0 139152 124480 100074 109881  3  1 95  2  0  0
 6  2 389408 15090176 2088892 160962456    0    0 136912 120444 99908 107767  3  1 95  2  0  0
 3  4 389408 15088948 2088892 160963348    0    0 138592 107672 98981 109368  3  1 95  2  0  0
 6  2 389408 15089356 2088892 160964336    0    0 139328 122880 99937 109076  3  1 95  2  0  0
 7  1 389408 15085268 2088892 160965128    0    0 140256 119780 99980 110422  3  1 94  2  0  0
 5  3 389408 15056320 2088892 160965684    0    0 139376 118844 99984 109437  3  1 95  2  0  0
20  0 389408 15055020 2088892 160966408    0    0 137856 126088 100214 109645  3  1 95  2  0  0
 7  1 389408 15052344 2088892 160966864    0    0 136624 118580 99607 108365  3  1 95  2  0  0
procs -----------memory---------- ---swap-- -----io---- -system-- -------cpu-------
 r  b   swpd   free   buff  cache   si   so    bi    bo   in   cs us sy id wa st gu
 8  0 389408 15051716 2088892 160967760    0    0 135680 113456 99435 108045  3  1 95  2  0  0
23  1 389408 15053068 2088892 160968476    0    0 138368 116568 99715 108292  3  1 95  2  0  0
 2  4 389408 15051316 2088892 160969212    0    0 139056 118888 99817 109130  3  1 95  2  0  0
 6  2 389408 15049252 2088892 160970112    0    0 139552 116504 99668 110450  3  1 95  2  0  0
19  2 389408 15049244 2088892 160970548    0    0 136960 123800 99915 108858  3  1 95  2  0  0
 4  3 389408 15049864 2088892 160971476    0    0 139648 124004 100081 109539  3  1 95  2  0  0
 4  3 389408 15049332 2088892 160972152    0    0 140944 113652 99600 110125  3  1 95  2  0  0
 4  1 389408 15048276 2088892 160972708    0    0 138640 127884 100298 110350  3  1 95  2  0  0
 4  2 389408 15049904 2088892 160973744    0    0 138096 113924 99648 108688  3  1 95  2  0  0
18  2 389408 15049552 2088892 160974284    0    0 139936 119984 99981 110101  3  1 95  2  0  0
 4  2 389408 15049504 2088892 160975124    0    0 139840 130392 100319 111282  3  1 95  2  0  0
12  1 389408 15052968 2088892 160975912    0    0 139872 116996 99532 109806  3  1 95  2  0  0
 5  3 389408 15053116 2088892 160976580    0    0 139600 111024 99289 110236  3  1 95  2  0  0
 2  3 389408 15056084 2088892 160977232    0    0 139776 127260 100444 111126  3  1 95  2  0  0
 4  5 389408 15053376 2088892 160978156    0    0 139600 115996 99677 111009  3  1 95  2  0  0
 1  6 389408 15055396 2088892 160978776    0    0 138400 121204 100011 110341  3  1 95  2  0  0
 2  5 389408 15053968 2088892 160979628    0    0 138384 115680 99308 108587  3  1 95  2  0  0
 5  2 389408 15049780 2088896 160980184    0    0 137520 119952 99711 109830  3  1 95  2  0  0
 6  1 389408 15052268 2088896 160980968    0    0 136304 118736 99653 108859  3  1 94  2  0  0
 3  1 389408 15049288 2088896 160981796    0    0 136912 124876 100134 108513  3  1 94  2  0  0
 5  3 389408 15043168 2088896 160982236    0    0 136656 113312 99183 109120  3  1 95  2  0  0
procs -----------memory---------- ---swap-- -----io---- -system-- -------cpu-------
 r  b   swpd   free   buff  cache   si   so    bi    bo   in   cs us sy id wa st gu
 4  1 389408 15045832 2088896 160983044    0    0 138224 124684 100325 110046  3  1 94  2  0  0
 1  3 389408 15044748 2088896 160983984    0    0 139472 120560 99755 111049  3  1 95  2  0  0
 2  2 389408 15046076 2088896 160984496    0    0 140080 121656 99968 111507  3  1 95  2  0  0
 3  1 389408 15043756 2088896 160985340    0    0 139312 123772 100076 110775  3  1 95  2  0  0
 6  0 389408 15041236 2088896 160986108    0    0 140944 123548 100333 110437  3  1 95  2  0  0
 4  0 389408 15041248 2088896 160986816    0    0 139216 121380 99851 108980  3  1 95  2  0  0
 4  0 389408 15045592 2088896 160987536    0    0 138656 122136 100098 110107  3  1 95  2  0  0
 2  2 389408 15047312 2088896 160988148    0    0 140160 120024 99781 109298  3  1 95  2  0  0
 3  1 389408 15041912 2088896 160989016    0    0 141680 119888 100033 111218  3  1 95  2  0  0
 1  3 389408 15039924 2088896 160989760    0    0 139584 120880 100051 110436  3  1 95  2  0  0
 3  1 389408 15036908 2088896 160990512    0    0 137632 122824 100138 109307  3  1 95  2  0  0
 4  2 389408 15036148 2088896 160991276    0    0 138768 123224 100104 110364  3  1 95  2  0  0
 5  2 389408 15034676 2088896 160992012    0    0 139392 121244 100308 109328  3  1 95  2  0  0
 1  4 389408 15032984 2088896 160992528    0    0 137056 124148 100154 109654  3  1 95  2  0  0
 1  3 389408 15029128 2088896 160993440    0    0 139040 121192 99806 110533  3  1 95  2  0  0
 4  0 389408 15028832 2088896 160994240    0    0 140048 120124 100279 109868  3  1 95  2  0  0
 3  1 389408 15028632 2088896 160994868    0    0 140224 125620 100351 111278  3  1 95  2  0  0
 4  1 389408 15031272 2088896 160995656    0    0 139648 123640 100008 109924  3  1 95  2  0  0
 3  2 389408 15028500 2088896 160996076    0    0 139568 121160 99907 108426  3  1 95  2  0  0
 1  3 389408 15029672 2088896 160997020    0    0 138896 124760 100142 109536  3  1 95  2  0  0
 2  2 389408 15030684 2088896 160997864    0    0 138992 122900 100214 109067  3  1 95  2  0  0
procs -----------memory---------- ---swap-- -----io---- -system-- -------cpu-------
 r  b   swpd   free   buff  cache   si   so    bi    bo   in   cs us sy id wa st gu
 3  1 389408 15028504 2088896 160998408    0    0 138912 123860 100110 109332  3  1 95  2  0  0
 3  1 389408 15027924 2088896 160999096    0    0 139072 124056 99914 108831  3  1 95  2  0  0
 5  2 389408 15024944 2088896 161000060    0    0 138240 121400 99747 108555  3  1 95  2  0  0
 4  1 389408 15022588 2088896 161000748    0    0 140320 121872 100267 110344  3  1 95  2  0  0
 2  3 389408 15019572 2088896 161001532    0    0 138816 125288 100051 109347  3  1 95  2  0  0
 4  1 389408 15013912 2088896 161002376    0    0 136944 120568 99741 107650  3  1 95  2  0  0
 5  0 389408 15017736 2088896 161003008    0    0 137248 123972 100029 107562  3  1 95  2  0  0
 3  1 389408 15018872 2088896 161003640    0    0 136080 122008 99695 108044  3  1 95  2  0  0
 3  1 389408 15018576 2088896 161004300    0    0 137456 122728 99871 109519  3  1 95  2  0  0
 1  3 389408 15016764 2088896 161005272    0    0 137456 120288 99672 106902  3  1 95  2  0  0
 2  2 389408 15015488 2088904 161006088    0    0 138384 123728 99849 109209  3  1 95  2  0  0
 2  2 389408 15015788 2088904 161006600    0    0 137296 121156 99743 109152  3  1 95  2  0  0
 4  0 389408 15013032 2088904 161007304    0    0 136480 121460 99691 107967  3  1 95  2  0  0
 5  0 389408 15012576 2088904 161008256    0    0 137792 118984 99580 109417  3  1 95  2  0  0
 1  3 389408 15009612 2088904 161008912    0    0 135488 119908 99722 109590  3  1 95  2  0  0
 5  0 389408 15008560 2088904 161009716    0    0 137840 120808 99505 109007  3  1 95  2  0  0
 1  3 389408 15007068 2088904 161010292    0    0 138496 120208 99844 109413  3  1 95  2  0  0
 4  0 389408 15004032 2088904 161010868    0    0 137968 120768 99657 109930  3  1 95  2  0  0
 5  0 389408 15006056 2088904 161011944    0    0 139984 121164 99775 110201  3  1 95  2  0  0
 3  2 389408 15007004 2088904 161012232    0    0 137328 120908 99477 109428  3  1 95  2  0  0
 2  2 389408 15010824 2088904 161013228    0    0 138752 120916 100137 109394  3  1 95  2  0  0
procs -----------memory---------- ---swap-- -----io---- -system-- -------cpu-------
 r  b   swpd   free   buff  cache   si   so    bi    bo   in   cs us sy id wa st gu
 3  2 389408 15008140 2088904 161014048    0    0 138464 119100 99851 109555  3  1 95  2  0  0
 3  2 389408 15008976 2088904 161014740    0    0 138720 116876 99945 108945  3  1 95  2  0  0
 4  0 389408 15008128 2088904 161015600    0    0 138992 117756 99673 109498  3  1 95  2  0  0
 4  1 389408 15007768 2088904 161016324    0    0 138240 116336 99952 109419  3  1 95  2  0  0
 2  2 389408 15002752 2088904 161016916    0    0 135840 120000 99772 109465  3  1 95  2  0  0
 2  2 389408 15000532 2088904 161017772    0    0 137840 119852 99855 107969  3  1 95  2  0  0
 5  1 389408 14999120 2088904 161018408    0    0 138848 121200 100140 108981  3  1 95  2  0  0
 4  0 389408 14994512 2088904 161019188    0    0 139264 120236 100075 110238  3  1 95  2  0  0
 3  1 389408 14991208 2088904 161019968    0    0 136032 118744 99275 108339  3  1 95  2  0  0
 1  3 389408 14989168 2088904 161020648    0    0 135808 120952 99766 107762  3  1 95  2  0  0
 3  1 389408 14989104 2088904 161021232    0    0 138128 121636 99920 111180  3  1 95  2  0  0
 3  1 389408 14988884 2088904 161022128    0    0 138672 121604 100311 109164  3  1 95  2  0  0
 4  1 389408 14987012 2088904 161022792    0    0 138272 123208 99906 110168  3  1 95  2  0  0
 4  1 389408 14983876 2088904 161023576    0    0 136400 120496 99847 108281  3  1 95  2  0  0
 3  1 389408 14980916 2088904 161024276    0    0 138896 123540 100126 111223  3  1 95  2  0  0
 2  2 389408 14982856 2088904 161024860    0    0 138976 123644 100145 110454  3  1 95  2  0  0
 2  2 389408 14982840 2088904 161025776    0    0 138496 121500 99597 109241  3  1 95  2  0  0
 2  2 389408 14979992 2088904 161026480    0    0 137904 121832 99972 109182  3  1 95  2  0  0
 2  2 389408 14977232 2088904 161027072    0    0 136432 123216 99986 109823  3  1 95  2  0  0
 4  0 389408 14979048 2088904 161027912    0    0 139248 121420 99994 110635  3  1 95  2  0  0
 2  2 389408 14976576 2088908 161028672    0    0 140896 124776 100258 110906  3  1 95  2  0  0
procs -----------memory---------- ---swap-- -----io---- -system-- -------cpu-------
 r  b   swpd   free   buff  cache   si   so    bi    bo   in   cs us sy id wa st gu
 2  1 389408 14976844 2088908 161029408    0    0 137712 122448 99812 110543  3  1 95  2  0  0
 1  3 389408 14983896 2088908 161030128    0    0 139600 122288 100239 110016  3  1 95  2  0  0
 4  1 389408 14982536 2088908 161030844    0    0 138832 121912 100102 109813  3  1 95  2  0  0
 3  2 389408 14981400 2088908 161031568    0    0 138992 123508 99975 110323  3  1 95  2  0  0
 3  2 389408 14984704 2088908 161032384    0    0 138160 122868 100006 109968  3  1 95  2  0  0
 4  1 389408 14982804 2088908 161033036    0    0 138992 124320 100127 110270  3  1 95  2  0  0
 3  2 389408 14979804 2088908 161033812    0    0 140160 122408 100019 110333  3  1 95  2  0  0
 1  4 389408 14976124 2088908 161034512    0    0 136992 124040 99752 108724  3  1 95  2  0  0
 5  1 389408 14972080 2088908 161035172    0    0 136000 122612 99504 107278  3  1 95  2  0  0
 4  1 389408 14972880 2088908 161036040    0    0 135488 123336 99989 107666  3  1 95  2  0  0
 3  2 389408 14974812 2088908 161036624    0    0 140208 123576 99949 109845  3  1 94  2  0  0
 4  1 389408 14977640 2088908 161037408    0    0 140880 124068 100022 110749  3  1 95  2  0  0
 4  1 389408 14974948 2088908 161038188    0    0 137984 122968 99826 109088  3  1 95  2  0  0
 4  1 389408 14977716 2088908 161038836    0    0 135296 121484 99547 107312  3  1 95  2  0  0
 5  0 389408 14978792 2088908 161039588    0    0 135952 121556 99322 108480  3  1 95  2  0  0
 5  0 389408 14976364 2088908 161040332    0    0 133456 121132 99154 105703  3  1 95  2  0  0
 2  1 389408 14972496 2088908 161041044    0    0 134368 123156 99333 108142  3  1 95  2  0  0
 3  1 389408 14972092 2088908 161041788    0    0 136528 120204 99727 108882  3  1 95  2  0  0
 5  0 389408 14969840 2088908 161042400    0    0 136352 121440 99394 107723  3  1 95  2  0  0
 4  1 389408 14975244 2088908 161042924    0    0 134752 117172 99389 106624  3  1 95  2  0  0
 2  3 389408 14972720 2088908 161043940    0    0 138448 122588 99874 108820  3  1 95  2  0  0
procs -----------memory---------- ---swap-- -----io---- -system-- -------cpu-------
 r  b   swpd   free   buff  cache   si   so    bi    bo   in   cs us sy id wa st gu
 2  2 389408 14969712 2088908 161044660    0    0 140160 123920 100255 109913  3  1 95  2  0  0
 3  1 389408 14967248 2088908 161045304    0    0 139904 122524 99692 111243  3  1 95  2  0  0
 3  1 389408 14962984 2088908 161046152    0    0 137744 121544 99934 109129  3  1 95  2  0  0
 6  1 389408 14960100 2088908 161046668    0    0 137360 121628 99741 109013  3  1 95  2  0  0
 6  2 389408 14959568 2088908 161047624    0    0 139344 121272 100069 110350  3  1 95  2  0  0
 4  1 389408 14956696 2088908 161048216    0    0 137280 121548 99538 109308  3  1 95  2  0  0
 1  3 389408 14955856 2088908 161049072    0    0 138112 119648 99928 108619  3  1 95  2  0  0
 1  3 389408 14960712 2088908 161049808    0    0 137616 121564 99584 110107  3  1 95  2  0  0
 3  1 389408 14966144 2088912 161050376    0    0 138016 120156 99972 108558  3  1 95  2  0  0
 3  1 389408 14962240 2088916 161051256    0    0 138576 121924 99667 110190  3  1 95  2  0  0
 3  1 389408 14959600 2088916 161052016    0    0 140560 122180 99934 111027  3  1 95  2  0  0
 5  0 389408 14958720 2088916 161052592    0    0 137856 122176 99952 110112  3  1 94  2  0  0
 3  1 389408 14957724 2088916 161053320    0    0 137072 119964 99805 108560  3  1 95  2  0  0
 7  1 389408 14953092 2088920 161054248    0    0 137824 123540 99864 110663  3  1 95  2  0  0
 4  2 389408 14957484 2088920 161054952    0    0 139472 122880 100020 110063  3  1 95  2  0  0
 4  1 389408 14954244 2088920 161055716    0    0 138464 122224 99823 110062  3  1 95  2  0  0
 4  1 389408 14952988 2088920 161056276    0    0 138512 120568 99978 109012  3  1 95  2  0  0
 3  1 389408 14955312 2088920 161057008    0    0 137936 120060 99641 107726  3  1 95  2  0  0
 3  0 389408 14955016 2088924 161057876    0    0 139200 120028 99951 109939  3  1 95  2  0  0
 1  3 389408 14953952 2088924 161058456    0    0 139568 123016 99963 112380  3  1 95  2  0  0
 2  2 389408 14956440 2088924 161059348    0    0 139472 119416 99632 109373  3  1 95  2  0  0
procs -----------memory---------- ---swap-- -----io---- -system-- -------cpu-------
 r  b   swpd   free   buff  cache   si   so    bi    bo   in   cs us sy id wa st gu
 3  1 389408 14957128 2088924 161060076    0    0 137424 118808 99735 109498  3  1 95  2  0  0
 3  1 389408 14955528 2088924 161060640    0    0 139344 120632 99812 109266  3  1 95  2  0  0
 4  2 389408 14955872 2088924 161061532    0    0 137792 120384 99904 108560  3  1 95  2  0  0
 7  1 389408 14955540 2088924 161062280    0    0 138688 119816 99763 108814  3  1 95  2  0  0
 2  2 389408 14958000 2088924 161062836    0    0 137696 119920 99755 108339  3  1 95  2  0  0
 1  3 389408 14953124 2088924 161063720    0    0 139152 121500 99947 110785  3  1 95  2  0  0
 1  3 389408 14954800 2088924 161064172    0    0 139376 120296 99730 110113  3  1 95  2  0  0
 3  1 389408 14954304 2088928 161065176    0    0 140160 120336 99995 109591  3  1 95  2  0  0
 3  1 389408 14953888 2088928 161065796    0    0 140752 119296 99947 110449  3  1 95  2  0  0
 4  0 389408 14947260 2088928 161066556    0    0 140368 119804 99981 110994  3  1 95  2  0  0
 2  2 389408 14942032 2088928 161067380    0    0 139456 120472 99690 111667  3  1 95  2  0  0
 2  2 389408 14939908 2088928 161068128    0    0 139872 118496 99866 109557  3  1 95  2  0  0
 3  1 389408 14940340 2088932 161068888    0    0 139040 122336 100165 110224  3  1 95  2  0  0
 2  2 389408 14942768 2088932 161069612    0    0 137904 122484 99761 109790  3  1 95  2  0  0
 6  0 389408 14939780 2088932 161070352    0    0 138112 121964 99833 109755  3  1 95  2  0  0
 1  3 389408 14942528 2088932 161071012    0    0 138272 120104 99857 108708  3  1 95  2  0  0
 3  1 389408 14942120 2088932 161071800    0    0 138272 121156 100032 109797  3  1 95  2  0  0
 3  1 389408 14940528 2088932 161072548    0    0 138176 121624 99488 110649  3  1 95  2  0  0
 1  3 389408 14942424 2088932 161073288    0    0 138912 120036 99674 108870  3  1 95  2  0  0
 2  2 389408 14940100 2088932 161074004    0    0 137616 118764 99691 108591  3  1 95  2  0  0
 6  0 389408 14942432 2088932 161074732    0    0 136816 119308 99498 108584  3  1 95  2  0  0
procs -----------memory---------- ---swap-- -----io---- -system-- -------cpu-------
 r  b   swpd   free   buff  cache   si   so    bi    bo   in   cs us sy id wa st gu
 3  1 389408 14942692 2088932 161075484    0    0 137872 122016 99608 108227  3  1 95  2  0  0
 1  3 389408 14937608 2088940 161076176    0    0 137376 119728 99407 109627  3  1 95  2  0  0
 1  3 389408 14936652 2088940 161076880    0    0 137552 121464 99783 108054  3  1 95  2  0  0
 3  1 389408 14934360 2088944 161077628    0    0 137888 123808 99818 108502  3  1 95  2  0  0
 5  0 389408 14933384 2088944 161078144    0    0 137024 124052 99725 110184  3  1 95  2  0  0
 5  0 389408 14933928 2088944 161079104    0    0 137632 121356 99711 109127  3  1 95  2  0  0
 2  2 389408 14931020 2088944 161079828    0    0 138192 123572 99874 109271  3  1 95  2  0  0
 3  1 389408 14931904 2088944 161080552    0    0 139552 122988 100166 109919  3  1 95  2  0  0
 5  0 389408 14934344 2088944 161081300    0    0 138160 122176 99707 110572  3  1 95  2  0  0
 1  3 389408 14934036 2088944 161082052    0    0 135440 118872 99493 107051  3  1 95  2  0  0
 2  2 389408 14931060 2088944 161082740    0    0 138144 120320 99911 110103  3  1 95  2  0  0
 4  0 389408 14932508 2088944 161083468    0    0 137024 121556 99439 109227  3  1 95  2  0  0
 3  1 389408 14928576 2088944 161084204    0    0 137472 120116 99643 109762  3  1 95  2  0  0
 2  2 389408 14938020 2088944 161084928    0    0 137376 120428 99749 107581  3  1 95  2  0  0
 1  3 389408 14935948 2088944 161085632    0    0 137632 121272 99766 108007  3  1 95  2  0  0
 3  1 389408 14932200 2088944 161086348    0    0 137152 120856 99679 108648  3  1 95  2  0  0
 3  2 389408 14930872 2088944 161087100    0    0 137760 119904 99824 108919  3  1 95  2  0  0
 3  2 389408 14930636 2088944 161087848    0    0 138080 120144 99801 108728  3  1 95  2  0  0
 2  2 389408 14926580 2088944 161088552    0    0 136128 120224 99580 108361  3  1 95  2  0  0
 4  1 389408 14932460 2088944 161089268    0    0 138560 119552 99478 110697  3  1 95  2  0  0
 3  2 389408 14929512 2088944 161090028    0    0 135152 118420 99496 108391  3  1 95  2  0  0
procs -----------memory---------- ---swap-- -----io---- -system-- -------cpu-------
 r  b   swpd   free   buff  cache   si   so    bi    bo   in   cs us sy id wa st gu
 4  0 389408 14930232 2088944 161090736    0    0 136880 120520 99781 110592  3  1 95  2  0  0
 2  2 389408 14923184 2088944 161091456    0    0 137360 120616 99575 109961  3  1 95  2  0  0
 2  2 389408 14932484 2088944 161092228    0    0 137152 120568 99831 110064  3  1 95  2  0  0
 4  0 389408 14927720 2088944 161092928    0    0 138656 121112 99922 109944  3  1 95  2  0  0
 3  2 389408 14924960 2088944 161093616    0    0 138848 120620 99802 108960  3  1 95  2  0  0
 3  1 389408 14921592 2088944 161094332    0    0 137136 121904 99728 106971  3  1 95  2  0  0
 1  3 389408 14922892 2088944 161095112    0    0 136128 121972 99720 107672  3  1 95  2  0  0
 3  1 389408 14925304 2088944 161095840    0    0 136272 123472 99674 109997  3  1 95  2  0  0
 1  3 389408 14921540 2088944 161096548    0    0 137792 122924 99789 110104  3  1 95  2  0  0
 5  0 389408 14923424 2088944 161097272    0    0 137680 123060 99998 108793  3  1 95  2  0  0
 4  1 389408 14921608 2088944 161098016    0    0 138128 123500 99684 109465  3  1 95  2  0  0
 2  3 389408 14921216 2088944 161098768    0    0 139440 123812 99917 108183  3  1 95  2  0  0
 3  1 389408 14919208 2088944 161099460    0    0 135808 123144 99810 107000  3  1 95  2  0  0
 4  1 389408 14914500 2088948 161100160    0    0 138240 122824 99817 109218  3  1 95  2  0  0
 3  1 389408 14912632 2088948 161100932    0    0 136352 121916 99957 108274  3  1 94  2  0  0
 2  2 389408 14909024 2088948 161101620    0    0 136880 122112 99841 109256  3  1 95  2  0  0
 1  3 389408 14906220 2088948 161102368    0    0 137728 122276 99702 109837  3  1 95  2  0  0
 2  2 389408 14914480 2088948 161103132    0    0 139360 122580 100049 110869  3  1 95  2  0  0
 3  1 389408 14912984 2088948 161103856    0    0 139104 122904 100091 110437  3  1 95  2  0  0
 2  2 389408 14913528 2088948 161104596    0    0 138448 123332 100183 109801  3  1 95  2  0  0
 2  2 389408 14917124 2088948 161105332    0    0 141296 125048 100069 111214  3  1 95  2  0  0
procs -----------memory---------- ---swap-- -----io---- -system-- -------cpu-------
 r  b   swpd   free   buff  cache   si   so    bi    bo   in   cs us sy id wa st gu
 3  1 389408 14915928 2088948 161106080    0    0 139152 125696 100445 109809  3  1 95  2  0  0
 2  2 389408 14912704 2088948 161106800    0    0 139360 124152 99897 111257  3  1 95  2  0  0
 1  3 389408 14915472 2088948 161107504    0    0 138304 125720 100097 109595  3  1 95  2  0  0
 3  1 389408 14911552 2088948 161108268    0    0 139056 122660 99768 111351  3  1 95  2  0  0
 1  2 389408 14912096 2088948 161108988    0    0 138176 122744 100285 110262  3  1 95  2  0  0
 2  2 389408 14909412 2088948 161109764    0    0 136688 121652 99768 108345  3  1 95  2  0  0
 4  0 389408 14903540 2088948 161110472    0    0 139632 123124 100088 112032  3  1 95  2  0  0
 3  1 389408 14900292 2088948 161111196    0    0 138944 122308 100069 109626  3  1 95  2  0  0
 2  2 389408 14901428 2088948 161111908    0    0 141520 121372 100286 109929  3  1 95  2  0  0
 2  2 389408 14897972 2088952 161112680    0    0 140128 121848 100001 111631  3  1 95  2  0  0
 4  1 389408 14896640 2088952 161113412    0    0 139424 121424 100331 111007  3  1 95  2  0  0
 4  0 389408 14895508 2088952 161114168    0    0 139840 122376 99998 111076  3  1 95  2  0  0
 4  1 389408 14896200 2088952 161114904    0    0 139456 121228 100010 110507  3  1 95  2  0  0
 2  2 389408 14898384 2088952 161115652    0    0 138352 123544 100021 110169  3  1 95  2  0  0
 2  2 389408 14895772 2088952 161116420    0    0 139456 123236 100079 110947  3  1 95  2  0  0
 3  1 389408 14894992 2088952 161117160    0    0 138720 123272 100131 109018  3  1 95  2  0  0
 5  2 389408 14889796 2088952 161117884    0    0 138944 121064 100374 108385  3  1 95  2  0  0
 5  3 389408 14890028 2088952 161118600    0    0 138480 122260 100211 109591  3  1 95  2  0  0
 1  3 389408 14893232 2088952 161119352    0    0 139072 122128 100045 110270  3  1 95  2  0  0
 4  0 389408 14894032 2088960 161120048    0    0 138432 122316 99698 109219  3  1 95  2  0  0
 4  1 389408 14889492 2088960 161120792    0    0 136544 122996 100179 108887  3  1 95  2  0  0
procs -----------memory---------- ---swap-- -----io---- -system-- -------cpu-------
 r  b   swpd   free   buff  cache   si   so    bi    bo   in   cs us sy id wa st gu
 2  3 389408 14892088 2088960 161121520    0    0 138560 121752 100076 109452  3  1 95  2  0  0
 4  1 389408 14889528 2088960 161122256    0    0 138752 123320 99920 111973  3  1 94  2  0  0
 2  2 389408 14884340 2088960 161123012    0    0 137120 120492 99635 109447  3  1 95  2  0  0
 3  1 389408 14886480 2088964 161123708    0    0 135664 121300 99865 109889  3  1 95  2  0  0
 1  3 389408 14887780 2088964 161124464    0    0 139504 120320 99905 111467  3  1 95  2  0  0
 2  2 389408 14883992 2088964 161125212    0    0 137600 122356 99811 110073  3  1 95  2  0  0
 2  2 389408 14881908 2088964 161125932    0    0 137024 121468 99813 109412  3  1 95  2  0  0
 5  1 389408 14883460 2088964 161126648    0    0 136208 121152 99738 110861  3  1 95  2  0  0
 3  1 389408 14882980 2088964 161127400    0    0 136992 121052 99912 109657  3  1 95  2  0  0
 4  0 389408 14878856 2088964 161128148    0    0 138544 120624 99770 109023  3  1 95  2  0  0
 3  1 389408 14880304 2088964 161128892    0    0 139104 122556 100042 110641  3  1 94  2  0  0
 3  1 389408 14880320 2088964 161129640    0    0 138576 121052 100114 108660  3  1 95  2  0  0
 3  1 389408 14877580 2088964 161130312    0    0 136256 119824 99596 109701  3  1 95  2  0  0
 1  3 389408 14874128 2088968 161131060    0    0 139104 125048 100046 108559  3  1 95  2  0  0
 3  1 389408 14871656 2088968 161131784    0    0 138496 121696 100184 109081  3  1 95  2  0  0
 3  2 389408 14868476 2088968 161132520    0    0 135264 122160 99699 107730  3  1 95  2  0  0
 0  4 389408 14873476 2088968 161133232    0    0 135632 118880 99589 106896  3  1 95  2  0  0
 1  3 389408 14870504 2088968 161133940    0    0 136256 119856 99450 107584  3  1 95  2  0  0
 4  0 389408 14868592 2088968 161134660    0    0 139648 122516 100082 108959  3  1 95  2  0  0
 3  1 389408 14864636 2088968 161135376    0    0 140192 120612 100046 109936  3  1 95  2  0  0
 3  1 389408 14862092 2088968 161136112    0    0 138832 118260 99936 108749  3  1 95  2  0  0
procs -----------memory---------- ---swap-- -----io---- -system-- -------cpu-------
 r  b   swpd   free   buff  cache   si   so    bi    bo   in   cs us sy id wa st gu
 3  1 389408 14858776 2088968 161136876    0    0 140288 119820 99702 109914  3  1 95  2  0  0
 3  1 389408 14868844 2088968 161137580    0    0 137504 121696 99851 108770  3  1 95  2  0  0
 2  2 389408 14865932 2088972 161138312    0    0 138752 122052 99838 110136  3  1 95  2  0  0
 4  1 389408 14864668 2088972 161139036    0    0 136144 120204 99443 109419  3  1 95  2  0  0
 5  0 389408 14867892 2088972 161139736    0    0 136192 118400 99395 109310  3  1 95  2  0  0
 3  1 389408 14863968 2088972 161140500    0    0 137472 122476 99894 109065  3  1 94  2  0  0
 3  1 389408 14868184 2088972 161141204    0    0 138544 123116 100453 108875  3  1 94  2  0  0
 2  2 389408 14864644 2088972 161141932    0    0 137504 122788 99910 109718  3  1 94  2  0  0
 0  4 389408 14863160 2088972 161142700    0    0 137248 122640 99967 109059  3  1 95  2  0  0
 4  0 389408 14862528 2088972 161143396    0    0 137136 122824 100111 109621  3  1 95  2  0  0
 3  1 389408 14863220 2088972 161144128    0    0 136944 123644 100104 107013  3  1 95  2  0  0
 1  3 389408 14858208 2088972 161144872    0    0 137072 121764 100061 108433  3  1 95  2  0  0
 3  1 389408 14858488 2088972 161145616    0    0 140064 122092 100114 111386  3  1 95  2  0  0
 4  1 389408 14858388 2088972 161146312    0    0 137312 122672 100159 107877  3  1 95  2  0  0
 3  1 389408 14856616 2088972 161147056    0    0 135328 121848 99724 108537  3  1 95  2  0  0
 2  2 389408 14854008 2088972 161147764    0    0 135840 121556 99823 107451  3  1 95  2  0  0
 1  3 389408 14856544 2088972 161148488    0    0 138176 123624 99806 109664  3  1 95  2  0  0
 2  3 389408 14854048 2088972 161149224    0    0 137856 122132 99933 109961  3  1 95  2  0  0
 3  2 389408 14850876 2088972 161149944    0    0 135168 123412 99797 108959  3  1 95  2  0  0
 4  1 389408 14853048 2088972 161150680    0    0 134272 122440 99543 107376  3  1 95  2  0  0
 2  2 389408 14852600 2088972 161151368    0    0 135440 123472 99767 107810  3  1 95  2  0  0
procs -----------memory---------- ---swap-- -----io---- -system-- -------cpu-------
 r  b   swpd   free   buff  cache   si   so    bi    bo   in   cs us sy id wa st gu
 3  2 389408 14849964 2088972 161152092    0    0 135408 124068 100018 108315  3  1 95  2  0  0
 4  2 389408 14851532 2088972 161152824    0    0 135584 124576 99914 108536  3  1 95  2  0  0
 3  1 389408 14851816 2088972 161153556    0    0 135728 123168 99728 107223  3  1 95  2  0  0
 5  0 389408 14849852 2088972 161154280    0    0 134128 121596 99509 106295  3  1 95  2  0  0
 3  2 389408 14852904 2088972 161155004    0    0 138128 121980 99835 108538  3  1 95  2  0  0
 4  0 389408 14851872 2088972 161155752    0    0 139392 122880 100078 109409  3  1 95  2  0  0
 1  3 389408 14848468 2088972 161156480    0    0 136080 121328 99621 108536  3  1 94  2  0  0
 4  2 389408 14848016 2088972 161157180    0    0 136800 123332 99711 109293  3  1 95  2  0  0
 3  2 389408 14846472 2088972 161157920    0    0 136400 125580 99759 108257  3  1 95  2  0  0
 1  3 389408 14846420 2088972 161158616    0    0 137680 123676 99884 108375  3  1 95  2  0  0
 3  1 389408 14843320 2088972 161159360    0    0 136624 123168 99620 107813  3  1 94  2  0  0
 3  1 389408 14840724 2088972 161160064    0    0 135760 121892 99647 108208  3  1 95  2  0  0
 4  0 389408 14838444 2088972 161160764    0    0 134256 123688 99329 108721  3  1 94  2  0  0
 3  1 389408 14838184 2088972 161161472    0    0 136880 123316 99823 108259  3  1 95  2  0  0
 3  1 389408 14838236 2088972 161162240    0    0 136736 125168 99758 106772  3  1 95  2  0  0
 4  1 389408 14838024 2088972 161162952    0    0 137152 123628 99943 107832  3  1 95  2  0  0
 4  0 389408 14834936 2088972 161163688    0    0 137392 124328 100208 109567  3  1 95  2  0  0
 3  2 389408 14835620 2088972 161164408    0    0 137664 124584 100292 109384  3  1 95  2  0  0
 4  1 389408 14837260 2088972 161165120    0    0 137648 123468 100000 109317  3  1 95  2  0  0
 4  3 389408 14837452 2088972 161165888    0    0 138528 124424 99927 111174  3  1 95  2  0  0
 6  2 389408 14835676 2088976 161166588    0    0 138272 122820 100012 109700  3  1 95  2  0  0
procs -----------memory---------- ---swap-- -----io---- -system-- -------cpu-------
 r  b   swpd   free   buff  cache   si   so    bi    bo   in   cs us sy id wa st gu
 6  0 389408 14835356 2088976 161167316    0    0 138448 120860 99818 108410  3  1 95  2  0  0
 3  3 389408 14834176 2088976 161168040    0    0 139424 123696 100066 108958  3  1 95  2  0  0
 0  4 389408 14834392 2088976 161168800    0    0 139200 120204 99738 108959  3  1 95  2  0  0
 4  0 389408 14836984 2088976 161169488    0    0 138080 122700 100080 109383  3  1 94  2  0  0
 2  2 389408 14830332 2088976 161170268    0    0 139248 121588 100202 109813  3  1 95  2  0  0
 1  4 389408 14829276 2088976 161170980    0    0 139936 122216 100068 109859  3  1 95  2  0  0
 3  2 389408 14826164 2088976 161171728    0    0 139712 123724 100121 110227  3  1 95  2  0  0
 3  2 389408 14825100 2088976 161172436    0    0 138832 123288 99917 110092  3  1 95  2  0  0
 3  1 389408 14825428 2088976 161173192    0    0 138864 122332 99957 112090  3  1 95  2  0  0
 2  2 389408 14822828 2088976 161173924    0    0 139936 122776 99824 110339  3  1 95  2  0  0
 3  1 389408 14822748 2088976 161174656    0    0 139680 122384 99969 109928  3  1 95  2  0  0
 3  1 389408 14822140 2088976 161175372    0    0 137552 122720 99816 109092  3  1 95  2  0  0
 2  2 389408 14819372 2088976 161176116    0    0 138224 123580 99828 111256  3  1 95  2  0  0
 3  1 389408 14819176 2088976 161176880    0    0 136928 121468 99519 108707  3  1 95  2  0  0
 3  1 389408 14817768 2088976 161177640    0    0 138400 123100 99749 110407  3  1 95  2  0  0
 4  1 389408 14775484 2088976 161178308    0    0 130480 120624 98888 104033  3  1 95  2  0  0
 2  2 389408 14774896 2088976 161179072    0    0 138496 123144 99911 109078  3  1 95  2  0  0
 4  0 389408 14771892 2088976 161179756    0    0 136624 123268 99831 107816  3  1 95  2  0  0
 3  1 389408 14777596 2088980 161180504    0    0 136800 122836 99791 107990  3  1 95  2  0  0
 2  2 389408 14775104 2088980 161181236    0    0 138864 122208 99767 108168  3  1 95  2  0  0
 2  2 389408 14772652 2088980 161181916    0    0 137456 120912 99571 109466  3  1 95  2  0  0
procs -----------memory---------- ---swap-- -----io---- -system-- -------cpu-------
 r  b   swpd   free   buff  cache   si   so    bi    bo   in   cs us sy id wa st gu
 4  0 389408 14777868 2088980 161182644    0    0 138656 120964 99721 107657  3  1 95  2  0  0
 1  3 389408 14771120 2088980 161183408    0    0 137200 121148 99846 109042  3  1 95  2  0  0
 5  0 389408 14770236 2088984 161184104    0    0 138976 122424 99625 111114  3  1 95  2  0  0
 4  0 389408 14775280 2088984 161184836    0    0 138496 122552 100095 109901  3  1 95  2  0  0
 3  2 389408 14776772 2088984 161185548    0    0 137872 122204 99593 107955  3  1 95  2  0  0
 3  1 389408 14773764 2088984 161186292    0    0 138128 122064 99641 108963  3  1 95  2  0  0
 2  2 389408 14775500 2088984 161187060    0    0 138048 121272 99422 109513  3  1 95  2  0  0
 4  0 389408 14775728 2088988 161187724    0    0 136912 121568 99626 108423  3  1 95  2  0  0
 1  3 389408 14776468 2088988 161188484    0    0 137808 120800 99819 107907  3  1 95  2  0  0
 1  3 389408 14774312 2088988 161189220    0    0 137472 123412 99784 108517  3  1 95  2  0  0
 3  2 389408 14828024 2088992 161189936    0    0 133152 119620 99492 105634  3  1 95  2  0  0
 3  1 389408 14828944 2088992 161190660    0    0 137376 121524 99854 108514  3  1 95  2  0  0
 4  1 389408 14832068 2088996 161191384    0    0 139568 122460 100307 108982  3  1 95  2  0  0
 2  2 389408 14832984 2088996 161192096    0    0 137840 122612 100082 108836  3  1 95  2  0  0
 3  1 389408 14833760 2088996 161192848    0    0 139376 123276 99858 108626  3  1 95  2  0  0
 2  2 389408 14833304 2088996 161193576    0    0 138224 123764 99995 109552  3  1 94  2  0  0
 3  1 389408 14833308 2088996 161194336    0    0 138224 123428 99946 110212  3  1 95  2  0  0
 3  1 389408 14831724 2088996 161195056    0    0 139856 124244 100158 110136  3  1 95  2  0  0
 0  4 389408 14830832 2088996 161195800    0    0 138560 125824 100190 109741  3  1 95  2  0  0
 4  0 389408 14826092 2088996 161196540    0    0 138528 122620 100132 109759  3  1 95  2  0  0
 3  1 389408 14823580 2088996 161197268    0    0 138624 123504 100351 111080  3  1 94  2  0  0
procs -----------memory---------- ---swap-- -----io---- -system-- -------cpu-------
 r  b   swpd   free   buff  cache   si   so    bi    bo   in   cs us sy id wa st gu
 2  2 389408 14823304 2088996 161198004    0    0 138192 122672 99753 110015  3  1 95  2  0  0
 1  3 389408 14824576 2088996 161198728    0    0 137088 122236 99648 109597  3  1 95  2  0  0
 1  3 389408 14820368 2088996 161199460    0    0 137952 122288 99852 110255  3  1 95  2  0  0
 2  2 389408 14817036 2088996 161200176    0    0 139136 123920 100104 109835  3  1 95  2  0  0
 2  2 389408 14818876 2088996 161200932    0    0 138560 123148 100004 110799  3  1 95  2  0  0
 2  2 389408 14822584 2088996 161201660    0    0 138592 124364 100127 110167  3  1 95  2  0  0
 3  1 389408 14820816 2088996 161202424    0    0 139136 125140 100145 110776  3  1 95  2  0  0
 3  1 389408 14822720 2088996 161203144    0    0 139312 123520 100027 110968  3  1 95  2  0  0
 3  2 389408 14821128 2088996 161203896    0    0 137600 120748 99648 109328  3  1 95  2  0  0
 5  1 389408 14819256 2088996 161204644    0    0 140112 122532 100187 110234  3  1 95  2  0  0
 4  1 389408 14815756 2088996 161205360    0    0 138400 123108 99748 109093  3  1 95  2  0  0
 4  0 389408 14818068 2088996 161206092    0    0 140000 124768 100182 110242  3  1 95  2  0  0
 1  3 389408 14816792 2088996 161206812    0    0 138960 125000 99744 111169  3  1 95  2  0  0
 4  0 389408 14814792 2088996 161207536    0    0 138752 124668 100117 110033  3  1 95  2  0  0
 3  1 389408 14812324 2088996 161208288    0    0 139008 123336 100142 109667  3  1 95  2  0  0
 3  1 389408 14810816 2088996 161208992    0    0 139408 125048 100142 111012  3  1 95  2  0  0
 2  2 389408 14811916 2088996 161209736    0    0 136224 123780 99748 109148  3  1 95  2  0  0
 3  1 389408 14815028 2088996 161210468    0    0 139040 125712 99997 109637  3  1 95  2  0  0
 1  3 389408 14811940 2088996 161211224    0    0 136544 122788 99812 108838  3  1 95  2  0  0
 2  2 389408 14812056 2088996 161211924    0    0 135200 123144 99770 107894  3  1 95  2  0  0
 2  2 389408 14812808 2088996 161212680    0    0 137888 124276 99746 108709  3  1 95  2  0  0
procs -----------memory---------- ---swap-- -----io---- -system-- -------cpu-------
 r  b   swpd   free   buff  cache   si   so    bi    bo   in   cs us sy id wa st gu
 3  2 389408 14815972 2088996 161213376    0    0 138400 126092 99997 108509  3  1 95  2  0  0
 3  1 389408 14818216 2088996 161214124    0    0 138592 124356 100058 108625  3  1 95  2  0  0
 2  2 389408 14817516 2088996 161214816    0    0 138064 123516 99928 109988  3  1 94  2  0  0
 4  0 389408 14818636 2088996 161215568    0    0 136672 125108 99814 107966  3  1 95  2  0  0
 2  2 389408 14818924 2088996 161216276    0    0 138144 126220 100005 107717  3  1 95  2  0  0
 5  0 389408 14818088 2088996 161217012    0    0 135808 125332 99816 108870  3  1 95  2  0  0
 4  0 389408 14817520 2088996 161217712    0    0 136512 122276 99652 107259  3  1 95  2  0  0
 2  2 389408 14819300 2088996 161218468    0    0 137824 122992 99845 109888  3  1 95  2  0  0
 2  2 389408 14817216 2088996 161219204    0    0 137104 124816 99489 108165  3  1 95  2  0  0
 3  1 389408 14815372 2088996 161219936    0    0 138128 124176 100065 109084  3  1 95  2  0  0
 2  2 389408 14814044 2089000 161220616    0    0 136896 125148 99534 108446  3  1 95  2  0  0
 3  2 389408 14811324 2089000 161221360    0    0 139136 123308 100007 108999  3  1 95  2  0  0
 4  0 389408 14810048 2089000 161222092    0    0 137248 124748 99879 111034  3  1 95  2  0  0
 4  0 389408 14808644 2089000 161222848    0    0 138416 123620 100139 109547  3  1 95  2  0  0
 2  2 389408 14809572 2089000 161223564    0    0 138208 124660 99914 111252  3  1 95  2  0  0
 1  3 389408 14807848 2089008 161224324    0    0 136784 122136 99670 107606  3  1 95  2  0  0
 3  1 389408 14805240 2089008 161225020    0    0 137248 123512 99693 107888  3  1 95  2  0  0
 3  1 389408 14806772 2089008 161225760    0    0 137328 124168 99772 108427  3  1 94  2  0  0
 3  1 389408 14809000 2089008 161226488    0    0 137888 125312 100096 109849  3  1 95  2  0  0
 3  1 389408 14811060 2089008 161227216    0    0 137872 125224 99907 109511  3  1 95  2  0  0
 1  3 389408 14809660 2089012 161227936    0    0 139184 126692 100332 109747  3  1 94  2  0  0
procs -----------memory---------- ---swap-- -----io---- -system-- -------cpu-------
 r  b   swpd   free   buff  cache   si   so    bi    bo   in   cs us sy id wa st gu
 2  2 389408 14811600 2089012 161228664    0    0 138384 124660 99948 109978  3  1 95  2  0  0
 2  2 389408 14805880 2089012 161229448    0    0 138752 125260 100146 109099  3  1 95  2  0  0
 8  1 389408 14807096 2089012 161230144    0    0 138144 125492 100074 110177  3  1 95  2  0  0
 3  1 389408 14809088 2089012 161230880    0    0 139248 125656 100025 109390  3  1 95  2  0  0
 3  1 389408 14810376 2089012 161231616    0    0 138672 124864 100164 109651  3  1 95  2  0  0
 3  1 389408 14808176 2089012 161232320    0    0 138352 125388 99994 109129  3  1 95  2  0  0
 3  1 389408 14810788 2089012 161233092    0    0 137728 123404 100115 110210  3  1 95  2  0  0
 2  2 389408 14803844 2089012 161233844    0    0 139120 122276 99694 109839  3  1 94  2  0  0
 2  2 389408 14799228 2089012 161234536    0    0 138384 122932 100037 108796  3  1 95  2  0  0
 3  1 389408 14798068 2089012 161235308    0    0 138080 124892 99921 108935  3  1 95  2  0  0
 3  1 389408 14795912 2089012 161236008    0    0 139664 122504 100009 109387  3  1 95  2  0  0
 3  1 389408 14799428 2089012 161236748    0    0 137648 124884 99755 109327  3  1 95  2  0  0
 3  1 389408 14799196 2089012 161237504    0    0 137760 125148 100035 110228  3  1 95  2  0  0
 3  1 389408 14795688 2089012 161238212    0    0 136048 123508 99807 109813  3  1 95  2  0  0
 3  1 389408 14795448 2089012 161238948    0    0 136720 126924 99913 110606  3  1 94  2  0  0
 3  1 389408 14797616 2089012 161239664    0    0 137136 126636 99991 111221  3  1 95  2  0  0
 4  0 389408 14795252 2089012 161240420    0    0 137696 125884 100120 109083  3  1 95  2  0  0
 4  0 389408 14789632 2089012 161241116    0    0 136096 125072 99960 108166  3  1 95  2  0  0
 3  2 389408 14790692 2089012 161241844    0    0 137072 122944 99833 108130  3  1 95  2  0  0
 3  1 389408 14789768 2089012 161242564    0    0 137968 123116 99981 108082  3  1 95  2  0  0
 3  2 389408 14786608 2089012 161243308    0    0 135808 124172 99662 108538  3  1 95  2  0  0
procs -----------memory---------- ---swap-- -----io---- -system-- -------cpu-------
 r  b   swpd   free   buff  cache   si   so    bi    bo   in   cs us sy id wa st gu
 4  1 389408 14788720 2089012 161244044    0    0 136688 123816 99543 108986  3  1 95  2  0  0
 2  2 389408 14785732 2089012 161244780    0    0 136816 123360 99699 108531  3  1 95  2  0  0
 4  0 389408 14790052 2089012 161245464    0    0 137248 124304 99704 108971  3  1 94  2  0  0
 2  2 389408 14789436 2089012 161246220    0    0 137184 123932 99756 107819  3  1 95  2  0  0
 3  1 389408 14791080 2089016 161246936    0    0 140112 125888 99992 109181  3  1 95  2  0  0
 4  0 389408 14787016 2089016 161247692    0    0 137056 123764 99715 110200  3  1 95  2  0  0
 3  1 389408 14788644 2089016 161248396    0    0 136192 122304 99796 109641  3  1 95  2  0  0
 4  0 389408 14786332 2089016 161249164    0    0 136544 120088 99506 107444  3  1 95  2  0  0
 3  1 389408 14784128 2089016 161249824    0    0 138208 124036 99973 108209  3  1 95  2  0  0
 3  1 389408 14780336 2089020 161250576    0    0 138080 123236 99784 108599  3  1 95  2  0  0
 4  1 389408 14779196 2089020 161251296    0    0 138032 122840 99843 108665  3  1 95  2  0  0
 0  4 389408 14778012 2089020 161252004    0    0 138800 121008 99785 109321  3  1 95  2  0  0
 3  1 389408 14779048 2089020 161252760    0    0 137904 122936 99681 108887  3  1 95  2  0  0
 4  1 389408 14778592 2089020 161253484    0    0 139376 124444 99842 108683  3  1 95  2  0  0
 6  0 389408 14779396 2089020 161254228    0    0 137088 123904 99619 108572  3  1 95  2  0  0
 4  0 389408 14778100 2089020 161255008    0    0 137392 122836 99545 109307  3  1 95  2  0  0
 6  0 389408 14776660 2089020 161255684    0    0 137680 122748 99731 108110  3  1 95  2  0  0
 6  0 389408 14773728 2089020 161256396    0    0 135968 122140 99804 109143  3  1 95  2  0  0
 4  0 389408 14776172 2089020 161257116    0    0 136928 123756 99716 109882  3  1 95  2  0  0
 4  0 389408 14770896 2089024 161257844    0    0 137472 124164 99908 107897  3  1 95  2  0  0
 4  1 389408 14768164 2089024 161258572    0    0 135856 125592 99722 109070  3  1 95  2  0  0
procs -----------memory---------- ---swap-- -----io---- -system-- -------cpu-------
 r  b   swpd   free   buff  cache   si   so    bi    bo   in   cs us sy id wa st gu
 4  0 389408 14768668 2089024 161259296    0    0 137168 124040 99673 107661  3  1 95  2  0  0
 4  0 389408 14772580 2089024 161260064    0    0 136224 125100 99748 109138  3  1 95  2  0  0
 2  2 389408 14774700 2089024 161260752    0    0 138288 126160 99777 109997  3  1 95  2  0  0
 2  3 389408 14775932 2089028 161261472    0    0 137200 125920 99904 108976  3  1 95  2  0  0
 2  2 389408 14773772 2089028 161262224    0    0 135744 126148 99764 109016  3  1 95  2  0  0
 4  0 389408 14775064 2089028 161262940    0    0 137456 125616 99981 109296  3  1 95  2  0  0
 0  4 389408 14775116 2089028 161263664    0    0 137856 126044 99958 108884  3  1 94  2  0  0
 3  1 389408 14773220 2089028 161264388    0    0 136512 123076 99727 107317  3  1 95  2  0  0
 4  0 389408 14775372 2089028 161265120    0    0 135600 123656 99599 107243  3  1 95  2  0  0
 4  1 389408 14773956 2089028 161265844    0    0 135136 122936 99646 108047  3  1 95  2  0  0
 4  0 389408 14771768 2089028 161266580    0    0 134928 121116 99417 107426  3  1 95  2  0  0
 3  1 389408 14770612 2089028 161267336    0    0 136288 121912 99503 107304  3  1 95  2  0  0
 3  1 389408 14771560 2089028 161268028    0    0 134048 122308 99261 106995  3  1 94  2  0  0
 2  3 389408 14770572 2089028 161268744    0    0 136624 122692 99944 108534  3  1 94  2  0  0
 1  3 389408 14769632 2089028 161269516    0    0 136272 123720 99517 108259  3  1 95  2  0  0
 2  1 389408 14769172 2089028 161270052    0    0 138432 121888 99779 110250  3  1 95  2  0  0
 3  1 389408 14767796 2089028 161270968    0    0 136112 123084 99476 109508  3  1 95  2  0  0
 4  0 389408 14765464 2089028 161271676    0    0 137184 123596 99819 108171  3  1 95  2  0  0
 2  2 389408 14763520 2089028 161272380    0    0 136448 124340 99806 108603  3  1 94  2  0  0
 2  2 389408 14761056 2089028 161273152    0    0 136528 122216 99531 108119  3  1 95  2  0  0
 5  0 389408 14756836 2089028 161273784    0    0 136816 123964 99664 108926  3  1 95  2  0  0
procs -----------memory---------- ---swap-- -----io---- -system-- -------cpu-------
 r  b   swpd   free   buff  cache   si   so    bi    bo   in   cs us sy id wa st gu
 2  2 389408 14757176 2089028 161274552    0    0 136192 123836 99688 107871  3  1 95  2  0  0
 5  1 389408 14755896 2089028 161275272    0    0 136528 126208 99763 109462  3  1 95  2  0  0
 1  3 389408 14755692 2089028 161275980    0    0 137552 123516 99843 107491  3  1 95  2  0  0
 4  0 389408 14760428 2089028 161276772    0    0 137216 125688 99985 109622  3  1 95  2  0  0
 4  0 389408 14761740 2089028 161277440    0    0 137952 122712 99983 108931  3  1 95  2  0  0
 4  0 389408 14766240 2089028 161278192    0    0 138048 122168 99784 109602  3  1 95  2  0  0
 5  0 389408 14765468 2089028 161278912    0    0 137248 123132 99932 108741  3  1 94  2  0  0
 8  1 389408 14764044 2089028 161279632    0    0 137504 122120 100100 108728  3  1 95  2  0  0
 3  1 389408 14763700 2089028 161280328    0    0 136048 121808 99910 108279  3  1 95  2  0  0
 4  0 389408 14761960 2089028 161281108    0    0 138128 124816 100355 109624  3  1 95  2  0  0
 3  2 389408 14761444 2089028 161281808    0    0 137568 122472 99930 107397  3  1 95  2  0  0
 1  3 389408 14759540 2089028 161282532    0    0 137760 123172 100130 108830  3  1 95  2  0  0
 4  0 389408 14763340 2089028 161283268    0    0 137200 123780 100102 108817  3  1 95  2  0  0
 4  0 389408 14760312 2089028 161283988    0    0 137952 120844 99752 109244  3  1 95  2  0  0
 3  1 389408 14759300 2089028 161284740    0    0 137648 121912 99798 108990  3  1 95  2  0  0
 4  0 389408 14758092 2089028 161285480    0    0 137264 120572 99604 109223  3  1 95  2  0  0
 2  2 389408 14760236 2089028 161286140    0    0 136480 121632 99750 109260  3  1 95  2  0  0
 1  3 389408 14755144 2089028 161286892    0    0 137312 122176 99770 108737  3  1 95  2  0  0
 5  1 389408 14758036 2089028 161287632    0    0 137632 120564 99511 106744  3  1 95  2  0  0
 3  1 389408 14758524 2089028 161288308    0    0 135840 119988 99497 108355  3  1 95  2  0  0
 2  1 389408 14756588 2089028 161289048    0    0 133392 120164 99572 106496  3  1 95  2  0  0
procs -----------memory---------- ---swap-- -----io---- -system-- -------cpu-------
 r  b   swpd   free   buff  cache   si   so    bi    bo   in   cs us sy id wa st gu
 2  2 389408 14750340 2089028 161289764    0    0 134576 119796 99420 106710  3  1 95  2  0  0
 4  2 389408 14745828 2089028 161290476    0    0 135856 122740 99446 106822  3  1 95  2  0  0
 1  3 389408 14749836 2089028 161291200    0    0 134512 117744 99379 107808  3  1 95  2  0  0
 2  2 389408 14753096 2089028 161291936    0    0 135728 124528 99603 108120  3  1 95  2  0  0
 3  1 389408 14750392 2089028 161292636    0    0 136688 121236 99517 108562  3  1 94  2  0  0
 3  2 389408 14748664 2089028 161293388    0    0 135776 120840 99281 108423  3  1 95  2  0  0
 4  1 389408 14743348 2089032 161294132    0    0 136240 121868 99664 107910  3  1 95  2  0  0
 3  2 389408 14741900 2089032 161294808    0    0 136896 120204 99615 107986  3  1 95  2  0  0
 1  3 389408 14741860 2089032 161295552    0    0 136640 124140 99803 109585  3  1 95  2  0  0
 3  2 389408 14741604 2089032 161296296    0    0 138816 121720 99792 109348  3  1 95  2  0  0
 5  0 389408 14737444 2089032 161297000    0    0 136720 124068 99709 109415  3  1 95  2  0  0
 1  3 389408 14736520 2089032 161297756    0    0 136144 122956 99936 109129  3  1 95  2  0  0
 3  1 389408 14736780 2089032 161298424    0    0 134880 121568 99590 108460  3  1 95  2  0  0
 2  2 389408 14739128 2089032 161299196    0    0 135600 118740 99350 107770  3  1 95  2  0  0
 2  2 389408 14740716 2089032 161299872    0    0 136320 119936 99607 108048  3  1 95  2  0  0
 2  2 389408 14737736 2089032 161300612    0    0 135520 120704 99569 107717  3  1 95  2  0  0
 4  0 389408 14733592 2089036 161301316    0    0 136176 123380 99666 107729  3  1 95  2  0  0
 1  3 389408 14732852 2089036 161302024    0    0 137296 119716 99716 108076  3  1 95  2  0  0
 4  1 389408 14739956 2089036 161302784    0    0 136416 120408 99812 108985  3  1 95  2  0  0
 3  1 389408 14735840 2089036 161303492    0    0 136688 121432 99578 108389  3  1 95  2  0  0
 5  0 389408 14733284 2089036 161304240    0    0 135296 120296 99871 107457  3  1 95  2  0  0
procs -----------memory---------- ---swap-- -----io---- -system-- -------cpu-------
 r  b   swpd   free   buff  cache   si   so    bi    bo   in   cs us sy id wa st gu
 3  1 389408 14727580 2089036 161304976    0    0 135088 121744 99515 107277  3  1 95  2  0  0
 4  1 389408 14723996 2089036 161305696    0    0 135168 122512 99661 107949  3  1 95  2  0  0
 3  1 389408 14723300 2089036 161306392    0    0 136176 122608 99653 109625  3  1 95  2  0  0
 4  1 389408 14724232 2089036 161307120    0    0 137504 119608 99810 106484  3  1 95  2  0  0
 3  2 389408 14722416 2089036 161307808    0    0 138160 124216 100014 109945  3  1 95  2  0  0
 2  2 389408 14722748 2089036 161308548    0    0 136448 122408 100070 108609  3  1 95  2  0  0
 5  0 389408 14717960 2089036 161309280    0    0 135856 122440 99625 109568  3  1 95  2  0  0
 0  3 389408 14721572 2089036 161310044    0    0 135584 122608 99996 107856  3  1 95  2  0  0
 1  3 389408 14714548 2089036 161310740    0    0 137664 122548 99906 107653  3  1 95  2  0  0
 4  1 389408 14712996 2089036 161311460    0    0 137008 121172 99837 106212  3  1 95  2  0  0
 2  2 389408 14718792 2089040 161312136    0    0 135776 121952 99759 107874  3  1 95  2  0  0
 4  0 389408 14718156 2089040 161312872    0    0 138288 121400 99721 108843  3  1 95  2  0  0
 3  2 389408 14716288 2089040 161313652    0    0 134752 121036 99552 107771  3  1 95  2  0  0
 3  1 389408 14717984 2089040 161314340    0    0 135744 121448 99732 108910  3  1 95  2  0  0
 2  2 389408 14715064 2089040 161315044    0    0 135680 125108 99706 107997  3  1 94  2  0  0
 1  3 389408 14712712 2089040 161315764    0    0 135184 121172 99511 108552  3  1 95  2  0  0
 3  1 389408 14710056 2089040 161316496    0    0 134832 122408 99667 107250  3  1 95  2  0  0
 4  0 389408 14710624 2089040 161317252    0    0 136800 123744 99718 109179  3  1 95  2  0  0
 4  1 389408 14707360 2089040 161317948    0    0 135456 122932 99840 106801  3  1 95  2  0  0
 3  1 389408 14708712 2089040 161318700    0    0 136672 121948 99956 107569  3  1 95  2  0  0
 2  2 389408 14708200 2089040 161319404    0    0 134576 123784 99699 107304  3  1 95  2  0  0
procs -----------memory---------- ---swap-- -----io---- -system-- -------cpu-------
 r  b   swpd   free   buff  cache   si   so    bi    bo   in   cs us sy id wa st gu
 4  1 389408 14707596 2089040 161320100    0    0 136032 123576 100147 107163  3  1 95  2  0  0
 3  2 389408 14707396 2089040 161320792    0    0 132784 122716 99434 106370  3  1 95  2  0  0
 2  2 389408 14706004 2089040 161321536    0    0 133568 122632 99641 107567  3  1 95  2  0  0
 2  3 389408 14708924 2089040 161322264    0    0 134192 122888 99492 106896  3  1 95  2  0  0
 3  1 389408 14703712 2089040 161322976    0    0 134928 121180 99523 107088  3  1 95  2  0  0
 2  2 389408 14700244 2089040 161323632    0    0 135920 123728 99660 108170  3  1 94  2  0  0
 3  1 389408 14700208 2089040 161324388    0    0 132656 121016 99199 106300  3  1 95  2  0  0
 2  2 389408 14697736 2089040 161325104    0    0 135440 122076 99605 108465  3  1 95  2  0  0
 2  2 389408 14700536 2089040 161325792    0    0 137040 121136 99476 109320  3  1 95  2  0  0
 0  4 389408 14698432 2089040 161326512    0    0 136480 121072 99670 107951  3  1 95  2  0  0
 1  3 389408 14700980 2089040 161327284    0    0 135936 122080 99617 108768  3  1 95  2  0  0
 2  2 389408 14699876 2089040 161327948    0    0 134352 122496 99877 108373  3  1 95  2  0  0
 2  2 389408 14695960 2089040 161328716    0    0 134832 122836 99484 108712  3  1 95  2  0  0
 1  3 389408 14693800 2089040 161329376    0    0 134960 121784 99664 107302  3  1 95  2  0  0
 4  0 389408 14675160 2089040 161330088    0    0 133456 120700 99096 107129  3  1 95  2  0  0
 4  0 389408 14670036 2089040 161330852    0    0 135200 122948 99787 107515  3  1 95  2  0  0
 6  1 389408 14671224 2089040 161331568    0    0 134976 121388 99436 106711  3  1 95  2  0  0
 5  3 389408 14670544 2089040 161332236    0    0 134896 120436 99465 106643  3  1 95  2  0  0
 3  2 389408 14669640 2089040 161332932    0    0 134448 119304 99316 106629  3  1 95  2  0  0
 1  3 389408 14673484 2089048 161333664    0    0 133872 119528 99279 107405  3  1 95  2  0  0
 2  2 389408 14668472 2089048 161334400    0    0 134368 120768 99443 106978  3  1 95  2  0  0
procs -----------memory---------- ---swap-- -----io---- -system-- -------cpu-------
 r  b   swpd   free   buff  cache   si   so    bi    bo   in   cs us sy id wa st gu
 2  2 389408 14670156 2089048 161335080    0    0 135776 120736 99717 107173  3  1 95  2  0  0
 3  1 389408 14671692 2089048 161335768    0    0 136128 121268 99496 106921  3  1 95  2  0  0
 4  1 389408 14670772 2089048 161336508    0    0 135312 120016 99636 108129  3  1 95  2  0  0
 4  0 389408 14669620 2089048 161337220    0    0 135680 123720 99436 108275  3  1 95  2  0  0
 2  2 389408 14671452 2089048 161337960    0    0 135104 119832 99368 107774  3  1 95  2  0  0
 2  2 389408 14669504 2089048 161338660    0    0 136016 120580 99485 109945  3  1 95  2  0  0
 2  2 389408 14668720 2089048 161339416    0    0 137408 122064 99907 109430  3  1 95  2  0  0
 3  1 389408 14668128 2089048 161340132    0    0 135712 121912 99504 108776  3  1 95  2  0  0
 3  1 389408 14666456 2089048 161340856    0    0 137952 122708 99855 109999  3  1 95  2  0  0
 4  0 389408 14664228 2089048 161341592    0    0 135856 121136 99848 108405  3  1 94  2  0  0
 2  2 389408 14662172 2089048 161342312    0    0 136160 121208 99693 108088  3  1 95  2  0  0
 4  0 389408 14663488 2089048 161343024    0    0 137648 121056 99724 108520  3  1 95  2  0  0
 2  2 389408 14658800 2089048 161343752    0    0 135680 120204 99519 108850  3  1 95  2  0  0
 2  2 389408 14656184 2089048 161344512    0    0 136480 120584 99708 108589  3  1 95  2  0  0
 2  2 389408 14656848 2089048 161345204    0    0 135712 120080 99639 106222  3  1 95  2  0  0
 4  2 389408 14662412 2089048 161345944    0    0 135104 120492 99467 107248  3  1 95  2  0  0
 3  1 389408 14664296 2089048 161346628    0    0 135840 122000 99631 108204  3  1 95  2  0  0
 3  1 389408 14668368 2089048 161347344    0    0 134176 118736 99176 107927  3  1 95  2  0  0
 3  1 389408 14669768 2089048 161348072    0    0 133232 120624 99359 106565  3  1 95  2  0  0
 4  0 389408 14668820 2089048 161348784    0    0 134096 119612 99320 106448  3  1 95  2  0  0
 4  0 389408 14665964 2089048 161349464    0    0 133680 119904 99388 107061  3  1 95  2  0  0
procs -----------memory---------- ---swap-- -----io---- -system-- -------cpu-------
 r  b   swpd   free   buff  cache   si   so    bi    bo   in   cs us sy id wa st gu
 3  1 389408 14669528 2089048 161350232    0    0 137344 119888 99925 108856  3  1 95  2  0  0
 4  1 389408 14672040 2089048 161350924    0    0 136032 120560 99444 109015  3  1 95  2  0  0
 2  2 389408 14672700 2089052 161351692    0    0 134464 119684 99418 106978  3  1 95  2  0  0
 3  2 389408 14673264 2089052 161352360    0    0 135856 120152 99755 108178  3  1 95  2  0  0
 2  1 389408 14669176 2089052 161353120    0    0 134576 120768 99484 105760  3  1 95  2  0  0
 4  0 389408 14666620 2089052 161353832    0    0 134656 120732 99440 107902  3  1 95  2  0  0
 2  2 389408 14662896 2089052 161354560    0    0 131520 119796 99224 105543  3  1 94  2  0  0
 2  3 389408 14667468 2089060 161355260    0    0 133200 121428 99614 105930  3  1 95  2  0  0
 2  2 389408 14668632 2089060 161355968    0    0 135616 119316 99320 108806  3  1 95  2  0  0
 2  2 389408 14666412 2089060 161356716    0    0 136208 120336 99476 107196  3  1 95  2  0  0
 3  1 389408 14662852 2089060 161357436    0    0 137072 121884 99623 108090  3  1 95  2  0  0
 1  3 389408 14658952 2089060 161358120    0    0 136304 120304 99684 107931  3  1 95  2  0  0
 4  1 389408 14665556 2089060 161358864    0    0 136208 122424 99694 109081  3  1 95  2  0  0
 2  2 389408 14663836 2089060 161359576    0    0 138176 122400 99740 109098  3  1 95  2  0  0
 3  1 389408 14662708 2089060 161360324    0    0 136320 121416 99699 109945  3  1 95  2  0  0
 4  0 389408 14658520 2089060 161361080    0    0 137872 121604 99943 109230  3  1 95  2  0  0
 3  1 389408 14655332 2089060 161361784    0    0 139504 122292 100129 109946  3  1 95  2  0  0
 4  0 389408 14652564 2089060 161362524    0    0 139040 123648 99761 109104  3  1 95  2  0  0
 4  0 389408 14653636 2089060 161363272    0    0 136080 124328 99930 109801  3  1 94  2  0  0
 3  1 389408 14655020 2089060 161363968    0    0 137600 121404 99914 109032  3  1 94  2  0  0
 3  1 389408 14649284 2089060 161364692    0    0 136896 120904 99637 108675  3  1 95  2  0  0
procs -----------memory---------- ---swap-- -----io---- -system-- -------cpu-------
 r  b   swpd   free   buff  cache   si   so    bi    bo   in   cs us sy id wa st gu
 2  2 389408 14650636 2089060 161365396    0    0 136336 122904 99902 108913  3  1 95  2  0  0
 5  0 389408 14653564 2089064 161366152    0    0 136656 122600 99956 108989  3  1 95  2  0  0
 2  2 389408 14656324 2089064 161366912    0    0 136208 122556 99512 108034  3  1 95  2  0  0
 0  4 389408 14652592 2089064 161367624    0    0 137360 120992 99918 109135  3  1 95  2  0  0
 3  1 389408 14649308 2089064 161368356    0    0 136224 124420 99844 108082  3  1 94  2  0  0
 3  1 389408 14646236 2089064 161369092    0    0 137232 122572 99682 109743  3  1 95  2  0  0
 3  2 389408 14647748 2089068 161369832    0    0 139776 122504 100068 109215  3  1 95  2  0  0
 1  3 389408 14645168 2089068 161370588    0    0 140576 121628 100083 110474  3  1 95  2  0  0
 3  2 389408 14646484 2089068 161371292    0    0 139504 124556 99855 109815  3  1 95  2  0  0
 3  1 389408 14647044 2089068 161372028    0    0 136640 121232 99854 108459  3  1 95  2  0  0
 5  0 389408 14648356 2089068 161372748    0    0 135744 122540 99635 107187  3  1 95  2  0  0
 2  2 389408 14646072 2089068 161373448    0    0 137088 123280 99928 108279  3  1 95  2  0  0
 2  2 389408 14642768 2089068 161374184    0    0 138560 122148 99938 109559  3  1 95  2  0  0
 2  2 389408 14639268 2089068 161374900    0    0 137344 121796 100026 109760  3  1 95  2  0  0
 2  2 389408 14641236 2089068 161375624    0    0 135776 123064 99818 109535  3  1 94  2  0  0
 2  2 389408 14644600 2089068 161376376    0    0 134256 121360 99660 106769  3  1 95  2  0  0
 4  0 389408 14644220 2089068 161377080    0    0 135872 122756 99884 108184  3  1 95  2  0  0
 5  0 389408 14642364 2089068 161377788    0    0 137152 123272 99948 109861  3  1 95  2  0  0
 3  1 389408 14643916 2089068 161378516    0    0 135616 123436 99888 109028  3  1 94  2  0  0
 3  2 389408 14639244 2089068 161379236    0    0 135264 122416 99824 109622  3  1 95  2  0  0
 3  1 389408 14636216 2089068 161379948    0    0 136528 122924 99666 107996  3  1 95  2  0  0
procs -----------memory---------- ---swap-- -----io---- -system-- -------cpu-------
 r  b   swpd   free   buff  cache   si   so    bi    bo   in   cs us sy id wa st gu
 2  1 389408 14635788 2089072 161380700    0    0 136448 122880 99793 109285  3  1 94  2  0  0
 3  3 389408 14639164 2089072 161381424    0    0 136816 124448 99993 108502  3  1 95  2  0  0
 2  2 389408 14633380 2089072 161382120    0    0 137136 122224 99490 109042  3  1 95  2  0  0
 3  1 389408 14631176 2089072 161382868    0    0 138064 120476 99776 109597  3  1 95  2  0  0
 3  1 389408 14632224 2089072 161383604    0    0 137296 123636 100066 108856  3  1 95  2  0  0
 5  1 389408 14629068 2089080 161384288    0    0 136928 122260 99739 108897  3  1 95  2  0  0
 2  2 389408 14626920 2089080 161385060    0    0 137216 123096 99735 109796  3  1 95  2  0  0
 2  2 389408 14625044 2089080 161385748    0    0 136480 124560 99945 109582  3  1 95  2  0  0
 2  2 389408 14627540 2089080 161386480    0    0 137648 123940 100011 109830  3  1 95  2  0  0
 1  3 389408 14626096 2089080 161387240    0    0 136448 123472 100028 108908  3  1 95  2  0  0
 3  1 389408 14626220 2089088 161387956    0    0 137040 119812 99558 108343  3  1 95  2  0  0
 2  3 389408 14626308 2089088 161388680    0    0 135232 121668 99657 107414  3  1 95  2  0  0
 7  1 389408 14633864 2089088 161389380    0    0 136192 120416 99380 107429  3  1 95  2  0  0
 4  0 389408 14631736 2089088 161390092    0    0 134624 121204 99218 107997  3  1 95  2  0  0
 3  1 389408 14632880 2089088 161390836    0    0 134720 121352 99567 107589  3  1 95  2  0  0
 1  3 389408 14629356 2089088 161391572    0    0 135168 124104 99709 108120  3  1 95  2  0  0
 3  1 389408 14626616 2089088 161392268    0    0 136352 122860 99669 109292  3  1 95  2  0  0
 4  0 389408 14621328 2089088 161393020    0    0 138032 122476 99844 107984  3  1 94  2  0  0
 3  1 389408 14618472 2089088 161393744    0    0 137184 121040 99630 109821  3  1 95  2  0  0
 3  2 389408 14622140 2089088 161394500    0    0 134832 119556 99610 107930  3  1 95  2  0  0
 3  1 389408 14617104 2089092 161395192    0    0 137424 120480 99831 108760  3  1 95  2  0  0
procs -----------memory---------- ---swap-- -----io---- -system-- -------cpu-------
 r  b   swpd   free   buff  cache   si   so    bi    bo   in   cs us sy id wa st gu
 2  2 389408 14613484 2089092 161395928    0    0 137728 120976 99599 109352  3  1 95  2  0  0
 1  3 389408 14611072 2089092 161396652    0    0 136304 121024 99828 108559  3  1 95  2  0  0
 4  1 389408 14610836 2089092 161397368    0    0 137472 121516 100008 109061  3  1 95  2  0  0
 2  2 389408 14613036 2089092 161398116    0    0 139312 120596 99848 107858  3  1 95  2  0  0
 0  4 389408 14611940 2089092 161398820    0    0 137376 122152 99873 109826  3  1 95  2  0  0
 3  2 389408 14610624 2089092 161399560    0    0 138432 123320 99884 110233  3  1 95  2  0  0
 1  3 389408 14609520 2089092 161400276    0    0 138112 122476 99954 108845  3  1 95  2  0  0
 4  1 389408 14607036 2089092 161401024    0    0 139200 124016 100031 108960  3  1 95  2  0  0
 3  1 389408 14607636 2089092 161401748    0    0 137872 120000 99753 108644  3  1 94  2  0  0
 5  1 389408 14604272 2089096 161402488    0    0 138848 121584 99769 108128  3  1 95  2  0  0
 3  1 389408 14602772 2089096 161403228    0    0 138960 123204 100083 109118  3  1 95  2  0  0
 2  2 389408 14604896 2089096 161403912    0    0 138736 125136 99943 108355  3  1 95  2  0  0
 4  0 389408 14605168 2089096 161404664    0    0 137184 123192 99656 110671  3  1 95  2  0  0
 2  2 389408 14604052 2089096 161405416    0    0 138912 120664 99815 109399  3  1 95  2  0  0
 3  2 389408 14599328 2089100 161406148    0    0 138528 121172 99995 108913  3  1 95  2  0  0
 2  2 389408 14602712 2089100 161406872    0    0 138352 121480 99809 109379  3  1 94  2  0  0
 3  1 389408 14596920 2089100 161407600    0    0 138512 123112 99697 109937  3  1 95  2  0  0
 3  1 389408 14591176 2089100 161408308    0    0 139616 123468 100012 109823  3  1 95  2  0  0
 1  3 389408 14587424 2089100 161409056    0    0 138016 122296 99879 109352  3  1 95  2  0  0
 3  2 389408 14593880 2089100 161409808    0    0 138208 123452 99824 109051  3  1 95  2  0  0
 4  1 389408 14593144 2089100 161410552    0    0 138336 123696 99988 109176  3  1 95  2  0  0
procs -----------memory---------- ---swap-- -----io---- -system-- -------cpu-------
 r  b   swpd   free   buff  cache   si   so    bi    bo   in   cs us sy id wa st gu
 3  1 389408 14594440 2089100 161411264    0    0 138816 122992 100017 109954  3  1 95  2  0  0
 4  0 389408 14593620 2089100 161412016    0    0 139600 123308 99985 109674  3  1 95  2  0  0
 3  1 389408 14590812 2089100 161412736    0    0 138896 122168 99602 109292  3  1 95  2  0  0
 2  2 389408 14587356 2089104 161413504    0    0 137616 123500 99904 109014  3  1 95  2  0  0
 2  2 389408 14588888 2089104 161414204    0    0 137584 124060 100255 109384  3  1 95  2  0  0
 3  1 389408 14587432 2089104 161414956    0    0 139552 122932 100069 108710  3  1 94  2  0  0
 3  1 389408 14583304 2089104 161415692    0    0 137344 124672 99806 108201  3  1 95  2  0  0
 3  1 389408 14581304 2089104 161416448    0    0 138080 123112 99774 109355  3  1 95  2  0  0
 2  2 389408 14581444 2089104 161417164    0    0 137536 122752 99911 109566  3  1 95  2  0  0
 3  1 389408 14585636 2089104 161417920    0    0 137584 122768 99791 108256  3  1 95  2  0  0
 4  0 389408 14582808 2089104 161418604    0    0 138080 122616 99666 108949  3  1 95  2  0  0
 1  3 389408 14582980 2089104 161419376    0    0 137312 121100 99874 109284  3  1 95  2  0  0
 3  1 389408 14584692 2089104 161420136    0    0 138640 123836 100214 109934  3  1 95  2  0  0
 4  0 389408 14583596 2089104 161420804    0    0 138624 123668 99718 109952  3  1 95  2  0  0
 2  2 389408 14581320 2089104 161421544    0    0 139248 122084 99884 108327  3  1 95  2  0  0
 3  1 389408 14577516 2089104 161422284    0    0 139760 121604 99827 109705  3  1 95  2  0  0
 2  2 389408 14579236 2089104 161423016    0    0 138288 121480 99909 108372  3  1 95  2  0  0
 4  1 389408 14583440 2089104 161423784    0    0 137760 122084 99514 110198  3  1 95  2  0  0
 1  3 389408 14580232 2089104 161424484    0    0 138400 123200 99618 109018  3  1 95  2  0  0
 2  2 389408 14576324 2089104 161425236    0    0 139312 123260 99814 108828  3  1 95  2  0  0
 3  1 389408 14568572 2089104 161425940    0    0 137216 122248 99950 109565  3  1 95  2  0  0
procs -----------memory---------- ---swap-- -----io---- -system-- -------cpu-------
 r  b   swpd   free   buff  cache   si   so    bi    bo   in   cs us sy id wa st gu
 2  2 389408 14564884 2089104 161426656    0    0 138800 123500 99904 108797  3  1 95  2  0  0
 1  3 389408 14563700 2089104 161427392    0    0 139520 123448 100072 109496  3  1 95  2  0  0
 3  1 389408 14560964 2089104 161428152    0    0 140048 122460 99710 109321  3  1 95  2  0  0
 2  2 389408 14567232 2089104 161428868    0    0 136592 121884 99878 109500  3  1 95  2  0  0
 3  1 389408 14564232 2089104 161429636    0    0 138256 121888 99648 108301  3  1 95  2  0  0
 4  0 389408 14563152 2089104 161430340    0    0 137616 123044 99765 108928  3  1 95  2  0  0
 4  1 389408 14562300 2089104 161431072    0    0 140080 125332 99843 109731  3  1 95  2  0  0
 3  1 389408 14564304 2089104 161431824    0    0 138544 124828 100204 109748  3  1 94  2  0  0
 3  1 389408 14563812 2089104 161432528    0    0 137248 121088 99553 107036  3  1 95  2  0  0
 5  0 389408 14563188 2089104 161433268    0    0 137632 121768 99668 108128  3  1 95  2  0  0
 2  2 389408 14564424 2089104 161433940    0    0 138752 125252 99991 109816  3  1 95  2  0  0
 1  3 389408 14565748 2089104 161434756    0    0 135072 121964 99729 107314  3  1 95  2  0  0
 4  0 389408 14563408 2089104 161435368    0    0 132592 120256 99029 106953  3  1 95  2  0  0
 4  1 389408 14560036 2089104 161436148    0    0 135008 120924 99380 106289  3  1 95  2  0  0
 2  2 389408 14559572 2089104 161436840    0    0 133280 130256 99809 107550  3  1 95  2  0  0
 3  1 389408 14557436 2089104 161437444    0    0 134720 111664 99180 107304  3  1 95  2  0  0
 3  1 389408 14553448 2089104 161438288    0    0 134832 121304 99104 106964  3  1 95  2  0  0
 4  3 389408 14552980 2089104 161438932    0    0 135840 122332 99328 105850  3  1 95  2  0  0
 0  4 389408 14549932 2089104 161439560    0    0 136160 123772 99590 106324  3  1 95  2  0  0
 2  2 389408 14549488 2089104 161440404    0    0 136512 123288 99671 108490  3  1 95  2  0  0
 1  3 389408 14545060 2089104 161441208    0    0 135808 123032 99542 108133  3  1 95  2  0  0
procs -----------memory---------- ---swap-- -----io---- -system-- -------cpu-------
 r  b   swpd   free   buff  cache   si   so    bi    bo   in   cs us sy id wa st gu
 2  2 389408 14548812 2089104 161441896    0    0 137488 122672 99722 109470  3  1 95  2  0  0
 2  2 389408 14550032 2089104 161442608    0    0 137632 125468 99907 109577  3  1 95  2  0  0
 4  1 389408 14548352 2089104 161443336    0    0 137600 123280 100088 110788  3  1 95  2  0  0
 3  1 389408 14547424 2089104 161444128    0    0 136592 122328 99506 107716  3  1 95  2  0  0
 3  1 389408 14547508 2089104 161444832    0    0 137664 123788 99908 108317  3  1 95  2  0  0
 4  1 389408 14548920 2089104 161445552    0    0 138240 123924 99974 109809  3  1 95  2  0  0
 4  0 389408 14548056 2089104 161446280    0    0 136336 123776 99703 109757  3  1 95  2  0  0
 4  0 389408 14553880 2089104 161447020    0    0 137712 122416 99601 109218  3  1 95  2  0  0
 3  2 389408 14551120 2089104 161447680    0    0 136480 123936 99690 108643  3  1 95  2  0  0
 5  1 389408 14550948 2089104 161448400    0    0 136032 124936 99760 109029  3  1 95  2  0  0
 4  0 389408 14550756 2089104 161449172    0    0 136000 123920 99757 109528  3  1 95  2  0  0
 3  1 389408 14549352 2089108 161449892    0    0 135888 123100 99267 108821  3  1 95  2  0  0
 5  0 389408 14548776 2089108 161450656    0    0 136816 123312 99366 109058  3  1 95  2  0  0
 2  2 389408 14550488 2089108 161451300    0    0 138496 123500 99821 109841  3  1 95  2  0  0
 4  0 389408 14549740 2089108 161452060    0    0 136928 124904 100088 109002  3  1 95  2  0  0
 3  1 389408 14551252 2089108 161452776    0    0 137952 124208 99796 108854  3  1 95  2  0  0
 3  2 389408 14548736 2089108 161453528    0    0 137344 121928 99585 108914  3  1 95  2  0  0
 2  2 389408 14546336 2089108 161454264    0    0 137008 133852 100410 108453  3  1 95  2  0  0
 4  0 389408 14547140 2089108 161455004    0    0 139584 112708 99370 109950  3  1 95  2  0  0
 3  1 389408 14547392 2089108 161455724    0    0 136464 123520 99532 110036  3  1 95  2  0  0
 3  1 389408 14555236 2089108 161456428    0    0 138576 121268 99947 108526  3  1 95  2  0  0
procs -----------memory---------- ---swap-- -----io---- -system-- -------cpu-------
 r  b   swpd   free   buff  cache   si   so    bi    bo   in   cs us sy id wa st gu
 3  1 389408 14554752 2089108 161457164    0    0 139408 123516 99978 108441  3  1 95  2  0  0
 4  0 389408 14550448 2089108 161457928    0    0 137024 122092 99831 108740  3  1 95  2  0  0
 2  2 389408 14547232 2089108 161458648    0    0 138592 122864 100066 109550  3  1 95  2  0  0
 3  1 389408 14545692 2089108 161459396    0    0 137104 123696 99730 108449  3  1 95  2  0  0
 3  1 389408 14548908 2089108 161460108    0    0 136032 121356 99547 107778  3  1 95  2  0  0
 4  0 389408 14545372 2089108 161460796    0    0 138976 122968 99742 109846  3  1 95  2  0  0
 3  1 389408 14545444 2089108 161461512    0    0 138592 122272 99595 109472  3  1 95  2  0  0
 7  0 389408 14543236 2089108 161462240    0    0 137648 122156 99767 110336  3  1 95  2  0  0
 1  3 389408 14543356 2089108 161462980    0    0 136304 121652 99845 108958  3  1 95  2  0  0
 1  3 389408 14543504 2089108 161463740    0    0 137248 121000 99671 110377  3  1 95  2  0  0
 3  1 389408 14541020 2089108 161464444    0    0 138496 123804 100088 109562  3  1 95  2  0  0
 4  0 389408 14544560 2089108 161465200    0    0 137520 122084 100012 108849  3  1 95  2  0  0
 2  2 389408 14545008 2089108 161465940    0    0 138336 123652 100048 109387  3  1 95  2  0  0
 3  2 389408 14547740 2089108 161466652    0    0 138272 122548 100024 109902  3  1 95  2  0  0
 2  2 389408 14548916 2089108 161467424    0    0 138384 124924 100388 109466  3  1 95  2  0  0
 4  0 389408 14548840 2089108 161468184    0    0 137632 123452 99904 109127  3  1 95  2  0  0
 3  1 389408 14546868 2089108 161468876    0    0 138272 123852 99993 109689  3  1 95  2  0  0
 6  0 389408 14545916 2089108 161469616    0    0 137936 131116 100272 109731  3  1 95  2  0  0
 5  1 389408 14526244 2089108 161470308    0    0 134448 112840 99511 106899  3  1 95  2  0  0
 2  2 389408 14525992 2089108 161471036    0    0 138384 133580 100343 109092  3  1 95  2  0  0
 3  1 389408 14524468 2089108 161471752    0    0 138672 122488 99735 108514  3  1 95  2  0  0
procs -----------memory---------- ---swap-- -----io---- -system-- -------cpu-------
 r  b   swpd   free   buff  cache   si   so    bi    bo   in   cs us sy id wa st gu
 3  1 389408 14523868 2089108 161472480    0    0 137376 121984 100044 109096  3  1 95  2  0  0
 1  3 389408 14520416 2089108 161473224    0    0 138000 122332 99642 109255  3  1 95  2  0  0
 4  0 389408 14524648 2089108 161473952    0    0 137920 122568 99755 108626  3  1 94  2  0  0
 2  2 389408 14524340 2089108 161474680    0    0 137072 125836 100185 108963  3  1 95  2  0  0
 7  3 389408 14525056 2089108 161475400    0    0 137952 119748 99650 109190  3  1 95  2  0  0
 3  1 389408 14527496 2089108 161476156    0    0 138368 127236 100228 108621  3  1 95  2  0  0
 2  2 389408 14524440 2089108 161476844    0    0 138576 121824 99681 110393  3  1 95  2  0  0
 3  1 389408 14521060 2089108 161477572    0    0 137408 123728 99850 110524  3  1 95  2  0  0
 3  0 389408 14518760 2089108 161478348    0    0 137472 122768 99958 110514  3  1 95  2  0  0
 1  3 389408 14524120 2089112 161479028    0    0 139216 114308 99223 109614  3  1 95  2  0  0
 1  4 389408 14523260 2089112 161479788    0    0 138624 131904 100153 109515  3  1 95  2  0  0
 2  2 389408 14520964 2089112 161480544    0    0 138448 114264 99427 108626  3  1 95  2  0  0
 6  1 389408 14519668 2089112 161481272    0    0 137376 121436 99624 110554  3  1 95  2  0  0
 3  1 389408 14518268 2089112 161481992    0    0 136288 121768 99712 108949  3  1 95  2  0  0
 2  2 389408 14518432 2089112 161482736    0    0 137296 121796 99719 108199  3  1 95  2  0  0
 3  1 389408 14516704 2089112 161483444    0    0 136112 131384 99703 107682  3  1 95  2  0  0
 5  1 389408 14515344 2089112 161484156    0    0 137568 117720 99352 107677  3  1 95  2  0  0
 1  2 389408 14516528 2089112 161484868    0    0 137472 120940 99421 108771  3  1 95  2  0  0
 1  3 389408 14513444 2089112 161485620    0    0 136496 116924 99752 108603  3  1 95  2  0  0
 4  1 389408 14513320 2089112 161486328    0    0 135184 121512 99328 108444  3  1 95  2  0  0
 2  2 389408 14516964 2089112 161487032    0    0 136784 132848 100096 109719  3  1 95  2  0  0
procs -----------memory---------- ---swap-- -----io---- -system-- -------cpu-------
 r  b   swpd   free   buff  cache   si   so    bi    bo   in   cs us sy id wa st gu
 4  1 389408 14517140 2089112 161487788    0    0 136624 123060 99525 107527  3  1 95  2  0  0
 4  1 389408 14519648 2089112 161488500    0    0 133984 123324 99551 105759  3  1 94  2  0  0
 2  1 389408 14518752 2089112 161489240    0    0 135728 124288 99687 108800  3  1 95  2  0  0
 2  2 389408 14519132 2089112 161489972    0    0 136224 121276 99578 108127  3  1 95  2  0  0
 1  3 389408 14517352 2089112 161490488    0    0 137168 121948 99405 109444  3  1 95  2  0  0
 2  2 389408 14513124 2089112 161491396    0    0 137984 123132 99775 108476  3  1 95  2  0  0
 1  3 389408 14516012 2089112 161492112    0    0 136496 122392 99645 109877  3  1 95  2  0  0
 4  0 389408 14512020 2089112 161492884    0    0 135520 123464 99734 109380  3  1 95  2  0  0
 4  0 389408 14509740 2089112 161493576    0    0 136320 122208 99701 108180  3  1 95  2  0  0
 9  2 389408 14506768 2089112 161494312    0    0 136000 120908 99519 107654  3  1 95  2  0  0
 2  2 389408 14500544 2089112 161495012    0    0 136416 113076 99009 107610  3  1 95  2  0  0
 6  1 389408 14500308 2089112 161495768    0    0 137056 129256 100061 107240  3  1 95  2  0  0
 4  2 389408 14500388 2089112 161496456    0    0 138544 121056 99632 108974  3  1 95  2  0  0
 2  2 389408 14503120 2089112 161497188    0    0 136528 127592 100426 109429  3  1 95  2  0  0
 4  0 389408 14503008 2089112 161497876    0    0 136784 123244 99614 108424  3  1 95  2  0  0
 3  1 389408 14501356 2089112 161498636    0    0 137424 122736 99903 108730  3  1 95  2  0  0
 1  3 389408 14495788 2089112 161499356    0    0 137232 112304 99201 107121  3  1 95  2  0  0
 2  1 389408 14493828 2089112 161500052    0    0 138320 123448 99868 109686  3  1 95  2  0  0
 3  2 389408 14492528 2089112 161500808    0    0 136976 121480 99738 108144  3  1 95  2  0  0
 3  1 389408 14491880 2089112 161501552    0    0 134256 121664 99496 107063  3  1 95  2  0  0
 1  2 389408 14489220 2089112 161502244    0    0 134912 122956 99588 107278  3  1 95  2  0  0
procs -----------memory---------- ---swap-- -----io---- -system-- -------cpu-------
 r  b   swpd   free   buff  cache   si   so    bi    bo   in   cs us sy id wa st gu
 3  1 389408 14489960 2089112 161502964    0    0 134400 120876 99318 108058  3  1 94  2  0  0
 1  3 389408 14487072 2089112 161503672    0    0 131056 122776 99106 106837  3  1 95  2  0  0
 5  0 389408 14484696 2089120 161504408    0    0 132928 120512 99312 106418  3  1 95  2  0  0
 3  1 389408 14484228 2089120 161505112    0    0 131056 123076 99161 105936  3  1 95  2  0  0
 1  2 389408 14484928 2089120 161505852    0    0 132256 121176 99075 105898  3  1 95  2  0  0
 2  2 389408 14481320 2089120 161506540    0    0 135184 125940 99912 107380  3  1 94  2  0  0
 2  2 389408 14477800 2089120 161507252    0    0 136768 110400 98956 107549  3  1 95  2  0  0
 4  1 389408 14476712 2089120 161507964    0    0 136848 122148 99622 107506  3  1 95  2  0  0
 2  2 389408 14474212 2089120 161508724    0    0 134928 120652 99296 106169  3  1 95  2  0  0
 2  2 389408 14474040 2089120 161509436    0    0 136704 122256 99743 108273  3  1 95  2  0  0
 3  2 389408 14477520 2089120 161510120    0    0 136192 121360 99677 108213  3  1 95  2  0  0
 4  0 389408 14474668 2089120 161510856    0    0 135040 122112 99491 107026  3  1 95  2  0  0
 1  3 389408 14477220 2089120 161511572    0    0 135600 119560 99593 106687  3  1 95  2  0  0
 3  1 389408 14473628 2089120 161512280    0    0 135376 122160 99739 107469  3  1 95  2  0  0
 3  1 389408 14472876 2089120 161513052    0    0 135808 121876 99643 108546  3  1 95  2  0  0
 1  4 389408 14472000 2089120 161513772    0    0 137488 121952 99580 108561  3  1 95  2  0  0
 2  2 389408 14471116 2089120 161514476    0    0 136992 123220 99649 107976  3  1 95  2  0  0
 3  2 389408 14467224 2089120 161515204    0    0 138176 122260 99954 109146  3  1 95  2  0  0
 1  3 389408 14469824 2089120 161515936    0    0 139184 121484 99793 108108  3  1 95  2  0  0
 4  0 389408 14469880 2089120 161516684    0    0 137824 123840 99896 109755  3  1 95  2  0  0
 6  0 389408 14467748 2089120 161517400    0    0 137440 123432 99700 107969  3  1 95  2  0  0
procs -----------memory---------- ---swap-- -----io---- -system-- -------cpu-------
 r  b   swpd   free   buff  cache   si   so    bi    bo   in   cs us sy id wa st gu
 3  1 389408 14464364 2089120 161518136    0    0 135344 120872 99428 108059  3  1 95  2  0  0
 4  0 389408 14466528 2089120 161518856    0    0 138192 121688 99734 108433  3  1 95  2  0  0
 4  1 389408 14465672 2089120 161519588    0    0 137200 123748 99820 109399  3  1 95  2  0  0
 3  1 389408 14465272 2089120 161520324    0    0 138912 120364 99613 108476  3  1 95  2  0  0
 3  2 389408 14464000 2089120 161521052    0    0 138480 122568 99777 109896  3  1 95  2  0  0
 3  1 389408 14461664 2089120 161521776    0    0 138080 133752 100262 110108  3  1 95  2  0  0
 3  1 389408 14464148 2089120 161522452    0    0 138384 111528 99322 108531  3  1 95  2  0  0
 5  0 389408 14461000 2089120 161523232    0    0 137808 134204 100245 108668  3  1 94  2  0  0
 3  1 389408 14457664 2089120 161523920    0    0 137216 125084 99760 108483  3  1 95  2  0  0
 3  1 389408 14458928 2089120 161524652    0    0 139184 123040 99889 109214  3  1 95  2  0  0
 3  1 389408 14458652 2089120 161525396    0    0 136848 124076 100011 110222  3  1 95  2  0  0
 3  1 389408 14461236 2089120 161526112    0    0 138208 123312 99775 110000  3  1 95  2  0  0
 3  2 389408 14458228 2089120 161526860    0    0 137328 120872 99804 108066  3  1 95  2  0  0
 3  1 389408 14458444 2089120 161527604    0    0 135888 123248 99814 107977  3  1 95  2  0  0
 2  1 389408 14434328 2089120 161528344    0    0 136320 124112 100131 112040  3  2 94  2  0  0
 4  1 389408 14431260 2089120 161529044    0    0 136672 121232 99832 107882  3  1 95  2  0  0
 3  1 389408 14432260 2089128 161529828    0    0 136656 123524 99963 109953  3  1 95  2  0  0
 4  0 389408 14432912 2089132 161530540    0    0 139332 123352 99692 109364  3  1 95  2  0  0
 2  2 389408 14434560 2089132 161531272    0    0 138752 119712 99683 109566  3  1 95  2  0  0
 3  1 389408 14435272 2089132 161531988    0    0 137600 122264 99486 109975  3  1 95  2  0  0
 4  2 389408 14436972 2089132 161532720    0    0 138192 123236 99775 110295  3  1 95  2  0  0
procs -----------memory---------- ---swap-- -----io---- -system-- -------cpu-------
 r  b   swpd   free   buff  cache   si   so    bi    bo   in   cs us sy id wa st gu
 3  1 389408 14440984 2089132 161533456    0    0 136896 123260 99870 108974  3  1 95  2  0  0
 3  1 389408 14441648 2089132 161534184    0    0 136512 123400 99953 108312  3  1 95  2  0  0
 2  2 389408 14440780 2089132 161534936    0    0 136832 121680 99743 108521  3  1 95  2  0  0
 4  0 389408 14432712 2089132 161535644    0    0 136512 121860 99674 108340  3  1 94  2  0  0
 3  1 389408 14433704 2089132 161536352    0    0 136288 121216 99651 107531  3  1 95  2  0  0
 3  1 389408 14434316 2089132 161537076    0    0 137280 123620 100253 107934  3  1 94  2  0  0
 3  1 389408 14433012 2089132 161537780    0    0 136288 121960 99560 109427  3  1 95  2  0  0
 3  1 389408 14434100 2089132 161538536    0    0 138608 119924 99858 107275  3  1 95  2  0  0
 2  2 389408 14432372 2089132 161539228    0    0 138352 121364 99960 109043  3  1 95  2  0  0
 5  0 389408 14433624 2089132 161539948    0    0 136272 123524 99734 108442  3  1 95  2  0  0
 3  1 389408 14412308 2089136 161540688    0    0 137140 119900 99631 108565  3  1 95  2  0  0
 3  1 389408 14414004 2089136 161541396    0    0 137616 121036 99558 107989  3  1 95  2  0  0
 1  3 389408 14422064 2089136 161542152    0    0 138800 119088 99804 109240  3  1 95  2  0  0
 8  1 389408 14421944 2089136 161542856    0    0 138800 121472 99981 109761  3  1 95  2  0  0
 2  2 389408 14418504 2089136 161543580    0    0 138912 120872 99949 109777  3  1 95  2  0  0
 2  2 389408 14417512 2089140 161544348    0    0 137968 119824 99886 107888  3  1 95  2  0  0
 3  1 389408 14415808 2089140 161545112    0    0 139136 122020 99848 110222  3  1 95  2  0  0
 2  2 389408 14418096 2089140 161545784    0    0 135088 121640 99480 108632  3  1 95  2  0  0
 5  1 389408 14420076 2089140 161546532    0    0 133360 119712 99286 106821  3  1 95  2  0  0
 5  0 389408 14418676 2089140 161547248    0    0 135536 121852 99145 109318  3  1 95  2  0  0
 3  1 389408 14417024 2089144 161547984    0    0 134848 121076 99414 107294  3  1 95  2  0  0
procs -----------memory---------- ---swap-- -----io---- -system-- -------cpu-------
 r  b   swpd   free   buff  cache   si   so    bi    bo   in   cs us sy id wa st gu
 1  3 389408 14416048 2089144 161548660    0    0 136752 120924 99614 108199  3  1 95  2  0  0
 2  2 389408 14415412 2089144 161549344    0    0 137760 122880 99912 109289  3  1 95  2  0  0
 5  0 389408 14411040 2089144 161550080    0    0 137456 120056 99669 109626  3  1 95  2  0  0
 1  3 389408 14411640 2089144 161550840    0    0 134864 121444 99660 108600  3  1 95  2  0  0
 3  2 389408 14409356 2089144 161551568    0    0 136720 121964 99655 108674  3  1 95  2  0  0
 4  2 389408 14406240 2089144 161552276    0    0 137024 121460 99765 109387  3  1 95  2  0  0
 4  2 389408 14409956 2089144 161553044    0    0 137744 124448 99685 109114  3  1 95  2  0  0
 4  1 389408 14406868 2089144 161553716    0    0 137008 113296 99329 109536  3  1 95  2  0  0
 4  1 389408 14404048 2089144 161554472    0    0 136048 133340 100115 108744  3  1 95  2  0  0
 1  3 389408 14405788 2089144 161555252    0    0 138528 120180 99495 110143  3  1 95  2  0  0
 4  0 389408 14408560 2089144 161555948    0    0 138144 116820 99396 109973  3  1 95  2  0  0
 1  3 389408 14410220 2089144 161556704    0    0 137280 122628 99866 109600  3  1 95  2  0  0
 4  0 389408 14411952 2089144 161557408    0    0 138224 120752 99759 109853  3  1 94  2  0  0
 2  2 389408 14407992 2089144 161558104    0    0 138416 121272 99906 109416  3  1 95  2  0  0
 3  1 389408 14405016 2089148 161558872    0    0 136128 120924 99698 110239  3  1 95  2  0  0
 5  0 389408 14404728 2089148 161559620    0    0 137584 120356 100105 109274  3  1 95  2  0  0
 5  0 389408 14402844 2089148 161560356    0    0 138992 122228 100056 109287  3  1 95  2  0  0
 2  2 389408 14400792 2089148 161561044    0    0 136656 122864 99945 109315  3  1 95  2  0  0
