procs -----------memory---------- ---swap-- -----io---- -system-- -------cpu-------
 r  b   swpd   free   buff  cache   si   so    bi    bo   in   cs us sy id wa st gu
 6  1 389408 5128456 2102916 179920316    2    7 16660 22378 12180    3  2  0 97  0  0  0
181  1 389408 4849620 2102916 179920380    0    0 49840 137964 101037 76891 95  2  3  0  0  0
138  1 389408 4815388 2102916 179920424    0    0 66112 200452 100074 54191 98  1  1  0  0  0
121  1 389408 4796748 2102916 179920468    0    0 80384 120400 97330 46661 98  1  1  0  0  0
147  0 389408 4776488 2102916 179920516    0    0 80320 112096 121932 45270 97  1  2  0  0  0
164  1 389408 4758016 2102916 179920560    0    0 75744 108032 106856 44576 98  1  1  0  0  0
160  0 389408 4728456 2102916 179920612    0    0 77488 121744 97148 45723 98  1  1  0  0  0
128  0 389408 4717008 2102916 179920668    0    0 77760 122372 96471 45236 98  1  1  0  0  0
160  2 389408 4702376 2102916 179920704    0    0 75552 125328 97108 46265 98  1  1  0  0  0
123  2 389408 4689984 2102916 179920748    0    0 75600 110600 96139 44728 98  1  1  0  0  0
130  0 389408 4666340 2102916 179920792    0    0 76160 130328 97584 46761 98  1  1  0  0  0
152  3 389408 4660188 2102916 179920844    0    0 79664 101404 96589 42586 98  1  1  0  0  0
125  0 389408 4635788 2102916 179920892    0    0 81024 135700 97497 46409 98  1  1  0  0  0
125  2 389408 4619816 2102916 179920936    0    0 77392 128548 97099 44930 98  1  1  0  0  0
172  1 389408 4603440 2102916 179920976    0    0 80384 111924 95917 44787 98  1  1  0  0  0
109  0 389408 4581000 2102916 179921024    0    0 73360 144380 120839 50794 97  1  2  0  0  0
162  0 389408 4551964 2102916 179921076    0    0 72720 99488 95607 44894 99  1  0  0  0  0
116  1 389408 4538668 2102916 179921112    0    0 81408 127880 97697 47695 98  1  1  0  0  0
114  1 389408 4533104 2102916 179921152    0    0 79968 114420 95894 44611 98  1  1  0  0  0
134  0 389408 4519096 2102916 179921196    0    0 73312 142756 129168 46772 97  1  2  0  0  0
109  1 389408 4498264 2102916 179921244    0    0 80704 119060 97589 47172 98  1  1  0  0  0
procs -----------memory---------- ---swap-- -----io---- -system-- -------cpu-------
 r  b   swpd   free   buff  cache   si   so    bi    bo   in   cs us sy id wa st gu
74  2 389408 4475948 2102928 179921280    0    0 79072 108436 96442 45642 98  1  1  0  0  0
67  6 389408 3810428 2102928 179921336    0    0 116592 195488 1048450 522139 27 62 11  0  0  0
113  4 389408 3767640 2102928 179921384    0    0 127760 40184 250197 1571432 32 45 23  0  0  0
47  6 389408 3693300 2102928 179921884    0    0 177856 41624 246389 1563286 33 43 23  1  0  0
57  7 389408 3647268 2102928 179922076    0    0 145376 45152 243138 1554617 32 45 23  1  0  0
49  0 389408 3598392 2102928 179922544    0    0 190928 56152 248141 1562125 34 43 23  1  0  0
57  0 389408 3573704 2102928 179923096    0    0 144752 42952 245315 1542223 32 44 23  1  0  0
64  4 389408 3570732 2102928 179923420    0    0 147840 53012 246453 1559338 32 44 23  1  0  0
53  0 389408 3570388 2102928 179924044    0    0 185440 52560 251066 1553062 33 43 23  1  0  0
87  5 389408 3570412 2102928 179924256    0    0 180896 94624 249292 1517038 32 40 27  1  0  0
72  0 389408 3572980 2102928 179924968    0    0 172336 104472 253861 1461762 31 40 28  1  0  0
56  2 389408 3585880 2102928 179925252    0    0 158480 119896 246376 1481636 31 41 28  1  0  0
182  0 389408 3591532 2102928 179925684    0    0 166048 121620 246051 1469834 31 40 28  1  0  0
106  2 389408 3596232 2102928 179926192    0    0 170080 80496 246823 1526718 32 43 24  1  0  0
37  1 389408 3595808 2102928 179926668    0    0 175152 105664 236745 1468423 32 40 27  1  0  0
45  2 389408 3597236 2102928 179927308    0    0 224112 135608 241695 1448860 32 37 29  2  0  0
159  0 389408 3593044 2102928 179927612    8    0 193944 124760 242611 1469004 32 40 27  1  0  0
 4  0 389408 3588976 2102928 179928248    0    0 220080 141996 240481 1446081 32 38 28  1  0  0
33  0 389408 3575592 2102928 179928900    0    0 178800 111908 237771 1447880 31 40 28  1  0  0
55  4 389408 3573916 2102928 179929308    0    0 179344 100656 244988 1493573 33 40 26  1  0  0
23 25 389408 3563168 2102928 179929744    0    0 204576 135332 238955 1449595 31 40 27  1  0  0
procs -----------memory---------- ---swap-- -----io---- -system-- -------cpu-------
 r  b   swpd   free   buff  cache   si   so    bi    bo   in   cs us sy id wa st gu
 1  0 389408 3558152 2102928 179930272    0    0 190656 136436 237952 1444501 31 40 28  1  0  0
108  5 389408 3553588 2102928 179930776    0    0 203840 96868 249176 1506005 33 40 25  1  0  0
68 27 389408 3549576 2102928 179931312    0    0 178208 108996 249197 1465174 31 40 28  1  0  0
114  0 389408 3537780 2102928 179931912    0    0 218000 124608 241422 1440668 32 39 27  2  0  0
12 10 389408 3529940 2102928 179932552    0    0 208224 129404 241908 1438128 32 38 29  1  0  0
89  5 389408 3520612 2102928 179932852    0    0 221728 126820 244762 1461291 33 37 28  1  0  0
63  0 389408 3514736 2102928 179933488    0    0 156144 108892 240255 1454845 31 40 28  1  0  0
124 11 389408 3510344 2102928 179933912    0    0 157152 93124 242263 1492674 31 42 26  1  0  0
113  0 389408 3503576 2102928 179934320    0    0 168384 106948 241209 1478291 31 41 27  1  0  0
 5  7 389408 3499256 2102928 179934780    0    0 213360 148664 241463 1432822 33 37 29  1  0  0
51  4 389408 3492632 2102928 179935284    0    0 153344 76840 246852 1521595 33 42 24  1  0  0
60  0 389408 3485112 2102928 179935936    0    0 192512 118808 251044 1455628 32 39 28  1  0  0
44  2 389408 3479732 2102928 179936256    0    0 217792 137876 249734 1458831 32 38 28  1  0  0
106  0 389408 3472244 2102928 179936772    0    0 178480 119236 241068 1461553 31 40 28  1  0  0
 4  2 389408 3464004 2102928 179937360    0    0 165312 131472 241804 1453743 30 41 28  1  0  0
92  1 389408 3458440 2102928 179937752    0    0 164272 81020 247146 1510240 32 42 25  1  0  0
111  0 389408 3453104 2102932 179938192    0    0 201936 148568 242210 1431858 31 39 29  1  0  0
113  0 389408 3446520 2102932 179938668    0    0 135424 71908 245737 1527164 32 44 24  0  0  0
 2  0 389408 3436888 2102932 179939204    0    0 187088 125388 242028 1446619 32 39 28  1  0  0
15  0 389408 3431324 2102932 179939588    0    0 193152 117976 239968 1465027 32 40 27  1  0  0
19 24 389408 3417824 2102932 179940084    0    0 212944 127664 243794 1457341 32 39 28  1  0  0
procs -----------memory---------- ---swap-- -----io---- -system-- -------cpu-------
 r  b   swpd   free   buff  cache   si   so    bi    bo   in   cs us sy id wa st gu
176  0 389408 3413576 2102932 179940752    0    0 165904 126876 248772 1431773 30 40 29  1  0  0
16  4 389408 3403444 2102932 179941196    0    0 169312 90032 253673 1518552 33 41 25  1  0  0
73  0 389408 3398908 2102932 179941464    0    0 173840 119260 245790 1468866 32 41 27  1  0  0
26  0 389408 3393564 2102932 179942000    0    0 169120 90124 245248 1484957 32 42 25  1  0  0
102  0 389408 3384788 2102932 179942560    0    0 161328 123264 244630 1441553 32 39 28  1  0  0
43  4 389408 3382816 2102932 179942876    0    0 204032 135020 245209 1447197 32 39 28  1  0  0
252  0 389408 3373524 2102932 179943372    0    0 179040 113820 246286 1492606 33 41 26  1  0  0
22  9 389408 3366116 2102932 179943936    0    0 149792 76472 243476 1502148 31 43 25  1  0  0
63  8 389408 3358916 2102932 179944448    0    0 213136 129380 243217 1446074 32 39 28  1  0  0
28  0 389408 3346328 2102936 179944816    0    0 237108 156840 247193 1439028 33 37 29  2  0  0
30  1 389408 3341256 2102936 179945552    0    0 156384 109940 245696 1454131 31 41 28  1  0  0
36  1 389408 3333792 2102936 179946124    0    0 199440 130976 245428 1440916 32 38 29  1  0  0
133  0 389408 3324692 2102936 179946416    0    0 204496 107952 246885 1481259 33 40 26  1  0  0
64  1 389408 3320716 2102936 179946968    0    0 206480 148876 240863 1427455 31 38 29  1  0  0
67  0 389408 3311980 2102936 179947740    0    0 190912 112796 243915 1446724 32 39 28  1  0  0
175  0 389408 3302940 2102936 179947920    0    0 187552 107136 247729 1476452 33 40 26  1  0  0
77  0 389408 3299404 2102936 179948488    0    0 200688 139208 247154 1438423 31 39 28  1  0  0
64  0 389408 3293884 2102936 179949064    0    0 158160 89656 242375 1460693 32 41 27  1  0  0
34  2 389408 3284312 2102936 179949524    0    0 156704 119240 249572 1477106 32 40 27  1  0  0
153  0 389408 3277708 2102936 179949832    0    0 186032 135620 249220 1425402 31 38 30  1  0  0
 5  5 389408 3272812 2102936 179950364    0    0 189216 80984 262731 1537667 34 42 23  1  0  0
procs -----------memory---------- ---swap-- -----io---- -system-- -------cpu-------
 r  b   swpd   free   buff  cache   si   so    bi    bo   in   cs us sy id wa st gu
280  0 389408 3267516 2102936 179950912    0    0 141568 90148 252813 1465474 31 42 27  0  0  0
102  0 389408 3258904 2102936 179951448    0    0 193984 116900 243723 1448961 32 39 29  1  0  0
93  0 389408 3252072 2102936 179951660    0    0 181456 145264 242411 1420007 32 38 30  1  0  0
94  1 389408 3243296 2102936 179952212    0    0 144816 58236 246671 1509098 32 44 24  1  0  0
193  1 389408 3233296 2102936 179952856    0    0 193392 98028 246954 1457490 31 41 27  1  0  0
119 11 389408 3231840 2102936 179953100    0    0 168080 136252 244203 1461039 30 41 28  1  0  0
68  4 389408 3221820 2102936 179953576    0    0 175824 109492 243826 1450385 32 40 28  1  0  0
19 21 389408 3217548 2102936 179954064    0    0 171808 87064 248682 1512731 32 42 25  1  0  0
 6  0 389408 3213544 2102936 179954628    0    0 182560 112076 245295 1467916 32 40 27  1  0  0
151  0 389408 3208012 2102936 179954940    0    0 148320 110132 252032 1487975 32 41 27  1  0  0
102  4 389408 3201136 2102936 179955388    0    0 185456 128064 252202 1461025 31 40 27  1  0  0
159  2 389408 3193996 2102936 179955920    0    0 196656 96532 254714 1484699 33 39 27  1  0  0
79  0 389408 3186688 2102936 179956444    0    0 154112 108340 254324 1504051 32 42 25  1  0  0
103  9 389408 3177632 2102936 179957068    0    0 207872 113376 243493 1443778 32 39 28  1  0  0
13  0 389408 3172592 2102936 179957372    0    0 212640 126036 246688 1454781 33 38 28  1  0  0
45  1 389408 3165932 2102936 179957908    0    0 203888 161252 243055 1408514 31 36 31  1  0  0
29  2 389408 3158928 2102936 179958580    0    0 151696 74408 240142 1456288 31 41 27  1  0  0
252  0 389408 3156752 2102936 179959028    0    0 181424 99388 247385 1476161 32 41 26  1  0  0
88  0 389408 3150784 2102936 179959284    0    0 168384 109208 245740 1468180 32 41 27  1  0  0
115  0 389408 3145056 2102936 179959808    0    0 185392 119124 255177 1492321 33 40 26  1  0  0
49  3 389408 3139524 2102940 179960356    0    0 179680 92316 255066 1491855 32 41 26  1  0  0
procs -----------memory---------- ---swap-- -----io---- -system-- -------cpu-------
 r  b   swpd   free   buff  cache   si   so    bi    bo   in   cs us sy id wa st gu
41  2 389408 3132360 2102940 179960872    0    0 199168 137232 257829 1484340 32 39 28  1  0  0
 9  0 389408 3129952 2102940 179961324    0    0 172128 106680 252609 1471711 31 40 28  1  0  0
 1  3 389408 3122460 2102940 179961812    0    0 179120 123508 252373 1465917 32 40 27  1  0  0
 2  1 389408 3120812 2102940 179962268    0    0 176032 96344 246146 1478331 32 41 26  1  0  0
49  6 389408 3116120 2102944 179962752    0    0 215760 132544 243633 1440023 32 38 29  1  0  0
125  0 389408 3110536 2102944 179963372    0    0 182960 118148 243326 1453097 31 41 27  1  0  0
59  3 389408 3106728 2102944 179963868    0    0 181808 102336 248966 1477460 33 39 27  1  0  0
60  0 389408 3102048 2102944 179964236    0    0 182592 113584 243665 1466126 31 40 28  1  0  0
125 10 389408 3096300 2102944 179964740    0    0 172480 129288 242491 1443445 31 40 28  1  0  0
 8  0 389408 3089592 2102948 179965220    0    0 217168 103408 245399 1465355 32 39 27  1  0  0
54  1 389408 3083784 2102948 179965816    0    0 179216 125176 240854 1450609 32 40 27  1  0  0
98  1 389408 3081352 2102948 179966276    0    0 184944 109272 244468 1463806 32 40 26  1  0  0
53  9 389408 3080456 2102948 179966708    0    0 168320 108704 244017 1466950 31 41 27  1  0  0
13  1 389408 3077236 2102948 179967196    0    0 206560 142364 240357 1425606 31 38 29  1  0  0
 8  0 389408 3073028 2102948 179967968    0    0 195024 106256 252112 1483173 32 40 27  1  0  0
95  0 389408 3070412 2102948 179968180    0    0 194976 116540 251643 1464557 33 39 27  1  0  0
25  6 389408 3062156 2102948 179968724    0    0 198192 134756 249516 1461223 32 39 27  1  0  0
32  0 389408 3062424 2102948 179969436    0    0 192784 122588 245934 1460062 32 40 27  1  0  0
45  0 389408 3058288 2102948 179969736    0    0 206064 115912 250113 1472267 33 40 26  1  0  0
49  1 389408 3056920 2102948 179970312    0    0 192016 116440 246252 1453439 33 39 27  1  0  0
215  2 389408 3051632 2102948 179970876    0    0 168080 127360 242191 1439192 31 40 28  1  0  0
procs -----------memory---------- ---swap-- -----io---- -system-- -------cpu-------
 r  b   swpd   free   buff  cache   si   so    bi    bo   in   cs us sy id wa st gu
86 10 389408 3052236 2102948 179971476    0    0 194320 98884 246961 1473995 32 41 26  1  0  0
78  0 389408 3047772 2102948 179971692    0    0 196288 152816 251511 1464196 33 39 27  1  0  0
182  1 389408 3044544 2102948 179972328    0    0 156368 113204 253403 1476404 31 41 27  1  0  0
49  0 389408 3042380 2102948 179972956    0    0 242496 133240 248829 1461141 33 36 29  1  0  0
 4  0 389408 3039376 2102948 179973352    0    0 182112 114184 247925 1478995 33 40 27  1  0  0
11  1 389408 3034020 2102948 179973976    0    0 165840 113196 245343 1470165 31 42 26  1  0  0
101 12 389408 3033208 2102948 179974232    0    0 153072 92044 247062 1486817 32 43 25  1  0  0
118  0 389408 3031056 2102948 179974692    0    0 206336 137704 247183 1456962 33 38 28  1  0  0
90  1 389408 3028012 2102948 179975308    0    0 137376 76368 246695 1504660 31 45 24  0  0  0
65  2 389408 3024704 2102948 179975600    0    0 206240 135000 255300 1510157 34 40 24  2  0  0
42  0 389408 3020064 2102948 179976120    0    0 158336 111356 245907 1482914 32 42 25  1  0  0
68  1 389408 3014220 2102948 179976612    0    0 202528 117384 247480 1455289 33 38 28  1  0  0
14  0 389408 3015144 2102948 179977168    0    0 149264 72368 245539 1489022 31 43 25  1  0  0
30  3 389408 3002328 2102948 179977680    0    0 194336 151804 245112 1422324 30 39 29  1  0  0
139  0 389408 2996248 2102948 179977960    0    0 206960 117096 245147 1464172 33 39 27  1  0  0
106  0 389408 2993488 2102948 179978528    0    0 178496 121888 245356 1433814 32 39 28  1  0  0
69  4 389408 2992660 2102948 179979088    0    0 156576 69228 246904 1499256 32 43 24  1  0  0
31  1 389408 2989064 2102948 179979480    0    0 155552 119440 245585 1479042 31 42 26  1  0  0
41  0 389408 2985020 2102948 179979852    0    0 192000 140660 242513 1435388 32 37 30  1  0  0
91  1 389408 2983128 2102948 179980384    0    0 199888 111292 249341 1461261 32 40 27  1  0  0
46  0 389408 2976392 2102948 179980964    0    0 142912 66748 250717 1517904 32 45 23  0  0  0
procs -----------memory---------- ---swap-- -----io---- -system-- -------cpu-------
 r  b   swpd   free   buff  cache   si   so    bi    bo   in   cs us sy id wa st gu
64  4 389408 2974392 2102948 179981492    0    0 167520 108840 250235 1472692 31 42 26  1  0  0
30  1 389408 2972808 2102948 179981720    0    0 198144 144512 248424 1445140 31 39 28  1  0  0
 2  0 389408 2970216 2102948 179982276    0    0 149472 79784 249601 1495521 32 43 24  0  0  0
72  0 389408 2969960 2102948 179982808    0    0 172096 103248 251802 1460708 31 41 27  1  0  0
82  0 389408 2963092 2102948 179983308    0    0 174448 113012 250586 1469665 32 41 26  1  0  0
86  0 389408 3201036 2102952 179738572    0    0 186448 127164 244026 1444050 32 39 29  1  0  0
40  1 389408 3198496 2102952 179738452    0    0 182384 97168 247297 1468748 31 41 27  1  0  0
15  0 389408 3195636 2102952 179739028    0    0 133648 85408 244832 1473217 31 43 26  0  0  0
99  6 389408 3196136 2102952 179739340    0    0 199984 121480 251691 1495875 33 41 25  1  0  0
42  1 389408 3196280 2102952 179739784    0    0 139920 101780 246168 1496510 32 42 26  0  0  0
49  2 389408 3193792 2102952 179740228    0    0 190352 100700 249636 1476593 32 41 26  1  0  0
80  7 389408 3193524 2102952 179740796    0    0 134896 103544 242953 1469464 30 43 27  0  0  0
99  0 389408 3195444 2102952 179741108    0    0 186800 116676 251494 1469714 30 41 27  1  0  0
19  0 389408 3191728 2102952 179741524    0    0 192944 111708 255971 1492694 32 40 27  1  0  0
324  0 389408 3188208 2102952 179742132    0    0 171632 108976 252894 1470186 31 41 27  1  0  0
194  0 389408 3185728 2102956 179742600    0    0 148848 104548 247066 1474481 31 42 27  0  0  0
145  0 389408 3185376 2102956 179743156    0    0 177168 122336 244035 1474249 32 41 27  1  0  0
159  0 389408 3183268 2102956 179743380    0    0 218624 128260 241205 1473418 33 38 28  1  0  0
56  3 389408 3180104 2102956 179744008    0    0 189024 96208 240919 1493552 32 41 26  1  0  0
54  1 389408 3175952 2102956 179744560    0    0 176944 118632 240973 1489098 31 41 27  1  0  0
18  3 389408 3175520 2102956 179745032    0    0 206288 115684 241032 1475694 33 38 28  1  0  0
procs -----------memory---------- ---swap-- -----io---- -system-- -------cpu-------
 r  b   swpd   free   buff  cache   si   so    bi    bo   in   cs us sy id wa st gu
105  0 389408 3175112 2102956 179745560    0    0 165280 126772 238416 1452118 30 41 28  1  0  0
89  0 389408 3172616 2102956 179746040    0    0 166672 95768 248893 1524850 33 42 24  1  0  0
67  3 389408 3167860 2102956 179746416    0    0 172320 108868 240575 1487509 32 40 27  1  0  0
 4  0 389408 3170112 2102956 179746916    0    0 147248 88396 244011 1501207 31 43 25  1  0  0
 2  1 389408 3167232 2102956 179747312    0    0 196384 126928 243498 1448600 32 39 29  1  0  0
23  1 389408 3162728 2102956 179747760    0    0 190912 118080 243582 1474613 31 41 27  1  0  0
74  1 389408 3163340 2102960 179748316    0    0 177568 115344 250093 1495954 31 41 27  1  0  0
131  0 389408 3162124 2102960 179748796    0    0 189600 99396 252532 1509367 32 42 25  1  0  0
199  0 389408 3161984 2102960 179749292    0    0 155248 126596 249056 1482717 31 41 27  1  0  0
216  0 389408 3161032 2102960 179749728    0    0 227888 128276 246981 1470242 33 39 27  1  0  0
91 17 389408 3156468 2102960 179750240    0    0 183968 113752 242484 1470150 32 40 28  1  0  0
40  0 389408 3155344 2102960 179750804    0    0 183136 115480 246119 1488763 32 41 26  1  0  0
28  0 389408 3154408 2102960 179751348    0    0 145536 77916 244562 1514069 32 43 24  1  0  0
42  1 389408 3154580 2102960 179751632    0    0 176576 132760 241591 1460460 31 39 28  1  0  0
 6  3 389408 3150604 2102960 179752108    0    0 191920 125556 244088 1456320 32 39 28  1  0  0
 1  1 389408 3146576 2102960 179752684    0    0 148272 68456 244346 1506470 31 44 25  1  0  0
101  0 389408 3144516 2102960 179753240    0    0 188176 123824 245925 1465276 32 40 27  1  0  0
148  0 389408 3145264 2102960 179753412    0    0 173136 107924 244362 1486961 33 41 26  1  0  0
45  1 389408 3142076 2102960 179754004    0    0 150560 93228 254188 1515053 31 43 25  0  0  0
93  0 389408 3141132 2102960 179754524    0    0 158208 97912 253222 1487207 31 42 26  1  0  0
19  2 389408 3141260 2102960 179754716    0    0 196656 112820 249163 1497671 32 40 26  1  0  0
procs -----------memory---------- ---swap-- -----io---- -system-- -------cpu-------
 r  b   swpd   free   buff  cache   si   so    bi    bo   in   cs us sy id wa st gu
122  0 389408 3137112 2102968 179755244    0    0 186032 143552 244956 1452775 32 39 28  1  0  0
49  0 389408 3138636 2102968 179755856    0    0 147264 56092 248532 1530211 33 44 23  1  0  0
88  0 389408 3137880 2102968 179756408    0    0 165824 132536 243582 1440894 31 39 29  1  0  0
92  0 389408 3134252 2102968 179756508    0    0 180448 90316 247948 1512102 33 42 25  1  0  0
285  0 389408 3134600 2102968 179757076    0    0 177232 127608 247258 1477896 31 41 27  1  0  0
32  2 389408 3130584 2102968 179757624    0    0 162048 87404 243339 1484959 33 40 26  1  0  0
 8  0 389408 3127080 2102968 179758224    0    0 171376 120764 247618 1454886 31 40 28  1  0  0
83  5 389408 3128716 2102968 179758396    0    0 190448 122032 260927 1498872 33 40 26  1  0  0
12  0 389408 3130076 2102968 179759008    0    0 183632 134516 252691 1452611 31 39 29  1  0  0
65  2 389408 3125580 2102972 179759592    0    0 150400 58484 255754 1528489 33 43 24  1  0  0
110  1 389408 3122584 2102972 179760036    0    0 176256 129620 245872 1435817 31 39 29  1  0  0
113  1 389408 3118544 2102972 179760268    0    0 171888 114160 246525 1480886 32 41 27  1  0  0
53  2 389408 3118548 2102972 179760812    0    0 169632 80916 248915 1518331 33 42 25  1  0  0
10  0 389408 3118572 2102972 179761356    0    0 156848 111404 244079 1462111 31 41 27  1  0  0
81  8 389408 3117976 2102972 179761948    0    0 206144 131316 244435 1431018 30 39 29  1  0  0
243  0 389408 3113884 2102972 179762180    0    0 159296 108300 245162 1498828 31 43 25  1  0  0
74  4 389408 3116088 2102972 179762724    0    0 166208 82136 244388 1533727 31 44 24  1  0  0
149  4 389408 3115136 2102972 179763152    0    0 152880 103792 241506 1490970 31 42 27  1  0  0
69  2 389408 3115556 2102972 179763540    0    0 174960 113588 240738 1486578 31 41 27  1  0  0
217  0 389408 3117148 2102972 179764200    0    0 208512 124192 242929 1463956 31 41 27  1  0  0
112  0 389408 3114604 2102972 179764512    0    0 207824 122188 242696 1453490 32 39 28  1  0  0
procs -----------memory---------- ---swap-- -----io---- -system-- -------cpu-------
 r  b   swpd   free   buff  cache   si   so    bi    bo   in   cs us sy id wa st gu
83  3 389408 3117276 2102972 179765060    0    0 247280 141836 245902 1454744 33 37 28  2  0  0
81  5 389408 3119288 2102972 179765824    0    0 158448 119372 248676 1485536 31 41 27  1  0  0
91  2 389408 3118180 2102972 179766144    0    0 173488 97956 248379 1520006 33 40 26  1  0  0
63 11 389408 3114992 2102972 179766568    0    0 167920 129740 244021 1471040 32 39 28  1  0  0
49  2 389408 3111476 2102972 179767068    0    0 151552 86892 243510 1504719 32 42 25  1  0  0
48  1 389408 3101944 2102972 179767656    0    0 176816 114740 246124 1489554 32 41 27  1  0  0
 7  0 389408 3104120 2102972 179767888    0    0 228000 135092 249890 1490998 34 39 26  1  0  0
63  0 389408 3104576 2102972 179768560    0    0 185152 115972 239288 1480235 31 41 27  1  0  0
 2  0 389408 3100864 2102972 179769064    0    0 197888 126664 243074 1474065 31 41 27  1  0  0
90  0 389408 3097648 2102976 179769544    0    0 201856 123884 244579 1481040 32 39 27  1  0  0
74 11 389408 3098084 2102976 179770096    0    0 200544 123252 239169 1454847 32 39 28  1  0  0
98  5 389408 3097792 2102976 179770796    0    0 185856 111692 244953 1475540 31 43 25  1  0  0
33  1 389408 3098568 2102976 179771064    0    0 215408 137164 243493 1458667 33 38 28  1  0  0
44  2 389408 3096176 2102976 179771672    0    0 191056 119500 238812 1445618 30 40 29  1  0  0
38  0 389408 3101572 2102980 179772240    0    0 136368 83288 244689 1505545 32 43 25  0  0  0
107  0 389408 3100612 2102980 179772676    0    0 166112 111576 242331 1460114 31 41 27  1  0  0
55  1 389408 3098108 2102980 179772904    0    0 183248 121488 247193 1481057 32 41 26  1  0  0
27  1 389408 3097652 2102980 179773468    0    0 194832 95848 248091 1494824 32 42 25  1  0  0
93  0 389408 3095560 2102980 179774096    0    0 163232 97212 240172 1471282 32 41 27  1  0  0
103  4 389408 3094872 2102984 179774540    0    0 167792 127592 243120 1471728 32 40 27  1  0  0
272  0 389408 3092516 2102984 179774780    0    0 163520 112784 246202 1500461 32 41 26  1  0  0
procs -----------memory---------- ---swap-- -----io---- -system-- -------cpu-------
 r  b   swpd   free   buff  cache   si   so    bi    bo   in   cs us sy id wa st gu
135  0 389408 3095324 2102984 179775320    0    0 212400 131472 244866 1443128 32 40 27  1  0  0
39  1 389408 3093984 2102984 179775944    0    0 151296 75056 243475 1499789 32 43 25  1  0  0
96  1 389408 3093732 2102984 179776300    0    0 169680 126976 242171 1456683 32 40 27  1  0  0
70  0 389408 3091600 2102984 179776644    0    0 196176 108864 249276 1496667 33 40 26  1  0  0
246  0 389408 3090344 2102984 179777296    0    0 192496 130252 238586 1427319 31 39 28  1  0  0
88  0 389408 3092248 2102984 179777792    0    0 174464 84572 247542 1535403 33 43 23  1  0  0
99  0 389408 3087720 2102984 179778248    0    0 206736 124936 246413 1456645 32 39 27  1  0  0
99 10 389408 3090288 2102984 179778800    0    0 191408 135012 243274 1453049 31 39 29  1  0  0
102  0 389408 3089080 2102984 179779480    0    0 216832 123916 244738 1458959 32 39 27  1  0  0
98  0 389408 3088984 2102984 179779828    0    0 216512 133236 244206 1475015 32 38 28  1  0  0
86  1 389408 3087132 2102984 179780400    0    0 225808 139904 241561 1426799 32 38 28  2  0  0
169  0 389408 3087456 2102984 179781072    0    0 168736 125724 239089 1448665 31 39 29  1  0  0
90  0 389408 3087032 2102984 179781576    0    0 171120 98360 255678 1509003 32 42 25  1  0  0
69  0 389408 3087528 2102984 179781808    0    0 186784 122648 245936 1468930 32 40 27  1  0  0
 6  3 389408 3085512 2102984 179782408    0    0 165152 109152 242372 1476856 32 40 27  1  0  0
99  0 389408 3086312 2102984 179782912    0    0 158512 87044 244771 1486432 32 42 25  1  0  0
85  3 389408 3085356 2102984 179783432    0    0 182096 127920 241743 1437843 31 40 28  1  0  0
111 20 389408 3089648 2102984 179783660    0    0 186928 125384 249406 1495882 34 38 27  1  0  0
84  3 389408 3086700 2102984 179784316    0    0 153760 60288 247552 1532966 32 44 23  1  0  0
33  0 389408 3082772 2102984 179784908    0    0 181584 135112 246683 1448689 31 40 28  1  0  0
31  1 389408 3080560 2102984 179785056    0    0 158416 125304 248141 1461265 32 40 28  1  0  0
procs -----------memory---------- ---swap-- -----io---- -system-- -------cpu-------
 r  b   swpd   free   buff  cache   si   so    bi    bo   in   cs us sy id wa st gu
 1  0 389408 3084308 2102984 179785556    0    0 152896 92664 247748 1496941 32 41 26  1  0  0
125  0 389408 3084068 2102984 179786200    0    0 184224 94320 246004 1482849 32 41 26  1  0  0
36  0 389408 3084884 2102984 179786376    0    0 190432 143792 243063 1449596 32 39 28  1  0  0
158  0 389408 3084116 2102984 179786952    0    0 199376 95920 249716 1502468 32 42 25  1  0  0
46 21 389408 3081116 2102984 179787532    0    0 171120 118208 244174 1469290 32 41 27  1  0  0
257  0 389408 3080584 2102984 179788084    0    0 138480 75840 244340 1489595 31 44 25  0  0  0
268  0 389408 3083448 2102984 179788328    0    0 191408 134472 241797 1442621 31 39 28  1  0  0
75  7 389408 3083840 2102992 179788772    0    0 194608 131196 244339 1457338 32 39 27  1  0  0
 6  1 389408 3081824 2102992 179789368    0    0 174368 70996 249985 1519550 33 43 24  1  0  0
78  2 389408 3079572 2102992 179789956    0    0 143952 101592 242678 1444505 30 42 27  0  0  0
174  0 389408 3079924 2102992 179790192    0    0 168848 134068 245249 1447026 31 41 28  1  0  0
 7  0 389408 3079792 2102992 179790600    0    0 173728 82592 251958 1524093 33 43 23  1  0  0
86  3 389408 3078688 2102992 179791140    0    0 176528 95300 249496 1499979 33 41 25  1  0  0
28  0 389408 3079380 2102992 179791732    0    0 162576 129696 240370 1416297 30 40 29  1  0  0
112  0 389408 3079488 2102992 179792236    0    0 174272 120152 243120 1450016 31 40 28  1  0  0
151  0 389408 3077312 2102992 179792456    0    0 187808 119204 244720 1482671 32 41 26  1  0  0
199  0 389408 3075504 2102992 179792944    0    0 166032 64840 251003 1524745 33 43 23  1  0  0
37  5 389408 3074596 2102992 179793480    0    0 160448 120904 241888 1435586 31 40 28  1  0  0
96  0 389408 3075512 2102992 179793932    0    0 144544 99120 246440 1474918 31 43 26  0  0  0
48  0 389408 3077972 2102992 179794388    0    0 180160 116772 245822 1457025 32 40 27  1  0  0
79  0 389408 3079484 2102992 179794656    0    0 181232 91780 250669 1502476 33 42 23  1  0  0
procs -----------memory---------- ---swap-- -----io---- -system-- -------cpu-------
 r  b   swpd   free   buff  cache   si   so    bi    bo   in   cs us sy id wa st gu
59 11 389408 3077472 2102992 179795288    0    0 182400 95576 245474 1489396 33 41 26  1  0  0
93  0 389408 3075612 2102992 179795956    0    0 182416 121568 241586 1431525 31 39 29  1  0  0
55  1 389408 3074112 2102992 179796140    0    0 199072 141904 245050 1439327 31 40 28  1  0  0
48  2 389408 3072852 2102992 179796744    0    0 198512 122892 247503 1460483 32 40 28  1  0  0
12  4 389408 3071872 2102992 179797448    0    0 177328 116892 242288 1457230 32 39 28  1  0  0
36  1 389408 3072112 2102992 179797672    0    0 181424 96372 255505 1513592 33 41 25  1  0  0
94  2 389408 3070212 2102992 179798124    0    0 186096 125236 254755 1492172 32 40 26  1  0  0
71  6 389408 3066884 2102992 179798748    0    0 193040 133616 251012 1482360 32 40 27  1  0  0
44  0 389408 3063848 2102992 179799196    0    0 229120 120076 254627 1486434 34 39 26  1  0  0
80  8 389408 3064376 2102992 179799900    0    0 155600 93600 244286 1462044 30 43 26  1  0  0
40  6 389408 3066704 2102992 179800224    0    0 201200 135016 244911 1444037 31 40 28  1  0  0
 7  0 389408 3069104 2102992 179800680    0    0 186272 119120 249694 1486452 32 40 26  1  0  0
28  0 389408 3073124 2102992 179801212    0    0 169072 118184 243857 1454029 32 40 27  1  0  0
90  5 389408 3072104 2102992 179801688    0    0 184640 110700 244006 1479436 33 40 27  1  0  0
50  2 389408 3070340 2102992 179802160    0    0 200576 107552 248376 1466127 32 41 27  1  0  0
175  0 389408 3071692 2102992 179802776    0    0 166096 105784 251494 1466190 30 42 27  1  0  0
42  3 389408 3070284 2103000 179803156    0    0 219008 137240 251525 1465884 32 39 27  1  0  0
33  0 389408 3068556 2103000 179803664    0    0 166304 122932 243817 1445052 31 41 28  1  0  0
130  0 389408 3067352 2103000 179804136    0    0 184928 129184 244176 1458818 32 40 27  1  0  0
66  0 389408 3064436 2103000 179804656    0    0 128480 60268 248748 1524084 32 44 23  0  0  0
183  0 389408 3065912 2103000 179805220    0    0 207488 115888 247178 1455921 32 40 27  1  0  0
procs -----------memory---------- ---swap-- -----io---- -system-- -------cpu-------
 r  b   swpd   free   buff  cache   si   so    bi    bo   in   cs us sy id wa st gu
39  2 389408 3066216 2103000 179805488    0    0 170736 113448 249844 1486252 32 42 26  1  0  0
117  0 389408 3066256 2103000 179805996    0    0 179088 114212 244847 1462546 31 41 27  1  0  0
 3  0 389408 3066804 2103000 179806516    0    0 186576 97136 246263 1502461 33 42 24  1  0  0
106  6 389408 3069888 2103000 179806960    0    0 204944 125036 241568 1436877 31 38 29  1  0  0
40  0 389408 3067852 2103000 179807572    0    0 164416 110260 243039 1454669 30 42 27  1  0  0
56  2 389408 3065092 2103000 179808048    0    0 172080 123804 247256 1487380 32 40 27  1  0  0
77  6 389408 3060796 2103000 179808376    0    0 241424 125644 251796 1479167 34 38 26  2  0  0
57  1 389408 3063648 2103000 179809140    0    0 172560 136124 246895 1423795 30 40 29  1  0  0
46  4 389408 3060624 2103000 179809576    0    0 200528 118836 246440 1476765 32 41 26  1  0  0
83  7 389408 3057760 2103000 179809984    0    0 221056 128728 247708 1482147 33 39 26  1  0  0
194  0 389408 3058480 2103004 179810616    0    0 163200 137112 241071 1423426 30 40 29  1  0  0
72  2 389408 3061016 2103004 179811140    0    0 210064 123560 246356 1452010 32 39 28  1  0  0
41  6 389408 3059424 2103004 179811524    0    0 211936 118440 247839 1483275 34 39 26  1  0  0
48  4 389408 3058428 2103004 179812120    0    0 211392 114936 246798 1474550 34 38 27  1  0  0
73  0 389408 3058112 2103004 179812800    0    0 168960 124076 242116 1434598 30 40 28  1  0  0
27  0 389408 3059428 2103012 179813100    0    0 221936 145720 247109 1451926 33 39 27  2  0  0
11  0 389408 3058736 2103012 179813764    0    0 198816 106288 246311 1468676 32 41 26  1  0  0
197  0 389408 3057776 2103012 179814316    0    0 202160 147332 242761 1417740 32 37 30  1  0  0
76  7 389408 3059516 2103012 179814684    0    0 168800 115900 246862 1474992 31 42 26  1  0  0
111  2 389408 3056552 2103012 179815264    0    0 185744 113476 242429 1446574 32 40 27  1  0  0
82  9 389408 3054616 2103012 179815900    0    0 219344 121476 246816 1462284 33 38 28  1  0  0
procs -----------memory---------- ---swap-- -----io---- -system-- -------cpu-------
 r  b   swpd   free   buff  cache   si   so    bi    bo   in   cs us sy id wa st gu
120  1 389408 3051700 2103012 179816284    0    0 217200 117764 250268 1485019 34 38 27  1  0  0
84  4 389408 3047016 2103012 179816952    0    0 160000 113936 239858 1444960 31 41 28  1  0  0
 3  2 389408 3046568 2103012 179817448    0    0 216624 154636 240578 1402296 31 36 31  1  0  0
99  3 389408 3046452 2103012 179817820    0    0 196928 120148 249313 1481073 33 40 26  1  0  0
77  2 389408 3047516 2103016 179818400    0    0 216144 134108 248251 1435279 32 38 29  1  0  0
38  0 389408 3044964 2103016 179819088    0    0 155104 99088 240670 1456180 31 41 26  1  0  0
 8  0 389408 3046440 2103016 179819332    0    0 199280 112228 246692 1469688 32 40 27  1  0  0
81  0 389408 3047976 2103016 179819864    0    0 181872 123716 243405 1441555 31 41 27  1  0  0
81  0 389408 3047644 2103016 179820388    0    0 192912 144704 246504 1464609 33 38 28  1  0  0
 9  0 389408 3046792 2103024 179820952    0    0 155696 76768 250723 1524561 32 44 23  1  0  0
 9  0 389408 3044868 2103024 179821460    0    0 182960 118260 243583 1446480 31 40 28  1  0  0
11  0 389408 3045892 2103024 179821712    0    0 178736 109296 245044 1471558 32 41 27  1  0  0
72  2 389408 3046024 2103024 179822300    0    0 193424 124816 245952 1457633 33 39 27  1  0  0
119 12 389408 3045176 2103024 179822860    0    0 158288 95252 249847 1524553 33 44 23  1  0  0
100  2 389408 3043384 2103024 179823388    0    0 199664 109188 246513 1478156 32 41 26  1  0  0
95  0 389408 3043936 2103024 179823676    0    0 164848 119472 244531 1444112 31 40 28  1  0  0
43  5 389408 3042936 2103024 179824208    0    0 187856 116872 244270 1456950 31 39 28  1  0  0
57  0 389408 3041436 2103024 179824736    0    0 186960 114044 250611 1492676 33 41 25  1  0  0
34  0 389408 3039680 2103024 179825300    0    0 155488 71512 245075 1486427 32 43 25  1  0  0
70  1 389408 3039232 2103024 179825732    0    0 183184 125684 245338 1463415 32 40 27  1  0  0
 7  1 389408 3040796 2103024 179826060    0    0 206144 134636 245218 1435461 32 38 29  1  0  0
procs -----------memory---------- ---swap-- -----io---- -system-- -------cpu-------
 r  b   swpd   free   buff  cache   si   so    bi    bo   in   cs us sy id wa st gu
146  0 389408 3042860 2103024 179826628    0    0 174288 136588 243926 1440264 31 40 29  1  0  0
29  1 389408 3040108 2103024 179827168    0    0 118560 38732 243965 1513331 32 44 24  0  0  0
22  0 389408 3040412 2103028 179827568    0    0 196772 135820 241991 1454523 31 40 28  1  0  0
56  0 389408 3043680 2103028 179827896    0    0 187984 109616 244782 1449731 31 40 27  1  0  0
76  0 389408 3042652 2103028 179828464    0    0 161376 92484 248713 1495415 32 42 25  1  0  0
75  7 389408 3042956 2103028 179829008    0    0 133296 62304 245808 1504043 33 43 24  1  0  0
118  0 389408 3043344 2103028 179829236    0    0 185920 133500 245801 1457208 33 40 27  1  0  0
21  0 389408 3041992 2103028 179829728    0    0 172160 136124 241442 1419237 30 39 30  1  0  0
70  2 389408 3042880 2103032 179830244    0    0 186576 96692 256426 1531637 34 43 23  1  0  0
48  3 389408 3042628 2103032 179830864    0    0 177264 78824 241236 1470737 32 40 27  1  0  0
199  1 389408 3041392 2103032 179831200    0    0 184240 149608 244022 1453570 32 40 27  1  0  0
60  4 389408 3039148 2103032 179831776    0    0 191264 103328 243822 1456126 32 40 28  1  0  0
75  5 389408 3037856 2103032 179832236    0    0 171472 119624 239019 1414638 30 40 29  1  0  0
15  0 389408 3033884 2103040 179832704    0    0 157152 100024 249081 1517761 33 41 25  1  0  0
76  8 389408 3036112 2103040 179833296    0    0 198112 98868 247074 1489260 34 40 26  1  0  0
17  1 389408 3038028 2103040 179833604    0    0 167600 101656 242093 1436539 31 40 29  1  0  0
 6  0 389408 3038584 2103040 179834024    0    0 186240 120580 245354 1445697 31 40 28  1  0  0
52  0 389408 3037076 2103040 179834584    0    0 184848 116676 253133 1491128 33 41 25  1  0  0
170  3 389408 3036480 2103044 179835136    0    0 163680 86520 245764 1478289 32 42 26  1  0  0
104  7 389408 3035964 2103044 179835440    0    0 238288 127988 250755 1479564 35 37 27  1  0  0
80  2 389408 3036456 2103044 179836108    0    0 174528 134616 243008 1440475 31 41 28  1  0  0
procs -----------memory---------- ---swap-- -----io---- -system-- -------cpu-------
 r  b   swpd   free   buff  cache   si   so    bi    bo   in   cs us sy id wa st gu
54  1 389408 3036664 2103044 179836540    0    0 209808 135152 243374 1429609 31 39 29  1  0  0
75  0 389408 3033916 2103044 179837192    0    0 168640 124196 249194 1471634 32 42 26  1  0  0
58  0 389408 3033192 2103048 179837796    0    0 154448 65712 240945 1498910 32 42 25  1  0  0
58  0 389408 3033900 2103048 179837904    0    0 173888 107244 242444 1486779 32 40 27  1  0  0
153  5 389408 3034108 2103048 179838416    0    0 196624 121860 243012 1446345 32 39 28  1  0  0
24  0 389408 3031256 2103048 179839108    0    0 219008 142080 242024 1424340 32 38 29  1  0  0
39  1 389408 3031564 2103048 179839588    0    0 192512 110004 246225 1474539 32 40 26  1  0  0
103  0 389408 3029608 2103048 179840316    0    0 167104 96552 244468 1477768 31 42 25  1  0  0
50  1 389408 3028956 2103048 179840432    0    0 211664 111008 244852 1454394 32 40 27  1  0  0
112  1 389408 3028856 2103048 179841084    0    0 190736 137156 245522 1451023 33 38 28  1  0  0
62  1 389408 3029944 2103048 179841712    0    0 149664 107016 243277 1472410 32 42 25  1  0  0
58  1 389408 3029784 2103048 179842164    0    0 177760 77832 245779 1507190 32 42 25  1  0  0
25 22 389408 3026840 2103052 179842408    0    0 185584 112608 243843 1439425 32 40 27  1  0  0
65  6 389408 3026908 2103052 179843024    0    0 212848 164096 240033 1407299 32 37 30  1  0  0
 0  1 389408 3023992 2103052 179843604    0    0 184704 94016 243577 1470154 32 40 27  1  0  0
16  0 389408 3023056 2103052 179844156    0    0 163440 105780 248610 1510379 32 43 24  1  0  0
35  3 389408 3023568 2103052 179844684    0    0 187216 101264 245413 1468520 31 41 27  1  0  0
83 12 389408 3021872 2103052 179844868    0    0 191408 126172 243046 1439837 32 39 28  1  0  0
18 80 389408 3023524 2103052 179845504    0    0 194432 162840 249678 1449919 32 39 28  1  0  0
20  0 389408 3025384 2103052 179846212    0    0 165040 72880 243662 1454821 31 42 26  1  0  0
64  1 389408 3022384 2103052 179846348    0    0 167984 103716 244041 1473442 32 41 26  1  0  0
procs -----------memory---------- ---swap-- -----io---- -system-- -------cpu-------
 r  b   swpd   free   buff  cache   si   so    bi    bo   in   cs us sy id wa st gu
68  0 389408 3024056 2103052 179846944    0    0 199472 127680 247504 1475587 32 41 26  1  0  0
48  2 389408 3020664 2103052 179847452    0    0 144880 92588 245510 1488565 32 42 25  1  0  0
 9  0 389408 3018712 2103052 179847876    0    0 186784 110416 245700 1477631 33 40 26  1  0  0
192  0 389408 3019760 2103052 179848372    0    0 212224 135988 246247 1451068 32 38 29  1  0  0
44  0 389408 3017928 2103052 179848932    0    0 152736 101100 245153 1482585 32 42 26  1  0  0
109  0 389408 3020408 2103052 179849312    0    0 190080 107456 244997 1465443 32 39 28  1  0  0
248  0 389408 3016752 2103060 179849876    0    0 234336 130820 245217 1453535 33 38 27  2  0  0
111  0 389408 3015552 2103060 179850436    0    0 197888 123860 243579 1481815 33 41 25  1  0  0
125  0 389408 3016552 2103060 179850940    0    0 168832 121824 239660 1462087 32 40 28  1  0  0
37  4 389408 3018580 2103060 179851352    0    0 194832 100040 249714 1497190 34 40 26  1  0  0
138  5 389408 3016776 2103060 179851972    0    0 163808 114356 244137 1474014 31 42 26  1  0  0
85  6 389408 3017916 2103060 179852416    0    0 209856 123616 241200 1462363 32 39 28  1  0  0
 8  0 389408 3016200 2103060 179852876    0    0 225456 136292 246428 1471967 33 39 27  2  0  0
86  1 389408 3015040 2103060 179853612    0    0 144512 123664 243396 1447179 30 42 27  1  0  0
72  4 389408 3015332 2103060 179853908    0    0 184928 95912 244269 1489581 32 42 25  1  0  0
69  0 389408 3016140 2103060 179854336    0    0 197344 112048 247084 1486446 33 40 25  1  0  0
94  0 389408 3014324 2103060 179854984    0    0 166768 113764 246563 1487442 31 41 27  1  0  0
48  4 389408 3013944 2103060 179855468    0    0 161024 88264 244019 1502463 32 42 25  1  0  0
79 10 389408 3013816 2103060 179855728    0    0 188560 140204 252487 1450298 31 39 29  1  0  0
77  3 389408 3015060 2103060 179856320    0    0 192512 117460 249527 1463097 31 40 28  1  0  0
163  9 389408 3012764 2103060 179856780    0    0 186704 119892 244702 1463890 31 40 28  1  0  0
procs -----------memory---------- ---swap-- -----io---- -system-- -------cpu-------
 r  b   swpd   free   buff  cache   si   so    bi    bo   in   cs us sy id wa st gu
106  0 389408 3014320 2103060 179857380    0    0 160528 75656 244617 1502486 31 43 25  1  0  0
38  2 389408 3012380 2103060 179857760    0    0 162816 126252 243114 1484104 31 41 26  1  0  0
118  1 389408 3013884 2103060 179858100    0    0 205120 135488 245531 1445234 33 37 29  1  0  0
97  7 389408 3012652 2103060 179858728    0    0 165504 101460 245885 1491037 32 41 26  1  0  0
103 14 389408 3012944 2103060 179859308    0    0 190896 104384 250835 1490368 33 40 26  1  0  0
133  0 389408 3013460 2103064 179859744    0    0 147824 87168 246769 1508100 32 43 25  1  0  0
 3  0 389408 3011908 2103064 179860068    0    0 208080 137444 244335 1458615 32 39 28  1  0  0
55  2 389408 3014000 2103064 179860680    0    0 202304 118640 244858 1473206 33 39 27  1  0  0
127 12 389408 3014040 2103064 179861188    0    0 180544 135412 242561 1442899 31 40 27  1  0  0
155  0 389408 3008208 2103064 179861724    0    0 218752 132672 249690 1471611 33 37 28  1  0  0
111  0 389408 3008268 2103064 179862224    0    0 162992 87124 246089 1517579 32 43 24  1  0  0
35  0 389408 3008440 2103064 179862780    0    0 223216 119692 245260 1485928 33 40 26  1  0  0
 3  1 389408 3007244 2103064 179863224    0    0 223520 143824 243038 1465429 32 38 29  1  0  0
80  5 389408 3009956 2103064 179863784    0    0 191584 143780 244779 1474049 32 39 28  1  0  0
42  0 389408 3009068 2103064 179864524    0    0 218304 137868 241003 1448185 33 37 29  1  0  0
32  0 389408 3007720 2103064 179864920    0    0 189280 109792 243329 1475356 33 40 27  1  0  0
37  0 389408 3007412 2103064 179865296    0    0 202400 120848 247083 1473136 33 40 26  1  0  0
73  0 389408 3003004 2103064 179865944    0    0 166064 133548 241768 1462121 31 40 28  1  0  0
11  0 389408 3003356 2103064 179866412    0    0 219104 121712 251434 1513170 34 38 27  1  0  0
168  0 389408 3004416 2103064 179866932    0    0 189200 113376 243793 1467979 32 39 27  1  0  0
 6  0 389408 3005636 2103064 179867488    0    0 156944 121832 244843 1463292 31 42 26  1  0  0
procs -----------memory---------- ---swap-- -----io---- -system-- -------cpu-------
 r  b   swpd   free   buff  cache   si   so    bi    bo   in   cs us sy id wa st gu
60  8 389408 3004416 2103064 179867736    0    0 206464 120912 251393 1492858 33 39 26  1  0  0
64  6 389408 3002464 2103064 179868416    0    0 194624 134964 242235 1447145 31 39 29  1  0  0
203  0 389408 3001256 2103064 179869084    0    0 196288 131204 244693 1452631 32 40 27  1  0  0
256  0 389408 2998036 2103064 179869340    0    0 197360 107592 246969 1480563 32 40 26  1  0  0
45  0 389408 2997032 2103064 179869972    0    0 174304 118288 241871 1468033 32 39 28  1  0  0
46  0 389408 2995992 2103064 179870584    0    0 201008 143652 248101 1453349 33 38 28  1  0  0
12  0 389408 2994680 2103064 179871028    0    0 145312 65688 248493 1507325 32 44 24  0  0  0
67  0 389408 2997280 2103064 179871436    0    0 180288 135956 245425 1463235 31 41 27  1  0  0
159  0 389408 2998712 2103064 179871732    0    0 144880 60668 251265 1535018 33 44 22  1  0  0
112  0 389408 2997516 2103068 179872300    0    0 198096 128304 242712 1460893 32 38 29  1  0  0
22  0 389408 2996580 2103068 179872824    0    0 147760 88040 243906 1473591 31 42 26  1  0  0
86  0 389408 2995368 2103068 179873052    0    0 222992 130176 246796 1474856 34 37 28  1  0  0
235  0 389408 2978484 2103068 179873712    0    0 149424 120832 251991 1474814 30 43 27  1  0  0
141  0 389408 2979452 2103068 179874176    0    0 200080 141472 250280 1451287 32 37 30  1  0  0
209  0 389408 2982548 2103072 179874672    0    0 143360 52912 259759 1544549 32 45 23  0  0  0
 8  0 389408 2981624 2103072 179875032    0    0 191376 140984 254028 1474686 31 41 27  1  0  0
 8  0 389408 2982420 2103072 179875536    0    0 195056 99420 249281 1501982 32 41 26  1  0  0
69  0 389408 2983060 2103072 179876024    0    0 189024 149396 243392 1431901 32 38 29  1  0  0
48  9 389408 2978836 2103072 179876636    0    0 180208 102020 246137 1481514 32 42 26  1  0  0
46 19 389408 2977128 2103076 179877108    0    0 194432 103428 242074 1470370 32 41 26  1  0  0
66  1 389408 2975208 2103076 179877548    0    0 164512 116032 251646 1486016 32 42 25  1  0  0
procs -----------memory---------- ---swap-- -----io---- -system-- -------cpu-------
 r  b   swpd   free   buff  cache   si   so    bi    bo   in   cs us sy id wa st gu
89  0 389408 2974452 2103076 179878000    0    0 176704 114768 251268 1510458 33 40 26  1  0  0
107  0 389408 2971536 2103076 179878484    0    0 182832 128572 242190 1436798 31 39 28  1  0  0
57  3 389408 2967800 2103076 179879020    0    0 141040 61008 251293 1536696 33 45 22  0  0  0
44  0 389408 2965144 2103076 179879380    0    0 171920 108464 245914 1501192 32 42 25  1  0  0
 3  1 389408 2965168 2103076 179879760    0    0 155728 115076 247220 1486061 32 42 26  1  0  0
68  1 389408 2965708 2103076 179880316    0    0 192288 101364 249164 1487157 32 41 27  1  0  0
15  0 389408 2959972 2103076 179880848    0    0 150160 102004 244249 1470085 31 42 26  1  0  0
97  0 389408 3207376 2103076 179635928    0    0 172224 115132 247684 1488343 32 42 26  1  0  0
68  0 389408 3206680 2103080 179636512    0    0 188448 104268 247303 1488469 32 42 25  1  0  0
106  0 389408 3203644 2103080 179637096    0    0 170528 113072 252694 1485596 32 41 27  1  0  0
122  0 389408 3204996 2103080 179637448    0    0 160336 107572 257052 1476763 31 42 26  1  0  0
60  8 389408 3205700 2103080 179637912    0    0 177568 118212 256664 1490847 32 41 26  1  0  0
60  6 389408 3203948 2103080 179638284    0    0 191360 131832 246183 1446962 32 39 28  1  0  0
68  2 389408 3202280 2103080 179638884    0    0 139296 57068 248861 1522719 32 45 23  0  0  0
63  3 389408 3202604 2103080 179639388    0    0 179856 116716 246823 1464522 32 41 26  1  0  0
114  7 389408 3202408 2103080 179639628    0    0 161888 115152 248291 1478327 32 41 26  1  0  0
 1  1 389408 3200316 2103080 179640180    0    0 180560 112740 248752 1483140 33 39 27  1  0  0
145  2 389408 3198804 2103080 179640712    0    0 148512 81480 246553 1488098 31 43 25  0  0  0
158  7 389408 3199492 2103080 179641040    0    0 188640 134928 244500 1432834 31 40 28  1  0  0
56  2 389408 3197552 2103080 179641516    0    0 193488 90200 252232 1511328 33 41 25  1  0  0
24  0 389408 3201380 2103080 179642004    0    0 169120 127408 253573 1481544 32 40 27  1  0  0
procs -----------memory---------- ---swap-- -----io---- -system-- -------cpu-------
 r  b   swpd   free   buff  cache   si   so    bi    bo   in   cs us sy id wa st gu
60  1 389408 3200688 2103080 179642540    0    0 152656 75732 257535 1517681 32 43 24  1  0  0
12  0 389408 3196708 2103080 179642968    0    0 154128 114156 251491 1457791 31 40 28  1  0  0
76  1 389408 3199284 2103084 179643288    0    0 216736 126952 255779 1465545 32 39 27  1  0  0
72  0 389408 3199600 2103084 179643940    0    0 180080 124332 248368 1460453 31 40 28  1  0  0
57  2 389408 3199436 2103084 179644488    0    0 179072 88460 254157 1539144 33 41 26  1  0  0
62  0 389408 3200984 2103084 179644924    0    0 159888 110152 240622 1453252 31 41 28  1  0  0
17  0 389408 3200232 2103084 179645228    0    0 189568 122216 241617 1479994 32 41 26  1  0  0
119 10 389408 3200168 2103084 179645880    0    0 171696 95696 247110 1512848 32 42 25  1  0  0
91  4 389408 3199116 2103084 179646276    0    0 173936 106120 241376 1483019 31 41 27  1  0  0
95  0 389408 3200600 2103084 179646768    0    0 162208 104520 241424 1481312 31 41 27  1  0  0
280  0 389408 3198300 2103084 179647064    0    0 160448 107456 245077 1493141 32 42 26  1  0  0
97  1 389408 3197132 2103084 179647640    0    0 196976 121684 241210 1471793 32 40 28  1  0  0
 4  0 389408 3194576 2103088 179648188    0    0 171040 95972 242875 1489515 32 40 27  1  0  0
 7  0 389408 3193860 2103088 179648620    0    0 159104 106708 253063 1488704 31 42 26  1  0  0
34  0 389408 3195188 2103088 179648932    0    0 162752 99720 257016 1541021 33 43 24  1  0  0
 7  0 389408 3196948 2103088 179649532    0    0 196352 148672 251386 1440208 31 39 29  1  0  0
76  1 389408 3195976 2103088 179649972    0    0 136528 52504 257315 1539253 31 45 23  0  0  0
67  6 389408 3196960 2103088 179650340    0    0 168624 124192 250528 1466726 31 40 28  1  0  0
22  4 389408 3195616 2103088 179650800    0    0 149792 96500 255179 1514843 32 43 25  0  0  0
223  0 389408 3194608 2103088 179651208    0    0 179232 86308 254847 1521024 32 42 25  1  0  0
 7  0 389408 3196548 2103088 179651760    0    0 168512 115896 243275 1448208 31 41 28  1  0  0
procs -----------memory---------- ---swap-- -----io---- -system-- -------cpu-------
 r  b   swpd   free   buff  cache   si   so    bi    bo   in   cs us sy id wa st gu
163  0 389408 3197872 2103088 179652012    0    0 186448 121904 252477 1499844 33 40 26  1  0  0
113  1 389408 3198588 2103092 179652624    0    0 152208 95344 243483 1483560 32 41 26  1  0  0
308  0 389408 3195440 2103092 179653164    0    0 218032 162264 240324 1425335 32 35 32  1  0  0
40  0 389408 3194628 2103092 179653556    0    0 138224 59840 249386 1521334 32 45 23  0  0  0
78  0 389408 3193508 2103092 179654004    0    0 176304 121388 242665 1468846 31 41 27  1  0  0
226  0 389408 3194264 2103092 179654552    0    0 202880 120040 245124 1490279 32 40 27  1  0  0
46 13 389408 3193776 2103096 179654952    0    0 196384 122444 245820 1481088 31 40 27  1  0  0
 0  1 389408 3192856 2103096 179655556    0    0 179904 112596 242053 1486009 32 40 27  1  0  0
 5  0 389408 3193964 2103096 179656104    0    0 219520 138212 242301 1458542 32 38 29  1  0  0
99  3 389408 3193820 2103096 179656604    0    0 157424 97172 237314 1467934 30 43 27  1  0  0
94  7 389408 3194144 2103096 179656988    0    0 205312 139496 242256 1454965 31 39 28  1  0  0
57  1 389408 3193504 2103100 179657484    0    0 190256 93488 249170 1526455 33 41 25  1  0  0
139  0 389408 3189332 2103100 179658176    0    0 188880 147140 238280 1418689 30 40 29  1  0  0
57  0 389408 3188104 2103100 179658556    0    0 187744 101300 249694 1515842 32 42 25  1  0  0
 7  0 389408 3185340 2103100 179658988    0    0 173872 112368 244912 1484376 32 40 27  1  0  0
118  0 389408 3183612 2103100 179659516    0    0 171536 124556 240553 1472276 31 41 26  1  0  0
41  2 389408 3180552 2103100 179659976    0    0 181648 94092 246684 1505191 32 42 25  1  0  0
130  0 389408 3181356 2103100 179660380    0    0 182864 150368 240264 1426602 30 40 30  1  0  0
72  0 389408 3177408 2103100 179660928    0    0 186944 98340 248554 1507595 33 40 26  1  0  0
64  2 389408 3179020 2103100 179661596    0    0 182048 95148 247795 1506000 32 41 26  1  0  0
140  5 389408 3176076 2103100 179661972    0    0 188240 112196 238881 1459567 31 40 27  1  0  0
procs -----------memory---------- ---swap-- -----io---- -system-- -------cpu-------
 r  b   swpd   free   buff  cache   si   so    bi    bo   in   cs us sy id wa st gu
57  0 389408 3173220 2103100 179662500    0    0 182656 117564 246185 1474914 32 41 27  1  0  0
80 11 389408 3177860 2103100 179662792    0    0 162656 130140 244953 1483757 32 40 27  1  0  0
 2  0 389408 3175348 2103100 179663380    0    0 185616 127268 243182 1454690 32 40 28  1  0  0
77  0 389408 3178220 2103100 179663880    0    0 145248 55092 245960 1524706 32 44 23  1  0  0
174  7 389408 3178892 2103100 179664124    0    0 176816 126472 242420 1459084 31 40 28  1  0  0
48  0 389408 3172536 2103108 179664720    0    0 177664 109780 247500 1495920 32 41 26  1  0  0
76  2 389408 3169268 2103108 179665212    0    0 161232 78864 245466 1504314 31 44 24  1  0  0
27  0 389408 3171692 2103108 179665556    0    0 161056 119944 240786 1464779 30 41 28  1  0  0
164  0 389408 3170724 2103108 179666008    0    0 180752 124496 249527 1480086 32 40 27  1  0  0
34  8 389408 3169904 2103108 179666640    0    0 182496 101088 257412 1531964 33 41 25  1  0  0
50  0 389408 3169836 2103108 179667056    0    0 148592 93484 244264 1484088 31 43 26  1  0  0
26  0 389408 3167556 2103108 179667388    0    0 177696 120472 245671 1485988 32 40 27  1  0  0
 5  0 389408 3167752 2103108 179667768    0    0 172224 107664 250236 1496319 32 41 26  1  0  0
158  0 389408 3168772 2103108 179668400    0    0 173904 97968 245335 1495063 33 40 26  1  0  0
65  2 389408 3164708 2103108 179668864    0    0 172944 101776 239194 1458523 31 41 27  1  0  0
109  0 389408 3162692 2103112 179669184    0    0 184080 136944 244751 1449847 31 41 27  1  0  0
30  0 389408 3163056 2103112 179669788    0    0 189712 108216 245700 1499966 33 41 26  1  0  0
22  0 389408 3164308 2103112 179670428    0    0 192848 136920 245121 1447049 32 39 29  1  0  0
96  5 389408 3165780 2103112 179670796    0    0 146688 61660 248012 1540660 32 44 23  1  0  0
59  9 389408 3165252 2103112 179671164    0    0 170016 133560 242660 1447203 31 40 28  1  0  0
41  3 389408 3169508 2103112 179671636    0    0 147152 94232 245690 1506167 32 42 25  0  0  0
procs -----------memory---------- ---swap-- -----io---- -system-- -------cpu-------
 r  b   swpd   free   buff  cache   si   so    bi    bo   in   cs us sy id wa st gu
56  1 389408 3168872 2103112 179672072    0    0 193488 93220 250770 1521285 33 41 25  1  0  0
148  0 389408 3168252 2103112 179672624    0    0 176928 114308 240194 1442653 30 41 27  1  0  0
100  0 389408 3166304 2103112 179673020    0    0 184016 144416 242822 1436108 31 39 30  1  0  0
95  0 389408 3169076 2103112 179673664    0    0 208160 115200 252649 1511953 34 39 26  1  0  0
160  0 389408 3165604 2103112 179674120    0    0 174016 128600 237248 1446986 32 39 28  1  0  0
80  4 389408 3165400 2103112 179674420    0    0 216848 107832 248350 1486059 33 41 25  1  0  0
34  0 389408 3167360 2103112 179675100    0    0 173888 109136 241657 1479645 31 41 27  1  0  0
31  1 389408 3166680 2103112 179675624    0    0 182384 140724 237933 1425604 30 40 29  1  0  0
116  1 389408 3168448 2103112 179676016    0    0 165760 65896 245829 1523499 32 43 24  1  0  0
100  0 389408 3168612 2103116 179676508    0    0 179088 122116 242133 1422887 30 40 29  1  0  0
145  0 389408 3166912 2103116 179677016    0    0 157728 105396 246828 1501458 32 42 25  1  0  0
 9  0 389408 3165460 2103116 179677512    0    0 193808 109844 245153 1476435 32 41 26  1  0  0
72  0 389408 3162696 2103116 179677952    0    0 160560 95544 246436 1487416 32 42 25  1  0  0
135  1 389408 3161320 2103116 179678240    0    0 180032 135036 243460 1444035 31 40 28  1  0  0
58  7 389408 3161604 2103116 179678772    0    0 140112 74816 249523 1536616 33 43 23  0  0  0
29  0 389408 3162148 2103116 179679348    0    0 192720 116712 246168 1472842 33 40 27  1  0  0
104  0 389408 3160568 2103116 179679684    0    0 155888 108068 242559 1443670 30 42 27  1  0  0
114 12 389408 3158996 2103116 179680140    0    0 193440 124768 247276 1456582 31 42 26  1  0  0
56  1 389408 3157668 2103116 179680748    0    0 171024 97776 244897 1469795 32 41 26  1  0  0
157  0 389408 3158320 2103116 179681172    0    0 178416 115088 245513 1446044 32 40 28  1  0  0
59  0 389408 3156052 2103116 179681560    0    0 156816 79368 253841 1506907 32 43 25  1  0  0
procs -----------memory---------- ---swap-- -----io---- -system-- -------cpu-------
 r  b   swpd   free   buff  cache   si   so    bi    bo   in   cs us sy id wa st gu
131  1 389408 3158552 2103116 179682060    0    0 171568 135020 250430 1437728 30 40 29  1  0  0
43  2 389408 3161224 2103116 179682428    0    0 171920 94292 257642 1516393 32 43 24  1  0  0
203  0 389408 3160136 2103116 179683036    0    0 179136 102360 255444 1502237 32 41 26  1  0  0
81  2 389408 3156888 2103120 179683360    0    0 153040 99256 251343 1478098 31 40 28  0  0  0
24  1 389408 3153864 2103120 179683844    0    0 165632 122984 252738 1448674 31 40 28  1  0  0
36  0 389408 3153440 2103120 179684272    0    0 178640 99472 254181 1514778 34 41 24  1  0  0
 8  0 389408 3154008 2103120 179684812    0    0 188256 120676 242008 1450129 32 39 28  1  0  0
36  1 389408 3155360 2103120 179685208    0    0 137184 70472 242131 1511487 31 43 25  0  0  0
108  1 389408 3155932 2103120 179685656    0    0 187120 127280 238245 1436523 31 39 29  1  0  0
117  4 389408 3153068 2103120 179686020    0    0 182400 115372 243672 1474275 31 41 27  1  0  0
50  2 389408 3153860 2103120 179686712    0    0 185952 113832 247724 1496139 33 40 27  1  0  0
85  5 389408 3153724 2103120 179687100    0    0 165104 73716 245821 1522839 32 43 24  1  0  0
91  0 389408 3154984 2103120 179687556    0    0 179632 125516 240005 1424536 31 40 29  1  0  0
67  4 389408 3151388 2103124 179688056    0    0 164384 109916 245162 1484901 32 42 25  1  0  0
80  1 389408 3150860 2103124 179688476    0    0 180480 115976 242427 1467552 32 40 27  1  0  0
41  5 389408 3149860 2103124 179688896    0    0 148784 75144 242178 1506135 32 42 26  0  0  0
63 18 389408 3150028 2103124 179689364    0    0 164288 120860 240155 1441546 31 40 28  1  0  0
46  0 389408 3148516 2103124 179689644    0    0 172224 101692 245521 1498851 32 42 25  1  0  0
77 16 389408 3150076 2103124 179690236    0    0 193968 95080 248220 1503186 34 40 25  1  0  0
92  0 389408 3148176 2103124 179690748    0    0 157936 107172 242007 1467351 32 40 28  1  0  0
27  1 389408 3147892 2103124 179691140    0    0 147520 127708 245849 1439584 31 41 28  0  0  0
procs -----------memory---------- ---swap-- -----io---- -system-- -------cpu-------
 r  b   swpd   free   buff  cache   si   so    bi    bo   in   cs us sy id wa st gu
41  1 389408 3142860 2103124 179691572    0    0 188800 98140 253078 1521766 33 42 24  1  0  0
 4  0 389408 3140836 2103124 179692212    0    0 175312 117200 247303 1461834 32 40 27  1  0  0
24  0 389408 3142496 2103128 179692544    0    0 159920 61640 246230 1520340 32 43 24  1  0  0
 8  0 389408 3139780 2103128 179692988    0    0 188528 134052 241400 1421518 30 39 29  1  0  0
 2  1 389408 3141920 2103128 179693376    0    0 161456 132216 239623 1444326 31 40 28  1  0  0
 6  0 389408 3140904 2103128 179693968    0    0 188128 113904 247580 1474105 32 41 26  1  0  0
266  0 389408 3136452 2103128 179694604    0    0 188368 85244 247337 1499153 34 41 25  1  0  0
58  2 389408 3135444 2103128 179694844    0    0 140368 98008 242135 1461792 32 40 27  0  0  0
128  0 389408 3137588 2103128 179695248    0    0 190032 126136 244171 1465625 32 40 27  1  0  0
242  0 389408 3137740 2103128 179695944    0    0 194704 138656 245704 1458093 33 37 28  1  0  0
77  0 389408 3137004 2103132 179696240    0    0 143664 57096 245651 1524994 32 43 24  1  0  0
35  1 389408 3135376 2103132 179696796    0    0 203184 138132 248787 1437860 33 38 29  1  0  0
59  1 389408 3132636 2103132 179697388    0    0 208960 122472 245447 1435204 32 38 28  1  0  0
40  3 389408 3132136 2103132 179697748    0    0 162512 120652 242711 1444304 31 40 29  1  0  0
170  0 389408 3136356 2103132 179698248    0    0 170656 93316 252743 1496206 31 43 26  1  0  0
135  0 389408 3138556 2103132 179698524    0    0 167360 130316 253333 1476292 30 42 27  1  0  0
76  0 389408 3137876 2103132 179699160    0    0 200544 123696 254455 1499644 32 40 27  1  0  0
66  3 389408 3137976 2103132 179699860    0    0 214032 115500 249083 1459763 32 39 28  1  0  0
60  1 389408 3115612 2103132 179700172    0    0 166528 75564 246120 1499251 33 42 24  1  0  0
200  0 389408 3113084 2103132 179700764    0    0 235200 184052 236726 1375497 31 35 32  2  0  0
123  0 389408 3112220 2103132 179701456    0    0 221280 120964 244181 1468004 33 38 28  1  0  0
procs -----------memory---------- ---swap-- -----io---- -system-- -------cpu-------
 r  b   swpd   free   buff  cache   si   so    bi    bo   in   cs us sy id wa st gu
47  6 389408 3113860 2103132 179701772    0    0 145648 102476 243121 1469019 32 41 26  0  0  0
182  0 389408 3113436 2103132 179702280    0    0 188432 127740 248100 1461261 32 41 27  1  0  0
46  1 389408 3114128 2103132 179702868    0    0 167920 90216 250115 1512209 32 44 24  1  0  0
74  5 389408 3115936 2103132 179703132    0    0 156656 110856 245274 1473908 32 41 26  1  0  0
122  0 389408 3115876 2103132 179703708    0    0 189408 99304 249556 1487010 33 41 26  1  0  0
22  0 389408 3118164 2103132 179704096    0    0 169152 131464 242543 1436258 31 39 30  1  0  0
109  0 389408 3115244 2103132 179704660    0    0 167904 101600 244375 1472043 31 41 27  1  0  0
96  0 389408 3118132 2103132 179705112    0    0 162896 65772 246214 1518237 33 43 24  1  0  0
67  0 389408 3120960 2103132 179705404    0    0 141936 108340 236810 1448720 30 40 29  1  0  0
145  0 389408 3120552 2103132 179705848    0    0 195808 127716 241297 1483193 31 41 27  1  0  0
35  5 389408 3122536 2103132 179706460    0    0 168528 83760 249011 1539806 32 44 23  1  0  0
 2  1 389408 3119608 2103132 179706856    0    0 189104 114648 242524 1475293 31 41 27  1  0  0
42  0 389408 3118716 2103132 179707268    0    0 146768 108440 235915 1454352 30 41 28  0  0  0
109  3 389408 3119288 2103132 179707820    0    0 193360 126116 247062 1470022 31 40 28  1  0  0
98  0 389408 3119036 2103132 179708212    0    0 155056 116748 249838 1513617 31 42 26  1  0  0
19  0 389408 3113828 2103132 179708804    0    0 184176 76288 251944 1559538 33 43 23  1  0  0
109  8 389408 3116520 2103132 179709176    0    0 190448 127896 240309 1459549 32 39 28  1  0  0
41  0 389408 3114032 2103132 179709588    0    0 147184 119700 239272 1450092 30 42 28  1  0  0
189  0 389408 3115944 2103132 179710096    0    0 193376 112584 243091 1508353 32 41 26  1  0  0
104  3 389408 3114424 2103132 179710504    0    0 155024 100560 240469 1506681 32 41 26  1  0  0
80  1 389408 3113972 2103132 179710972    0    0 160688 71600 246263 1538309 32 44 24  1  0  0
procs -----------memory---------- ---swap-- -----io---- -system-- -------cpu-------
 r  b   swpd   free   buff  cache   si   so    bi    bo   in   cs us sy id wa st gu
48  3 389408 3115260 2103140 179711440    0    0 164384 121300 238596 1460306 31 40 28  1  0  0
206  0 389408 3114864 2103140 179711896    0    0 201056 137496 239905 1426467 30 39 30  1  0  0
76  0 389408 3113560 2103140 179712412    0    0 169424 103864 247267 1505295 33 41 25  1  0  0
140  8 389408 3114536 2103140 179713032    0    0 174656 82172 248021 1527775 32 43 24  1  0  0
37  1 389408 3112560 2103140 179713232    0    0 160080 98888 249141 1495806 31 42 26  1  0  0
100  0 389408 3109524 2103144 179713712    0    0 176848 136248 246784 1438850 30 40 30  1  0  0
13 11 389408 3109716 2103144 179714124    0    0 178496 115312 243317 1471913 32 40 27  1  0  0
64  7 389408 3107548 2103144 179714724    0    0 173792 95752 247165 1521519 33 42 25  1  0  0
189  0 389408 3108000 2103144 179715064    0    0 136448 96020 238570 1483072 31 41 27  0  0  0
224  0 389408 3106648 2103144 179715444    0    0 154560 114272 243564 1468333 31 41 27  1  0  0
28  0 389408 3104952 2103144 179715968    0    0 184896 132076 241235 1441427 31 39 29  1  0  0
72  0 389408 3104720 2103144 179716600    0    0 196528 99252 248572 1511324 33 41 25  1  0  0
117  3 389408 3107252 2103144 179716812    0    0 147600 72220 243606 1513280 32 43 24  1  0  0
38  0 389408 3108288 2103144 179717352    0    0 162288 109840 241992 1470595 31 41 27  1  0  0
46  5 389408 3104452 2103144 179717928    0    0 194768 134852 242499 1442395 32 38 29  1  0  0
84  1 389408 3106188 2103144 179718412    0    0 180432 112096 253096 1510266 33 42 25  1  0  0
189  0 389408 3105264 2103144 179718720    0    0 140272 69296 252970 1530641 32 43 24  0  0  0
22  8 389408 3108060 2103144 179719080    0    0 185440 117808 251491 1477177 32 39 28  1  0  0
62 11 389408 3104308 2103144 179719636    0    0 177776 131504 250951 1449660 30 40 29  1  0  0
39  0 389408 3106348 2103144 179720096    0    0 155696 51480 256090 1539093 32 44 23  1  0  0
144  0 389408 3110860 2103148 179720492    0    0 165152 135896 247606 1487807 32 41 26  1  0  0
procs -----------memory---------- ---swap-- -----io---- -system-- -------cpu-------
 r  b   swpd   free   buff  cache   si   so    bi    bo   in   cs us sy id wa st gu
158  8 389408 3112488 2103148 179721016    0    0 178912 125564 238650 1433134 30 40 29  1  0  0
14  0 389408 3110392 2103148 179721640    0    0 163360 93724 248348 1509631 33 42 24  1  0  0
30  0 389408 3112244 2103148 179721860    0    0 167120 69080 245782 1513009 31 44 24  1  0  0
104  3 389408 3111348 2103148 179722360    0    0 182192 130740 243974 1445945 31 39 29  1  0  0
89  1 389408 3109212 2103148 179722964    0    0 193104 133476 242772 1431536 31 39 29  1  0  0
91  1 389408 3112492 2103148 179723272    0    0 144144 79876 247556 1507326 32 43 25  1  0  0
134  0 389408 3110232 2103148 179723740    0    0 180448 92408 244236 1501158 33 42 24  1  0  0
22  0 389408 3109956 2103148 179724168    0    0 195344 133072 246140 1455413 31 40 28  1  0  0
45  5 389408 3105448 2103148 179724760    0    0 154768 130508 242479 1439250 31 40 29  1  0  0
96  0 389408 3100212 2103148 179725180    0    0 166784 69044 246208 1492162 32 42 25  1  0  0
68  0 389408 3097248 2103148 179725516    0    0 159104 113200 248392 1507757 32 43 24  1  0  0
36  1 389408 3097352 2103148 179726112    0    0 202432 116228 245418 1450635 32 39 29  1  0  0
25  1 389408 3097864 2103148 179726608    0    0 161200 90956 243952 1462978 32 41 26  1  0  0
79 12 389408 3097072 2103148 179727004    0    0 175744 122028 248289 1496382 33 41 25  1  0  0
248  0 389408 3102576 2103152 179727444    0    0 165776 101916 246035 1483912 31 42 26  1  0  0
 9  0 389408 3102352 2103152 179728024    0    0 190416 127152 245351 1440367 31 40 28  1  0  0
57  1 389408 3103056 2103152 179728448    0    0 172384 114600 247330 1477999 33 40 27  1  0  0
204  0 389408 3103844 2103152 179728824    0    0 155728 73408 245336 1484443 32 42 26  1  0  0
 9  0 389408 3103588 2103152 179729160    0    0 157216 103016 245753 1492156 32 42 26  1  0  0
153  0 389408 3102428 2103156 179729848    0    0 199824 127532 242919 1437578 31 40 28  1  0  0
80  1 389408 3099416 2103156 179730436    0    0 160960 90896 242235 1454266 31 41 28  1  0  0
procs -----------memory---------- ---swap-- -----io---- -system-- -------cpu-------
 r  b   swpd   free   buff  cache   si   so    bi    bo   in   cs us sy id wa st gu
67  2 389408 3100388 2103156 179730600    0    0 164448 90172 246803 1503888 32 43 24  1  0  0
259  0 389408 3100416 2103156 179731168    0    0 178128 110256 245111 1474378 32 40 27  1  0  0
11 20 389408 3101892 2103156 179731752    0    0 183536 108672 244513 1450681 31 41 27  1  0  0
 2  0 389408 3098136 2103160 179732048    0    0 173392 111752 240929 1453108 32 40 28  1  0  0
20  0 389408 3093164 2103160 179732564    0    0 178080 104668 246890 1498958 33 42 24  1  0  0
119  0 389408 3095236 2103160 179733196    0    0 188144 121852 244677 1439661 31 40 29  1  0  0
63  0 389408 3095024 2103160 179733640    0    0 199296 114976 247725 1465761 33 39 27  1  0  0
136  9 389408 3094816 2103160 179734108    0    0 179312 131696 243471 1465446 32 41 26  1  0  0
89  6 389408 3095320 2103164 179734448    0    0 169968 84152 245923 1473074 32 42 26  1  0  0
38  0 389408 3092596 2103164 179735136    0    0 194432 118476 247278 1465556 32 40 27  1  0  0
81  0 389408 3093996 2103164 179735612    0    0 173968 149824 244890 1452581 32 39 28  1  0  0
205  0 389408 3094772 2103164 179735916    0    0 154800 69084 241647 1485460 32 42 25  1  0  0
49  1 389408 3091836 2103164 179736428    0    0 186240 108084 243721 1477440 32 40 27  1  0  0
61  3 389408 3089572 2103164 179736996    0    0 172656 127868 242737 1455812 30 42 27  1  0  0
76  2 389408 3090600 2103164 179737312    0    0 178592 82628 242592 1488281 31 42 25  1  0  0
144  0 389408 3093164 2103164 179738016    0    0 194416 118624 243970 1471171 33 39 27  1  0  0
55  9 389408 3093188 2103164 179738320    0    0 166944 131520 247947 1462639 30 41 28  1  0  0
72  0 389408 3094748 2103164 179738736    0    0 193744 104904 253630 1477917 32 39 27  1  0  0
28  6 389408 3094168 2103168 179739368    0    0 186288 120376 251928 1467363 31 40 27  1  0  0
37  1 389408 3093380 2103168 179739752    0    0 179888 131228 255181 1485962 32 41 26  1  0  0
10  0 389408 3094108 2103168 179740348    0    0 181200 92524 254776 1511098 33 40 26  1  0  0
procs -----------memory---------- ---swap-- -----io---- -system-- -------cpu-------
 r  b   swpd   free   buff  cache   si   so    bi    bo   in   cs us sy id wa st gu
104  2 389408 3089936 2103168 179740708    0    0 145088 109044 242778 1481582 31 41 27  1  0  0
59  0 389408 3089716 2103168 179741208    0    0 215872 130032 243891 1443117 33 37 30  1  0  0
 7  0 389408 3089520 2103168 179741780    0    0 170368 108124 243730 1464428 32 40 27  1  0  0
107  0 389408 3090840 2103168 179742224    0    0 166576 122184 244192 1464900 32 41 26  1  0  0
143 14 389408 3088508 2103168 179742576    0    0 166912 83584 246337 1490541 32 42 26  1  0  0
33  0 389408 3091072 2103168 179743208    0    0 225392 151260 251602 1460520 32 40 27  2  0  0
125  1 389408 3089732 2103168 179743596    0    0 165088 91468 240703 1447343 31 40 28  1  0  0
55  0 389408 3091736 2103168 179744112    0    0 200336 113880 246672 1468374 32 40 27  1  0  0
55  4 389408 3092976 2103168 179744728    0    0 183520 113184 242221 1451089 31 40 28  1  0  0
225  0 389408 3090348 2103168 179745200    0    0 189232 147984 249868 1441439 31 39 29  1  0  0
82  8 389408 3088112 2103168 179745572    0    0 152928 60076 254998 1530402 32 43 24  1  0  0
 4  0 389408 3085828 2103168 179746024    0    0 166288 110704 243819 1447859 31 42 27  1  0  0
128  0 389408 3088292 2103168 179746516    0    0 181376 117920 244066 1462753 32 40 27  1  0  0
11  0 389408 3084808 2103168 179747140    0    0 169216 110884 246491 1459485 31 41 27  1  0  0
 4  4 389408 3084224 2103168 179747496    0    0 186944 130092 247163 1459057 31 41 26  1  0  0
27  1 389408 3085112 2103168 179747776    0    0 156176 65040 249455 1473404 31 42 27  1  0  0
58  0 389408 3086208 2103168 179748396    0    0 195568 136552 249778 1446757 31 39 29  1  0  0
12  8 389408 3085820 2103168 179748956    0    0 175200 107208 244711 1462794 31 41 27  1  0  0
232  0 389408 3084504 2103168 179749380    0    0 176096 118120 249115 1466117 32 39 28  1  0  0
23  0 389408 3086852 2103168 179749672    0    0 141536 88348 247903 1497920 31 44 24  0  0  0
54  3 389408 3083700 2103168 179750136    0    0 197376 126632 245706 1460687 32 39 27  1  0  0
procs -----------memory---------- ---swap-- -----io---- -system-- -------cpu-------
 r  b   swpd   free   buff  cache   si   so    bi    bo   in   cs us sy id wa st gu
21  5 389408 3085600 2103168 179750832    0    0 192560 132224 245584 1436316 31 39 29  1  0  0
28  3 389408 3084632 2103168 179751364    0    0 180080 115672 244426 1445251 31 40 28  1  0  0
162  1 389408 3085220 2103168 179751516    0    0 138464 68912 248985 1521579 31 45 23  0  0  0
14  0 389408 3082560 2103168 179752100    0    0 189456 103128 247385 1481412 33 41 25  1  0  0
210  0 389408 3080324 2103168 179752680    0    0 185968 143252 247990 1432885 31 39 29  1  0  0
18  1 389408 3078984 2103168 179753200    0    0 177584 109376 252637 1471568 32 41 27  1  0  0
40 16 389408 3077020 2103168 179753452    0    0 163776 80060 252945 1517624 33 43 24  1  0  0
79  3 389408 3074008 2103168 179753832    0    0 161888 109480 244107 1472685 32 41 26  1  0  0
61  0 389408 3072892 2103168 179754420    0    0 182048 129836 240330 1442601 32 39 29  1  0  0
 9  0 389408 3073708 2103168 179755088    0    0 211248 133212 243516 1438960 31 39 29  1  0  0
69  0 389408 3073416 2103168 179755536    0    0 184576 95964 247743 1472404 31 42 26  1  0  0
117  0 389408 3075896 2103168 179755812    0    0 147056 82920 248924 1498187 31 44 25  1  0  0
52  1 389408 3074780 2103168 179756340    0    0 171824 111564 244754 1468847 32 41 27  1  0  0
91  1 389408 3076784 2103168 179756900    0    0 185120 135920 242047 1430533 31 39 29  1  0  0
 7  0 389408 3078552 2103168 179757240    0    0 163776 84220 248519 1484904 32 42 25  1  0  0
252  0 389408 3075236 2103168 179757564    0    0 126528 78464 243645 1489532 31 43 25  0  0  0
62  8 389408 3071504 2103168 179758120    0    0 180688 116648 247226 1467662 32 40 27  1  0  0
48  5 389408 3069708 2103168 179758680    0    0 173376 97892 245321 1484273 32 41 26  1  0  0
32  0 389408 3069568 2103168 179758888    0    0 152400 78552 248508 1488310 32 43 25  1  0  0
111  0 389408 3068924 2103168 179759432    0    0 182192 119204 243621 1445517 33 39 28  1  0  0
182  0 389408 3068464 2103168 179760040    0    0 180032 143908 244460 1430502 31 39 29  1  0  0
procs -----------memory---------- ---swap-- -----io---- -system-- -------cpu-------
 r  b   swpd   free   buff  cache   si   so    bi    bo   in   cs us sy id wa st gu
114  5 389408 3065440 2103168 179760348    0    0 160656 102580 248607 1466992 32 41 27  1  0  0
26  0 389408 3065444 2103168 179760660    0    0 137552 71984 247390 1472804 32 43 25  0  0  0
133  0 389408 3066076 2103168 179761324    0    0 210816 113584 250189 1482546 33 40 26  1  0  0
196  0 389408 3065180 2103168 179761900    0    0 202896 153516 247284 1434292 32 38 29  1  0  0
 2  1 389408 3066632 2103168 179762132    0    0 138048 69484 250014 1520986 32 44 23  0  0  0
62  1 389408 3065684 2103168 179762688    0    0 165232 102028 242708 1477405 32 40 27  1  0  0
 7  0 389408 3066140 2103168 179763188    0    0 216480 127852 246243 1447125 32 40 27  1  0  0
 5  0 389408 3063136 2103168 179763764    0    0 206000 143368 250731 1443267 32 38 29  1  0  0
23  0 389408 3063796 2103168 179764312    0    0 185936 115944 247629 1462839 33 39 27  1  0  0
32  7 389408 3064312 2103168 179764744    0    0 183504 137492 244658 1450645 31 39 29  1  0  0
70  0 389408 3061852 2103172 179765140    0    0 156416 75840 252197 1504157 32 44 23  1  0  0
 7  0 389408 3056632 2103172 179765692    0    0 176544 116208 243376 1446830 31 40 28  1  0  0
76  0 389408 3058244 2103172 179766068    0    0 162448 110544 243763 1451467 31 41 28  1  0  0
72  0 389408 3057664 2103172 179766384    0    0 157952 66212 246791 1499691 32 43 24  1  0  0
83  1 389408 3056928 2103172 179767000    0    0 174512 120436 250904 1482530 33 40 26  1  0  0
 4  0 389408 3054868 2103176 179767528    0    0 186256 135844 244042 1437425 31 39 29  1  0  0
50  0 389408 3053924 2103176 179767764    0    0 146400 68480 247938 1514648 33 43 24  1  0  0
32  2 389408 3053004 2103176 179768480    0    0 201280 113956 248567 1489839 33 39 27  1  0  0
139  0 389408 3052932 2103176 179768848    0    0 192848 142352 249413 1446803 31 38 29  1  0  0
111  0 389408 3055700 2103176 179769264    0    0 176192 127336 254104 1485902 31 41 28  1  0  0
15 16 389408 3054620 2103176 179769792    0    0 172928 90344 251776 1511112 32 42 25  1  0  0
procs -----------memory---------- ---swap-- -----io---- -system-- -------cpu-------
 r  b   swpd   free   buff  cache   si   so    bi    bo   in   cs us sy id wa st gu
46  0 389408 3056492 2103176 179770504    0    0 237904 141532 255136 1470913 33 38 27  2  0  0
50  2 389408 3056432 2103176 179770812    0    0 170720 113332 242313 1455776 31 41 27  1  0  0
80  0 389408 3052724 2103176 179771468    0    0 212080 127864 250507 1469630 32 39 27  1  0  0
46  0 389408 3051248 2103176 179771884    0    0 170096 109244 242457 1462982 31 41 27  1  0  0
97  0 389408 3051300 2103176 179772528    0    0 181104 139068 240111 1423774 30 39 30  1  0  0
74  5 389408 3049964 2103176 179772652    0    0 134192 65432 247586 1506294 31 44 24  0  0  0
60  4 389408 3046476 2103176 179773296    0    0 228896 131356 246411 1456595 33 38 28  1  0  0
85  1 389408 3048216 2103176 179773988    0    0 215744 123492 249574 1466991 33 39 27  1  0  0
140  0 389408 3048504 2103176 179774328    0    0 178560 124912 243514 1464843 32 40 27  1  0  0
37  0 389408 3050376 2103176 179774764    0    0 167264 111820 249449 1491615 33 41 26  1  0  0
35  0 389408 3051204 2103176 179775200    0    0 134656 89124 244794 1489050 31 43 25  0  0  0
132  0 389408 3051468 2103176 179775888    0    0 211584 136416 247962 1441609 32 39 28  1  0  0
64 10 389408 3052316 2103176 179776048    0    0 152096 74488 251928 1508342 31 43 25  1  0  0
120  0 389408 3051208 2103176 179776636    0    0 193024 127312 243288 1430632 31 38 29  1  0  0
92  0 389408 3047608 2103176 179777244    0    0 185856 109496 246221 1466740 33 39 27  1  0  0
45  6 389408 3047984 2103176 179777532    0    0 169584 122964 242174 1464733 31 40 28  1  0  0
145  0 389408 3048152 2103176 179777996    0    0 164592 86088 249411 1517904 33 42 25  1  0  0
52  0 389408 3049416 2103176 179778772    0    0 231008 155060 250976 1434093 34 35 30  1  0  0
34  0 389408 3048440 2103176 179779004    0    0 161520 122064 240755 1448196 31 40 28  1  0  0
33  1 389408 3044684 2103180 179779680    0    0 215680 120320 252804 1479959 33 39 28  1  0  0
71  0 389408 3042208 2103180 179780280    0    0 182736 103568 250711 1487358 33 40 27  1  0  0
procs -----------memory---------- ---swap-- -----io---- -system-- -------cpu-------
 r  b   swpd   free   buff  cache   si   so    bi    bo   in   cs us sy id wa st gu
68  2 389408 3042992 2103180 179780484    0    0 157440 132152 241933 1438671 31 40 29  1  0  0
 2  0 389408 3045040 2103180 179781052    0    0 196032 100904 247152 1489637 33 40 26  1  0  0
189  0 389408 3042728 2103180 179781448    0    0 145632 128080 241068 1445715 30 42 28  1  0  0
 7  0 389408 3043972 2103180 179782148    0    0 194656 105316 247388 1484456 33 40 27  1  0  0
11  0 389408 3042144 2103180 179782384    0    0 173360 78408 246310 1491343 33 42 24  1  0  0
63  1 389408 3044928 2103180 179782840    0    0 158624 111704 243522 1486776 31 42 26  1  0  0
80  0 389408 3044996 2103180 179783324    0    0 170208 106676 241480 1487711 31 41 27  1  0  0
158  0 389408 3044876 2103180 179783700    0    0 149584 108776 244057 1491492 32 42 26  1  0  0
93  5 389408 3048476 2103180 179784156    0    0 172368 101036 244126 1485966 33 40 26  1  0  0
125  0 389408 3047444 2103180 179784608    0    0 175184 106676 243443 1467259 31 42 27  1  0  0
 5  0 389408 3045320 2103180 179785284    0    0 211664 126616 251135 1486503 32 40 26  1  0  0
65  7 389408 3047700 2103180 179785620    0    0 180192 118340 256271 1495423 32 41 26  1  0  0
18  6 389408 3044592 2103180 179786156    0    0 188368 118456 248695 1485479 32 41 26  1  0  0
148  0 389408 3043416 2103180 179786784    0    0 212320 128312 244520 1449461 33 38 28  1  0  0
196  0 389408 3043376 2103180 179787100    0    0 147936 118196 239922 1433719 30 41 29  1  0  0
88  5 389408 3047136 2103180 179787760    0    0 194000 108048 247636 1501110 33 40 26  1  0  0
45  1 389408 3046768 2103180 179788096    0    0 171840 92496 240727 1482883 32 41 26  1  0  0
77  2 389408 3046168 2103180 179788704    0    0 214832 165212 244852 1441077 32 37 29  1  0  0
218  0 389408 3045212 2103180 179789336    0    0 200912 109484 243926 1468186 32 40 27  1  0  0
57  1 389408 3048344 2103180 179789604    0    0 170592 111572 241419 1475109 31 41 27  1  0  0
85  5 389408 3048184 2103180 179790180    0    0 211088 121444 246029 1470106 33 40 26  1  0  0
procs -----------memory---------- ---swap-- -----io---- -system-- -------cpu-------
 r  b   swpd   free   buff  cache   si   so    bi    bo   in   cs us sy id wa st gu
146  0 389408 3046760 2103180 179790868    0    0 225248 134388 244669 1451717 33 39 28  1  0  0
30 24 389408 3044812 2103180 179791372    0    0 205392 118548 245383 1471210 32 40 27  1  0  0
44  0 389408 3045496 2103184 179791720    0    0 171936 141188 236999 1423271 31 39 29  1  0  0
45 24 389408 3043080 2103184 179792308    0    0 215280 122144 246472 1487719 33 39 27  1  0  0
67  3 389408 3042452 2103184 179792752    0    0 161232 118008 242276 1460218 31 42 26  1  0  0
74  5 389408 3042348 2103184 179793256    0    0 180864 126280 243980 1463176 32 40 27  1  0  0
35  2 389408 3042164 2103184 179793812    0    0 157664 73164 253407 1530688 33 43 24  1  0  0
31 11 389408 3043536 2103188 179794092    0    0 169536 118352 245924 1467451 32 41 27  1  0  0
88  1 389408 3039056 2103188 179794628    0    0 183024 96928 242039 1479862 32 41 27  1  0  0
241  0 389408 3040264 2103188 179795292    0    0 210992 134700 249270 1465387 32 40 27  1  0  0
32  0 389408 3038764 2103188 179795792    0    0 187664 130844 242321 1457522 32 39 28  1  0  0
86  3 389408 3038276 2103188 179796060    0    0 167376 113044 242639 1467314 32 41 26  1  0  0
57  1 389408 3034968 2103188 179796600    0    0 170624 87564 250108 1522751 32 43 24  1  0  0
121  2 389408 3030568 2103188 179797240    0    0 212752 150140 243935 1434575 31 39 28  2  0  0
22  7 389408 3032560 2103188 179797652    0    0 168528 112040 244012 1476873 31 42 26  1  0  0
49  5 389408 3031968 2103188 179797972    0    0 157696 73456 247861 1507685 32 43 24  1  0  0
78  8 389408 3032744 2103188 179798464    0    0 174576 115324 239428 1443219 31 40 28  1  0  0
36  5 389408 3030824 2103188 179799044    0    0 192560 137184 246426 1462042 31 41 27  1  0  0
218  0 389408 3029824 2103188 179799656    0    0 199312 122648 243367 1459939 32 40 28  1  0  0
90 17 389408 3029424 2103188 179799848    0    0 161808 84036 246592 1508915 32 42 25  1  0  0
63  7 389408 3030032 2103188 179800404    0    0 180416 105396 246703 1474079 31 42 26  1  0  0
procs -----------memory---------- ---swap-- -----io---- -system-- -------cpu-------
 r  b   swpd   free   buff  cache   si   so    bi    bo   in   cs us sy id wa st gu
67  0 389408 3030476 2103188 179800924    0    0 162992 119812 244087 1477576 31 40 28  1  0  0
239  0 389408 3027996 2103192 179801400    0    0 176528 134756 244850 1433522 31 39 28  1  0  0
 8  0 389408 3028008 2103192 179801636    0    0 134064 57644 246123 1516532 32 43 25  0  0  0
80  0 389408 3025744 2103192 179802228    0    0 185472 127568 244745 1463096 31 41 27  1  0  0
84  1 389408 3026412 2103192 179802756    0    0 169552 106308 248633 1501737 32 41 27  1  0  0
24  0 389408 3026444 2103192 179803048    0    0 172256 89528 249508 1511971 32 42 25  1  0  0
46  1 389408 3025828 2103192 179803504    0    0 161648 107884 243488 1453045 30 41 28  1  0  0
225  0 389408 3025756 2103192 179804016    0    0 170000 121096 245460 1461682 31 41 27  1  0  0
44  1 389408 3025276 2103192 179804692    0    0 204432 135132 244122 1447695 32 39 28  1  0  0
71  8 389408 3022572 2103192 179804880    0    0 156320 79016 245016 1498404 32 43 25  1  0  0
 5  0 389408 3023396 2103192 179805428    0    0 183056 102404 247391 1483169 32 41 26  1  0  0
15  4 389408 3020376 2103192 179805924    0    0 177568 133032 241007 1442429 31 39 29  1  0  0
49  0 389408 3015656 2103192 179806364    0    0 196272 139028 251115 1449596 31 39 28  1  0  0
40  2 389408 3017104 2103192 179806936    0    0 171568 76400 263336 1544387 32 44 23  1  0  0
112  6 389408 3013672 2103192 179807532    0    0 199552 122368 260362 1494437 33 39 27  1  0  0
37  7 389408 3015004 2103192 179807740    0    0 161168 105916 252876 1483082 33 40 27  1  0  0
132  0 389408 3014932 2103192 179808460    0    0 221744 132660 251851 1448027 32 39 28  1  0  0
41  0 389408 3010956 2103192 179809204    0    0 231632 138040 247360 1434178 32 38 29  2  0  0
 7  0 389408 3011884 2103192 179809368    0    0 154272 122316 240941 1426343 30 40 29  1  0  0
43  1 389408 3014932 2103192 179809912    0    0 184288 101340 248942 1500217 32 43 24  1  0  0
54  0 389408 3013664 2103192 179810372    0    0 161920 97100 246448 1484646 33 41 26  1  0  0
procs -----------memory---------- ---swap-- -----io---- -system-- -------cpu-------
 r  b   swpd   free   buff  cache   si   so    bi    bo   in   cs us sy id wa st gu
105  1 389408 3008452 2103192 179810880    0    0 187856 151528 241955 1430456 31 39 29  1  0  0
135  0 389408 3007704 2103192 179811224    0    0 146208 62968 255252 1515035 31 44 24  1  0  0
36  0 389408 3004600 2103192 179811760    0    0 166064 116664 254373 1487461 31 42 26  1  0  0
 2  2 389408 3004396 2103192 179812368    0    0 194672 106088 253806 1504243 33 40 27  1  0  0
121  4 389408 3003012 2103192 179812536    0    0 173936 105144 255911 1489005 32 40 27  1  0  0
114  0 389408 3007696 2103196 179813088    0    0 172864 93872 252543 1488027 32 42 25  1  0  0
151  0 389408 3005188 2103196 179813628    0    0 168144 128620 246412 1446265 31 40 28  1  0  0
66  4 389408 3002812 2103196 179814124    0    0 175056 111608 245577 1471215 32 41 27  1  0  0
 0  1 389408 3003512 2103196 179814484    0    0 182816 109512 247284 1477286 33 40 27  1  0  0
33  0 389408 3004348 2103196 179814904    0    0 150016 86428 244393 1478848 31 43 26  0  0  0
107  0 389408 3009528 2103196 179815468    0    0 188336 133072 241559 1445918 32 39 28  1  0  0
90  2 389408 3008828 2103196 179815864    0    0 138944 68668 249088 1538271 32 45 23  0  0  0
 7  0 389408 3005752 2103196 179816340    0    0 200864 125048 243901 1463208 33 38 28  1  0  0
72  6 389408 3006668 2103196 179816684    0    0 150176 106424 241543 1458948 30 42 28  1  0  0
 6  0 389408 3006508 2103196 179817244    0    0 175712 132716 244454 1449746 32 40 27  1  0  0
 5  0 389408 3004580 2103200 179817792    0    0 170784 68768 253935 1519398 32 43 24  1  0  0
43  0 389408 3004736 2103200 179818340    0    0 202352 132620 250810 1451622 32 38 28  1  0  0
11  0 389408 3004488 2103200 179818556    0    0 153968 89936 252339 1506850 31 41 27  1  0  0
23  0 389408 3003688 2103200 179819088    0    0 182480 132036 250501 1438908 30 40 29  1  0  0
163  0 389408 3003764 2103200 179819648    0    0 185520 117436 255932 1495520 32 41 26  1  0  0
41  0 389408 3001484 2103200 179820088    0    0 169696 124980 250930 1476065 32 40 27  1  0  0
procs -----------memory---------- ---swap-- -----io---- -system-- -------cpu-------
 r  b   swpd   free   buff  cache   si   so    bi    bo   in   cs us sy id wa st gu
89  2 389408 3003344 2103200 179820468    0    0 154672 60220 248027 1530268 32 44 23  1  0  0
36  1 389408 3001228 2103200 179820968    0    0 158624 129220 241345 1444102 31 40 28  1  0  0
53  0 389408 3000940 2103200 179821496    0    0 185776 123380 243764 1460779 31 40 28  1  0  0
69  4 389408 2998896 2103200 179821872    0    0 184672 79928 256322 1545402 33 43 23  1  0  0
11  0 389408 2998616 2103200 179822308    0    0 165392 102224 241753 1462088 31 42 27  1  0  0
 3  0 389408 2998900 2103200 179822900    0    0 188672 133636 246082 1448100 32 39 28  1  0  0
134  0 389408 2996524 2103200 179823340    0    0 159632 99792 246690 1498391 32 42 25  1  0  0
 2  0 389408 2995416 2103200 179823684    0    0 167984 107480 244254 1473537 32 40 27  1  0  0
61  0 389408 2996996 2103200 179824100    0    0 153776 83752 244869 1481367 32 42 25  0  0  0
119  0 389408 2998000 2103204 179824644    0    0 183984 130180 243492 1427713 31 39 29  1  0  0
 2  1 389408 2996128 2103204 179825268    0    0 180432 102196 251322 1503907 33 41 25  1  0  0
58  1 389408 2996640 2103204 179825596    0    0 183408 107032 253481 1480717 32 39 28  1  0  0
140  0 389408 2996944 2103204 179825956    0    0 157120 93188 256550 1492170 31 42 26  1  0  0
129  0 389408 2994392 2103204 179826504    0    0 181808 131448 245468 1435806 31 39 29  1  0  0
112  0 389408 2992716 2103208 179827060    0    0 182656 138212 245170 1444536 31 39 28  1  0  0
69  5 389408 2991056 2103208 179827436    0    0 166864 72432 254744 1547952 34 42 23  1  0  0
43  0 389408 2989312 2103208 179827832    0    0 159184 100928 242624 1455698 31 42 27  1  0  0
85  0 389408 2989656 2103208 179828340    0    0 176208 121316 245322 1448601 31 41 27  1  0  0
214  0 389408 2986468 2103208 179828896    0    0 164160 124344 245700 1456613 31 41 28  1  0  0
 7  0 389408 2985144 2103208 179829104    0    0 170608 76488 252717 1524546 33 42 24  1  0  0
 9  0 389408 2988140 2103208 179829588    0    0 148208 108452 246719 1450862 31 41 27  1  0  0
procs -----------memory---------- ---swap-- -----io---- -system-- -------cpu-------
 r  b   swpd   free   buff  cache   si   so    bi    bo   in   cs us sy id wa st gu
55  4 389408 2989068 2103208 179830132    0    0 185232 132720 251220 1452230 31 40 29  1  0  0
116  3 389408 2991544 2103208 179830684    0    0 181232 111512 258220 1503812 33 41 26  1  0  0
57  8 389408 2990648 2103208 179830980    0    0 163088 74532 261926 1546958 33 42 24  1  0  0
72  2 389408 2989320 2103208 179831460    0    0 170976 115572 247788 1450220 31 40 28  1  0  0
92 17 389408 2989580 2103208 179832000    0    0 161888 133136 244747 1442557 30 40 29  1  0  0
 5  0 389408 2992640 2103208 179832560    0    0 195792 104992 249563 1491309 33 41 25  1  0  0
 2  0 389408 2988944 2103208 179832840    0    0 188528 111332 245271 1474998 32 41 26  1  0  0
65  2 389408 2989000 2103208 179833296    0    0 141152 76376 241593 1486611 31 43 26  0  0  0
139  0 389408 2990576 2103208 179833872    0    0 183312 122496 243708 1441327 31 40 28  1  0  0
216  0 389408 2988840 2103208 179834396    0    0 161808 115192 245319 1473798 31 41 27  1  0  0
52  2 389408 2986380 2103208 179834548    0    0 174144 79328 248752 1509612 32 43 24  1  0  0
11  0 389408 2982436 2103208 179835064    0    0 147344 97392 241416 1461914 31 41 27  1  0  0
288  0 389408 2982976 2103208 179835636    0    0 183104 132176 241019 1430142 31 39 29  1  0  0
78  3 389408 2982076 2103208 179836172    0    0 186656 105068 256676 1509206 33 41 25  1  0  0
173  0 389408 2980760 2103208 179836460    0    0 183216 98916 251317 1487269 33 40 26  1  0  0
24  0 389408 2979548 2103208 179836952    0    0 148208 103936 244417 1451080 31 41 28  0  0  0
55  0 389408 2981192 2103208 179837484    0    0 174480 128564 242871 1422125 30 39 30  1  0  0
100  0 389408 2982308 2103208 179838064    0    0 170704 117240 249565 1471979 32 40 26  1  0  0
76 23 389408 2980296 2103208 179838224    0    0 166320 68840 251131 1528036 33 43 23  1  0  0
145  3 389408 2980388 2103208 179838760    0    0 167360 103156 242792 1458687 31 42 27  1  0  0
40  0 389408 2982412 2103208 179839308    0    0 168528 134728 241767 1416076 30 39 30  1  0  0
procs -----------memory---------- ---swap-- -----io---- -system-- -------cpu-------
 r  b   swpd   free   buff  cache   si   so    bi    bo   in   cs us sy id wa st gu
160  0 389408 2981640 2103208 179839828    0    0 162720 107388 247279 1480675 32 41 26  1  0  0
52  0 389408 2984140 2103208 179839968    0    0 144928 67348 247459 1521628 33 43 23  1  0  0
133  0 389408 2984732 2103208 179840524    0    0 174656 127196 252509 1444968 31 40 29  1  0  0
65  0 389408 2983736 2103208 179841076    0    0 174032 110420 252829 1476253 32 41 27  1  0  0
61  1 389408 2986256 2103208 179841384    0    0 154512 67888 250019 1529773 34 42 23  1  0  0
101  5 389408 2983956 2103208 179841740    0    0 145504 100912 245747 1457715 32 41 27  1  0  0
121  6 389408 2982464 2103208 179842296    0    0 183504 123380 243543 1434037 30 40 28  1  0  0
26  0 389408 2978744 2103208 179842880    0    0 190016 137684 242753 1412497 30 39 30  1  0  0
42  1 389408 2978420 2103208 179843348    0    0 177648 78988 252886 1524210 33 42 23  1  0  0
93  0 389408 2978112 2103208 179843552    0    0 126304 71256 242649 1496280 31 43 25  0  0  0
68  6 389408 2977816 2103208 179844100    0    0 175504 126112 243336 1428041 32 39 29  1  0  0
19  0 389408 2976612 2103208 179844628    0    0 163536 100032 245166 1477004 32 41 27  1  0  0
56  3 389408 2974956 2103208 179845052    0    0 166928 98032 250588 1499617 33 42 25  1  0  0
128  0 389408 2975316 2103208 179845316    0    0 183152 111200 245747 1466922 32 39 27  1  0  0
109  0 389408 2974912 2103208 179845812    0    0 153248 115384 248325 1441928 30 41 29  1  0  0
37  0 389408 2974140 2103208 179846396    0    0 204368 129244 246177 1440786 32 38 29  1  0  0
64  9 389408 2974732 2103208 179847012    0    0 188304 116232 248395 1476848 33 39 27  1  0  0
84  0 389408 2972908 2103208 179847336    0    0 202064 125428 252152 1465475 33 40 26  1  0  0
65  7 389408 2969852 2103208 179847740    0    0 125664 46468 243565 1512263 32 44 23  0  0  0
49  2 389408 2971824 2103208 179848292    0    0 181696 124392 244433 1436927 30 41 28  1  0  0
40  0 389408 2968052 2103208 179848680    0    0 157216 116888 244622 1456972 31 41 27  1  0  0
procs -----------memory---------- ---swap-- -----io---- -system-- -------cpu-------
 r  b   swpd   free   buff  cache   si   so    bi    bo   in   cs us sy id wa st gu
114  2 389408 2969672 2103208 179849012    0    0 164896 72884 244831 1495611 32 42 25  1  0  0
62  0 389408 2967884 2103208 179849756    0    0 212432 106564 248283 1476912 34 38 27  1  0  0
22  1 389408 2965480 2103208 179849996    0    0 170848 133672 250914 1441191 31 40 28  1  0  0
140  0 389408 2967464 2103208 179850636    0    0 197952 117260 255667 1471008 32 39 27  1  0  0
11  0 389408 2965556 2103208 179851232    0    0 178288 111296 253261 1457765 32 39 28  1  0  0
12  0 389408 2966520 2103208 179851732    0    0 177648 144840 251589 1443870 31 40 28  1  0  0
135  3 389408 2966156 2103208 179851884    0    0 168304 71288 253352 1503600 32 44 24  1  0  0
196  0 389408 2966948 2103208 179852384    0    0 138272 91000 239165 1430078 31 41 28  0  0  0
159  1 389408 2966408 2103208 179852932    0    0 177552 107332 243072 1448983 31 40 28  1  0  0
85  1 389408 2966088 2103208 179853552    0    0 202848 129172 248306 1449869 31 40 28  1  0  0
84  4 389408 2967664 2103208 179853764    0    0 187344 114424 255562 1529627 34 42 23  1  0  0
259  0 389408 2970608 2103212 179854312    0    0 165936 68072 254623 1508503 31 43 25  1  0  0
55  0 389408 2967796 2103212 179854808    0    0 169088 130752 251431 1458511 31 40 28  1  0  0
266  0 389408 2967324 2103212 179855424    0    0 178560 144764 251551 1431107 31 39 30  1  0  0
 2  0 389408 2967336 2103212 179855732    0    0 175984 68988 254268 1482949 32 40 27  1  0  0
18  0 389408 2968524 2103212 179856092    0    0 145920 103840 257215 1513202 32 43 25  1  0  0
227  0 389408 2969564 2103212 179856584    0    0 166496 80480 258733 1524603 33 41 26  1  0  0
132  2 389408 2969980 2103212 179857236    0    0 207072 143744 248127 1435727 31 38 30  1  0  0
89  0 389408 2966624 2103212 179857532    0    0 167632 111484 246028 1454739 31 41 28  1  0  0
55  2 389408 3141568 2103212 179857920    0    0 152736 91144 261772 1489114 32 42 25  1  0  0
