procs -----------memory---------- ---swap-- -----io---- -system-- -------cpu-------
 r  b   swpd   free   buff  cache   si   so    bi    bo   in   cs us sy id wa st gu
 4  1 389408 5029268 2096932 167310140    2    7 16450 22225 12090    3  2  0 97  0  0  0
209  0 389408 4757620 2096932 167310204    0    0 39808 300852 107000 82260 94  2  4  0  0  0
137  0 389408 4736920 2096932 167310256    0    0 41120 256448 100699 54265 97  1  2  0  0  0
120  0 389408 4718072 2096932 167310304    0    0 31552 270928 99659 52022 97  1  2  0  0  0
159  0 389408 4696588 2096932 167310344    0    0 36880 271220 137029 53246 96  1  2  0  0  0
190  0 389408 4679956 2096932 167310388    0    0 37152 256296 109803 52917 98  1  1  0  0  0
181  0 389408 4659584 2096932 167310436    0    0 41776 287796 102898 59023 98  1  1  0  0  0
132  0 389408 4638708 2096932 167310476    0    0 39376 273188 101478 59450 98  1  1  0  0  0
147  2 389408 4614564 2096932 167310520    0    0 40400 272272 101199 54398 97  1  1  0  0  0
187  0 389408 4594328 2096932 167310572    0    0 41568 321956 151338 60706 96  1  2  0  0  0
144  0 389408 4575552 2096932 167310620    0    0 42048 287564 102550 58219 98  1  1  0  0  0
132  1 389408 4563668 2096936 167310664    0    0 42032 293756 103123 54567 98  1  1  0  0  0
131  1 389408 4543732 2096936 167310716    0    0 46304 301556 102315 56187 97  1  2  0  0  0
165  1 389408 4536196 2096936 167310756    0    0 42880 264796 99761 53501 98  1  1  0  0  0
123  1 389408 4526292 2096936 167310800    0    0 45840 266776 101700 54781 98  1  1  0  0  0
110  2 389408 4491264 2096936 167310844    0    0 42480 272072 100826 53810 98  1  1  0  0  0
164  0 389408 4466720 2096940 167310900    0    0 45488 274332 101083 55698 97  1  2  0  0  0
119  0 389408 4443596 2096940 167310948    0    0 45840 274808 101899 55369 97  1  2  0  0  0
156  0 389408 4427676 2096940 167310992    0    0 41136 245200 100668 52597 98  1  1  0  0  0
147  1 389408 4415168 2096940 167311040    0    0 37072 258856 101519 55608 98  1  1  0  0  0
140  0 389408 4378448 2096940 167311080    0    0 43776 226676 99497 51883 98  1  1  0  0  0
procs -----------memory---------- ---swap-- -----io---- -system-- -------cpu-------
 r  b   swpd   free   buff  cache   si   so    bi    bo   in   cs us sy id wa st gu
40  3 389408 4356056 2096940 167311128    0    0 46624 272432 100729 55615 96  1  3  0  0  0
218  5 389408 3648676 2096940 167311172    0    0 131552 494788 1046245 654632 25 63 11  1  0  0
14  0 389408 3515124 2096940 167312704    0    0 344576 253932 275197 1616104 41 37 21  1  0  0
66  6 389408 3475088 2096940 167313960    0    0 265344 264556 281961 1599270 38 39 22  1  0  0
162  0 389408 3443472 2096940 167315404    0    0 296112 256108 276882 1593869 39 39 22  1  0  0
121  5 389408 3408696 2096952 167317004    0    0 348784 243204 282741 1598473 40 37 22  2  0  0
104  0 389408 3386060 2096952 167318368    0    0 267568 230044 284241 1619798 38 40 21  1  0  0
81  1 389408 3364692 2096952 167319668    0    0 260080 216052 276054 1602762 38 41 21  1  0  0
59  5 389408 3342444 2096952 167321120    0    0 323520 204120 275291 1595915 40 37 21  1  0  0
99 20 389408 3324012 2096952 167322508    0    0 260720 186040 269356 1595784 37 41 22  1  0  0
159  1 389408 3311580 2096952 167323792    0    0 271600 180464 279582 1608448 38 40 21  1  0  0
193  1 389408 3295644 2096952 167325076    0    0 271392 172252 281947 1606445 38 40 21  1  0  0
203  1 389408 3278384 2096952 167326816    0    0 380896 175276 279385 1587750 41 36 21  1  0  0
49  3 389408 3261760 2096952 167328292    0    0 274608 185200 277192 1597518 38 40 21  1  0  0
11  0 389408 3247804 2096952 167329584    0    0 256784 183892 276128 1595386 37 41 21  1  0  0
43  4 389408 3231840 2096956 167331036    0    0 319776 193288 275966 1585735 39 37 22  1  0  0
241  0 389408 3214040 2096956 167332416    0    0 266368 186936 276158 1589343 38 41 21  1  0  0
150  3 389408 3201008 2096956 167333780    0    0 277456 191728 275130 1592436 38 40 21  1  0  0
20  1 389408 3185580 2096956 167335072    0    0 264176 191064 279336 1595537 38 40 21  1  0  0
206  0 389408 3162464 2096956 167336856    0    0 385104 233796 278615 1564715 40 37 22  2  0  0
81  4 389408 3137712 2096956 167338348    0    0 327008 274732 279853 1594095 39 36 22  2  0  0
procs -----------memory---------- ---swap-- -----io---- -system-- -------cpu-------
 r  b   swpd   free   buff  cache   si   so    bi    bo   in   cs us sy id wa st gu
153  2 389408 3109484 2096956 167340104    0    0 370416 282952 279014 1534759 38 37 22  3  0  0
71  2 389408 3086788 2096956 167341824    0    0 343168 267740 276041 1549982 39 37 22  2  0  0
54  6 389408 3068416 2096956 167343516    0    0 344336 274160 275011 1535124 38 37 22  3  0  0
56  0 389408 3049512 2096956 167345344    0    0 368240 276132 284557 1561063 39 36 23  2  0  0
 6  0 389408 3029864 2096956 167347244    0    0 412464 287752 282099 1564902 40 35 22  3  0  0
109  1 389408 3015644 2096956 167349080    0    0 384864 273032 280393 1563714 40 35 22  2  0  0
63  3 389408 2999584 2096956 167350840    0    0 342720 255508 281546 1557546 38 37 23  2  0  0
152  2 389408 2984188 2096956 167352684    0    0 394544 284316 275940 1516406 39 36 23  3  0  0
113  0 389408 2971468 2096956 167354416    0    0 356016 264356 278106 1542749 38 37 22  3  0  0
246  1 389408 3202768 2096960 167112648    0    0 353312 268052 276471 1524590 38 37 23  2  0  0
23 10 389408 3194712 2096960 167113960    0    0 370080 261220 272509 1529980 38 37 22  3  0  0
161  0 389408 3182092 2096960 167115504    0    0 375744 284676 281890 1562363 40 36 22  2  0  0
43  5 389408 3166188 2096960 167117588    0    0 431824 294720 279549 1536645 41 34 23  2  0  0
42  5 389408 3153816 2096960 167119352    0    0 359152 281204 277453 1532092 38 37 22  3  0  0
41  1 389408 3142892 2096960 167121284    0    0 406032 275132 279147 1537475 40 35 22  3  0  0
 9  0 389408 3131820 2096960 167122916    0    0 369088 267980 277437 1529751 39 38 21  2  0  0
25  7 389408 3118048 2096960 167124704    0    0 363856 267152 277822 1531301 39 37 22  2  0  0
154  7 389408 3108600 2096960 167126616    0    0 408064 301880 288214 1553945 41 34 22  2  0  0
55  8 389408 3099068 2096960 167128436    0    0 392736 290600 286034 1568250 40 36 21  2  0  0
70  0 389408 3088856 2096960 167130672    0    0 462128 294856 290642 1562006 41 36 20  2  0  0
217  0 389408 3081116 2096960 167132580    0    0 387728 279188 282845 1539040 40 37 21  2  0  0
procs -----------memory---------- ---swap-- -----io---- -system-- -------cpu-------
 r  b   swpd   free   buff  cache   si   so    bi    bo   in   cs us sy id wa st gu
25  0 389408 3076884 2096960 167134188    0    0 328944 262668 278456 1554188 39 37 22  2  0  0
79  3 389408 3067116 2096960 167136296    0    0 487824 320036 286965 1568855 43 33 22  3  0  0
40  3 389408 3062548 2096960 167137952    0    0 352128 261104 276237 1539357 39 37 22  2  0  0
92  9 389408 3057992 2096960 167139768    0    0 352928 264860 271896 1511410 38 37 23  2  0  0
66 21 389408 3052948 2096960 167141620    0    0 374304 272532 277744 1531680 40 35 23  2  0  0
21  3 389408 3048992 2096960 167143324    0    0 380960 283716 286200 1566593 40 36 22  2  0  0
155  1 389408 3044832 2096960 167145324    0    0 423088 300536 283769 1539731 41 34 23  2  0  0
67  8 389408 3037536 2096960 167147316    0    0 415040 291120 282821 1535752 40 34 23  2  0  0
26 28 389408 3037128 2096960 167148908    0    0 350192 280956 284542 1566729 40 36 22  2  0  0
51  3 389408 3032392 2096960 167151088    0    0 459152 309024 285172 1541745 42 33 23  2  0  0
75  3 389408 3026556 2096960 167153068    0    0 456720 316424 282995 1520513 41 34 23  2  0  0
78  3 389408 3024516 2096960 167155040    0    0 376000 281860 283447 1538002 39 36 23  2  0  0
26  2 389408 3021828 2096960 167156996    0    0 396048 290204 282729 1523061 40 35 23  2  0  0
157  6 389408 3018996 2096960 167158748    0    0 381488 291724 285261 1545463 40 35 22  2  0  0
39  5 389408 3016560 2096960 167160568    0    0 453216 322632 281459 1505347 41 34 22  3  0  0
70  3 389408 3011188 2096960 167162512    0    0 363472 306576 277240 1509199 39 36 22  2  0  0
96  2 389408 3009116 2096960 167164284    0    0 392336 297296 279588 1518214 40 37 21  3  0  0
18  0 389408 3007924 2096960 167166084    0    0 341424 261612 268810 1506631 37 38 23  2  0  0
157  7 389408 3006484 2096964 167167816    0    0 370576 298392 275831 1504151 38 36 23  2  0  0
66 11 389408 3003580 2096964 167169360    0    0 330560 261956 281104 1561757 40 36 22  2  0  0
14  0 389408 3005196 2096964 167171256    0    0 441968 328740 292208 1561194 42 34 22  3  0  0
procs -----------memory---------- ---swap-- -----io---- -system-- -------cpu-------
 r  b   swpd   free   buff  cache   si   so    bi    bo   in   cs us sy id wa st gu
91  1 389408 3004556 2096964 167173048    0    0 335264 264996 278559 1534759 39 36 23  2  0  0
122  2 389408 3003144 2096964 167174664    0    0 360976 295332 274853 1525767 39 35 24  3  0  0
70  1 389408 2999576 2096964 167176428    0    0 354880 297616 275429 1517191 39 37 22  2  0  0
43  1 389408 2998864 2096964 167178044    0    0 365808 311884 274745 1505314 39 36 23  3  0  0
43  2 389408 2961512 2096964 167179864    0    0 383856 307760 278706 1503593 38 36 23  2  0  0
25 17 389408 2959156 2096964 167181444    0    0 323728 276160 274514 1530084 38 37 22  2  0  0
20  1 389408 3211744 2096964 166938780    0    0 393472 307888 275998 1515125 39 37 22  2  0  0
37 20 389408 3208124 2096964 166940512    0    0 363872 297476 271783 1498195 37 37 23  3  0  0
85 29 389408 3205180 2096964 166942084    0    0 306448 283680 275677 1536032 38 38 22  2  0  0
47  6 389408 3204936 2096964 166943712    0    0 360016 299424 275207 1496783 38 37 23  2  0  0
68  4 389408 3199424 2096964 166945392    0    0 369792 300612 280897 1519006 39 36 22  2  0  0
19  8 389408 3257044 2096964 166947060    0    0 359712 298656 277350 1522099 38 37 22  3  0  0
39 15 389408 3252228 2096964 166948848    0    0 373840 298860 283190 1543004 39 36 23  2  0  0
140  2 389408 3251504 2096968 166950532    0    0 355220 307732 287501 1558500 39 37 22  3  0  0
114 14 389408 3249564 2096968 166952268    0    0 368352 287708 282278 1555348 40 36 22  2  0  0
44  1 389408 3248320 2096968 166953908    0    0 351888 294632 282593 1548072 38 38 22  2  0  0
96 16 389408 3245604 2096968 166955872    0    0 431520 328112 285680 1530906 40 34 23  3  0  0
33  0 389408 3243620 2096976 166957928    0    0 427104 309752 282825 1537973 41 36 21  3  0  0
36  4 389408 3241488 2096976 166959704    0    0 367392 308284 283061 1512713 38 36 23  2  0  0
90  5 389408 3241160 2096976 166961516    0    0 389856 318616 281948 1505021 38 35 24  3  0  0
87 10 389408 3240160 2096976 166963372    0    0 439184 362544 281428 1500456 39 35 23  3  0  0
procs -----------memory---------- ---swap-- -----io---- -system-- -------cpu-------
 r  b   swpd   free   buff  cache   si   so    bi    bo   in   cs us sy id wa st gu
115  3 389408 3238432 2096976 166965460    0    0 379584 349288 279575 1481737 37 36 24  3  0  0
22  7 389408 3237236 2096976 166967176    0    0 372064 324056 280215 1497664 38 36 23  3  0  0
72 53 389408 3234404 2096976 166969308    0    0 476720 378988 286690 1521032 41 33 22  3  0  0
74 41 389408 3232304 2096976 166971188    0    0 375904 323540 282086 1541436 39 36 23  3  0  0
276  0 389408 3230620 2096976 166973008    0    0 416960 359072 283438 1512811 39 35 23  3  0  0
56  5 389408 3227804 2096976 166975392    0    0 499760 380056 284846 1490140 41 32 24  4  0  0
74  5 389408 3225884 2096976 166977228    0    0 360832 289764 277346 1521654 38 36 24  3  0  0
47  5 389408 3224396 2096976 166978952    0    0 386832 357832 284428 1547281 39 36 23  3  0  0
75 12 389408 3220996 2096980 166980948    0    0 466448 385068 291189 1546474 41 35 21  3  0  0
120 13 389408 3220356 2096980 166983156    0    0 416224 362936 281985 1507606 40 33 24  3  0  0
67 40 389408 3216008 2096980 166985036    0    0 424320 341360 275414 1488823 38 36 22  3  0  0
85 15 389408 3214516 2096984 166986932    0    0 386736 342600 277296 1496502 38 36 23  3  0  0
82  6 389408 3206780 2096984 166988948    0    0 420064 362492 280082 1496801 38 35 23  3  0  0
15  0 389408 3208020 2096984 166990892    0    0 424848 342280 277591 1501180 39 36 22  3  0  0
13  1 389408 3203664 2096984 166992712    0    0 392944 340700 285649 1522307 39 34 24  3  0  0
32  0 389408 3202576 2096984 166994728    0    0 392560 347184 281260 1503090 38 35 25  3  0  0
38  2 389408 3202560 2096984 166996408    0    0 401792 323560 276062 1486380 38 36 22  3  0  0
34  3 389408 3200584 2096984 166998484    0    0 465824 399008 286242 1496019 40 33 24  3  0  0
171  0 389408 3196664 2096984 167000540    0    0 465760 385856 290613 1511186 40 34 23  3  0  0
101  1 389408 3197148 2096984 167002560    0    0 368160 322948 276172 1492299 37 37 23  3  0  0
16  0 389408 3193816 2096984 167004444    0    0 427840 349952 279686 1478042 39 35 23  3  0  0
procs -----------memory---------- ---swap-- -----io---- -system-- -------cpu-------
 r  b   swpd   free   buff  cache   si   so    bi    bo   in   cs us sy id wa st gu
54  1 389408 3193016 2096988 167006388    0    0 392816 348732 277934 1478182 38 35 24  3  0  0
205  3 389408 3191176 2096988 167008344    0    0 420592 379616 287698 1484344 38 35 23  3  0  0
47 95 389408 3187692 2096988 167010320    0    0 450480 312252 281210 1508902 39 35 23  3  0  0
41  1 389408 3174148 2096988 167012416    0    0 412864 334576 285037 1534881 39 34 24  2  0  0
193  0 389408 3170652 2096988 167014672    0    0 463472 385916 286072 1523096 41 34 22  3  0  0
 5  3 389408 3166508 2096988 167016744    0    0 449024 375624 283050 1498862 40 33 24  4  0  0
176  2 389408 3164504 2096988 167018996    0    0 467680 368572 278106 1447722 39 34 24  3  0  0
34  2 389408 3158960 2096988 167021148    0    0 420256 363416 278810 1491913 38 36 22  4  0  0
115  2 389408 3160584 2096988 167023004    0    0 394672 354028 278736 1477616 38 34 25  3  0  0
85  1 389408 3155340 2096988 167025180    0    0 417472 356560 285577 1501444 40 34 24  3  0  0
190  2 389408 3155196 2096988 167027336    0    0 430000 363912 278031 1482009 39 35 23  3  0  0
12  4 389408 3145860 2096988 167029128    0    0 433504 392472 280136 1487869 39 35 22  4  0  0
149  3 389408 3144760 2096988 167031308    0    0 439872 367432 276896 1468328 40 33 24  3  0  0
25 26 389408 3140224 2096988 167033512    0    0 469840 388592 285484 1504036 40 33 23  4  0  0
13  2 389408 3139668 2096988 167036036    0    0 510000 412192 288126 1476492 40 32 24  4  0  0
165  1 389408 3141096 2096988 167038216    0    0 414704 354940 277210 1488517 39 34 24  3  0  0
13  1 389408 3139468 2096988 167040196    0    0 433952 359908 282633 1501697 39 35 23  3  0  0
19  1 389408 3140264 2096988 167042216    0    0 424608 365240 280504 1486323 39 34 24  3  0  0
29  0 389408 3139296 2096988 167044140    0    0 365248 344004 286375 1541385 39 35 23  3  0  0
96  4 389408 3136716 2096988 167045980    0    0 392496 365928 276196 1470292 38 34 25  3  0  0
147  3 389408 3131472 2096988 167047836    0    0 418656 361192 278040 1481956 38 35 24  3  0  0
procs -----------memory---------- ---swap-- -----io---- -system-- -------cpu-------
 r  b   swpd   free   buff  cache   si   so    bi    bo   in   cs us sy id wa st gu
37 20 389408 3128336 2096988 167049828    0    0 425808 367896 277000 1474050 38 35 24  4  0  0
135  3 389408 3127016 2096988 167051964    0    0 420224 360960 284134 1510517 39 36 22  3  0  0
17  0 389408 3122076 2096988 167054068    0    0 410160 349700 278474 1495458 38 35 24  3  0  0
35 19 389408 3121728 2096988 167056040    0    0 415808 365288 288689 1518756 38 35 24  3  0  0
47  2 389408 3118000 2096988 167058160    0    0 421360 349508 287350 1531305 40 33 23  3  0  0
52 29 389408 3116280 2096988 167059880    0    0 393056 356744 278981 1505910 39 34 24  3  0  0
163  1 389408 3113984 2096988 167061948    0    0 412016 363088 282184 1501484 39 35 23  3  0  0
128  1 389408 3111096 2096992 167063984    0    0 439488 357300 273579 1449701 38 33 25  3  0  0
18  0 389408 3110924 2096992 167066152    0    0 433088 375100 279418 1481625 39 35 22  4  0  0
204  4 389408 3110416 2097000 167068256    0    0 455296 389108 276830 1461978 39 34 23  4  0  0
102  0 389408 3108896 2097000 167070452    0    0 460656 375152 279926 1479884 39 34 23  3  0  0
36 23 389408 3106708 2097000 167072608    0    0 443344 377860 277934 1477814 39 35 23  4  0  0
48  0 389408 3107580 2097004 167074636    0    0 385200 340200 273510 1467078 37 36 24  3  0  0
90  2 389408 3105608 2097004 167076604    0    0 436192 367028 274208 1455717 38 35 24  4  0  0
48  1 389408 3088040 2097008 167078672    0    0 439428 394888 273760 1433743 38 33 26  3  0  0
58  3 389408 3086508 2097008 167080688    0    0 442880 374056 275641 1465200 38 36 23  3  0  0
42  1 389408 3081252 2097012 167082764    0    0 393492 336252 276938 1468186 38 35 25  3  0  0
93  3 389408 3076704 2097012 167084740    0    0 459424 374588 283583 1471956 39 33 25  4  0  0
34 23 389408 3079100 2097012 167086868    0    0 393328 347060 286352 1517076 38 36 23  3  0  0
31  0 389408 3078396 2097012 167088884    0    0 456128 387224 280085 1454119 39 33 24  4  0  0
75  6 389408 3077172 2097012 167091176    0    0 489984 403656 279951 1466065 40 33 23  4  0  0
procs -----------memory---------- ---swap-- -----io---- -system-- -------cpu-------
 r  b   swpd   free   buff  cache   si   so    bi    bo   in   cs us sy id wa st gu
34  6 389408 3075140 2097012 167093352    0    0 409616 347132 275103 1457219 38 35 24  3  0  0
97  5 389408 3071732 2097012 167095356    0    0 446192 393384 276796 1453312 38 33 24  4  0  0
29  1 389408 3069720 2097012 167097520    0    0 445360 386208 280249 1472297 39 33 24  3  0  0
34 28 389408 3068268 2097012 167099692    0    0 468320 384168 277026 1456436 38 34 23  4  0  0
209  0 389408 3068376 2097012 167101828    0    0 415472 364396 282882 1499405 39 34 24  3  0  0
24  1 389408 3066676 2097012 167104056    0    0 498160 395392 291651 1509343 41 33 23  3  0  0
33  1 389408 3065780 2097012 167106488    0    0 463760 387264 278981 1470709 40 34 23  4  0  0
166  1 389408 3062252 2097012 167108604    0    0 423008 358180 276224 1465375 38 35 24  3  0  0
14 13 389408 3060876 2097012 167110528    0    0 438336 384452 273726 1447498 38 33 24  4  0  0
66  1 389408 3044288 2097012 167112496    0    0 384624 351496 274100 1464282 36 35 25  3  0  0
329 48 389408 3042744 2097012 167114424    0    0 394848 355064 273087 1460696 38 35 24  3  0  0
10  1 389408 3041316 2097012 167116312    0    0 382832 342080 275919 1485607 38 35 24  3  0  0
74 14 389408 3039236 2097012 167118044    0    0 375872 337464 274265 1472862 37 36 24  3  0  0
40  3 389408 3039544 2097012 167120176    0    0 399424 346416 285187 1493120 38 36 23  3  0  0
113  8 389408 3038408 2097012 167121872    0    0 400672 347128 286199 1493097 38 35 24  3  0  0
94 11 389408 3036812 2097012 167124092    0    0 439520 385212 283737 1491933 39 34 23  4  0  0
29  5 389408 3034516 2097012 167126076    0    0 425824 353896 289309 1520830 39 34 23  3  0  0
25  7 389408 3030972 2097012 167128140    0    0 419072 379628 280665 1461840 38 34 25  4  0  0
68  5 389408 3028960 2097012 167129996    0    0 403168 343452 277049 1483872 39 35 23  3  0  0
26  5 389408 3026940 2097012 167132096    0    0 406544 350876 275087 1473153 38 35 24  3  0  0
35 19 389408 3021748 2097012 167133920    0    0 415760 351760 274461 1457923 38 34 25  3  0  0
procs -----------memory---------- ---swap-- -----io---- -system-- -------cpu-------
 r  b   swpd   free   buff  cache   si   so    bi    bo   in   cs us sy id wa st gu
62  4 389408 3019524 2097012 167135996    0    0 398448 354368 276599 1485874 38 35 23  4  0  0
32 44 389408 3018732 2097012 167137888    0    0 432976 360852 276394 1467059 39 34 24  3  0  0
107  3 389408 3018924 2097012 167140144    0    0 429504 368632 273106 1452406 38 34 24  4  0  0
47  3 389408 3015736 2097012 167142064    0    0 403360 356192 276190 1482238 37 36 23  4  0  0
218  1 389408 3016264 2097012 167144456    0    0 515488 419644 277065 1424959 40 31 25  4  0  0
 6  0 389408 3012980 2097012 167146472    0    0 382832 346672 277493 1499284 38 36 23  4  0  0
108  1 389408 3011008 2097016 167148764    0    0 483984 387680 283763 1487690 39 33 24  4  0  0
56 30 389408 3007264 2097020 167150952    0    0 504112 394992 284774 1473936 41 32 25  3  0  0
184  0 389408 3007992 2097020 167153112    0    0 415264 363200 274499 1461133 37 36 24  4  0  0
56  5 389408 3008284 2097020 167155216    0    0 440496 365236 278723 1473874 39 35 23  4  0  0
34  8 389408 3004672 2097020 167157312    0    0 459136 381012 275779 1451380 38 34 24  4  0  0
44 34 389408 3003368 2097020 167159332    0    0 423728 362756 277806 1468921 39 34 24  3  0  0
44 20 389408 2997588 2097024 167161604    0    0 415488 358860 291434 1523000 38 35 23  3  0  0
45  3 389408 2996540 2097024 167163532    0    0 402064 349604 276898 1495506 38 36 23  3  0  0
169  1 389408 2994948 2097024 167165488    0    0 426112 361496 273426 1474842 38 34 24  4  0  0
60 37 389408 2993108 2097024 167167496    0    0 382208 327896 278845 1506115 39 34 24  3  0  0
14  0 389408 2989120 2097024 167169348    0    0 427728 372944 281582 1509037 39 34 23  4  0  0
43  2 389408 2990160 2097024 167171528    0    0 468576 378456 281304 1459001 40 32 26  3  0  0
62  7 389408 2989048 2097024 167173772    0    0 426480 354672 277052 1462861 38 34 25  3  0  0
147  4 389408 2987564 2097024 167175712    0    0 403392 360080 275712 1457850 38 34 25  3  0  0
61  1 389408 2985320 2097024 167177768    0    0 433296 387040 278173 1470663 39 34 23  4  0  0
procs -----------memory---------- ---swap-- -----io---- -system-- -------cpu-------
 r  b   swpd   free   buff  cache   si   so    bi    bo   in   cs us sy id wa st gu
47  3 389408 2982696 2097024 167179660    0    0 415616 345204 276265 1479984 38 34 24  3  0  0
118  3 389408 2981784 2097024 167181788    0    0 453824 370404 279243 1475199 40 33 23  3  0  0
188  2 389408 2976524 2097024 167183976    0    0 440080 372296 278249 1472154 39 35 22  4  0  0
77  0 389408 2975476 2097024 167185932    0    0 395616 349640 281733 1468901 37 35 25  4  0  0
80  6 389408 2971320 2097024 167187836    0    0 405328 356048 286607 1485064 38 35 23  4  0  0
19  2 389408 2970848 2097024 167189960    0    0 460528 364080 282477 1455271 39 32 25  3  0  0
69  3 389408 2970180 2097024 167192192    0    0 428592 359168 276445 1462565 38 34 24  3  0  0
117  0 389408 2967136 2097024 167194032    0    0 397280 374448 275666 1469896 38 35 24  4  0  0
60 40 389408 2964688 2097024 167196264    0    0 472848 368404 280186 1481878 40 33 24  3  0  0
109  5 389408 2962332 2097024 167198420    0    0 448640 379280 282512 1502520 39 34 23  4  0  0
99  4 389408 2961876 2097024 167200576    0    0 487792 392752 289280 1504937 41 32 24  4  0  0
54  2 389408 2958860 2097024 167202696    0    0 404656 358276 278533 1477226 37 36 23  4  0  0
24  8 389408 3203956 2097024 166960628    0    0 452912 371284 276551 1452828 38 33 25  4  0  0
167  1 389408 3201312 2097024 166962732    0    0 431648 375252 286013 1493586 38 36 23  4  0  0
58  3 389408 3198680 2097024 166964592    0    0 372912 327232 273482 1493819 37 36 24  3  0  0
245  0 389408 3198088 2097024 166966780    0    0 540112 421728 287729 1488640 41 32 23  4  0  0
 2  0 389408 3172784 2097028 166968872    0    0 408096 363396 287287 1524824 39 34 23  4  0  0
100  3 389408 3170212 2097028 166971048    0    0 448368 358160 274237 1468947 38 34 24  3  0  0
65  4 389408 3166472 2097028 166973144    0    0 431024 387036 286350 1497075 39 34 24  3  0  0
 4  0 389408 3165212 2097028 166975148    0    0 445264 364668 291426 1537825 39 35 22  4  0  0
 6  1 389408 3161244 2097028 166977252    0    0 472416 373672 276757 1463632 39 33 24  3  0  0
procs -----------memory---------- ---swap-- -----io---- -system-- -------cpu-------
 r  b   swpd   free   buff  cache   si   so    bi    bo   in   cs us sy id wa st gu
 4  0 389408 3158064 2097032 166979224    0    0 382416 361808 275883 1469102 36 36 24  3  0  0
71  2 389408 3158308 2097032 166981228    0    0 477568 392300 282858 1455548 40 32 25  3  0  0
184  2 389408 3155484 2097032 166983204    0    0 343472 324704 273426 1489656 36 37 23  3  0  0
76 12 389408 3154196 2097032 166985176    0    0 471232 386776 280823 1458086 39 33 24  4  0  0
70 12 389408 3154168 2097032 166987232    0    0 414032 358896 283217 1500376 38 35 23  4  0  0
204  5 389408 3156256 2097032 166989232    0    0 421264 354880 283437 1484216 39 34 24  3  0  0
49  0 389408 3156836 2097032 166991136    0    0 414448 361632 278247 1484812 38 35 23  4  0  0
38  5 389408 3153132 2097032 166993124    0    0 434384 357172 277209 1480568 39 35 23  3  0  0
63  6 389408 3149592 2097032 166995176    0    0 474784 381900 283381 1500603 40 33 23  4  0  0
47  4 389408 3146316 2097032 166997324    0    0 423296 349568 276794 1479563 39 34 23  4  0  0
34  2 389408 3148384 2097032 166999200    0    0 398560 358296 277645 1482095 38 35 23  4  0  0
18  7 389408 3143768 2097032 167001348    0    0 433344 363520 274699 1467279 38 34 24  3  0  0
15  4 389408 3137620 2097032 167003176    0    0 405472 376648 282204 1492738 38 36 23  4  0  0
81  2 389408 3138488 2097032 167005340    0    0 472128 365692 280563 1474918 40 33 24  4  0  0
21  4 389408 3136664 2097032 167007412    0    0 453776 383708 275999 1471765 39 34 23  4  0  0
35  7 389408 3132360 2097036 167009804    0    0 517760 392456 281887 1457593 40 32 24  4  0  0
98  7 389408 3129256 2097036 167011992    0    0 409232 382272 276142 1473846 38 34 25  3  0  0
26  5 389408 3126648 2097036 167013876    0    0 430704 361828 290202 1519626 40 34 24  3  0  0
39  1 389408 3125768 2097036 167016104    0    0 514112 376560 284354 1512967 41 33 22  4  0  0
52 19 389408 3123796 2097036 167018048    0    0 418656 328608 276268 1481115 38 34 25  3  0  0
56 11 389408 3120336 2097036 167019956    0    0 364512 345656 272570 1465079 37 36 24  3  0  0
procs -----------memory---------- ---swap-- -----io---- -system-- -------cpu-------
 r  b   swpd   free   buff  cache   si   so    bi    bo   in   cs us sy id wa st gu
42  3 389408 3117092 2097036 167022056    0    0 456640 367180 280860 1474253 39 34 23  3  0  0
136  1 389408 3115548 2097036 167024180    0    0 458080 380796 288433 1475499 39 33 25  3  0  0
12  1 389408 3114336 2097036 167026400    0    0 434240 377264 283967 1495719 39 34 24  4  0  0
77  3 389408 3112620 2097036 167028408    0    0 491904 409748 283560 1471373 39 32 24  5  0  0
14  0 389408 3110900 2097036 167030536    0    0 411200 367048 286195 1511620 38 34 24  4  0  0
91  3 389408 3111344 2097036 167032484    0    0 358560 307388 277299 1522513 39 35 23  2  0  0
99  2 389408 3085288 2097036 167034160    0    0 466080 395648 283154 1491758 40 34 23  4  0  0
318 63 389408 3077672 2097036 167036252    0    0 377984 338212 273456 1462199 37 35 25  3  0  0
81  0 389408 3078336 2097036 167038324    0    0 418176 358632 280777 1507786 39 35 23  3  0  0
203  0 389408 3075960 2097036 167040188    0    0 407952 354120 283628 1480613 39 33 25  3  0  0
37  2 389408 3072136 2097036 167042272    0    0 466208 381044 281831 1491393 39 34 23  4  0  0
197  2 389408 3068636 2097036 167044524    0    0 446944 395796 279338 1458595 38 33 25  4  0  0
71 10 389408 3068620 2097036 167046516    0    0 413680 377104 289100 1488891 38 34 24  3  0  0
33  0 389408 3065932 2097036 167048788    0    0 436368 363184 282952 1490871 39 34 24  3  0  0
120  2 389408 3063192 2097036 167050732    0    0 428096 369588 282460 1503033 39 34 24  3  0  0
59 33 389408 3059652 2097036 167052908    0    0 481216 398992 288036 1474141 39 33 24  4  0  0
75  6 389408 3056548 2097036 167055228    0    0 439488 373692 276444 1467551 39 34 23  4  0  0
10  1 389408 3055220 2097036 167057144    0    0 443984 380004 277218 1453465 39 34 24  3  0  0
69 26 389408 3054232 2097036 167059508    0    0 451056 372496 280428 1475649 40 33 24  3  0  0
19 12 389408 3052904 2097036 167061496    0    0 404256 371392 274298 1443611 38 34 24  4  0  0
136  1 389408 3049476 2097036 167063504    0    0 448592 388092 279929 1465999 39 32 25  4  0  0
procs -----------memory---------- ---swap-- -----io---- -system-- -------cpu-------
 r  b   swpd   free   buff  cache   si   so    bi    bo   in   cs us sy id wa st gu
114  2 389408 3045660 2097036 167065560    0    0 419472 364324 283316 1511115 39 35 23  3  0  0
76  5 389408 3044628 2097036 167067864    0    0 466672 383364 288328 1520444 41 33 23  3  0  0
32 17 389408 3041124 2097036 167070320    0    0 569744 441500 292775 1486729 42 31 23  4  0  0
36  4 389408 3041160 2097036 167072840    0    0 535920 433840 285673 1463907 40 32 24  4  0  0
127  5 389408 3038352 2097036 167075228    0    0 418352 370268 287272 1509458 39 34 24  3  0  0
42  3 389408 3035540 2097036 167077260    0    0 429664 372520 279104 1478800 39 35 23  3  0  0
 9 10 389408 3034968 2097036 167079284    0    0 438720 400600 277863 1439354 37 34 25  4  0  0
49  5 389408 3032944 2097036 167081540    0    0 445136 363056 276841 1472990 38 35 23  4  0  0
110  3 389408 3031344 2097040 167083572    0    0 438080 354732 276062 1465989 38 35 23  4  0  0
68 20 389408 3029528 2097040 167085672    0    0 475264 404336 284908 1493316 40 33 23  4  0  0
85  1 389408 3026840 2097040 167088092    0    0 459728 380552 279753 1465438 39 34 24  4  0  0
95  0 389408 3025640 2097040 167090356    0    0 490368 406900 278750 1451549 40 32 24  4  0  0
31 21 389408 3026128 2097040 167092436    0    0 429040 368696 282924 1499559 39 34 24  4  0  0
12  0 389408 3021860 2097044 167094500    0    0 408036 374304 279565 1485947 38 34 25  3  0  0
13  1 389408 3019080 2097044 167096516    0    0 477936 391932 284395 1483593 40 33 23  4  0  0
77  0 389408 3015284 2097044 167098836    0    0 444704 392872 281429 1479160 39 34 24  3  0  0
46  1 389408 3013772 2097044 167100788    0    0 387488 339104 276166 1479224 39 34 24  3  0  0
76  3 389408 3009460 2097044 167102856    0    0 480048 401396 278729 1469714 39 35 22  4  0  0
124  4 389408 3005956 2097044 167105264    0    0 419792 363676 277804 1465681 38 34 25  3  0  0
75  4 389408 3006528 2097044 167107228    0    0 467504 397124 282622 1480722 40 32 24  4  0  0
69  3 389408 3004748 2097044 167109368    0    0 445680 397384 285476 1501629 40 33 24  3  0  0
procs -----------memory---------- ---swap-- -----io---- -system-- -------cpu-------
 r  b   swpd   free   buff  cache   si   so    bi    bo   in   cs us sy id wa st gu
146 41 389408 3003728 2097044 167111436    0    0 402064 348668 279093 1489761 39 34 24  3  0  0
118  1 389408 3002608 2097044 167113320    0    0 422560 383592 278055 1470633 38 35 23  4  0  0
92  7 389408 2999376 2097044 167115728    0    0 510464 408088 286478 1456917 41 31 25  4  0  0
69  6 389408 2997908 2097044 167118156    0    0 490608 406436 286848 1476390 39 35 22  4  0  0
77  2 389408 2993676 2097044 167120356    0    0 432656 375040 276182 1457975 38 34 24  4  0  0
171  1 389408 2991448 2097044 167122368    0    0 442176 387032 276121 1477423 39 33 24  4  0  0
98  4 389408 2988704 2097044 167124608    0    0 441504 381196 281033 1510561 40 34 23  4  0  0
84  0 389408 2984440 2097044 167126632    0    0 414640 396620 278063 1448549 37 34 26  3  0  0
91  1 389408 2983588 2097044 167128668    0    0 518720 419368 279701 1430674 39 32 24  4  0  0
186  0 389408 2981076 2097044 167131028    0    0 405248 352188 280615 1515409 39 36 22  3  0  0
73  3 389408 2979568 2097044 167133268    0    0 456432 398844 283504 1464900 39 32 25  3  0  0
53  3 389408 2977888 2097044 167135396    0    0 410304 355904 282961 1512193 40 35 23  3  0  0
487 23 389408 2973596 2097044 167137304    0    0 439808 377140 281612 1477551 39 33 25  3  0  0
80 28 389408 2970440 2097044 167139228    0    0 405584 357696 292978 1532793 40 35 23  3  0  0
51  2 389408 2968384 2097044 167141300    0    0 462496 393124 294112 1528404 40 34 22  4  0  0
74  7 389408 2965448 2097044 167143508    0    0 428400 383488 278816 1478022 39 34 24  3  0  0
36  1 389408 2962932 2097044 167145432    0    0 367600 354008 279733 1511271 38 35 24  3  0  0
26  1 389408 2961632 2097044 167147352    0    0 425984 363536 277362 1479389 38 33 25  3  0  0
60  5 389408 2959660 2097044 167149464    0    0 431088 356576 277354 1489253 38 36 22  4  0  0
43 51 389408 2958732 2097044 167151532    0    0 415648 357212 270324 1463553 38 34 25  3  0  0
179  0 389408 3207160 2097044 166908832    0    0 455040 382756 287880 1507158 39 35 23  3  0  0
procs -----------memory---------- ---swap-- -----io---- -system-- -------cpu-------
 r  b   swpd   free   buff  cache   si   so    bi    bo   in   cs us sy id wa st gu
38 28 389408 3206228 2097044 166910884    0    0 430784 365236 271481 1476649 38 34 24  4  0  0
16  3 389408 3206620 2097044 166913040    0    0 466832 392048 280501 1479075 39 34 23  4  0  0
31 25 389408 3204296 2097044 166914964    0    0 406544 375916 278244 1482578 38 35 24  3  0  0
81  3 389408 3204160 2097044 166917004    0    0 461296 394668 275762 1453411 38 34 24  4  0  0
98 13 389408 3197260 2097048 166919052    0    0 428996 388084 278608 1471261 38 34 25  4  0  0
15  0 389408 3197048 2097048 166921000    0    0 433632 364360 280086 1484107 39 34 24  3  0  0
31 11 389408 3196488 2097048 166923044    0    0 406512 346956 275238 1483177 38 35 23  3  0  0
37  0 389408 3190108 2097048 166925056    0    0 392448 352044 274243 1474279 38 34 24  3  0  0
85  3 389408 3192424 2097048 166926840    0    0 424464 374536 273357 1469489 38 34 24  4  0  0
272  1 389408 3187756 2097048 166928736    0    0 400576 368360 282754 1488890 37 35 25  3  0  0
21 13 389408 3185144 2097048 166930812    0    0 442832 383484 295027 1531908 40 34 22  4  0  0
19  0 389408 3181912 2097048 166932744    0    0 438640 384116 280948 1483461 38 32 26  4  0  0
31  0 389408 3181164 2097048 166934932    0    0 451840 374788 273613 1447101 38 34 24  4  0  0
25  3 389408 3180280 2097048 166936916    0    0 419232 367496 278021 1494096 38 36 22  4  0  0
54  4 389408 3178104 2097048 166939072    0    0 496704 405340 281862 1478344 40 33 24  4  0  0
87 10 389408 3174172 2097048 166941616    0    0 531968 423220 277591 1451210 40 32 24  4  0  0
38  1 389408 3172980 2097052 166943792    0    0 410272 360948 280436 1485862 38 34 24  3  0  0
101 27 389408 3166468 2097052 166945604    0    0 390336 383884 283981 1491182 38 35 23  4  0  0
16  0 389408 3164068 2097052 166947472    0    0 388496 347136 279995 1504290 38 34 24  3  0  0
14  4 389408 3161568 2097052 166949596    0    0 500240 405956 284097 1508351 41 34 22  4  0  0
224  1 389408 3161944 2097052 166951892    0    0 433056 359332 282640 1513561 39 35 23  3  0  0
procs -----------memory---------- ---swap-- -----io---- -system-- -------cpu-------
 r  b   swpd   free   buff  cache   si   so    bi    bo   in   cs us sy id wa st gu
97 79 389408 3157676 2097052 166953676    0    0 397328 348620 283773 1522888 38 35 23  3  0  0
29 14 389408 3155528 2097052 166955656    0    0 428544 379344 283163 1479700 39 34 24  3  0  0
122  3 389408 3149104 2097052 166957396    0    0 385200 349064 281579 1491376 38 36 23  4  0  0
92  3 389408 3147552 2097052 166959540    0    0 428960 368740 278293 1469371 39 34 25  3  0  0
37  0 389408 3144788 2097052 166961528    0    0 436048 384516 275953 1454099 38 35 24  3  0  0
143  1 389408 3141340 2097056 166963588    0    0 404352 354472 277398 1488703 38 35 23  4  0  0
44  1 389408 3138728 2097056 166965604    0    0 455072 392432 277239 1453956 39 33 25  3  0  0
 4  1 389408 3135532 2097056 166967536    0    0 357248 344212 288980 1533947 38 35 24  3  0  0
51  3 389408 3132296 2097056 166969556    0    0 445920 367288 281011 1501752 39 35 22  4  0  0
88 38 389408 3129328 2097056 166971848    0    0 451392 380084 275692 1470269 39 33 24  4  0  0
71  0 389408 3128656 2097060 166973816    0    0 388832 346584 274208 1465766 38 34 24  4  0  0
55  5 389408 3127160 2097060 166975696    0    0 408496 348848 279407 1496331 37 37 22  4  0  0
59  5 389408 3120640 2097060 166977760    0    0 466496 434272 281333 1459005 39 34 24  4  0  0
63  0 389408 3118664 2097060 166979900    0    0 414528 344140 287168 1497959 38 36 22  3  0  0
199  0 389408 3118880 2097060 166981960    0    0 422928 338288 279666 1475924 39 34 24  3  0  0
56  2 389408 3114308 2097064 166983912    0    0 436544 356492 276411 1487946 39 35 22  4  0  0
135  3 389408 3110292 2097068 166986144    0    0 438276 376332 281924 1488045 40 34 23  3  0  0
46  3 389408 3111352 2097068 166987912    0    0 373040 345368 286343 1513957 37 37 23  3  0  0
238  1 389408 3105876 2097068 166990020    0    0 422800 344600 279199 1468851 37 36 24  3  0  0
51  3 389408 3065704 2097068 166991880    0    0 460048 347068 270340 1415969 38 32 27  3  0  0
21 32 389408 3065096 2097068 166994272    0    0 485088 410348 287295 1493422 40 32 25  3  0  0
procs -----------memory---------- ---swap-- -----io---- -system-- -------cpu-------
 r  b   swpd   free   buff  cache   si   so    bi    bo   in   cs us sy id wa st gu
82  1 389408 3062976 2097068 166996392    0    0 400528 358416 282460 1494654 39 34 25  3  0  0
39 22 389408 3062728 2097068 166998480    0    0 472432 384876 278718 1467606 39 34 22  4  0  0
 7  0 389408 3062528 2097068 167000664    0    0 445920 372064 282595 1480344 39 34 24  3  0  0
54 26 389408 3118352 2097068 167002924    0    0 474240 377552 279517 1474684 39 33 24  4  0  0
92  5 389408 3116432 2097068 167005036    0    0 421696 368720 281812 1474580 38 35 24  3  0  0
30 28 389408 3115656 2097068 167007172    0    0 411920 350172 286471 1494217 38 35 24  3  0  0
55  0 389408 3114848 2097068 167009104    0    0 378448 355604 276781 1472044 37 34 25  3  0  0
32 21 389408 3111004 2097068 167011044    0    0 429952 361816 279130 1471450 38 35 23  4  0  0
99 29 389408 3108268 2097068 167012932    0    0 395568 350768 279180 1479320 38 35 24  3  0  0
30 25 389408 3105808 2097068 167014884    0    0 416000 353484 278200 1490258 39 34 24  3  0  0
267  2 389408 3102968 2097068 167016868    0    0 427312 364452 279279 1483473 39 33 25  4  0  0
57 20 389408 3099564 2097068 167019024    0    0 450240 372808 283575 1505115 40 34 22  4  0  0
52  8 389408 3099784 2097068 167021064    0    0 439152 367916 285301 1519874 39 33 24  4  0  0
47 33 389408 3093616 2097068 167023392    0    0 454000 370448 280761 1500288 40 34 23  3  0  0
80 10 389408 3090628 2097068 167025312    0    0 403424 365564 276663 1492092 37 36 24  4  0  0
47 23 389408 3086800 2097068 167027436    0    0 459856 367592 275842 1484670 40 32 24  4  0  0
62  6 389408 3083088 2097068 167029376    0    0 377280 337636 271824 1460575 37 35 26  2  0  0
199  0 389408 3083244 2097068 167031228    0    0 413904 361216 275895 1487951 38 35 23  3  0  0
93  3 389408 3080972 2097068 167033320    0    0 407312 350580 274768 1470306 38 34 25  3  0  0
39  1 389408 3081064 2097068 167035648    0    0 469168 376512 286687 1526719 40 34 22  4  0  0
144  1 389408 3077984 2097072 167037580    0    0 458464 371916 282824 1503822 39 33 24  4  0  0
procs -----------memory---------- ---swap-- -----io---- -system-- -------cpu-------
 r  b   swpd   free   buff  cache   si   so    bi    bo   in   cs us sy id wa st gu
73  7 389408 3076748 2097072 167039800    0    0 495872 404876 282936 1507315 41 32 24  3  0  0
33 18 389408 3076508 2097072 167042304    0    0 493920 405920 282739 1470302 40 32 24  4  0  0
122  0 389408 3073820 2097072 167044580    0    0 448928 396548 277740 1467477 38 33 25  4  0  0
 9  2 389408 3072512 2097072 167046648    0    0 407120 369532 275156 1461831 38 34 25  3  0  0
33 28 389408 3071200 2097072 167048536    0    0 370240 319472 284979 1518186 38 35 24  3  0  0
67  2 389408 3071032 2097072 167050472    0    0 439984 368192 281402 1484952 38 35 23  4  0  0
99  5 389408 3069416 2097072 167052492    0    0 418960 357200 273370 1472823 38 35 24  3  0  0
96 19 389408 3067808 2097076 167054696    0    0 450260 374688 279034 1487274 39 35 23  3  0  0
57  4 389408 3064796 2097076 167056840    0    0 448592 379292 285245 1498063 38 36 22  4  0  0
101  5 389408 3061656 2097076 167058848    0    0 430736 385484 274537 1458636 38 32 26  3  0  0
96 10 389408 3060736 2097076 167061072    0    0 427136 366996 281686 1526272 40 35 22  3  0  0
26  5 389408 3059988 2097076 167063184    0    0 485680 391780 287254 1492679 40 33 24  4  0  0
124  3 389408 3057904 2097076 167065532    0    0 462176 393444 291433 1510573 40 33 23  4  0  0
43  5 389408 3053712 2097080 167067512    0    0 396848 339804 275825 1459746 38 34 25  4  0  0
34  9 389408 3052500 2097080 167069436    0    0 404288 348952 273032 1468308 38 35 24  3  0  0
42  0 389408 3048128 2097080 167071528    0    0 444880 386308 281352 1489716 39 33 25  4  0  0
63  6 389408 3046700 2097080 167073780    0    0 497664 390312 280759 1482300 41 31 24  3  0  0
72  7 389408 3043176 2097080 167075832    0    0 401984 359384 276247 1477219 38 35 23  4  0  0
85 28 389408 3041112 2097080 167077908    0    0 457808 384888 280775 1474971 39 33 25  3  0  0
56 24 389408 3037132 2097080 167080236    0    0 467184 386984 279881 1479013 39 33 24  4  0  0
47 12 389408 3036200 2097080 167082472    0    0 489840 388580 282148 1497790 41 33 22  4  0  0
procs -----------memory---------- ---swap-- -----io---- -system-- -------cpu-------
 r  b   swpd   free   buff  cache   si   so    bi    bo   in   cs us sy id wa st gu
39  3 389408 3034520 2097080 167084736    0    0 462064 387488 279141 1474966 39 34 24  4  0  0
51  7 389408 3033164 2097080 167086720    0    0 409712 357104 276611 1482826 37 36 23  4  0  0
59  7 389408 3030416 2097080 167088860    0    0 505696 408524 278011 1440122 39 32 25  4  0  0
 7  0 389408 3029356 2097080 167091256    0    0 417920 371600 286346 1496256 38 34 24  3  0  0
66  4 389408 3023688 2097080 167093364    0    0 429488 376788 279149 1457787 38 33 26  3  0  0
240  0 389408 3020284 2097080 167095300    0    0 395520 343388 276114 1468667 37 36 23  3  0  0
60  3 389408 3017844 2097080 167097168    0    0 432816 378404 288064 1512910 39 34 24  3  0  0
38  3 389408 3014524 2097080 167099332    0    0 438016 371248 288251 1533514 40 34 23  3  0  0
16  0 389408 3012428 2097080 167101360    0    0 421664 361184 278888 1491447 39 33 24  3  0  0
31 19 389408 3011148 2097080 167103632    0    0 485312 392296 278970 1445712 39 32 25  4  0  0
36  9 389408 3007444 2097080 167105652    0    0 378320 333072 276217 1486211 37 36 23  3  0  0
118  1 389408 3005748 2097080 167107460    0    0 429680 377052 277419 1465059 38 35 24  4  0  0
51  2 389408 3001516 2097088 167109560    0    0 426976 383216 276987 1475878 37 36 23  4  0  0
64  6 389408 2997188 2097088 167111616    0    0 426928 365708 274040 1445680 38 34 25  3  0  0
103  3 389408 2997796 2097088 167113724    0    0 406448 339576 279878 1481766 38 35 24  3  0  0
27  7 389408 2995480 2097088 167115780    0    0 479472 392868 277362 1448419 39 33 24  4  0  0
50  1 389408 2995680 2097088 167117844    0    0 388880 358176 276380 1466750 37 35 24  3  0  0
37  0 389408 2993056 2097088 167119820    0    0 424896 360592 275882 1458043 39 34 25  3  0  0
18  4 389408 2988964 2097088 167122296    0    0 510256 414904 279166 1450395 40 32 24  4  0  0
40 12 389408 2990284 2097092 167124308    0    0 408628 352384 278013 1483203 38 36 23  3  0  0
49  1 389408 2988092 2097092 167126388    0    0 417808 370976 270070 1432853 39 33 26  3  0  0
procs -----------memory---------- ---swap-- -----io---- -system-- -------cpu-------
 r  b   swpd   free   buff  cache   si   so    bi    bo   in   cs us sy id wa st gu
39 18 389408 2986864 2097092 167128296    0    0 416160 353644 275030 1484662 39 34 24  3  0  0
57  1 389408 2983012 2097092 167130604    0    0 514608 419300 285292 1507542 41 32 22  4  0  0
147  1 389408 2980304 2097092 167132872    0    0 483392 388968 274791 1449062 39 32 25  4  0  0
61 10 389408 2977844 2097092 167135032    0    0 407600 358176 276760 1476797 37 36 23  4  0  0
14 14 389408 2965916 2097092 167137032    0    0 407360 355620 275615 1476677 38 34 25  3  0  0
25  0 389408 2963660 2097092 167138864    0    0 417808 360360 285468 1494307 39 34 24  3  0  0
38 29 389408 2958756 2097092 167141084    0    0 429808 389224 281008 1485076 38 35 23  3  0  0
45 13 389408 3203760 2097092 166899200    0    0 424976 375876 277446 1471501 38 35 24  4  0  0
72 21 389408 3204728 2097092 166900412    0    0 370112 320384 275389 1498179 37 37 23  3  0  0
72  2 389408 3201156 2097092 166902280    0    0 431168 380568 276602 1474314 38 35 23  4  0  0
113  1 389408 3198368 2097092 166904180    0    0 430608 367824 283018 1518916 40 35 22  3  0  0
63  6 389408 3198484 2097092 166906180    0    0 424576 355632 277626 1481815 38 35 24  3  0  0
153  3 389408 3193316 2097092 166908332    0    0 431920 371464 277890 1487566 39 34 25  3  0  0
209  1 389408 3188664 2097092 166910256    0    0 451376 397556 281660 1492688 39 33 24  4  0  0
108 16 389408 3187048 2097092 166912336    0    0 421792 369452 277721 1501248 39 34 23  4  0  0
168  5 389408 3183768 2097092 166914464    0    0 476736 394804 281054 1491580 40 32 24  4  0  0
79  0 389408 3186476 2097092 166916560    0    0 394192 343092 278392 1490926 38 36 23  3  0  0
74  4 389408 3185448 2097092 166918400    0    0 436208 373440 281762 1496256 39 35 22  4  0  0
53  4 389408 3183340 2097092 166920596    0    0 448736 376376 277001 1456795 38 34 24  4  0  0
111  1 389408 3181592 2097092 166922460    0    0 432576 365244 279999 1482928 38 34 24  4  0  0
41  1 389408 3163552 2097092 166924672    0    0 429712 364472 284437 1471974 38 35 24  3  0  0
procs -----------memory---------- ---swap-- -----io---- -system-- -------cpu-------
 r  b   swpd   free   buff  cache   si   so    bi    bo   in   cs us sy id wa st gu
120  7 389408 3161472 2097096 166926520    0    0 385568 342200 276612 1486773 38 37 22  3  0  0
93  4 389408 3159092 2097096 166928480    0    0 367360 344360 275508 1474093 39 35 24  3  0  0
98  2 389408 3157728 2097096 166930076    0    0 380848 328820 277876 1476061 37 36 23  4  0  0
173 16 389408 3155956 2097096 166931944    0    0 430464 388152 279400 1477838 39 35 23  4  0  0
86  4 389408 3153496 2097096 166934124    0    0 430672 368192 279830 1445386 38 35 24  3  0  0
58  7 389408 3153108 2097100 166936032    0    0 394672 347636 279138 1491706 38 36 23  3  0  0
 9  2 389408 3151592 2097100 166938072    0    0 451984 375988 285841 1520705 41 33 23  3  0  0
90  3 389408 3145516 2097100 166939968    0    0 458096 386180 283955 1499833 39 33 23  4  0  0
29 35 389408 3150012 2097100 166942196    0    0 492352 393048 284428 1484470 40 33 24  4  0  0
34  0 389408 3145136 2097104 166944388    0    0 429124 388444 274577 1443044 38 32 26  4  0  0
58  6 389408 3142980 2097108 166946648    0    0 470836 387612 282522 1466386 39 34 24  3  0  0
95  3 389408 3139344 2097108 166948612    0    0 408656 368036 280615 1498110 38 34 24  3  0  0
49  4 389408 3136080 2097108 166950824    0    0 509792 407288 286422 1494845 40 34 22  4  0  0
47  3 389408 3135112 2097108 166953000    0    0 395456 343772 274779 1465309 37 34 25  3  0  0
310  0 389408 3132804 2097108 166954996    0    0 450000 375300 277962 1467218 39 33 25  3  0  0
 6  0 389408 3133640 2097108 166957120    0    0 419536 366384 276436 1461368 39 33 25  3  0  0
58  7 389408 3131668 2097108 166958892    0    0 449008 371732 278727 1471398 40 32 25  3  0  0
195  2 389408 3126396 2097108 166961408    0    0 436464 379244 283951 1498200 39 34 24  3  0  0
96  7 389408 3119284 2097108 166963356    0    0 469824 404532 281753 1469218 39 32 25  4  0  0
72  8 389408 3114416 2097108 166965644    0    0 469920 383688 277351 1450292 39 31 26  3  0  0
42 20 389408 3111328 2097108 166967912    0    0 390128 364588 272774 1425556 37 33 27  3  0  0
procs -----------memory---------- ---swap-- -----io---- -system-- -------cpu-------
 r  b   swpd   free   buff  cache   si   so    bi    bo   in   cs us sy id wa st gu
118  0 389408 3109124 2097108 166969848    0    0 447008 358156 277655 1480968 39 35 23  3  0  0
37 11 389408 3107416 2097108 166971764    0    0 402256 365384 274926 1440596 38 34 26  2  0  0
19  7 389408 3102028 2097108 166973864    0    0 415152 343368 283224 1505114 39 34 23  3  0  0
 5  0 389408 3102364 2097108 166975824    0    0 406640 358924 279939 1503638 40 33 24  2  0  0
66  1 389408 3099180 2097108 166977852    0    0 421904 349028 277664 1481467 39 34 25  3  0  0
89 41 389408 3098940 2097108 166979888    0    0 452736 381504 280883 1490937 40 33 24  3  0  0
85  6 389408 3095608 2097108 166981992    0    0 398736 347764 274810 1454390 38 34 26  2  0  0
202  0 389408 3093256 2097108 166983924    0    0 440128 377180 277652 1468499 40 33 24  3  0  0
125  2 389408 3091828 2097108 166985996    0    0 447888 383504 278197 1469511 39 34 23  4  0  0
167  3 389408 3087664 2097108 166988244    0    0 396464 345068 279234 1500165 39 34 24  3  0  0
71 41 389408 3085604 2097108 166990008    0    0 428336 364828 286809 1523848 39 34 24  3  0  0
43  0 389408 3084384 2097108 166992144    0    0 405008 348708 290817 1525221 39 34 24  3  0  0
76  1 389408 3082964 2097108 166994004    0    0 356032 328092 281706 1522883 38 36 23  3  0  0
21  1 389408 3079872 2097108 166995940    0    0 415520 377980 284583 1470968 38 34 25  3  0  0
106 10 389408 3077020 2097108 166997780    0    0 422032 380452 281732 1459523 38 34 25  3  0  0
35 17 389408 3074708 2097108 166999740    0    0 394320 350396 276819 1486300 37 36 23  4  0  0
 9  2 389408 3073080 2097108 167001732    0    0 442320 354136 275191 1461092 38 34 24  3  0  0
88  0 389408 3069848 2097108 167004012    0    0 436656 380204 287750 1515963 40 34 23  3  0  0
69 20 389408 3065588 2097108 167005952    0    0 478736 399656 284059 1487018 40 33 24  4  0  0
53 20 389408 3066876 2097108 167008220    0    0 417456 369168 282526 1495778 39 33 24  4  0  0
21  2 389408 3063412 2097108 167010128    0    0 384912 339064 277206 1495835 38 36 23  3  0  0
procs -----------memory---------- ---swap-- -----io---- -system-- -------cpu-------
 r  b   swpd   free   buff  cache   si   so    bi    bo   in   cs us sy id wa st gu
57 10 389408 3061488 2097108 167012200    0    0 459376 399628 278495 1454532 38 34 24  4  0  0
146  1 389408 3058100 2097108 167014380    0    0 451152 375540 282279 1477708 38 34 24  4  0  0
61 32 389408 3055812 2097108 167016496    0    0 432704 365536 282816 1463656 38 34 25  4  0  0
76  9 389408 3055328 2097108 167018520    0    0 379552 350312 277024 1487763 37 36 23  4  0  0
57 32 389408 3053308 2097108 167020720    0    0 499072 388592 279758 1460195 40 34 22  4  0  0
50 32 389408 3051984 2097108 167023004    0    0 471568 391312 282019 1469086 39 34 23  4  0  0
44  7 389408 3033040 2097108 167025172    0    0 432672 371376 281144 1475636 39 33 25  3  0  0
61 23 389408 3031796 2097108 167027372    0    0 491328 395216 287706 1503653 41 33 22  4  0  0
65  4 389408 3029656 2097108 167029472    0    0 414576 378280 278787 1498139 38 35 24  3  0  0
192  2 389408 3025780 2097112 167031848    0    0 460148 387140 285296 1499075 40 33 24  3  0  0
60 42 389408 3021924 2097112 167033820    0    0 418944 352680 282496 1492189 39 34 24  3  0  0
261  0 389408 3021504 2097112 167035780    0    0 393456 344900 286800 1505024 38 35 23  3  0  0
59 14 389408 3018488 2097112 167037692    0    0 443008 353404 277859 1450266 38 33 25  3  0  0
51  2 389408 3018124 2097112 167039704    0    0 388112 331472 277137 1511786 38 34 25  3  0  0
123  0 389408 3017232 2097112 167041532    0    0 375888 342188 282811 1529641 39 35 23  3  0  0
34  1 389408 3013988 2097112 167043400    0    0 447616 393924 279612 1470584 39 33 24  4  0  0
117 11 389408 3013036 2097112 167045636    0    0 476256 406988 281498 1475262 40 34 23  4  0  0
87  2 389408 3008212 2097112 167048040    0    0 442848 361764 291672 1518723 40 34 23  4  0  0
83 10 389408 3007480 2097112 167050140    0    0 436992 384684 282521 1463478 40 33 24  3  0  0
27  8 389408 3007776 2097112 167052160    0    0 412288 355672 279357 1496236 39 34 24  3  0  0
53  1 389408 3006116 2097112 167054180    0    0 422000 355916 279212 1482175 38 34 24  4  0  0
procs -----------memory---------- ---swap-- -----io---- -system-- -------cpu-------
 r  b   swpd   free   buff  cache   si   so    bi    bo   in   cs us sy id wa st gu
53  5 389408 3006884 2097112 167056040    0    0 413776 388544 278060 1469412 39 33 25  3  0  0
227  2 389408 3002248 2097112 167058216    0    0 472016 351604 281169 1489751 40 33 23  4  0  0
76  3 389408 3002272 2097112 167060224    0    0 433312 402552 280880 1479582 38 34 25  3  0  0
126  0 389408 3002424 2097112 167062472    0    0 457472 367140 277395 1458701 39 34 24  3  0  0
128  3 389408 2999144 2097112 167064428    0    0 390160 342648 274981 1460691 37 35 25  3  0  0
27 10 389408 2997948 2097112 167066376    0    0 442720 376484 278415 1459325 38 34 24  4  0  0
185  6 389408 2996960 2097112 167068584    0    0 411760 345232 276852 1466420 39 34 24  4  0  0
140  3 389408 2994256 2097116 167070528    0    0 427296 363176 275082 1457814 38 34 24  4  0  0
43 26 389408 2990260 2097116 167072536    0    0 390336 336420 271915 1468456 37 35 25  3  0  0
55 10 389408 2990472 2097116 167074348    0    0 406480 348736 276191 1442587 38 34 26  3  0  0
45  4 389408 2988360 2097116 167076408    0    0 426032 378480 283298 1513922 40 34 23  3  0  0
149  8 389408 2986464 2097116 167078580    0    0 409584 353644 279842 1494869 39 34 23  4  0  0
112 14 389408 2983704 2097116 167080496    0    0 435488 373600 279530 1466508 39 33 25  4  0  0
40  4 389408 2979552 2097116 167082584    0    0 431360 360324 285871 1502042 39 34 24  3  0  0
58  2 389408 2977928 2097116 167084464    0    0 391392 341664 278742 1490918 38 34 25  3  0  0
73 12 389408 2975588 2097116 167086528    0    0 466144 378152 283096 1487686 40 33 24  4  0  0
77  2 389408 2971788 2097116 167088968    0    0 475312 394436 293057 1534256 41 33 22  3  0  0
28  3 389408 2970252 2097116 167090896    0    0 394864 348376 280276 1500713 39 35 24  3  0  0
44  4 389408 3194552 2097116 166849440    0    0 411904 365796 279516 1485018 39 34 24  3  0  0
77  2 389408 3194672 2097116 166850608    0    0 403568 354160 277236 1490666 38 36 23  4  0  0
22  0 389408 3192060 2097116 166852628    0    0 427472 370744 280819 1471117 38 34 25  3  0  0
procs -----------memory---------- ---swap-- -----io---- -system-- -------cpu-------
 r  b   swpd   free   buff  cache   si   so    bi    bo   in   cs us sy id wa st gu
28  5 389408 3190800 2097116 166854460    0    0 416688 369884 279656 1476976 37 36 23  4  0  0
66  2 389408 3187876 2097116 166856412    0    0 466752 388208 274992 1452982 39 33 23  4  0  0
112  8 389408 3187268 2097116 166858540    0    0 387008 342292 278126 1487103 37 36 22  4  0  0
43 10 389408 3183480 2097116 166860432    0    0 452656 382256 276986 1464682 39 33 24  4  0  0
58  2 389408 3181728 2097116 166862560    0    0 461920 374484 280225 1500476 40 34 22  4  0  0
98 10 389408 3183224 2097116 166864764    0    0 410016 368640 275068 1465959 38 35 24  3  0  0
95 19 389408 3180448 2097116 166866700    0    0 456944 374472 276711 1470265 38 34 23  5  0  0
24  6 389408 3180252 2097116 166868864    0    0 480608 393276 274256 1429410 38 34 24  4  0  0
76  0 389408 3180312 2097116 166871104    0    0 456320 375524 278856 1474211 39 34 23  4  0  0
 9  3 389408 3178516 2097116 166873156    0    0 406752 350956 275291 1479460 39 34 23  4  0  0
64  2 389408 3174176 2097116 166875100    0    0 412112 356588 274064 1485761 38 35 23  4  0  0
18  3 389408 3173936 2097116 166876980    0    0 398160 346580 274610 1477571 38 34 24  3  0  0
115 18 389408 3171412 2097116 166878912    0    0 419216 358700 273843 1455936 38 34 24  4  0  0
136  2 389408 3170736 2097116 166880796    0    0 408592 368516 275247 1465100 38 34 25  4  0  0
42  5 389408 3168932 2097116 166882660    0    0 352848 318040 288668 1552291 38 36 23  3  0  0
26  2 389408 3167880 2097116 166884436    0    0 460736 388384 286666 1487668 39 33 24  4  0  0
79  2 389408 3166104 2097116 166886876    0    0 535760 427812 283292 1462649 40 32 24  4  0  0
32  4 389408 3163648 2097116 166888920    0    0 386960 336056 276815 1498682 38 36 22  4  0  0
78  7 389408 3156884 2097116 166890932    0    0 420688 353888 272544 1432248 37 35 25  3  0  0
140  2 389408 3157652 2097116 166892872    0    0 410080 361496 277506 1480778 38 35 23  4  0  0
73  3 389408 3156252 2097116 166894820    0    0 422304 359780 286765 1504657 39 34 24  3  0  0
procs -----------memory---------- ---swap-- -----io---- -system-- -------cpu-------
 r  b   swpd   free   buff  cache   si   so    bi    bo   in   cs us sy id wa st gu
20  2 389408 3154460 2097116 166896672    0    0 410304 365192 281558 1485980 39 33 25  3  0  0
53  3 389408 3151568 2097116 166898636    0    0 348800 312104 279462 1535605 38 36 22  3  0  0
33  1 389408 3149600 2097116 166900352    0    0 423472 372700 281426 1504790 39 35 22  4  0  0
63  1 389408 3147276 2097116 166902396    0    0 408608 351128 283650 1522390 40 34 24  3  0  0
38  2 389408 3147320 2097116 166904172    0    0 400016 355568 282096 1520537 38 35 23  4  0  0
73  3 389408 3144372 2097120 166906056    0    0 404080 339632 278348 1488953 39 34 24  4  0  0
20  3 389408 3140472 2097124 166908008    0    0 398388 347396 279450 1513059 38 36 22  4  0  0
226  2 389408 3138168 2097124 166909904    0    0 398912 337348 273366 1455222 37 35 24  4  0  0
24  0 389408 3137476 2097124 166911748    0    0 388688 359912 279851 1478441 37 35 25  4  0  0
98 13 389408 3138676 2097128 166913540    0    0 384352 329096 284461 1511494 37 35 24  3  0  0
213  0 389408 3135772 2097128 166915412    0    0 423104 364068 280130 1476080 39 34 24  3  0  0
62  1 389408 3134632 2097128 166917348    0    0 405088 338908 282053 1525987 39 35 22  4  0  0
15  2 389408 3132888 2097128 166919204    0    0 455648 380316 286819 1482917 39 33 24  4  0  0
46 13 389408 3125936 2097128 166921392    0    0 451088 370148 281704 1488193 38 36 22  4  0  0
40  2 389408 3125300 2097128 166923556    0    0 404192 345464 277189 1474946 38 36 23  3  0  0
70 21 389408 3118820 2097128 166925584    0    0 397008 362052 277480 1482700 38 35 24  3  0  0
114  3 389408 3114480 2097128 166927604    0    0 477824 390040 276798 1444625 38 34 24  4  0  0
71 17 389408 3110444 2097128 166929912    0    0 410048 371776 277021 1462320 38 35 25  3  0  0
53  3 389408 3108648 2097128 166931704    0    0 419888 354192 281808 1476162 38 34 24  3  0  0
67 17 389408 3106796 2097132 166933852    0    0 418368 368208 283043 1522838 40 35 22  3  0  0
34 33 389408 3104152 2097132 166935884    0    0 425296 354900 278802 1494609 39 34 24  4  0  0
procs -----------memory---------- ---swap-- -----io---- -system-- -------cpu-------
 r  b   swpd   free   buff  cache   si   so    bi    bo   in   cs us sy id wa st gu
19  0 389408 3101224 2097132 166937856    0    0 434464 375396 289727 1531001 39 35 22  4  0  0
50  0 389408 3097248 2097132 166940108    0    0 428448 361588 281133 1480714 38 34 23  4  0  0
43 25 389408 3094760 2097132 166941920    0    0 423472 346240 275575 1470679 38 35 23  3  0  0
193  0 389408 3092096 2097136 166943988    0    0 395552 353908 279950 1472999 37 35 24  3  0  0
109  1 389408 3087556 2097136 166946032    0    0 421584 368544 280753 1483204 38 34 24  4  0  0
38 24 389408 3086076 2097136 166947936    0    0 377776 333592 282483 1530397 39 35 23  3  0  0
91  5 389408 3084092 2097136 166949856    0    0 421328 365048 281032 1468500 38 34 25  3  0  0
46  6 389408 3082108 2097136 166951948    0    0 472384 387564 284625 1498999 41 34 22  3  0  0
70 13 389408 3077624 2097136 166954172    0    0 506304 402332 285561 1483927 41 32 23  4  0  0
277  1 389408 3076072 2097136 166956564    0    0 491904 397340 293343 1510384 40 34 23  4  0  0
40  3 389408 3073216 2097136 166958768    0    0 401824 350860 286103 1500258 38 34 25  3  0  0
128  2 389408 3069924 2097136 166961024    0    0 463168 394844 280354 1462531 39 33 24  3  0  0
76  7 389408 3069252 2097136 166963052    0    0 414816 365632 280630 1488841 38 36 22  4  0  0
81  3 389408 3068616 2097140 166965164    0    0 453552 373912 277339 1451401 39 34 23  4  0  0
230  0 389408 3067228 2097140 166967124    0    0 388128 354860 277385 1470785 38 36 23  4  0  0
48  2 389408 3063268 2097140 166969056    0    0 423584 360240 276850 1467588 39 34 23  4  0  0
252  0 389408 3062520 2097140 166971132    0    0 413472 354268 276379 1464946 38 36 24  3  0  0
30 24 389408 3055936 2097140 166973092    0    0 460992 389760 283482 1475820 39 33 24  4  0  0
144  0 389408 3050660 2097140 166975100    0    0 395680 356920 279985 1503294 38 35 24  3  0  0
59  7 389408 3048444 2097140 166977268    0    0 446112 373972 285154 1491876 40 33 24  3  0  0
45  2 389408 3047872 2097140 166979236    0    0 411984 388576 282107 1476214 38 34 24  4  0  0
procs -----------memory---------- ---swap-- -----io---- -system-- -------cpu-------
 r  b   swpd   free   buff  cache   si   so    bi    bo   in   cs us sy id wa st gu
144  9 389408 3045532 2097140 166981304    0    0 421776 352880 278463 1484601 39 35 23  3  0  0
62 24 389408 3043856 2097140 166983328    0    0 428592 380492 283318 1502060 40 34 24  3  0  0
65  3 389408 3039784 2097140 166985476    0    0 473824 383316 281150 1483088 39 34 24  4  0  0
58  5 389408 3034708 2097144 166987580    0    0 382208 345508 280650 1522318 38 35 23  3  0  0
45  9 389408 3033740 2097144 166989584    0    0 423168 360612 281861 1489157 39 32 26  2  0  0
133  1 389408 3032796 2097144 166991532    0    0 440288 381008 291930 1555881 41 33 23  3  0  0
11  0 389408 3029360 2097144 166993780    0    0 446192 371692 275245 1457030 39 34 25  3  0  0
195  0 389408 3024888 2097144 166995892    0    0 452944 396520 275784 1448644 38 34 24  4  0  0
92  5 389408 3024460 2097148 166997784    0    0 361936 324104 276458 1503533 38 35 24  3  0  0
38  3 389408 3022288 2097148 166999716    0    0 441104 383516 278420 1465591 39 34 24  4  0  0
148  6 389408 3022856 2097148 167001680    0    0 429664 359620 279566 1488743 38 34 24  4  0  0
120  5 389408 3021452 2097148 167003792    0    0 399696 356044 282471 1521209 39 35 23  3  0  0
85  3 389408 3020780 2097148 167005804    0    0 425456 375632 283649 1491880 39 34 24  3  0  0
46 35 389408 3016904 2097148 167007680    0    0 399680 351476 280615 1528247 39 35 22  3  0  0
62  7 389408 3012688 2097148 167009852    0    0 474848 411716 282816 1471547 39 34 24  3  0  0
178  1 389408 3011044 2097148 167011912    0    0 370528 337836 273696 1489573 37 36 24  3  0  0
17  0 389408 3010216 2097148 167013776    0    0 417872 358580 281882 1491154 38 34 24  3  0  0
89  6 389408 3007232 2097148 167015712    0    0 447440 372924 289428 1518548 39 34 23  3  0  0
22 13 389408 3006300 2097148 167017856    0    0 419408 382496 281968 1516659 39 34 23  4  0  0
13  1 389408 3000104 2097148 167020040    0    0 470560 378788 290646 1512801 40 33 24  3  0  0
99 27 389408 2999236 2097148 167022136    0    0 434896 363128 278570 1475235 38 35 23  4  0  0
procs -----------memory---------- ---swap-- -----io---- -system-- -------cpu-------
 r  b   swpd   free   buff  cache   si   so    bi    bo   in   cs us sy id wa st gu
65  3 389408 2999360 2097148 167024440    0    0 432432 366052 275211 1454550 39 34 24  3  0  0
100 16 389408 2996028 2097148 167026328    0    0 405664 366532 277793 1464139 38 34 25  4  0  0
59  4 389408 2995064 2097148 167028252    0    0 419168 363624 281137 1493968 39 33 24  3  0  0
150  0 389408 2994148 2097148 167030484    0    0 563376 434152 291596 1489602 42 32 22  4  0  0
76  2 389408 2992948 2097148 167032916    0    0 431744 371276 283526 1503305 39 34 24  4  0  0
45 25 389408 2990932 2097148 167035132    0    0 413680 353448 277225 1495173 38 36 22  3  0  0
294  0 389408 2990228 2097148 167037044    0    0 429360 379892 279240 1462750 38 34 24  4  0  0
35 13 389408 2990080 2097152 167039140    0    0 454528 380628 284345 1498152 39 34 23  3  0  0
61 12 389408 2985832 2097152 167041320    0    0 385888 346336 277715 1499726 38 36 23  3  0  0
52  0 389408 2986192 2097156 167043376    0    0 438532 384132 273023 1452278 39 33 25  3  0  0
106  7 389408 2982640 2097156 167045412    0    0 406912 367020 279785 1470922 37 35 24  4  0  0
43  2 389408 2980044 2097160 167047276    0    0 428032 366620 278552 1482363 39 35 24  3  0  0
105  1 389408 3186200 2097160 166805012    0    0 496336 384460 281829 1455276 40 32 25  4  0  0
73  8 389408 3184928 2097160 166806716    0    0 400384 346580 278174 1506612 39 34 24  3  0  0
38 17 389408 3180656 2097160 166808684    0    0 450048 368480 286275 1494309 39 34 23  4  0  0
51 12 389408 3179836 2097160 166810628    0    0 379600 333072 273911 1466042 37 35 24  3  0  0
65 26 389408 3178012 2097160 166812428    0    0 362480 329356 276225 1491972 38 36 23  4  0  0
74 30 389408 3176188 2097160 166814280    0    0 431120 380332 272106 1433088 38 33 25  4  0  0
124 25 389408 3231368 2097164 166816272    0    0 405424 357644 276695 1489037 38 35 23  3  0  0
62  4 389408 3230944 2097164 166818284    0    0 499328 394852 289561 1490325 40 34 23  4  0  0
153  2 389408 3228732 2097164 166820756    0    0 477088 395728 294829 1535054 41 33 22  3  0  0
procs -----------memory---------- ---swap-- -----io---- -system-- -------cpu-------
 r  b   swpd   free   buff  cache   si   so    bi    bo   in   cs us sy id wa st gu
36  0 389408 3228296 2097168 166822764    0    0 398144 350760 281114 1523590 39 34 24  3  0  0
17  3 389408 3225596 2097168 166824588    0    0 406800 344224 282987 1526304 39 36 22  3  0  0
17  3 389408 3223988 2097168 166826672    0    0 445216 392008 277740 1451048 38 33 25  3  0  0
52  4 389408 3220320 2097168 166828688    0    0 457520 365088 279924 1477701 39 35 23  4  0  0
62  8 389408 3218780 2097168 166830776    0    0 399808 374920 273327 1450315 37 34 25  4  0  0
24  3 389408 3216468 2097172 166832660    0    0 404128 354936 274483 1471277 38 35 24  4  0  0
167  6 389408 3214304 2097172 166834644    0    0 450672 385868 275939 1461649 39 34 23  4  0  0
96  0 389408 3211492 2097172 166836720    0    0 443104 365052 280333 1465457 38 34 23  4  0  0
68  9 389408 3206832 2097172 166838676    0    0 400256 352328 285883 1493062 38 36 23  4  0  0
41  9 389408 3206128 2097172 166840616    0    0 385168 356916 278215 1485677 38 35 24  3  0  0
54  7 389408 3203700 2097172 166842464    0    0 471312 381296 277642 1453171 38 34 24  4  0  0
57  2 389408 3202440 2097172 166844872    0    0 507664 431920 285119 1485784 40 33 22  4  0  0
77  2 389408 3200076 2097172 166847068    0    0 463920 374376 281981 1488185 39 34 23  4  0  0
175  0 389408 3195508 2097172 166849224    0    0 429744 370564 290247 1528412 40 34 23  3  0  0
104  1 389408 3194800 2097172 166851260    0    0 455040 381064 283848 1482589 39 33 24  3  0  0
33  1 389408 3193644 2097172 166853376    0    0 449424 378196 281657 1485039 39 34 23  4  0  0
51  4 389408 3191404 2097172 166855552    0    0 452144 369272 279629 1466999 38 34 25  3  0  0
60 11 389408 3184680 2097172 166857772    0    0 458288 385664 286196 1511599 39 35 22  4  0  0
241  3 389408 3181268 2097172 166859960    0    0 457136 378012 286312 1496878 40 33 23  4  0  0
22  0 389408 3175952 2097172 166861940    0    0 378576 349352 277129 1489842 37 36 23  3  0  0
77  0 389408 3172988 2097176 166863892    0    0 499636 406264 278298 1464810 40 32 24  4  0  0
procs -----------memory---------- ---swap-- -----io---- -system-- -------cpu-------
 r  b   swpd   free   buff  cache   si   so    bi    bo   in   cs us sy id wa st gu
59  2 389408 3170532 2097180 166866228    0    0 395908 359268 283362 1520591 38 35 23  4  0  0
117  2 389408 3169512 2097180 166868048    0    0 434400 374044 283189 1493048 39 33 24  4  0  0
67  1 389408 3166560 2097180 166870148    0    0 412864 361120 277182 1458978 38 34 24  4  0  0
108  4 389408 3160252 2097180 166872436    0    0 467136 385144 283941 1494803 40 32 24  4  0  0
15 49 389408 3159548 2097180 166874600    0    0 496576 346660 279521 1478134 40 34 22  4  0  0
92  5 389408 3157684 2097180 166876780    0    0 371488 360544 283105 1500614 37 37 23  3  0  0
89  2 389408 3155180 2097180 166878956    0    0 442704 377012 279827 1474438 39 32 26  3  0  0
107 17 389408 3153396 2097180 166880872    0    0 475056 386724 280036 1462261 40 31 25  4  0  0
85 15 389408 3152412 2097180 166883028    0    0 380592 341688 282652 1536029 39 35 23  3  0  0
66 11 389408 3150184 2097180 166884900    0    0 377152 345628 278271 1497583 39 34 25  3  0  0
222 10 389408 3151208 2097180 166886768    0    0 479120 381936 282436 1490529 39 33 24  4  0  0
63 17 389408 3149668 2097180 166889056    0    0 509184 421352 290081 1510122 41 34 21  4  0  0
45 48 389408 3151212 2097180 166891544    0    0 480784 373828 280278 1476339 40 32 24  4  0  0
15  0 389408 3149488 2097180 166893736    0    0 428400 372544 280816 1496848 39 34 23  3  0  0
33  3 389408 3146560 2097180 166895932    0    0 428032 372296 275530 1484913 39 32 25  4  0  0
25  0 389408 3142736 2097184 166897964    0    0 427712 355076 279143 1507777 40 35 23  3  0  0
73  1 389408 3132832 2097184 166899972    0    0 403824 358228 277456 1477736 39 34 25  3  0  0
32  0 389408 3125488 2097184 166901932    0    0 454128 379776 279690 1466242 40 32 25  3  0  0
16  1 389408 3097176 2097184 166904124    0    0 430680 381116 283131 1498205 40 34 22  3  0  0
86  2 389408 3092204 2097184 166906148    0    0 406416 350900 276741 1473465 38 35 24  3  0  0
104  2 389408 3093056 2097184 166908152    0    0 404640 354360 277311 1493749 38 35 24  4  0  0
procs -----------memory---------- ---swap-- -----io---- -system-- -------cpu-------
 r  b   swpd   free   buff  cache   si   so    bi    bo   in   cs us sy id wa st gu
21 14 389408 3092684 2097184 166910004    0    0 412592 369036 277212 1495466 39 35 24  3  0  0
65  3 389408 3093200 2097184 166911968    0    0 385968 362936 279637 1496274 38 36 23  4  0  0
96  8 389408 3093576 2097184 166913840    0    0 382160 341920 273999 1465998 38 36 23  3  0  0
241  0 389408 3100824 2097184 166915748    0    0 466288 399672 279226 1459812 38 34 24  4  0  0
108  0 389408 3101284 2097184 166917892    0    0 433312 363968 287428 1505168 39 35 22  4  0  0
68  1 389408 3099256 2097184 166920192    0    0 488544 389972 279935 1452529 40 33 24  4  0  0
82  9 389408 3097708 2097184 166922276    0    0 389184 348852 275935 1489060 38 36 23  4  0  0
50  3 389408 3091328 2097184 166924264    0    0 402880 356372 276124 1462167 38 34 24  3  0  0
51 18 389408 3088332 2097188 166926248    0    0 424080 350592 276269 1468796 39 34 23  4  0  0
31 16 389408 3086936 2097188 166928268    0    0 451696 403672 279136 1452693 39 33 24  4  0  0
192  2 389408 3088720 2097188 166930436    0    0 450832 377108 278624 1468306 39 34 23  4  0  0
50 10 389408 3086152 2097188 166932604    0    0 403136 354684 277466 1468686 37 36 24  3  0  0
46  5 389408 3081688 2097188 166934760    0    0 448912 384592 284940 1504278 39 34 23  3  0  0
128  3 389408 3079988 2097188 166936692    0    0 400384 359476 285155 1526657 39 35 23  4  0  0
81  7 389408 3075640 2097188 166938796    0    0 452240 392300 278520 1469055 39 34 23  4  0  0
39  4 389408 3076372 2097188 166940784    0    0 428352 366920 284244 1492461 39 34 24  3  0  0
93  3 389408 3072120 2097188 166942892    0    0 411440 352592 280036 1484705 39 34 24  3  0  0
75 10 389408 3071700 2097188 166945148    0    0 445840 389864 281217 1492376 39 34 23  3  0  0
45  5 389408 3072200 2097192 166947024    0    0 432144 371264 275918 1468717 39 33 25  4  0  0
63  7 389408 3051964 2097192 166949004    0    0 425792 359868 280183 1471259 38 35 23  3  0  0
75  1 389408 3053768 2097192 166951172    0    0 417408 354312 282331 1489574 38 35 23  4  0  0
procs -----------memory---------- ---swap-- -----io---- -system-- -------cpu-------
 r  b   swpd   free   buff  cache   si   so    bi    bo   in   cs us sy id wa st gu
13  1 389408 3053612 2097192 166953136    0    0 424672 362360 283772 1519413 40 35 22  4  0  0
68  1 389408 3055376 2097192 166955320    0    0 452848 380088 281427 1482068 39 33 24  4  0  0
182  1 389408 3054384 2097192 166957400    0    0 434608 375576 283421 1493264 39 34 23  3  0  0
33  4 389408 3053832 2097192 166959256    0    0 428160 370088 279486 1480138 39 33 24  3  0  0
54  1 389408 3053216 2097192 166961572    0    0 409632 369256 281964 1476317 37 36 23  3  0  0
57  9 389408 3056004 2097192 166963468    0    0 423232 365572 281816 1462354 38 34 24  4  0  0
216  0 389408 3053068 2097192 166965496    0    0 444368 369736 280826 1466003 40 32 25  3  0  0
29  4 389408 3049404 2097192 166967500    0    0 435504 370052 285224 1489896 39 36 22  3  0  0
48  3 389408 3043076 2097192 166969800    0    0 429392 360472 280681 1473740 37 36 23  3  0  0
52  4 389408 3043236 2097192 166971804    0    0 448400 370152 288119 1481183 39 35 23  4  0  0
67  4 389408 3042356 2097192 166973964    0    0 471136 385852 280069 1462773 39 34 23  3  0  0
82  5 389408 3040136 2097192 166976292    0    0 478576 412796 280506 1459642 40 32 25  4  0  0
31  1 389408 3038028 2097196 166978424    0    0 454320 378328 283120 1485311 39 34 23  4  0  0
132  5 389408 3035592 2097196 166980708    0    0 399808 344784 274593 1467702 38 35 24  3  0  0
41 31 389408 3026036 2097196 166982556    0    0 391952 346296 276968 1490131 38 35 23  4  0  0
87  5 389408 3023304 2097196 166984444    0    0 391632 342524 282574 1511686 38 34 24  4  0  0
20  9 389408 3018388 2097196 166986104    0    0 444192 374568 291565 1531475 40 34 23  4  0  0
105  2 389408 3019072 2097200 166988412    0    0 481184 385652 282573 1486331 40 33 23  4  0  0
54  6 389408 3015296 2097200 166990892    0    0 418544 367772 281711 1458375 39 33 26  3  0  0
63  8 389408 3010352 2097200 166992996    0    0 446576 349844 280808 1507090 40 34 22  3  0  0
191  0 389408 3009252 2097204 166994920    0    0 424628 388692 280623 1487039 39 33 25  3  0  0
procs -----------memory---------- ---swap-- -----io---- -system-- -------cpu-------
 r  b   swpd   free   buff  cache   si   so    bi    bo   in   cs us sy id wa st gu
50  7 389408 3007192 2097204 166997024    0    0 420272 354000 284477 1490697 39 34 24  3  0  0
124  4 389408 3005788 2097204 166998932    0    0 397408 349996 288154 1501346 37 36 23  4  0  0
106  2 389408 3003284 2097204 167001020    0    0 458304 378892 286480 1495335 40 33 24  3  0  0
126  1 389408 2997464 2097204 167003068    0    0 401008 351116 278084 1489157 37 36 23  3  0  0
79  1 389408 2996928 2097204 167005204    0    0 472064 387052 288489 1486636 39 34 23  4  0  0
129  0 389408 2997024 2097204 167007144    0    0 396880 344184 279172 1500807 38 35 23  4  0  0
30 38 389408 2994344 2097204 167009172    0    0 425792 378352 275857 1477401 38 33 25  4  0  0
36  3 389408 2992468 2097204 167011196    0    0 396144 349804 279137 1500706 38 36 23  3  0  0
59 10 389408 2991732 2097204 167013176    0    0 414128 359680 274596 1470264 37 36 24  3  0  0
45  8 389408 2987836 2097204 167015108    0    0 450448 389292 279048 1467234 38 34 23  4  0  0
84  5 389408 2986984 2097204 167017480    0    0 450240 376660 292721 1518336 39 34 23  4  0  0
62  6 389408 2984680 2097204 167019424    0    0 391504 353228 286306 1500135 39 33 25  3  0  0
93  1 389408 2984784 2097204 167021316    0    0 396176 355592 282463 1525392 39 36 23  3  0  0
51  9 389408 2983280 2097204 167023448    0    0 434224 369772 281564 1461446 39 34 24  3  0  0
12  5 389408 2981652 2097204 167025444    0    0 453376 398236 273837 1427501 38 32 26  4  0  0
120  1 389408 2979096 2097204 167027596    0    0 446976 381456 283036 1472651 39 33 25  3  0  0
250  0 389408 2976040 2097204 167029484    0    0 374720 334072 276353 1492135 37 38 22  3  0  0
140  1 389408 2973964 2097204 167031440    0    0 443056 373140 278931 1490079 39 34 24  4  0  0
47  8 389408 2972028 2097204 167033532    0    0 465296 382388 283214 1492308 40 33 23  4  0  0
166  3 389408 2965676 2097204 167035828    0    0 427040 377700 284478 1484355 39 33 25  3  0  0
235 65 389408 2965948 2097204 167037828    0    0 440256 364820 281855 1479873 39 33 25  3  0  0
procs -----------memory---------- ---swap-- -----io---- -system-- -------cpu-------
 r  b   swpd   free   buff  cache   si   so    bi    bo   in   cs us sy id wa st gu
66 14 389408 2963308 2097204 167039988    0    0 417104 346748 278460 1484865 39 34 24  4  0  0
175  0 389408 2962896 2097204 167042036    0    0 475376 406192 285541 1496251 41 32 25  3  0  0
13  1 389408 2961712 2097204 167044156    0    0 423600 368832 281537 1505899 40 34 23  3  0  0
53  5 389408 3212768 2097204 166800616    0    0 415072 353868 282224 1504855 39 34 24  3  0  0
233  0 389408 3213256 2097204 166802236    0    0 429952 364980 279626 1498219 39 35 23  3  0  0
20  1 389408 3212052 2097204 166804240    0    0 408160 354196 281190 1494980 38 36 23  3  0  0
54  0 389408 3210776 2097204 166806272    0    0 467680 396884 283061 1482414 40 33 23  4  0  0
59  2 389408 3207768 2097204 166808468    0    0 439440 367040 280363 1499929 40 33 24  3  0  0
50  3 389408 3205428 2097204 166810588    0    0 406176 350884 280637 1498805 39 34 23  3  0  0
56  2 389408 3199184 2097204 166812628    0    0 435648 375528 276326 1445436 38 33 25  4  0  0
24  5 389408 3197936 2097204 166814564    0    0 411584 363456 276398 1456771 38 35 24  3  0  0
20  0 389408 3198420 2097204 166816536    0    0 442656 373572 276040 1480361 38 36 22  4  0  0
206  0 389408 3193488 2097204 166818676    0    0 431872 364948 277298 1480822 39 34 23  4  0  0
51 21 389408 3189760 2097204 166820784    0    0 453360 377952 281218 1493067 40 34 23  3  0  0
63  0 389408 3184184 2097204 166822948    0    0 442288 384896 278443 1493135 39 35 22  4  0  0
43 31 389408 3183432 2097204 166824952    0    0 406112 346684 273051 1472780 38 35 24  3  0  0
61  6 389408 3180936 2097204 166826948    0    0 370976 343448 275599 1486091 36 37 23  4  0  0
45  2 389408 3178964 2097204 166828832    0    0 413792 374204 277284 1499784 38 36 23  3  0  0
55  3 389408 3176860 2097204 166830760    0    0 399696 355136 279537 1493202 39 35 23  3  0  0
100  6 389408 3177628 2097204 166832564    0    0 414848 354916 277080 1478488 38 35 24  3  0  0
13  3 389408 3174540 2097204 166834664    0    0 424688 364184 278755 1480298 38 36 22  4  0  0
procs -----------memory---------- ---swap-- -----io---- -system-- -------cpu-------
 r  b   swpd   free   buff  cache   si   so    bi    bo   in   cs us sy id wa st gu
42 19 389408 3150120 2097204 166836820    0    0 460304 380528 286953 1484144 39 34 23  4  0  0
198  0 389408 3147344 2097204 166838892    0    0 461552 388436 279898 1459216 39 33 25  4  0  0
177  2 389408 3145136 2097204 166841128    0    0 395840 346828 273591 1459925 37 35 25  3  0  0
52  9 389408 3142356 2097204 166843012    0    0 415872 350496 282819 1495432 39 33 24  3  0  0
10  0 389408 3140696 2097204 166845008    0    0 423824 378188 277547 1481261 38 33 25  4  0  0
56 12 389408 3138152 2097212 166847016    0    0 480816 392152 282331 1507350 40 34 23  3  0  0
108  1 389408 3138496 2097212 166849320    0    0 438784 380276 281600 1488816 40 33 24  3  0  0
120  7 389408 3135920 2097212 166851420    0    0 395360 355312 276746 1479888 37 35 24  4  0  0
44  1 389408 3130588 2097212 166853404    0    0 401168 347108 273177 1464817 38 34 25  3  0  0
36  2 389408 3126784 2097212 166855192    0    0 383120 332800 276675 1496001 38 36 23  4  0  0
206  1 389408 3128132 2097212 166857228    0    0 434512 378836 275900 1462947 38 34 25  4  0  0
44  4 389408 3125776 2097212 166859108    0    0 368224 330672 282762 1505085 38 34 25  3  0  0
82 13 389408 3123636 2097212 166861104    0    0 446192 384936 278960 1460910 39 33 25  4  0  0
51 15 389408 3119380 2097212 166863048    0    0 395904 371532 278747 1477671 38 34 25  3  0  0
78 14 389408 3118268 2097212 166864964    0    0 396464 345868 282419 1522579 40 34 24  3  0  0
24 15 389408 3115940 2097216 166866920    0    0 487984 395944 282893 1478099 40 33 23  4  0  0
71  8 389408 3114884 2097216 166869296    0    0 479968 391468 286115 1481129 39 32 25  4  0  0
102  0 389408 3110920 2097216 166871716    0    0 435024 368212 282176 1494851 39 34 23  4  0  0
114  1 389408 3110436 2097216 166873764    0    0 425456 359776 281903 1481102 38 34 24  4  0  0
11  1 389408 3109404 2097216 166875632    0    0 380144 363200 287143 1499931 37 36 23  4  0  0
36 20 389408 3110560 2097220 166877716    0    0 489920 392932 292407 1511776 41 32 24  3  0  0
procs -----------memory---------- ---swap-- -----io---- -system-- -------cpu-------
 r  b   swpd   free   buff  cache   si   so    bi    bo   in   cs us sy id wa st gu
83  1 389408 3106800 2097220 166879956    0    0 445392 381556 293918 1520794 39 35 22  4  0  0
116  1 389408 3104332 2097220 166882052    0    0 466480 382684 286422 1480470 40 32 25  3  0  0
44  1 389408 3101684 2097220 166884332    0    0 477360 397024 282130 1480057 40 32 24  4  0  0
184  1 389408 3101660 2097220 166886544    0    0 442368 364976 282181 1503545 39 34 23  3  0  0
121  2 389408 3100136 2097224 166888624    0    0 377072 336264 276680 1504228 39 35 24  3  0  0
21  0 389408 3094268 2097224 166890360    0    0 388032 334948 286618 1502184 37 36 24  3  0  0
13  9 389408 3090636 2097224 166892332    0    0 407616 366020 276983 1455252 38 33 26  3  0  0
46  3 389408 3088356 2097224 166894240    0    0 402896 356176 279867 1485687 38 36 24  3  0  0
43  1 389408 3088672 2097224 166896284    0    0 435040 372548 283724 1489606 38 36 23  4  0  0
97  9 389408 3087304 2097224 166898276    0    0 376832 330892 275807 1485558 37 36 24  3  0  0
43  3 389408 3087648 2097228 166900180    0    0 436208 381360 283751 1453340 39 33 25  3  0  0
98 10 389408 3085944 2097228 166902428    0    0 500160 391596 287112 1502694 41 33 22  4  0  0
195  0 389408 3058588 2097228 166904652    0    0 491520 390564 283850 1484064 40 33 23  4  0  0
59  5 389408 3057964 2097228 166906996    0    0 375312 336340 281050 1513055 37 36 24  3  0  0
69  4 389408 3057176 2097228 166908980    0    0 466304 380080 284299 1521221 40 33 23  3  0  0
70  3 389408 3054748 2097228 166911024    0    0 352432 334924 272358 1496729 37 36 23  4  0  0
25 12 389408 3054272 2097228 166912884    0    0 480320 390684 281145 1478503 39 31 25  4  0  0
65  0 389408 3052792 2097228 166915084    0    0 432688 351296 272582 1479028 38 34 24  4  0  0
44  5 389408 3051648 2097228 166917032    0    0 408000 362500 283485 1516455 38 36 23  3  0  0
53  9 389408 3045364 2097228 166919096    0    0 420256 371280 281526 1491440 38 35 24  4  0  0
76  6 389408 3046936 2097228 166921128    0    0 413792 355916 277181 1493803 38 35 23  4  0  0
procs -----------memory---------- ---swap-- -----io---- -system-- -------cpu-------
 r  b   swpd   free   buff  cache   si   so    bi    bo   in   cs us sy id wa st gu
11  0 389408 3045304 2097228 166923152    0    0 424560 367332 277058 1489153 39 33 25  4  0  0
81  0 389408 3041988 2097228 166925180    0    0 447024 379624 276892 1483132 39 34 23  4  0  0
59  8 389408 3037788 2097228 166927320    0    0 430720 383404 275912 1488393 38 35 23  4  0  0
96  0 389408 3033424 2097228 166929484    0    0 452496 351344 271413 1458512 38 34 24  4  0  0
15  5 389408 3034856 2097228 166931484    0    0 442784 380776 272584 1452897 38 34 24  4  0  0
82  5 389408 3031848 2097228 166933680    0    0 424944 364204 274708 1479742 38 36 23  4  0  0
78 33 389408 3030868 2097228 166935720    0    0 434512 373444 275487 1482191 38 35 23  4  0  0
77  0 389408 3030496 2097228 166937804    0    0 384976 314616 279399 1515819 39 35 23  3  0  0
65  4 389408 3030268 2097228 166939588    0    0 406672 361896 283313 1521385 39 34 24  3  0  0
15  1 389408 3027492 2097228 166941680    0    0 464496 389632 282296 1498118 39 34 23  4  0  0
98  1 389408 3023704 2097228 166943816    0    0 461440 392652 285712 1508226 40 33 24  3  0  0
157  1 389408 3019968 2097228 166946000    0    0 446784 379300 279785 1463940 38 34 25  3  0  0
109  1 389408 3018224 2097232 166948048    0    0 364452 338156 277845 1506705 37 37 23  3  0  0
129  0 389408 3015112 2097232 166949872    0    0 428688 390724 276751 1459130 39 33 26  3  0  0
153 10 389408 3010744 2097232 166952032    0    0 453520 343516 276918 1478186 38 35 24  3  0  0
60  1 389408 3011296 2097232 166954216    0    0 428832 348956 286893 1513512 39 35 23  3  0  0
113  0 389408 3008664 2097232 166956104    0    0 389120 353756 280996 1496681 38 36 23  3  0  0
127  1 389408 3007088 2097232 166958128    0    0 460832 370636 278630 1480464 39 34 23  4  0  0
122 18 389408 3007188 2097232 166960156    0    0 426832 357724 278661 1482185 38 34 25  3  0  0
25  0 389408 3007340 2097232 166962228    0    0 411728 362452 281178 1494954 39 34 24  3  0  0
58 10 389408 3005384 2097232 166964308    0    0 402752 354484 281513 1500579 39 34 24  3  0  0
procs -----------memory---------- ---swap-- -----io---- -system-- -------cpu-------
 r  b   swpd   free   buff  cache   si   so    bi    bo   in   cs us sy id wa st gu
64 36 389408 3001048 2097232 166966212    0    0 402944 353956 288106 1500235 39 34 23  4  0  0
45 31 389408 2998284 2097232 166968164    0    0 507552 404252 282999 1463752 40 33 23  5  0  0
145  1 389408 2995040 2097236 166970544    0    0 402000 338556 274774 1463235 38 34 25  3  0  0
41  2 389408 2995492 2097236 166972552    0    0 432880 370784 278146 1461722 38 35 24  3  0  0
73  6 389408 2993236 2097236 166974704    0    0 453856 378780 282146 1491765 39 36 22  4  0  0
51  0 389408 2991860 2097236 166976768    0    0 458272 376744 279316 1459808 39 32 25  4  0  0
50 20 389408 2987616 2097236 166979004    0    0 421344 370460 280808 1481230 39 34 24  4  0  0
31 24 389408 2984216 2097240 166981040    0    0 444080 378584 280255 1476417 38 35 23  4  0  0
36  2 389408 2979888 2097240 166983056    0    0 383088 338608 280176 1496364 38 36 24  3  0  0
157  0 389408 2975436 2097240 166984912    0    0 398576 346808 284087 1491698 38 35 23  4  0  0
21 20 389408 2972512 2097240 166986860    0    0 456144 367860 277959 1445996 38 33 25  4  0  0
102  2 389408 2970432 2097240 166989008    0    0 388288 342240 286103 1496165 38 36 23  3  0  0
56 39 389408 2968460 2097240 166990868    0    0 467120 398920 284248 1466935 39 33 24  4  0  0
100  1 389408 2966972 2097240 166993048    0    0 458864 369396 277634 1442672 39 32 25  4  0  0
102  1 389408 2966020 2097240 166995428    0    0 443072 387876 282678 1495207 39 34 23  4  0  0
202  1 389408 2961828 2097240 166997512    0    0 426704 368784 276490 1478115 38 34 24  4  0  0
10  0 389408 3206920 2097240 166755636    0    0 409856 348052 274538 1501289 38 36 23  4  0  0
61  1 389408 3208064 2097248 166757096    0    0 449952 370112 276622 1472819 39 32 26  3  0  0
18  2 389408 3205892 2097248 166759152    0    0 429440 361312 280786 1533617 39 35 22  4  0  0
122  2 389408 3203692 2097248 166761284    0    0 441680 371628 279327 1501539 40 32 25  3  0  0
32  8 389408 3200444 2097248 166763344    0    0 455744 379212 284220 1527354 40 33 24  4  0  0
procs -----------memory---------- ---swap-- -----io---- -system-- -------cpu-------
 r  b   swpd   free   buff  cache   si   so    bi    bo   in   cs us sy id wa st gu
56  3 389408 3197888 2097252 166765380    0    0 462832 407532 281631 1494306 39 34 23  4  0  0
66  5 389408 3198868 2097252 166767520    0    0 404496 350348 276023 1484775 38 35 24  3  0  0
44  1 389408 3196384 2097252 166769520    0    0 426992 356676 276205 1493228 39 33 25  3  0  0
106  1 389408 3196152 2097256 166771420    0    0 440932 382732 281879 1511069 39 33 24  4  0  0
63  1 389408 3192088 2097256 166773488    0    0 495056 393776 276576 1473187 39 33 24  4  0  0
212  4 389408 3191872 2097256 166776040    0    0 442064 372792 279698 1490175 39 33 25  3  0  0
68 30 389408 3189744 2097256 166777844    0    0 485776 387820 282700 1493326 41 31 26  3  0  0
209  0 389408 3188992 2097256 166780236    0    0 414048 358796 278338 1501084 39 35 23  3  0  0
17  2 389408 3188036 2097256 166782064    0    0 405152 349124 274807 1480885 38 34 25  3  0  0
117  2 389408 3186620 2097256 166784016    0    0 463824 377756 277251 1488152 38 35 23  4  0  0
47  2 389408 3183428 2097256 166786364    0    0 481168 384808 273344 1430995 39 32 26  4  0  0
76 18 389408 3181724 2097260 166788604    0    0 437168 387404 280114 1489794 40 32 26  3  0  0
118  2 389408 3179200 2097260 166790540    0    0 464400 366192 278513 1475726 39 33 24  4  0  0
70  1 389408 3176536 2097260 166792676    0    0 487056 394664 281243 1478864 40 32 23  4  0  0
29  3 389408 3174892 2097260 166795104    0    0 479616 398876 273583 1451376 39 31 26  3  0  0
214  0 389408 3173928 2097260 166797300    0    0 433184 356412 270415 1445702 38 33 25  4  0  0
186  9 389408 3169632 2097260 166799224    0    0 425616 360836 275542 1460996 38 34 24  4  0  0
33 26 389408 3168852 2097260 166801128    0    0 393888 347944 273945 1488651 38 35 24  3  0  0
45 44 389408 3166904 2097260 166803032    0    0 408080 350680 274188 1481519 38 35 23  4  0  0
25 19 389408 3165388 2097260 166804980    0    0 424224 363976 279732 1480262 38 35 23  4  0  0
46 30 389408 3162524 2097260 166806972    0    0 405424 356592 273083 1473853 38 34 24  3  0  0
procs -----------memory---------- ---swap-- -----io---- -system-- -------cpu-------
 r  b   swpd   free   buff  cache   si   so    bi    bo   in   cs us sy id wa st gu
91 11 389408 3159296 2097260 166808824    0    0 410240 363272 278746 1502682 39 34 24  3  0  0
178  2 389408 3157032 2097260 166810708    0    0 411008 350400 278799 1488612 38 34 25  3  0  0
38  4 389408 3154612 2097260 166812672    0    0 419120 357136 277544 1491440 38 36 22  3  0  0
241  2 389408 3152256 2097260 166814752    0    0 462528 408116 279287 1459175 38 33 24  4  0  0
253  1 389408 3152452 2097268 166816936    0    0 536016 417004 284828 1495127 41 31 24  4  0  0
69  2 389408 3153568 2097268 166819208    0    0 403408 358156 281590 1525718 39 34 23  4  0  0
172  5 389408 3148204 2097268 166821392    0    0 465088 387936 282617 1491653 39 33 24  4  0  0
109  0 389408 3144860 2097268 166823532    0    0 465472 393136 284348 1508532 39 34 22  4  0  0
96  3 389408 3140280 2097268 166825852    0    0 516352 400992 283899 1491470 41 32 24  4  0  0
18  1 389408 3134776 2097272 166828160    0    0 407312 362568 280320 1511301 38 35 23  3  0  0
173 18 389408 3130908 2097272 166830316    0    0 502784 425356 284756 1488994 40 33 23  4  0  0
22 13 389408 3128252 2097272 166832664    0    0 452704 384904 274363 1454594 38 34 24  4  0  0
104  3 389408 3125192 2097272 166834656    0    0 373696 333072 275923 1486952 38 36 24  3  0  0
26  5 389408 3122840 2097272 166836556    0    0 484912 399248 279054 1465112 39 33 24  4  0  0
13  1 389408 3117384 2097276 166839024    0    0 414000 355200 278140 1497804 39 34 24  3  0  0
73  1 389408 3118864 2097276 166840856    0    0 461536 389840 283026 1489129 40 33 24  4  0  0
148  0 389408 3118240 2097276 166843100    0    0 450800 370968 283734 1492984 39 33 24  4  0  0
42  2 389408 3115472 2097276 166845200    0    0 429008 391292 281654 1474045 39 33 25  4  0  0
26 16 389408 3113492 2097276 166847244    0    0 424192 369760 276510 1482191 38 35 24  3  0  0
83 13 389408 3111004 2097280 166849312    0    0 387824 363708 274870 1464212 37 34 25  3  0  0
134  9 389408 3107800 2097280 166851092    0    0 363296 317800 277067 1490231 38 35 24  3  0  0
procs -----------memory---------- ---swap-- -----io---- -system-- -------cpu-------
 r  b   swpd   free   buff  cache   si   so    bi    bo   in   cs us sy id wa st gu
118  4 389408 3106728 2097280 166852952    0    0 419648 363392 279490 1480795 38 35 23  4  0  0
43  7 389408 3105316 2097280 166855104    0    0 409296 352528 275216 1471265 38 35 24  3  0  0
168  0 389408 3102716 2097280 166856792    0    0 378672 325664 271411 1473765 38 35 24  3  0  0
110  5 389408 3099216 2097280 166858724    0    0 424672 354040 277705 1470825 38 35 23  4  0  0
10  0 389408 3095236 2097280 166860968    0    0 459072 393868 273937 1421444 38 33 25  4  0  0
69  1 389408 3054184 2097280 166862824    0    0 415808 355956 277152 1482529 39 34 24  4  0  0
110  7 389408 3055464 2097280 166864880    0    0 391632 341368 278339 1482666 38 35 24  3  0  0
23 27 389408 3052412 2097280 166866928    0    0 449456 375980 286291 1485882 38 34 24  4  0  0
64 10 389408 3050444 2097280 166868816    0    0 355696 329792 278505 1494169 37 36 24  3  0  0
60  6 389408 3046984 2097280 166870868    0    0 447360 371004 276419 1460290 39 34 24  3  0  0
10  0 389408 3093748 2097284 166872776    0    0 433408 360764 279721 1469096 39 34 24  3  0  0
78  5 389408 3092720 2097284 166874860    0    0 467776 388384 285809 1495824 40 34 23  4  0  0
35  3 389408 3090868 2097284 166877368    0    0 455440 387364 284620 1493861 39 32 25  4  0  0
22  2 389408 3089552 2097284 166879240    0    0 401056 381600 283231 1494154 37 34 25  3  0  0
76  0 389408 3088868 2097284 166881164    0    0 400992 331652 278909 1503817 39 35 24  3  0  0
39  2 389408 3086828 2097284 166883420    0    0 394992 356928 281763 1516043 38 36 23  3  0  0
71  9 389408 3084492 2097284 166885036    0    0 432320 368692 278963 1486465 39 32 25  3  0  0
72  1 389408 3080652 2097284 166887316    0    0 447136 384432 275821 1470698 39 34 23  4  0  0
34 25 389408 3079720 2097284 166889400    0    0 457664 379604 281381 1487453 40 33 24  4  0  0
92  1 389408 3077884 2097284 166891512    0    0 410240 358808 280672 1497502 38 33 25  4  0  0
16 14 389408 3075940 2097284 166893544    0    0 438336 371164 281493 1518070 40 34 23  4  0  0
procs -----------memory---------- ---swap-- -----io---- -system-- -------cpu-------
 r  b   swpd   free   buff  cache   si   so    bi    bo   in   cs us sy id wa st gu
50 10 389408 3069964 2097288 166895720    0    0 471524 407708 280987 1459734 39 32 25  4  0  0
95  0 389408 3064964 2097288 166897888    0    0 414016 367480 275625 1468454 37 35 24  4  0  0
91  2 389408 3066072 2097292 166899976    0    0 425408 362144 273152 1448923 38 33 25  4  0  0
37  0 389408 3060900 2097292 166901876    0    0 416784 354900 281789 1490815 39 33 26  3  0  0
33 12 389408 3057944 2097292 166903840    0    0 406080 369176 274631 1460884 37 35 25  3  0  0
36 13 389408 3057648 2097292 166905948    0    0 485296 379056 278712 1463777 39 33 24  4  0  0
111  4 389408 3054088 2097292 166908060    0    0 524064 414868 283019 1470184 41 32 23  4  0  0
125  4 389408 3050584 2097292 166910740    0    0 437216 399948 281347 1488414 39 33 24  4  0  0
92 21 389408 3048584 2097292 166912792    0    0 430400 366956 277260 1480189 39 35 22  4  0  0
48  4 389408 3041620 2097292 166914800    0    0 435008 362544 280098 1467302 39 34 24  4  0  0
68  2 389408 3040640 2097292 166917220    0    0 431792 359928 286053 1498527 39 35 22  4  0  0
72  1 389408 3037136 2097292 166918904    0    0 399904 356692 276733 1467145 37 35 25  3  0  0
28  2 389408 3038204 2097292 166920868    0    0 386064 342948 277545 1497116 38 35 23  3  0  0
76  8 389408 3036040 2097292 166923144    0    0 427648 360304 279755 1464464 39 34 24  3  0  0
34  2 389408 3032864 2097292 166924756    0    0 409088 358192 275367 1479591 38 35 24  3  0  0
93  2 389408 3029384 2097292 166926908    0    0 456112 402000 283557 1478178 39 33 24  4  0  0
97  3 389408 3028980 2097292 166929156    0    0 412112 362772 287568 1491271 38 36 23  3  0  0
60  5 389408 3029756 2097292 166930864    0    0 406320 352216 280197 1460702 38 34 25  3  0  0
59  5 389408 3025556 2097292 166932892    0    0 375504 340600 277263 1489027 38 35 24  3  0  0
