procs -----------memory---------- ---swap-- -----io---- -system-- -------cpu-------
 r  b   swpd   free   buff  cache   si   so    bi    bo   in   cs us sy id wa st gu
 4  0 357844 35407176 1779776 117317040    5   10 23465 29520 8492    4  3  0 96  0  0  0
121  0 357844 35352076 1779776 117317080    0    0     0 122412 89783 43491 96  1  4  0  0  0
129  0 357844 35342700 1779776 117317096    0    0     0 283524 94999 43433 99  1  0  0  0  0
130  0 357844 35333800 1779776 117317112    0    0     0 290308 145270 43873 98  1  1  0  0  0
136  0 357844 35320728 1779776 117317136    0    0     0 250804 95454 41199 99  1  0  0  0  0
107  0 357844 35296376 1779780 117317152    0    0     0 263532 134031 42680 98  1  1  0  0  0
83  0 357844 34529572 1779780 117317172    0    0     0 439248 574475 573579 67 21 13  0  0  0
111  0 357844 34517220 1779780 117326808    0    0     0 405824 216597 1050873 71 21  8  0  0  0
150  1 357844 34540004 1779780 117342332    0    0     0 409608 183180 1072891 71 21  7  0  0  0
105  0 357844 34532988 1779780 117358380    0    0     0 408056 185030 1061750 70 21  8  0  0  0
126  0 357844 34520476 1779784 117373564    0    0     0 409060 200403 1055633 69 21  9  0  0  0
91  0 357844 34530916 1779784 117389000    0    0     0 419244 184237 1076155 71 21  8  0  0  0
92  0 357844 34540600 1779784 117404908    0    0     0 422692 185129 1091197 72 21  7  0  0  0
116  0 357844 34537684 1779784 117420736    0    0     0 425032 191131 1089009 71 21  7  0  0  0
145  0 357844 34542712 1779792 117436468    0    0     0 424552 182953 1087615 71 21  8  0  0  0
120  0 357844 34547084 1779792 117452132    0    0     0 421860 182733 1072281 71 21  8  0  0  0
96  0 357844 34548140 1779792 117467784    0    0     0 426340 183530 1067246 70 21  8  0  0  0
79  1 357844 34559192 1779792 117483536    0    0     0 428176 183315 1055129 71 21  7  0  0  0
113  0 357844 34565884 1779792 117498792    0    0     0 424528 183595 1057822 72 21  7  0  0  0
143  0 357844 34553944 1779800 117514020    0    0     0 425924 182245 1036405 72 21  7  0  0  0
62  0 357844 34542288 1779800 117529180    0    0     0 423828 180965 1006617 70 21  8  0  0  0
procs -----------memory---------- ---swap-- -----io---- -system-- -------cpu-------
 r  b   swpd   free   buff  cache   si   so    bi    bo   in   cs us sy id wa st gu
131  0 357844 34535456 1779800 117543980    0    0     0 422340 178756 997842 69 21 10  0  0  0
118  2 357844 34473936 1779800 117558132    0    0     0 413676 174840 957532 65 20 15  0  0  0
134  0 357844 34513236 1779800 117571924    0    0     0 419024 180794 1017257 71 22  7  0  0  0
128  0 357844 34501696 1779804 117587140    0    0     0 419932 180940 999412 70 21  9  0  0  0
92  0 357844 34485080 1779804 117601572    0    0     0 420248 179901 994402 70 21  9  0  0  0
103  0 357844 34470760 1779804 117616152    0    0     0 426060 181443 1015232 71 21  8  0  0  0
138  0 357844 34453880 1779808 117630948    0    0     0 427552 183621 1014323 70 21  8  0  0  0
118  0 357844 34445720 1779808 117645664    0    0     0 431184 182469 1023378 72 22  7  0  0  0
84  1 357844 34425356 1779812 117660528    0    0     0 429596 179973 1018205 72 21  7  0  0  0
61  0 357844 34413332 1779812 117675472    0    0     0 430344 202699 1027495 71 22  7  0  0  0
105  0 357844 34397980 1779812 117690460    0    0     0 428272 226144 1005129 69 21  9  0  0  0
80  1 357844 34390836 1779812 117705104    0    0     0 429696 181573 1013251 71 21  7  0  0  0
123  1 357844 34381088 1779812 117719824    0    0     0 432196 181202 1022554 71 21  7  0  0  0
141  0 357844 34373484 1779816 117734864    0    0     0 431612 181244 998988 70 21  9  0  0  0
135  1 357844 34358060 1779816 117749200    0    0     0 435968 177350 989959 69 20 10  0  0  0
102  0 357844 34347624 1779816 117763744    0    0     0 447608 179166 1006555 69 21  9  0  0  0
144  0 357844 34332804 1779816 117778048    0    0     0 481464 182918 1014038 71 21  8  0  0  0
95  1 357844 34320604 1779816 117792956    0    0     0 482644 183489 1026195 71 21  7  0  0  0
99  1 357844 34302904 1779820 117807740    0    0     0 482608 182755 1018712 71 21  7  0  0  0
63  0 357844 34266752 1779820 117822724    0    0     0 480072 182276 1004311 69 21 10  0  0  0
86  1 357844 34258524 1779820 117837260    0    0     0 482188 181881 1011456 70 21  8  0  0  0
procs -----------memory---------- ---swap-- -----io---- -system-- -------cpu-------
 r  b   swpd   free   buff  cache   si   so    bi    bo   in   cs us sy id wa st gu
117  0 357844 34244216 1779820 117851940    0    0     0 483356 182261 1024667 70 21  8  0  0  0
108  0 357844 34235096 1779820 117866528    0    0     0 482684 181919 1007110 70 21  8  0  0  0
143  0 357844 34222112 1779824 117881084    0    0     0 475908 179132 977901 68 21 11  0  0  0
116  0 357844 34178480 1779824 117895288    0    0     0 471008 177930 983532 68 20 11  0  0  0
118  0 357844 34167984 1779824 117909684    0    0     0 467920 176754 959659 67 20 13  1  0  0
120  0 357844 34149264 1779824 117923968    0    0     0 474592 180123 985570 68 21 11  1  0  0
144  0 357844 34136652 1779824 117938052    0    0     0 479096 181623 1005489 70 21  8  0  0  0
131  0 357844 34122608 1779828 117952688    0    0     0 482396 180649 1004459 70 21  9  0  0  0
88  0 357844 34111180 1779828 117967604    0    0     0 483776 183488 1007624 71 21  8  0  0  0
113  0 357844 34096820 1779828 117982140    0    0     0 480972 179459 999771 69 21  9  0  0  0
147  0 357844 34083860 1779828 117996696    0    0     0 487108 182974 1004690 71 21  8  0  0  0
134  1 357844 34064084 1779828 118011288    0    0     0 480072 179990 998579 70 21  9  0  0  0
110  1 357844 34043888 1779836 118026348    0    0     0 481084 183787 1024709 70 21  8  0  0  0
50  0 357844 34034516 1779836 118040704    0    0     0 485512 183900 1003918 70 21  9  0  0  0
139  0 357844 34016152 1779836 118055196    0    0     0 480512 180150 1000299 69 21 10  0  0  0
98  0 357844 34004272 1779836 118069312    0    0     0 483860 180858 1000324 69 21  9  0  0  0
109  0 357844 33991924 1779836 118084012    0    0     0 485468 181602 1009741 70 21  9  0  0  0
136  0 357844 33980292 1779844 118097608    0    0     0 476572 179219 935924 64 20 16  0  0  0
114  0 357844 33965776 1779844 118112264    0    0     0 484920 183372 1014598 71 21  8  0  0  0
123  0 357844 33948944 1779844 118126672    0    0     0 484224 181955 998983 70 21  9  0  0  0
114  1 357844 33934032 1779844 118141480    0    0     0 487116 184970 1013474 70 21  8  0  0  0
procs -----------memory---------- ---swap-- -----io---- -system-- -------cpu-------
 r  b   swpd   free   buff  cache   si   so    bi    bo   in   cs us sy id wa st gu
113  0 357844 33924204 1779844 118156276    0    0     0 487528 184544 1024974 70 21  8  0  0  0
77  2 357844 33905076 1779848 118170780    0    0     0 485440 182141 1001551 70 21  9  0  0  0
130  0 357844 33886348 1779852 118185904    0    0     0 485848 183390 992326 69 21 10  1  0  0
122  0 357844 33878040 1779852 118199628    0    0     0 487664 182645 1002343 69 21 10  1  0  0
67  0 357844 33860340 1779852 118213992    0    0     0 504024 179963 977476 68 20 11  1  0  0
93  1 357844 33847992 1779852 118228816    0    0     0 506484 181113 978146 67 20 13  1  0  0
104  1 357844 33838300 1779852 118242048    0    0     0 507600 180771 997168 69 21 10  0  0  0
95  0 357844 33823684 1779852 118256640    0    0     0 508608 181943 1007558 69 21  9  0  0  0
134  0 357844 33813996 1779852 118270976    0    0     0 506336 180291 999387 68 21 10  0  0  0
123  0 357844 33802984 1779852 118285156    0    0     0 515388 180032 1003596 68 20 11  1  0  0
123  0 357844 33782912 1779852 118300128    0    0     0 518236 180142 1005582 68 21 10  0  0  0
91  1 357844 33770996 1779856 118313780    0    0     0 521072 182295 1002285 69 21 10  1  0  0
81  0 357844 33759108 1779856 118328120    0    0     0 526984 183291 1016764 70 21  9  0  0  0
93  1 357844 33748692 1779856 118343624    0    0     0 529648 184215 1008217 70 21  9  0  0  0
94  0 357844 33738904 1779856 118357168    0    0     0 523196 182193 992740 69 21 10  0  0  0
132  0 357844 33719756 1779856 118371472    0    0     0 520632 180274 983275 67 20 12  0  0  0
85  1 357844 33706760 1779856 118387120    0    0     0 526924 182497 1012329 69 21  9  0  0  0
129  0 357844 33689092 1779856 118399900    0    0     0 530004 184217 1018228 70 21  9  0  0  0
129  1 357844 33672164 1779856 118415272    0    0     0 525376 184421 1019611 70 21  9  0  0  0
75  0 357844 33634892 1779856 118431052    0    0     0 517856 183197 1000730 69 21 10  0  0  0
104  2 357844 33622424 1779856 118443188    0    0     0 523252 187416 1016642 70 22  8  0  0  0
procs -----------memory---------- ---swap-- -----io---- -system-- -------cpu-------
 r  b   swpd   free   buff  cache   si   so    bi    bo   in   cs us sy id wa st gu
77  0 357844 33611084 1779864 118459192    0    0     0 523048 184389 1013413 70 21  8  0  0  0
86  0 357844 33599484 1779864 118472548    0    0     0 520776 183725 992038 68 20 11  1  0  0
101  0 357844 33580864 1779864 118487312    0    0     0 523264 182657 1005614 69 21 10  1  0  0
67  0 357844 33570576 1779864 118502544    0    0     0 513652 178873 950121 66 20 13  1  0  0
121  0 357844 33556792 1779864 118515160    0    0     0 520900 181570 1000868 69 21  9  0  0  0
124  0 357844 33539432 1779876 118529988    0    0     0 522428 183507 998586 69 21  9  0  0  0
119  0 357844 33519392 1779876 118545456    0    0     0 522212 182549 1003287 69 21 10  0  0  0
109  1 357844 33510640 1779876 118558464    0    0     0 518212 179755 989778 68 20 11  1  0  0
116  0 357844 33492112 1779876 118573388    0    0     0 521012 182358 1004117 69 21 10  0  0  0
90  0 357844 33472764 1779876 118588608    0    0     0 517636 181186 1003644 69 21 10  1  0  0
75  1 357844 33460080 1779880 118601556    0    0     0 527552 183404 1017862 69 21  9  0  0  0
119  2 357844 33447940 1779880 118617216    0    0     0 551000 181941 987013 67 21 12  1  0  0
99  1 357844 33395780 1779880 118632108    0    0     0 566076 172974 905025 61 18 20  1  0  0
96  0 357844 33438224 1779880 118643204    0    0     0 605308 181437 984895 67 20 12  0  0  0
84  0 357844 33420740 1779880 118658424    0    0     0 601984 187722 1033706 70 22  8  0  0  0
87  0 357844 33404840 1779888 118671312    0    0     0 595860 188605 1038673 71 22  7  0  0  0
126  1 357844 33388212 1779888 118687332    0    0     0 587120 188347 1033999 71 21  7  0  0  0
104  0 357844 33378360 1779892 118702760    0    0     0 582200 187687 1018196 69 21 10  0  0  0
116  0 357844 33366856 1779892 118715424    0    0     0 578964 186820 1026207 71 21  8  0  0  0
132  0 357844 33347468 1779892 118730952    0    0     0 571520 182179 966976 67 20 13  1  0  0
91  1 357844 33332716 1779896 118745748    0    0     0 567100 183814 996013 68 20 11  1  0  0
procs -----------memory---------- ---swap-- -----io---- -system-- -------cpu-------
 r  b   swpd   free   buff  cache   si   so    bi    bo   in   cs us sy id wa st gu
120  0 357844 33319964 1779896 118758568    0    0     0 563040 181235 971955 67 20 13  1  0  0
123  2 357844 33305824 1779896 118773240    0    0     0 557600 180391 992452 68 20 11  0  0  0
138  0 357844 33295440 1779896 118788212    0    0     0 554896 180497 980704 67 20 12  1  0  0
109  0 357844 33261980 1779896 118800700    0    0     0 551516 181734 983417 67 20 12  1  0  0
116  0 357844 33247244 1779900 118816048    0    0     0 568372 184518 1001902 69 21 10  0  0  0
96  0 357844 33232652 1779900 118831392    0    0     0 568312 185404 1014530 69 21 10  0  0  0
148  0 357844 33216012 1779900 118843788    0    0     0 566228 181885 1004107 68 21 11  1  0  0
119  1 357844 33202808 1779900 118858920    0    0     0 567372 185583 1015970 69 21 10  0  0  0
131  0 357844 33191620 1779900 118871928    0    0     0 569604 187874 1017931 69 21  9  0  0  0
94  1 357844 33172420 1779904 118887056    0    0     0 566068 186636 1004477 69 21 10  0  0  0
109  0 357844 33154176 1779904 118902328    0    0     0 564068 184743 996175 68 21 11  0  0  0
97  0 357844 33142740 1779904 118914872    0    0     0 564028 185581 1027712 70 21  8  0  0  0
90  2 357844 33126812 1779904 118930636    0    0     0 560176 183534 1002452 69 21 10  0  0  0
104  0 357844 33113232 1779904 118945992    0    0     0 554276 182199 990751 68 20 12  1  0  0
91  0 357844 33103292 1779904 118958456    0    0     0 551896 185173 1019558 70 21  8  0  0  0
120  0 357844 33064880 1779904 118974332    0    0     0 544756 181113 970477 67 20 13  1  0  0
147  0 357844 33053408 1779904 118989368    0    0     0 547028 184402 1001684 69 21 10  0  0  0
142  0 357844 33039556 1779904 119001620    0    0     0 546828 184607 1004726 69 21 10  0  0  0
134  0 357844 33031260 1779904 119016712    0    0     0 539520 181441 978023 67 20 12  1  0  0
87  0 357844 33011460 1779912 119032892    0    0     0 539304 180303 1005396 69 21 10  1  0  0
85  0 357844 32994392 1779912 119044404    0    0     0 538576 183619 1002343 68 21 10  1  0  0
procs -----------memory---------- ---swap-- -----io---- -system-- -------cpu-------
 r  b   swpd   free   buff  cache   si   so    bi    bo   in   cs us sy id wa st gu
70  1 357844 32980676 1779912 119060544    0    0     0 535288 182887 1012212 69 21  9  0  0  0
55  1 357844 32965140 1779912 119072900    0    0     0 550844 180903 1000187 68 21 11  1  0  0
97  1 357844 32937836 1779912 119087872    0    0     0 548244 184614 998809 69 21 10  0  0  0
146  0 357844 32920988 1779916 119104060    0    0     0 546592 181857 1001558 68 21 10  0  0  0
119  0 357844 32905180 1779916 119115736    0    0     0 547352 182355 1006789 69 21 10  1  0  0
147  0 357844 32892676 1779916 119131808    0    0     0 547576 182789 993507 68 21 11  1  0  0
100  0 357844 32878040 1779916 119147920    0    0     0 549420 183843 1008648 69 21 10  0  0  0
80  1 357844 32860404 1779916 119159248    0    0     0 546852 183779 1010640 70 21  9  0  0  0
71  0 357844 32809408 1779924 119174976    0    0     0 546524 180677 977273 68 20 12  0  0  0
114  0 357844 32858352 1779924 119191392    0    0     0 546128 185485 1006239 69 21  9  0  0  0
125  0 357844 32844500 1779924 119202760    0    0     0 545304 187304 1019945 71 21  8  0  0  0
113  0 357844 32826500 1779928 119218904    0    0     0 543724 187755 1023221 71 22  8  0  0  0
95  0 357844 32809020 1779928 119235140    0    0     0 541696 185565 1008598 70 21  9  0  0  0
138  0 357844 32799536 1779928 119246984    0    0     0 535944 181122 972717 67 20 12  1  0  0
131  0 357844 32781292 1779928 119262668    0    0     0 536768 183307 1003221 69 20 10  1  0  0
105  1 357844 32761964 1779928 119274128    0    0     0 527300 179914 975757 67 20 12  1  0  0
91  1 357844 32748288 1779928 119289504    0    0     0 527904 178938 947135 66 20 14  1  0  0
98  0 357844 32733792 1779928 119305480    0    0     0 537228 184589 1001865 69 21  9  0  0  0
129  1 357844 32705100 1779932 119316956    0    0     0 535912 183090 986904 68 20 11  0  0  0
99  0 357844 32692584 1779932 119332988    0    0     0 536100 182980 1020483 70 21  9  0  0  0
113  0 357844 32672168 1779932 119349700    0    0     0 546124 185538 1020467 70 21  9  0  0  0
procs -----------memory---------- ---swap-- -----io---- -system-- -------cpu-------
 r  b   swpd   free   buff  cache   si   so    bi    bo   in   cs us sy id wa st gu
120  0 357844 32659956 1779932 119360668    0    0     0 543980 183918 1006335 69 21 10  0  0  0
115  0 357844 32644916 1779932 119376984    0    0     0 545372 183273 1007346 69 21 10  0  0  0
109  1 357844 32635288 1779936 119393308    0    0     0 546620 185034 1014070 70 21  8  0  0  0
92  1 357844 32624348 1779936 119404296    0    0     0 545308 185133 1010271 69 21 10  0  0  0
104  0 357844 32615940 1779936 119420804    0    0     0 547548 183713 1008517 69 21  9  1  0  0
129  0 357844 32602064 1779936 119437128    0    0     0 544784 184005 1008868 69 21 10  0  0  0
81  0 357844 32589316 1779936 119448268    0    0     0 540544 184840 1000442 68 21 11  0  0  0
103  0 357844 32576220 1779936 119464492    0    0     0 542816 183627 1015830 69 21  9  0  0  0
89  0 357844 32565176 1779936 119477952    0    0     0 541816 186527 1012203 70 21  9  0  0  0
120  0 357844 32553000 1779936 119491948    0    0     0 536860 186306 1013620 70 21  9  0  0  0
105  0 357844 32515260 1779936 119508300    0    0     0 534976 182681 980789 67 20 12  1  0  0
127  0 357844 32498740 1779936 119519044    0    0     0 534416 183214 1000602 69 21 10  1  0  0
82  0 357844 32486828 1779940 119535804    0    0     0 538212 184105 1005858 69 21 10  0  0  0
143  0 357844 32470992 1779940 119551256    0    0     0 526964 177198 953102 65 19 14  1  0  0
135  0 357844 32464496 1779940 119562208    0    0     0 535656 182777 995794 68 21 11  1  0  0
141  1 357844 32441028 1779940 119578664    0    0     0 535660 184417 1006649 69 21  9  0  0  0
154  0 357844 32423276 1779940 119594608    0    0     0 537816 183517 1019452 70 21  9  0  0  0
79  2 357844 32409696 1779944 119606256    0    0     0 536680 185128 1022589 69 21  9  0  0  0
93  0 357844 32392200 1779944 119622656    0    0     0 532840 182934 999287 69 21 10  1  0  0
118  0 357844 32374528 1779944 119637860    0    0     0 530276 180824 978690 67 20 12  1  0  0
111  0 357844 32363892 1779944 119649308    0    0     0 530148 182246 980619 68 20 11  1  0  0
procs -----------memory---------- ---swap-- -----io---- -system-- -------cpu-------
 r  b   swpd   free   buff  cache   si   so    bi    bo   in   cs us sy id wa st gu
85  1 357844 32348912 1779944 119665792    0    0     0 533696 183141 994738 68 21 11  1  0  0
45  0 357844 32334196 1779952 119676848    0    0     0 529780 179413 986104 68 20 12  1  0  0
78  0 357844 32316124 1779952 119693092    0    0     0 530868 182994 993573 68 20 11  1  0  0
108  0 357844 32259832 1779952 119707696    0    0     0 513616 174463 907918 62 19 18  1  0  0
129  0 357844 32311056 1779952 119719208    0    0     0 526452 182226 995424 67 21 11  1  0  0
128  0 357844 32300256 1779952 119734560    0    0     0 521784 179456 988818 67 21 12  1  0  0
113  0 357844 32280920 1779964 119749976    0    0     0 521932 181955 996489 68 20 11  1  0  0
78  1 357844 32264136 1779964 119761856    0    0     0 518496 177387 952105 66 20 14  1  0  0
118  0 357844 32250148 1779964 119777448    0    0     0 518920 181321 980083 67 20 11  1  0  0
105  0 357844 32232048 1779964 119792552    0    0     0 522476 182712 1000668 68 21 11  1  0  0
148  0 357844 32228584 1779964 119804820    0    0     0 524604 182803 992724 68 21 11  1  0  0
120  0 357844 32212720 1779968 119820072    0    0     0 522272 178737 961205 66 20 13  1  0  0
110  1 357844 32202244 1779968 119835508    0    0     0 524724 179977 992929 68 21 11  1  0  0
122  0 357844 32171876 1779968 119847688    0    0     0 526692 183694 995879 68 21 11  0  0  0
81  0 357844 32157164 1779968 119863516    0    0     0 530320 184395 1024946 70 21  8  0  0  0
108  0 357844 32147412 1779968 119874824    0    0     0 541336 185415 1016458 70 21  9  0  0  0
41  0 357844 32135744 1779968 119891980    0    0     0 540516 183888 996309 68 21 10  0  0  0
106  0 357844 32119984 1779968 119907088    0    0     0 550648 185339 1021257 70 21  9  0  0  0
133  0 357844 32104448 1779968 119919304    0    0     0 556976 186631 1015074 71 21  8  0  0  0
82  1 357844 32087312 1779968 119935872    0    0     0 560060 187354 1020678 70 21  8  0  0  0
131  0 357844 32069236 1779968 119951172    0    0     0 556464 183558 1018067 69 21  9  0  0  0
procs -----------memory---------- ---swap-- -----io---- -system-- -------cpu-------
 r  b   swpd   free   buff  cache   si   so    bi    bo   in   cs us sy id wa st gu
99  0 357844 32053964 1779968 119964316    0    0     0 558020 187276 1028116 71 21  8  0  0  0
 4  0 357844 32041604 1779968 119980248    0    0     0 553460 184892 1006422 69 21 10  0  0  0
76  1 357844 32027812 1779968 119994948    0    0     0 547060 183112 991104 67 21 11  0  0  0
104  2 357844 32012580 1779968 120007308    0    0     0 546456 184465 1024914 70 21  8  0  0  0
108  0 357844 31997728 1779968 120022720    0    0     0 531548 177804 949530 66 19 14  1  0  0
100  0 357844 31982668 1779976 120037336    0    0     0 529016 177961 969720 66 20 13  1  0  0
95  1 357844 31944392 1779976 120049844    0    0     0 525276 177098 966279 66 20 14  1  0  0
97  0 357844 31933172 1779976 120064952    0    0     0 534556 183367 1003248 68 21 10  1  0  0
115  0 357844 31918832 1779976 120076616    0    0     0 529380 177725 944598 65 20 14  1  0  0
97  1 357844 31902332 1779976 120092808    0    0     0 539300 187061 1005350 70 21  9  0  0  0
73  0 357844 31884176 1779980 120108336    0    0     0 539508 185576 1019977 70 21  8  0  0  0
150  0 357844 31869232 1779980 120120692    0    0     0 539660 185976 1027109 71 21  8  0  0  0
126  0 357844 31853832 1779980 120136520    0    0     0 536104 183868 1008694 69 21  9  0  0  0
92  0 357844 31843188 1779980 120151472    0    0     0 537544 184514 1007507 69 21  9  0  0  0
107  1 357844 31827332 1779980 120164752    0    0     0 537724 184588 1023157 71 21  8  0  0  0
126  0 357844 31816356 1779988 120180580    0    0     0 543348 186412 1040840 72 21  7  0  0  0
115  0 357844 31797616 1779988 120196348    0    0     0 539168 183936 1014270 69 21 10  0  0  0
119  0 357844 31782044 1779988 120209140    0    0     0 537952 182922 1003322 69 21 10  0  0  0
128  0 357844 31767220 1779988 120224360    0    0     0 541504 185433 1022879 70 21  9  0  0  0
102  0 357844 31751016 1779988 120237676    0    0     0 543376 186471 1021020 71 21  8  0  0  0
125  1 357844 31695868 1779992 120252924    0    0     0 531200 181469 964810 65 20 15  0  0  0
procs -----------memory---------- ---swap-- -----io---- -system-- -------cpu-------
 r  b   swpd   free   buff  cache   si   so    bi    bo   in   cs us sy id wa st gu
89  0 357844 31740988 1779992 120267680    0    0     0 537412 186327 1014916 69 21  9  0  0  0
126  1 357844 31732888 1779992 120280356    0    0     0 536668 186524 1023276 71 21  8  0  0  0
138  0 357844 31710036 1779996 120295736    0    0     0 530740 182580 979629 67 20 12  1  0  0
104  0 357844 31690728 1779996 120311444    0    0     0 535264 185160 1000723 69 21 10  0  0  0
122  0 357844 31669588 1780000 120323956    0    0     0 535020 184440 983126 68 20 11  1  0  0
141  1 357844 31655140 1780000 120338808    0    0     0 534848 182016 993869 69 21 10  0  0  0
112  0 357844 31642676 1780000 120354572    0    0     0 529300 180849 961141 66 20 13  1  0  0
105  0 357844 31629672 1780000 120367036    0    0     0 532948 182904 986250 68 21 11  1  0  0
54  0 357844 31619428 1780000 120381808    0    0     0 537160 185921 1017021 69 21  9  1  0  0
126  0 357844 31591664 1780004 120397496    0    0     0 533784 183917 994893 68 21 10  0  0  0
96  0 357844 31579152 1780004 120410204    0    0     0 547864 182397 1000492 69 21 10  0  0  0
96  0 357844 31565940 1780004 120425392    0    0     0 549676 183548 1012427 68 21 10  0  0  0
108  0 357844 31551332 1780004 120441476    0    0     0 554388 186582 1029195 70 22  8  0  0  0
131  0 357844 31541024 1780004 120453880    0    0     0 553164 184676 1024858 70 21  9  0  0  0
57  0 357844 31525908 1780008 120468968    0    0     0 552920 184970 1005496 69 21  9  0  0  0
114  1 357844 31515112 1780008 120481944    0    0     0 552520 185163 989840 68 20 11  1  0  0
115  0 357844 31502180 1780008 120497040    0    0     0 549456 185821 998950 69 21 10  0  0  0
119  0 357844 31482276 1780008 120512204    0    0     0 554428 187135 1028504 70 21  8  0  0  0
145  0 357844 31470624 1780008 120525108    0    0     0 549324 185793 973655 66 21 12  0  0  0
89  0 357844 31457628 1780012 120540284    0    0     0 545972 185312 1009838 69 21  9  0  0  0
77  0 357844 31447788 1780012 120555948    0    0     0 534208 179280 968053 67 20 13  1  0  0
procs -----------memory---------- ---swap-- -----io---- -system-- -------cpu-------
 r  b   swpd   free   buff  cache   si   so    bi    bo   in   cs us sy id wa st gu
98  0 357844 31438344 1780012 120567652    0    0     0 531320 176974 954322 65 20 14  1  0  0
125  0 357844 31422352 1780012 120582684    0    0     0 537036 180508 985536 67 20 12  1  0  0
92  1 357844 31381804 1780012 120598112    0    0     0 543372 184502 1012641 69 21 10  0  0  0
125  0 357844 31373488 1780020 120610132    0    0     0 539660 180735 976359 68 20 12  1  0  0
103  0 357844 31354124 1780020 120625360    0    0     0 535980 177503 952632 66 20 14  1  0  0
122  1 357844 31336760 1780020 120641392    0    0     0 545452 187382 1028826 71 21  8  0  0  0
91  0 357844 31323628 1780020 120653620    0    0     0 548504 187400 1030404 71 22  7  0  0  0
75  0 357844 31306476 1780020 120669948    0    0     0 547464 187467 1018728 71 21  8  0  0  0
124  0 357844 31289676 1780020 120682300    0    0     0 544732 183801 1011233 69 21  9  0  0  0
135  0 357844 31275324 1780020 120698292    0    0     0 546092 186776 1024201 70 21  8  0  0  0
100  0 357844 31260636 1780020 120714636    0    0     0 549224 187258 1020578 71 21  8  0  0  0
115  1 357844 31250480 1780020 120726588    0    0     0 551056 186710 1035889 71 22  7  0  0  0
142  0 357844 31234808 1780020 120742948    0    0     0 544704 184505 1007663 69 21 10  0  0  0
71  1 357844 31218096 1780020 120758712    0    0     0 544504 185362 1014198 70 21  8  0  0  0
121  0 357844 31204196 1780020 120770556    0    0     0 547300 185637 1028357 70 21  8  0  0  0
124  0 357844 31149424 1780020 120786252    0    0     0 539128 181987 961445 65 20 14  0  0  0
110  1 357844 31190928 1780020 120802288    0    0     0 542128 184024 1007264 69 21 10  1  0  0
147  0 357844 31171980 1780024 120813472    0    0     0 545584 184267 1007592 69 21 10  1  0  0
150  0 357844 31158136 1780028 120829476    0    0     0 548796 179730 974638 66 20 13  1  0  0
119  0 357844 31145248 1780028 120845396    0    0     0 555148 185815 1009791 69 21  9  0  0  0
131  1 357844 31134260 1780028 120856608    0    0     0 551232 183643 1013303 69 21 10  0  0  0
procs -----------memory---------- ---swap-- -----io---- -system-- -------cpu-------
 r  b   swpd   free   buff  cache   si   so    bi    bo   in   cs us sy id wa st gu
89  0 357844 31120780 1780028 120873080    0    0     0 550632 185158 1000621 68 21 11  0  0  0
107  0 357844 31112064 1780028 120883956    0    0     0 544212 177866 956823 66 20 14  1  0  0
122  0 357844 31095236 1780032 120899216    0    0     0 549788 184341 998353 68 21 11  1  0  0
60  0 357844 31073112 1780032 120915840    0    0     0 553784 185759 1008669 69 21 10  0  0  0
80  4 357844 31045920 1780032 120926968    0    0     0 552928 183237 985602 67 20 12  0  0  0
97  1 357844 31028660 1780032 120942728    0    0     0 548652 180204 990924 67 21 12  1  0  0
150  0 357844 31023576 1780032 120958588    0    0     0 543284 180301 988259 68 20 11  0  0  0
137  0 357844 31014584 1780036 120969880    0    0     0 542508 183264 988181 69 20 10  0  0  0
107  0 357844 31007916 1780036 120985788    0    0     0 544812 184262 1009748 69 21 10  0  0  0
90  1 357844 30987296 1780036 121002448    0    0     0 546744 185678 1017269 70 21  9  0  0  0
82  0 357844 30974568 1780036 121013676    0    0     0 543932 184554 994318 68 21 11  1  0  0
130  0 357844 30956180 1780036 121029868    0    0     0 545760 184744 1003360 69 21 10  0  0  0
85  1 357844 30939592 1780040 121045568    0    0     0 540292 181104 989032 68 21 11  1  0  0
128  1 357844 30928200 1780040 121057416    0    0     0 538140 182047 986287 67 21 11  1  0  0
121  0 357844 30891936 1780040 121072128    0    0     0 532732 179308 958038 65 20 14  1  0  0
108  0 357844 30879840 1780040 121083252    0    0     0 532588 176456 958115 65 20 15  1  0  0
138  0 357844 30863084 1780040 121099760    0    0     0 548288 186776 1027514 71 22  7  0  0  0
122  1 357844 30847364 1780044 121115832    0    0     0 541388 183954 1003633 69 21 10  0  0  0
92  1 357844 30809816 1780044 121127164    0    0     0 542604 182432 996434 69 21 10  0  0  0
85  1 357844 30798736 1780044 121142400    0    0     0 536332 180349 964318 67 20 13  1  0  0
66  0 357844 30782548 1780044 121159012    0    0     0 549576 186772 1018436 71 21  8  0  0  0
procs -----------memory---------- ---swap-- -----io---- -system-- -------cpu-------
 r  b   swpd   free   buff  cache   si   so    bi    bo   in   cs us sy id wa st gu
108  1 357844 30773736 1780044 121171188    0    0     0 545492 186626 1012545 70 21  8  0  0  0
131  1 357844 30757320 1780048 121187464    0    0     0 548108 186259 1008877 70 21  9  0  0  0
95  0 357844 30742364 1780048 121202836    0    0     0 550624 184581 1010497 70 21  9  0  0  0
150  0 357844 30731288 1780048 121215360    0    0     0 552984 184864 1020985 70 21  8  0  0  0
109  0 357844 30714916 1780048 121231660    0    0     0 554232 186949 1015028 70 21  8  0  0  0
120  0 357844 30700444 1780048 121243928    0    0     0 552916 186691 1025399 71 21  8  0  0  0
97  1 357844 30687172 1780052 121259616    0    0     0 553564 187366 1006392 70 21  9  0  0  0
124  0 357844 30670752 1780052 121275580    0    0     0 548244 182655 1004949 70 20  9  0  0  0
131  0 357844 30657644 1780052 121287584    0    0     0 547172 182500 1010547 69 21 10  0  0  0
118  0 357844 30641752 1780052 121304088    0    0     0 552036 186028 1021452 71 21  7  0  0  0
135  0 357844 30626084 1780052 121319060    0    0     0 542328 184341 997183 69 20 10  1  0  0
110  0 357844 30575800 1780056 121330268    0    0     0 527000 175622 928335 63 19 18  1  0  0
94  0 357844 30611636 1780056 121345504    0    0     0 530292 179909 972453 66 20 13  1  0  0
128  0 357844 30596520 1780060 121359908    0    0     0 542536 178719 964455 66 20 13  1  0  0
102  0 357844 30583332 1780060 121372604    0    0     0 547824 183502 996554 68 21 10  1  0  0
120  0 357844 30569104 1780060 121387872    0    0     0 542692 180517 975351 67 20 12  1  0  0
134  0 357844 30555728 1780068 121401900    0    0     0 541512 178677 962167 66 20 13  1  0  0
60  0 357844 30539568 1780068 121415768    0    0     0 549660 186868 1029107 71 21  8  0  0  0
110  0 357844 30521100 1780068 121430960    0    0     0 547948 185092 1004468 69 21  9  0  0  0
134  0 357844 30506580 1780068 121443004    0    0     0 547532 186003 1027193 70 21  8  0  0  0
136  0 357844 30489312 1780068 121459468    0    0     0 545244 186530 1003964 69 21 10  0  0  0
procs -----------memory---------- ---swap-- -----io---- -system-- -------cpu-------
 r  b   swpd   free   buff  cache   si   so    bi    bo   in   cs us sy id wa st gu
86  1 357844 30471832 1780076 121474060    0    0     0 545744 185373 1000057 68 21 11  0  0  0
140  0 357844 30458064 1780076 121487436    0    0     0 546904 187870 1030719 71 21  7  0  0  0
121  1 357844 30446356 1780076 121503380    0    0     0 540200 185341 1023018 69 21  9  0  0  0
132  0 357844 30430416 1780076 121517616    0    0     0 538720 183480 1006810 69 21 10  0  0  0
118  0 357844 30418648 1780076 121530892    0    0     0 535572 183115 1012965 69 21  9  0  0  0
110  0 357844 30401600 1780080 121547024    0    0     0 543644 187309 1027626 71 21  7  0  0  0
111  1 357844 30386152 1780080 121561112    0    0     0 538296 184931 1010262 69 21  9  0  0  0
125  0 357844 30373136 1780080 121575156    0    0     0 534144 183315 1000338 68 21 10  0  0  0
68  0 357844 30357144 1780080 121590032    0    0     0 533952 180579 1003331 69 21 10  1  0  0
138  0 357844 30315388 1780080 121603516    0    0     0 528188 179124 961868 65 19 15  1  0  0
101  0 357844 30298332 1780084 121617312    0    0     0 529972 177628 953553 66 20 14  1  0  0
123  0 357844 30285956 1780084 121631580    0    0     0 534256 181075 988522 68 21 11  1  0  0
130  0 357844 30270808 1780084 121646048    0    0     0 540948 185927 1013453 70 21  9  0  0  0
85  2 357844 30258736 1780084 121660036    0    0     0 534256 178947 979744 67 20 12  1  0  0
118  0 357844 30223012 1780084 121674368    0    0     0 538268 182151 983055 67 20 12  1  0  0
106  0 357844 30209976 1780092 121688800    0    0     0 541916 186464 1014339 70 21  8  0  0  0
115  0 357844 30194792 1780092 121703524    0    0     0 539172 185070 1011724 69 21  9  0  0  0
68  0 357844 30178556 1780092 121717880    0    0     0 540136 185477 1004154 69 21  9  0  0  0
116  0 357844 30167264 1780092 121731956    0    0     0 536396 182815 993256 68 21 11  0  0  0
84  0 357844 30155520 1780096 121746464    0    0     0 539552 183792 1008037 69 21  9  0  0  0
135  0 357844 30137580 1780096 121760844    0    0     0 543596 186827 1019502 70 22  8  0  0  0
procs -----------memory---------- ---swap-- -----io---- -system-- -------cpu-------
 r  b   swpd   free   buff  cache   si   so    bi    bo   in   cs us sy id wa st gu
34  0 357844 30118472 1780096 121775616    0    0     0 541652 184898 992793 69 21 10  1  0  0
131  0 357844 30110024 1780096 121789708    0    0     0 541460 184146 1005230 69 21 10  0  0  0
117  0 357844 30096064 1780096 121804536    0    0     0 541860 184637 1002851 69 21  9  0  0  0
151  0 357844 30088240 1780096 121818684    0    0     0 537268 183805 1000221 69 21 10  0  0  0
135  0 357844 30072464 1780104 121832404    0    0     0 539028 178870 969355 67 20 13  1  0  0
59  5 357844 30055260 1780104 121846716    0    0     0 545776 180305 966110 67 20 13  1  0  0
90  5 357844 30045300 1780104 121860568    0    0     0 526992 178377 984092 67 20 12  1  0  0
117  5 357844 29992604 1780104 121873092    0    0     0 521524 169014 876406 59 18 22  1  0  0
11  3 357844 30033328 1780108 121886996    0    0     0 534764 178199 965004 66 20 13  1  0  0
120  0 357844 30015964 1780112 121900916    0    0     0 539712 184038 993316 67 21 11  1  0  0
51  2 357844 29996608 1780112 121914728    0    0     0 541976 176496 959165 66 20 14  1  0  0
11  1 357844 29984820 1780112 121928312    0    0     0 540544 177048 949583 65 20 14  1  0  0
 8  2 357844 29963368 1780112 121942260    0    0     0 542860 180638 976894 67 20 13  1  0  0
24  3 357844 29951604 1780112 121956168    0    0     0 540644 180123 987170 67 20 12  1  0  0
12 10 357844 29936012 1780116 121970536    0    0     0 533848 180378 986640 68 20 11  1  0  0
 3  7 357844 29923220 1780116 121984456    0    0     0 559292 180951 989530 67 21 12  1  0  0
53  7 357844 29906676 1780116 121998688    0    0     0 537580 179814 968035 67 20 12  1  0  0
18  5 357844 29891028 1780116 122013040    0    0     0 562048 187633 1032942 70 21  9  0  0  0
115  9 357844 29877548 1780116 122027036    0    0     0 536776 180586 996194 68 21 11  1  0  0
14  3 357844 29859972 1780124 122041604    0    0     0 539028 183764 997368 69 20 10  0  0  0
65  5 357844 29842100 1780124 122055568    0    0     0 532196 183095 990386 68 21 11  1  0  0
procs -----------memory---------- ---swap-- -----io---- -system-- -------cpu-------
 r  b   swpd   free   buff  cache   si   so    bi    bo   in   cs us sy id wa st gu
 5  8 357844 29822676 1780124 122069744    0    0     0 543936 181251 982464 67 20 12  1  0  0
11 10 357844 29813896 1780124 122084288    0    0     0 538088 184828 1010164 69 21  9  0  0  0
53  3 357844 29799024 1780124 122098532    0    0     0 545060 185536 1009941 69 21  9  0  0  0
139  4 357844 29788644 1780128 122112884    0    0     0 536188 183348 994422 69 21 10  0  0  0
84  3 357844 29771812 1780128 122126452    0    0     0 525288 176020 950697 65 20 15  1  0  0
 3  9 357844 29766924 1780128 122140492    0    0     0 530784 180081 959253 66 20 14  1  0  0
140  3 357844 29749944 1780128 122154496    0    0     0 542496 181634 995699 68 20 11  1  0  0
116  0 357844 29732568 1780128 122168572    0    0     0 529436 181387 978048 68 20 11  1  0  0
142  5 357844 29724152 1780132 122182648    0    0     0 544752 180103 972509 67 20 13  1  0  0
55  3 357844 29703268 1780132 122196956    0    0     0 547180 186187 1013554 70 21  8  0  0  0
152  0 357844 29667004 1780132 122211364    0    0     0 530640 185719 1011888 69 21 10  0  0  0
 8  3 357844 29651100 1780132 122225988    0    0     0 555804 185543 1021190 71 21  8  0  0  0
80  2 357844 29635768 1780132 122240836    0    0     0 542484 185622 1010313 70 21  9  0  0  0
60  8 357844 29619216 1780136 122255216    0    0     0 537388 187260 1009330 70 21  8  0  0  0
82  6 357844 29607768 1780136 122269924    0    0     0 548896 186223 1030170 71 21  7  0  0  0
104  0 357844 29595332 1780136 122284688    0    0     0 541876 184212 1020185 71 21  8  0  0  0
 5  6 357844 29579788 1780136 122299224    0    0     0 537668 185319 1023725 70 21  8  0  0  0
117  1 357844 29567528 1780136 122313580    0    0     0 542460 182949 994246 69 20 10  0  0  0
50 10 357844 29547224 1780140 122328344    0    0     0 539452 186555 1014549 71 21  8  0  0  0
81  1 357844 29534808 1780140 122342940    0    0     0 548108 186935 1031872 70 22  8  0  0  0
 5  5 357844 29517292 1780140 122357452    0    0     0 544124 182441 990632 68 21 10  0  0  0
procs -----------memory---------- ---swap-- -----io---- -system-- -------cpu-------
 r  b   swpd   free   buff  cache   si   so    bi    bo   in   cs us sy id wa st gu
37  3 357844 29508180 1780140 122371532    0    0     0 544264 181665 997411 68 21 11  1  0  0
 4  6 357844 29494836 1780140 122385192    0    0     0 516364 175826 938476 65 20 15  1  0  0
 4  3 357844 29479964 1780144 122398696    0    0     0 536364 177305 949503 65 20 15  1  0  0
35  4 357844 29428136 1780144 122411892    0    0     0 527112 174684 923729 62 19 19  1  0  0
66  1 357844 29470448 1780148 122426084    0    0     0 530748 181126 988779 68 20 11  1  0  0
52  4 357844 29454396 1780148 122440104    0    0     0 543680 180105 985301 67 20 12  1  0  0
 5  8 357844 29442112 1780148 122454252    0    0     0 560692 184192 1000128 68 20 11  1  0  0
111  6 357844 29429196 1780156 122468756    0    0     0 548748 186738 1004945 70 21  9  0  0  0
 6  2 357844 29408392 1780156 122483064    0    0     0 560768 184521 997700 69 21 10  0  0  0
31  4 357844 29391700 1780156 122497244    0    0     0 546228 183131 1011871 69 21 10  0  0  0
 3  5 357844 29379100 1780156 122511592    0    0     0 563980 183918 1000294 68 20 11  1  0  0
117  3 357844 29362532 1780156 122525856    0    0     0 560324 183903 998995 69 21 10  0  0  0
23  3 357844 29349216 1780164 122540152    0    0     0 553240 185338 1003686 69 21 10  0  0  0
118  1 357844 29333728 1780164 122554300    0    0     0 534272 181773 988317 67 20 12  1  0  0
13  5 357844 29320620 1780164 122568404    0    0     0 551544 184804 992360 68 20 11  1  0  0
94  1 357844 29307748 1780164 122582548    0    0     0 526980 181052 990189 68 21 11  1  0  0
30  6 357844 29292876 1780164 122596952    0    0     0 548856 183590 1016367 69 21 10  0  0  0
40  4 357844 29275560 1780164 122611248    0    0     0 545320 185547 1009033 70 21  9  0  0  0
68  3 357844 29259592 1780164 122626084    0    0     0 543328 184192 1015910 70 21  9  0  0  0
 2  7 357844 29242512 1780164 122640376    0    0     0 528572 185051 999147 69 21 10  0  0  0
12  2 357844 29228908 1780164 122654404    0    0     0 546644 180894 957117 67 20 13  1  0  0
procs -----------memory---------- ---swap-- -----io---- -system-- -------cpu-------
 r  b   swpd   free   buff  cache   si   so    bi    bo   in   cs us sy id wa st gu
75  8 357844 29215348 1780164 122668848    0    0     0 532020 182107 992164 70 20 10  0  0  0
 2  9 357844 29202220 1780168 122682764    0    0     0 544392 183649 993616 68 21 11  0  0  0
91  1 357844 29186864 1780168 122697128    0    0     0 514984 182119 995134 68 21 10  1  0  0
22  6 357844 29175356 1780168 122711028    0    0     0 547144 182155 983972 67 20 12  1  0  0
 1 10 357844 29159328 1780168 122725668    0    0     0 551868 185288 1003907 69 21 10  0  0  0
12  2 357844 29149864 1780168 122740324    0    0     0 535448 182770 1010046 69 21 10  1  0  0
70  3 357844 29104400 1780176 122754308    0    0     0 529568 182074 992410 68 21 11  1  0  0
112  4 357844 29091132 1780176 122768720    0    0     0 541980 185626 1011545 69 21 10  1  0  0
47  3 357844 29073736 1780176 122782952    0    0     0 538916 183993 1004164 69 21 10  1  0  0
 7  4 357844 29053228 1780176 122797200    0    0     0 536760 181837 1005099 68 21 11  1  0  0
63  6 357844 29044240 1780176 122811244    0    0     0 525840 179542 993105 68 20 11  1  0  0
70  4 357844 29030216 1780180 122825452    0    0     0 524448 180546 988205 67 20 12  1  0  0
90  5 357844 29010324 1780180 122839556    0    0     0 542356 183912 1002663 68 21 10  1  0  0
50  8 357844 28997940 1780180 122854020    0    0     0 530672 184219 1016166 69 21 10  1  0  0
72  6 357844 28986536 1780180 122868492    0    0     0 532476 181192 1003970 68 20 11  1  0  0
10  2 357844 28966084 1780180 122882432    0    0     0 538892 179385 984107 68 20 11  1  0  0
46  2 357844 28956840 1780180 122896796    0    0     0 542164 186685 1013317 70 21  9  0  0  0
16  3 357844 28946604 1780180 122911160    0    0     0 497392 179057 988848 68 20 10  1  0  0
107  3 357844 28932628 1780180 122924840    0    0     0 533176 176654 966576 65 20 14  1  0  0
101  8 357844 28922528 1780180 122938988    0    0     0 540600 182563 1001614 68 21 11  1  0  0
 7  8 357844 28921048 1780180 122952296    0    0     0 519716 173505 903804 62 19 19  1  0  0
procs -----------memory---------- ---swap-- -----io---- -system-- -------cpu-------
 r  b   swpd   free   buff  cache   si   so    bi    bo   in   cs us sy id wa st gu
114  7 357844 28903520 1780188 122966312    0    0     0 516152 176837 967902 67 20 13  1  0  0
46  6 357844 28893952 1780188 122979892    0    0     0 574576 180971 974035 66 20 13  1  0  0
16  5 357844 28880776 1780188 122994104    0    0     0 538728 182726 1000878 68 20 11  1  0  0
 1  8 357844 28869660 1780188 123008228    0    0     0 538540 180949 989460 68 20 11  1  0  0
 7  6 357844 28847832 1780188 123022492    0    0     0 531184 181570 985885 67 20 12  1  0  0
14  6 357844 28829536 1780196 123036592    0    0     0 533224 183061 1001310 69 21 10  1  0  0
119  2 357844 28820868 1780196 123050664    0    0     0 555560 183960 1001405 68 21 11  1  0  0
58  4 357844 28807940 1780196 123065072    0    0     0 534064 180757 999056 68 21 11  1  0  0
 8  5 357844 28792048 1780196 123078824    0    0     0 539576 178713 973322 67 20 13  1  0  0
 7  6 357844 28771724 1780196 123092696    0    0     0 537848 175115 970815 66 20 14  1  0  0
10  2 357844 28761608 1780200 123107016    0    0     0 538156 183087 1000023 69 21 10  0  0  0
72  1 357844 28750652 1780200 123121404    0    0     0 532364 182001 997280 69 21 10  0  0  0
 5  4 357844 28735656 1780200 123135724    0    0     0 531412 181547 990842 68 21 10  0  0  0
119  6 357844 28719812 1780200 123149700    0    0     0 528416 179691 979605 67 20 12  1  0  0
13  3 357844 28711076 1780200 123164248    0    0     0 539076 182467 990768 68 21 11  1  0  0
 4  5 357844 28693184 1780200 123177788    0    0     0 515160 174866 930977 63 19 17  1  0  0
 5  2 357844 28681884 1780200 123191196    0    0     0 552920 177202 947868 65 19 14  1  0  0
80  1 357844 28670484 1780200 123205244    0    0     0 533068 180874 975446 67 21 12  1  0  0
61  6 357844 28656656 1780200 123219124    0    0     0 537404 180758 954497 65 20 15  1  0  0
47  3 357844 28640844 1780200 123232664    0    0     0 536852 179606 974329 67 20 12  1  0  0
 6  5 357844 28626912 1780208 123246948    0    0     0 552276 180862 986945 68 20 12  1  0  0
procs -----------memory---------- ---swap-- -----io---- -system-- -------cpu-------
 r  b   swpd   free   buff  cache   si   so    bi    bo   in   cs us sy id wa st gu
131  4 357844 28615320 1780208 123261228    0    0     0 529632 182454 994464 69 21 10  0  0  0
10  5 357844 28595684 1780208 123275516    0    0     0 533564 182084 982237 68 21 11  1  0  0
92  6 357844 28564148 1780208 123289528    0    0     0 534204 182068 976035 67 20 12  1  0  0
103  2 357844 28547048 1780208 123303732    0    0     0 527476 180454 977944 67 20 12  1  0  0
75  3 357844 28537324 1780216 123317560    0    0     0 555400 182366 989672 68 20 11  1  0  0
133  8 357844 28524956 1780216 123331944    0    0     0 535036 185792 1030052 71 21  8  0  0  0
11  4 357844 28507340 1780216 123347048    0    0     0 558964 185629 1017087 69 21  9  0  0  0
127  2 357844 28487796 1780216 123361224    0    0     0 552556 184741 1001708 69 21  9  0  0  0
72  9 357844 28472232 1780216 123375672    0    0     0 551692 186028 1009676 70 21  8  0  0  0
33  3 357844 28457388 1780216 123390444    0    0     0 539040 187244 1033498 71 22  7  0  0  0
 4  8 357844 28444328 1780216 123405108    0    0     0 544316 184351 1010794 70 21  9  0  0  0
47  3 357844 28427600 1780216 123419400    0    0     0 545064 184590 1003657 69 21 10  0  0  0
117  1 357844 28409532 1780216 123434256    0    0     0 512312 184071 1005450 70 21  9  0  0  0
41  3 357844 28401244 1780216 123448248    0    0     0 550920 183778 995765 68 21 11  0  0  0
 3  9 357844 28386932 1780216 123462592    0    0     0 555172 183868 1019486 69 21  9  0  0  0
 6  7 357844 28369404 1780216 123477032    0    0     0 549888 187033 1010639 70 21  9  0  0  0
10  1 357844 28338832 1780220 123490308    0    0     0 480028 173864 898771 62 19 18  1  0  0
87  2 357844 28361496 1780224 123504100    0    0     0 585044 182197 970445 67 20 12  1  0  0
122  3 357844 28343684 1780224 123518508    0    0     0 556944 185325 1016368 69 21  9  0  0  0
11  4 357844 28328952 1780224 123533084    0    0     0 549568 184730 1022405 70 21  8  0  0  0
147  0 357844 28317632 1780224 123547452    0    0     0 556276 185767 1022377 70 21  9  0  0  0
procs -----------memory---------- ---swap-- -----io---- -system-- -------cpu-------
 r  b   swpd   free   buff  cache   si   so    bi    bo   in   cs us sy id wa st gu
83  7 357844 28300452 1780224 123561964    0    0     0 538088 185584 1016564 69 21 10  0  0  0
23  3 357844 28286868 1780224 123576540    0    0     0 551236 182197 1016409 70 21  9  0  0  0
68  9 357844 28272288 1780224 123590936    0    0     0 551496 184894 1015062 69 21 10  0  0  0
54  7 357844 28260736 1780224 123605552    0    0     0 554912 185512 1015088 70 21  8  0  0  0
63  2 357844 28245068 1780224 123619852    0    0     0 541688 185304 1014451 70 21  9  0  0  0
57  8 357844 28223156 1780224 123634100    0    0     0 577004 185661 1004649 69 21 10  0  0  0
14  3 357844 28211464 1780224 123648668    0    0     0 548960 184599 1020949 70 21  9  0  0  0
53  8 357844 28182904 1780224 123663408    0    0     0 521800 185936 1024743 71 21  7  0  0  0
54  0 357844 28170308 1780228 123678044    0    0     0 575908 186500 1016879 70 21  9  0  0  0
 8  2 357844 28159376 1780228 123692592    0    0     0 535116 185654 1020760 70 21  8  0  0  0
123  4 357844 28146464 1780228 123706976    0    0     0 505568 181093 986671 68 20 11  1  0  0
40  7 357844 28135672 1780228 123721184    0    0     0 568916 180917 991295 68 20 11  1  0  0
67  4 357844 28118492 1780228 123735412    0    0     0 546140 184713 1020514 70 21  9  0  0  0
 7  4 357844 28105308 1780232 123750056    0    0     0 521520 180554 989659 68 20 11  0  0  0
64  3 357844 28089728 1780232 123763268    0    0     0 538760 177882 948581 65 20 15  1  0  0
36  3 357844 28070948 1780232 123777868    0    0     0 590516 185571 1002881 68 21 10  1  0  0
58  7 357844 28055924 1780232 123792232    0    0     0 536944 184803 1006541 70 21  9  0  0  0
 3  6 357844 28046588 1780232 123806788    0    0     0 552864 183066 1004893 69 21 10  0  0  0
11 10 357844 28006940 1780232 123820924    0    0     0 529252 180924 994756 68 20 11  1  0  0
28  3 357844 27999216 1780232 123835028    0    0     0 550720 180215 994636 68 20 11  1  0  0
114  2 357844 27985768 1780232 123848836    0    0     0 570252 184671 1001491 69 21 10  0  0  0
procs -----------memory---------- ---swap-- -----io---- -system-- -------cpu-------
 r  b   swpd   free   buff  cache   si   so    bi    bo   in   cs us sy id wa st gu
 6  6 357844 27969072 1780232 123863856    0    0     0 536088 186032 1025770 70 21  8  0  0  0
82  2 357844 27955048 1780232 123878188    0    0     0 531844 183791 989954 69 21 10  0  0  0
119  3 357844 27935208 1780240 123892144    0    0     0 569520 185856 1003023 69 21 10  0  0  0
43  2 357844 27929704 1780240 123906904    0    0     0 559628 184569 1013265 70 21  9  0  0  0
66  8 357844 27910924 1780240 123921512    0    0     0 544908 184416 1008672 70 21  9  0  0  0
 3  7 357844 27895376 1780240 123935812    0    0     0 527344 185233 1019678 70 21  9  0  0  0
102  1 357844 27877064 1780240 123950576    0    0     0 560308 186334 1010358 69 21  9  0  0  0
82  0 357844 27865052 1780244 123964740    0    0     0 500748 182642 985370 68 21 11  1  0  0
106  4 357844 27847740 1780244 123979008    0    0     0 560496 185148 1005619 69 21 10  1  0  0
114  4 357844 27829572 1780244 123993432    0    0     0 555852 183832 1005120 69 20 11  1  0  0
 6  2 357844 27822356 1780244 124007824    0    0     0 509672 179894 982431 68 20 11  1  0  0
49  4 357844 27805060 1780244 124021112    0    0     0 539652 175380 920709 62 19 19  1  0  0
60  0 357844 27813716 1780244 124034996    0    0     0 572408 185872 1010937 69 21  9  0  0  0
101  2 357844 27803756 1780248 124049800    0    0     0 557444 185410 1025392 70 22  8  0  0  0
65  4 357844 27790172 1780248 124064316    0    0     0 547240 186809 1023579 71 22  7  0  0  0
15  5 357844 27769072 1780248 124079040    0    0     0 529964 182715 1002347 69 21 10  1  0  0
35  8 357844 27746648 1780248 124093324    0    0     0 550472 183536 996899 68 21 11  1  0  0
30  8 357844 27724604 1780248 124107308    0    0     0 560672 183854 1001427 69 21 10  0  0  0
 8  6 357844 27702040 1780248 124121840    0    0     0 536660 186187 1020768 70 21  8  0  0  0
27  9 357844 27689768 1780248 124136476    0    0     0 553556 185444 1004515 68 21 10  1  0  0
75  2 357844 27677148 1780248 124151032    0    0     0 570636 188321 1018075 70 21  8  0  0  0
procs -----------memory---------- ---swap-- -----io---- -system-- -------cpu-------
 r  b   swpd   free   buff  cache   si   so    bi    bo   in   cs us sy id wa st gu
85  1 357844 27657516 1780248 124165280    0    0     0 566036 188102 1011527 69 21 10  0  0  0
64  4 357844 27642072 1780248 124179644    0    0     0 547080 185585 1029235 70 21  8  0  0  0
11  4 357844 27627164 1780248 124194084    0    0     0 530100 183459 1001131 69 21 10  0  0  0
 7  3 357844 27609864 1780248 124208680    0    0     0 556232 184661 1009137 70 21  9  0  0  0
96  3 357844 27600636 1780248 124222992    0    0     0 486764 180871 1007155 69 21  9  0  0  0
 3  6 357844 27583424 1780248 124237368    0    0     0 538024 178510 979302 67 20 12  1  0  0
12  4 357844 27569504 1780252 124251632    0    0     0 582404 184997 1009480 69 21 10  0  0  0
13  2 357844 27551372 1780252 124266100    0    0     0 503968 182327 990796 69 20 10  1  0  0
125  0 357844 27539308 1780252 124280036    0    0     0 568980 183972 984248 67 20 12  1  0  0
51  2 357844 27523556 1780252 124294180    0    0     0 555096 184511 996435 68 21 11  0  0  0
72  5 357844 27498312 1780252 124308592    0    0     0 557096 185114 1013797 70 21  9  0  0  0
 2  7 357844 27484412 1780252 124322860    0    0     0 544268 183399 995587 68 21 10  0  0  0
75  8 357844 27470436 1780256 124337272    0    0     0 528312 183876 1002616 69 21 10  0  0  0
 5  7 357844 27458344 1780256 124351736    0    0     0 537248 181809 991956 68 21 11  1  0  0
 3  7 357844 27420780 1780256 124365940    0    0     0 563460 184767 1005084 69 21 10  0  0  0
 8  3 357844 27403224 1780256 124380592    0    0     0 526756 184183 1010176 70 21  8  0  0  0
43  8 357844 27387276 1780256 124394864    0    0     0 527136 183027 993880 69 21 10  0  0  0
 9  4 357844 27368044 1780260 124408916    0    0     0 585332 187371 1005988 69 21 10  0  0  0
34  4 357844 27357696 1780260 124423432    0    0     0 553124 184586 1015883 70 21  9  0  0  0
148  1 357844 27345172 1780260 124438100    0    0     0 528724 185407 1023611 70 21  8  0  0  0
27  3 357844 27329488 1780260 124452752    0    0     0 549712 184859 1017680 70 21  9  0  0  0
procs -----------memory---------- ---swap-- -----io---- -system-- -------cpu-------
 r  b   swpd   free   buff  cache   si   so    bi    bo   in   cs us sy id wa st gu
106  2 357844 27314072 1780260 124466924    0    0     0 536604 181407 1001423 69 21 10  0  0  0
 4  6 357844 27294592 1780264 124481740    0    0     0 524388 184582 999152 69 21 10  1  0  0
11  3 357844 27287660 1780264 124495540    0    0     0 537020 180095 980493 67 20 13  1  0  0
130  4 357844 27270136 1780264 124509924    0    0     0 552420 183731 1005475 69 21 10  1  0  0
152  2 357844 27255584 1780264 124524204    0    0     0 491884 180552 978303 68 20 11  1  0  0
42  7 357844 27244572 1780264 124538048    0    0     0 608320 182503 976726 66 20 13  1  0  0
18  4 357844 27227096 1780264 124552264    0    0     0 570932 183818 1008043 69 21 10  1  0  0
71  3 357844 27179884 1780264 124565884    0    0     0 536556 180126 960175 65 20 15  0  0  0
55  3 357844 27217788 1780264 124580312    0    0     0 524312 183749 1015293 71 21  8  0  0  0
 9  3 357844 27206744 1780264 124594676    0    0     0 528996 184271 1012432 70 21  8  0  0  0
 6  3 357844 27195844 1780264 124609688    0    0     0 538100 184075 994871 69 21  9  0  0  0
40  3 357844 27172548 1780264 124623896    0    0     0 556140 184615 1016234 70 21  9  0  0  0
34  2 357844 27155772 1780264 124638656    0    0     0 533468 185728 1007948 70 21  9  0  0  0
88  4 357844 27137392 1780264 124653040    0    0     0 535228 184475 1015841 70 21  9  0  0  0
57  4 357844 27117016 1780264 124667800    0    0     0 552368 187613 1026447 71 21  8  0  0  0
91  8 357844 27103940 1780264 124682292    0    0     0 539868 187027 1031440 71 21  8  0  0  0
67  4 357844 27083796 1780268 124696976    0    0     0 564804 186788 1011913 70 21  9  0  0  0
96  1 357844 27066924 1780268 124711456    0    0     0 526916 184415 1009965 70 21  9  0  0  0
43  2 357844 27056404 1780268 124726200    0    0     0 537648 185293 1012494 70 21  8  0  0  0
87  4 357844 27038604 1780272 124740704    0    0     0 554708 185534 1018530 70 21  8  0  0  0
 9  4 357844 27023452 1780272 124755232    0    0     0 482736 178767 982637 68 20 11  0  0  0
procs -----------memory---------- ---swap-- -----io---- -system-- -------cpu-------
 r  b   swpd   free   buff  cache   si   so    bi    bo   in   cs us sy id wa st gu
 5  7 357844 27008364 1780276 124769052    0    0     0 567436 183754 986857 67 21 12  1  0  0
40  4 357844 27000324 1780276 124783728    0    0     0 543064 184322 1010516 69 21  9  0  0  0
 6  3 357844 26978948 1780276 124797836    0    0     0 500148 179422 981556 68 20 11  1  0  0
67  2 357844 26957864 1780276 124811936    0    0     0 598692 184144 991138 68 20 11  1  0  0
42  9 357844 26950052 1780276 124826324    0    0     0 543840 185486 1018046 70 21  9  0  0  0
82  4 357844 26933296 1780280 124840508    0    0     0 510616 183467 987195 67 20 12  0  0  0
15  2 357844 26919952 1780280 124854880    0    0     0 553404 184075 1002843 69 21 10  1  0  0
131  2 357844 26909948 1780280 124869244    0    0     0 552952 184168 1007374 69 21 10  0  0  0
25  9 357844 26899796 1780280 124883612    0    0     0 565216 185397 1009581 69 21  9  0  0  0
54  6 357844 26861164 1780280 124898100    0    0     0 569348 185268 1007900 68 21 11  0  0  0
20  3 357844 26849640 1780280 124912304    0    0     0 542948 182142 1009308 69 21 10  0  0  0
101  7 357844 26829520 1780280 124926480    0    0     0 543432 181343 989584 68 21 11  1  0  0
98  3 357844 26813952 1780280 124940688    0    0     0 588624 186246 1030172 70 21  8  0  0  0
75  2 357844 26798492 1780280 124955540    0    0     0 555340 186660 1035034 72 22  6  0  0  0
148  0 357844 26783432 1780280 124970308    0    0     0 562236 187131 1016182 70 21  8  0  0  0
 2  6 357844 26764992 1780284 124984796    0    0     0 534256 183643 996454 69 21  9  0  0  0
90  3 357844 26748584 1780284 124999364    0    0     0 542812 184126 1028067 71 21  8  0  0  0
 5  9 357844 26734580 1780284 125013988    0    0     0 506232 180841 986690 69 21 10  0  0  0
61  4 357844 26722548 1780284 125028204    0    0     0 554724 185691 976736 67 20 12  1  0  0
36  4 357844 26706064 1780284 125042480    0    0     0 572456 184658 1019602 69 21 10  0  0  0
18  3 357844 26693460 1780292 125056700    0    0     0 482224 180146 976975 68 20 11  1  0  0
procs -----------memory---------- ---swap-- -----io---- -system-- -------cpu-------
 r  b   swpd   free   buff  cache   si   so    bi    bo   in   cs us sy id wa st gu
53  3 357844 26671564 1780292 125070732    0    0     0 616216 185835 999470 68 21 11  1  0  0
 3  3 357844 26661844 1780292 125085112    0    0     0 548380 186216 1012732 70 21  8  0  0  0
96  2 357844 26646388 1780292 125098832    0    0     0 526200 177722 942936 65 19 15  0  0  0
42  8 357844 26651572 1780296 125113132    0    0     0 549256 182259 1009261 69 21 10  0  0  0
56  2 357844 26639428 1780304 125127736    0    0     0 568752 187736 1021055 70 21  8  0  0  0
100  3 357844 26627244 1780304 125142252    0    0     0 535392 184080 1008529 69 21 10  0  0  0
110  2 357844 26608696 1780304 125156532    0    0     0 566648 188929 1026799 71 21  7  0  0  0
116  0 357844 26589564 1780304 125171352    0    0     0 548732 187963 1023250 70 21  9  0  0  0
66  3 357844 26580492 1780304 125185840    0    0     0 539692 186238 1018035 70 21  9  0  0  0
39  2 357844 26565388 1780308 125200556    0    0     0 547548 187090 1032246 72 21  6  0  0  0
139  0 357844 26548200 1780308 125215340    0    0     0 544704 186384 1009401 69 21  9  0  0  0
112  0 357844 26541496 1780308 125229712    0    0     0 546980 186621 1025399 71 21  8  0  0  0
118  0 357844 26523036 1780308 125244368    0    0     0 540764 183675 1004442 69 21 10  0  0  0
53  1 357844 26510288 1780308 125258888    0    0     0 542340 186162 1019982 71 21  8  0  0  0
125  1 357844 26499724 1780316 125273516    0    0     0 542712 184624 1015568 70 21  9  0  0  0
54  4 357844 26500364 1780316 125288052    0    0     0 505460 183010 999486 69 21 10  0  0  0
152  0 357844 26491836 1780316 125302324    0    0     0 593392 184928 1001392 68 21 11  1  0  0
56  5 357844 26480836 1780316 125316668    0    0     0 515936 183193 992289 69 21 10  0  0  0
 5  3 357844 26460520 1780316 125330804    0    0     0 527032 180395 984588 67 20 12  1  0  0
68  4 357844 26449528 1780320 125344856    0    0     0 585136 183907 1004274 68 20 11  1  0  0
57  3 357844 26433744 1780320 125359156    0    0     0 527448 182587 995802 68 21 10  1  0  0
procs -----------memory---------- ---swap-- -----io---- -system-- -------cpu-------
 r  b   swpd   free   buff  cache   si   so    bi    bo   in   cs us sy id wa st gu
127  0 357844 26417936 1780320 125373340    0    0     0 547572 181345 987378 67 20 12  0  0  0
140  0 357844 26403308 1780320 125387712    0    0     0 543624 183927 1017459 70 21  8  0  0  0
86  0 357844 26389788 1780320 125402456    0    0     0 544928 184520 1012616 70 21  9  0  0  0
116  1 357844 26376512 1780324 125416696    0    0     0 544352 185244 1004449 70 21  9  0  0  0
89  0 357844 26357652 1780324 125431360    0    0     0 545492 185190 1008988 69 21 10  0  0  0
111  0 357844 26329400 1780324 125445796    0    0     0 544572 186262 1008373 69 21  9  0  0  0
130  2 357844 26315924 1780324 125460468    0    0     0 547776 187315 1031154 71 21  7  0  0  0
115  0 357844 26299464 1780324 125475224    0    0     0 547164 186500 1019437 70 21  8  0  0  0
86  0 357844 26285000 1780332 125489780    0    0     0 549252 187853 1031608 71 22  7  0  0  0
106  0 357844 26273888 1780332 125504512    0    0     0 547020 186530 998056 69 21 10  0  0  0
153  1 357844 26256900 1780332 125519008    0    0     0 542820 182302 996616 69 21 10  1  0  0
70  0 357844 26239260 1780332 125533268    0    0     0 532396 181911 997621 69 21 10  0  0  0
77  4 357844 26220884 1780332 125547752    0    0     0 523684 178623 976716 67 20 12  1  0  0
59  1 357844 26206952 1780336 125561576    0    0     0 550544 181725 1000318 68 20 11  1  0  0
138  0 357844 26191688 1780336 125575664    0    0     0 544096 181559 982305 68 20 11  1  0  0
83  7 357844 26179868 1780336 125589968    0    0     0 478672 177884 965747 67 20 12  1  0  0
129  0 357844 26160096 1780336 125603756    0    0     0 572348 181013 977033 67 20 13  1  0  0
65  5 357844 26143008 1780336 125617864    0    0     0 551876 181787 990741 68 20 11  1  0  0
 1  0 357844 26108320 1780344 125631792    0    0     0 543052 179606 983331 68 20 11  1  0  0
81  0 357844 26133336 1780344 125645132    0    0     0 526612 174693 912276 63 19 18  1  0  0
73  0 357844 26115952 1780348 125659388    0    0     0 540276 181466 1002474 68 21 11  1  0  0
procs -----------memory---------- ---swap-- -----io---- -system-- -------cpu-------
 r  b   swpd   free   buff  cache   si   so    bi    bo   in   cs us sy id wa st gu
40  1 357844 26103684 1780348 125673444    0    0     0 547324 183429 1002121 69 21 10  1  0  0
99  2 357844 26086240 1780348 125687580    0    0     0 547108 184063 1006679 69 21 10  1  0  0
152  0 357844 26084544 1780352 125702104    0    0     0 542608 179216 976390 67 20 12  1  0  0
138  0 357844 26067632 1780352 125715720    0    0     0 542664 181392 982636 67 20 12  1  0  0
105  0 357844 26052592 1780352 125730000    0    0     0 544496 182869 1014626 69 21 10  1  0  0
67  1 357844 26041044 1780352 125744068    0    0     0 545652 183696 992622 68 20 11  1  0  0
123  0 357844 26028716 1780352 125757916    0    0     0 543404 180051 998354 68 21 11  1  0  0
119  0 357844 26008508 1780356 125772304    0    0     0 542692 179968 980215 67 20 12  1  0  0
125  0 357844 25995132 1780356 125786264    0    0     0 541020 179585 985625 67 20 12  1  0  0
122  0 357844 25990696 1780356 125800280    0    0     0 538072 180109 991123 67 20 12  1  0  0
101  0 357844 25964816 1780356 125814568    0    0     0 535484 181774 1003281 68 21 11  1  0  0
112  0 357844 25951512 1780356 125828440    0    0     0 535680 180531 989159 68 20 11  1  0  0
101  0 357844 25934804 1780356 125842604    0    0     0 530220 176848 968271 67 20 13  1  0  0
45  1 357844 25915096 1780356 125856472    0    0     0 482400 178790 969394 66 20 13  1  0  0
72  0 357844 25903356 1780356 125870096    0    0     0 579676 180123 962934 65 20 14  1  0  0
135  1 357844 25865536 1780356 125884236    0    0     0 532388 178388 980424 67 20 12  1  0  0
75  0 357844 25839056 1780356 125897972    0    0     0 536028 179295 980645 67 20 13  1  0  0
126  1 357844 25821012 1780364 125911904    0    0     0 533680 179513 959697 66 20 14  1  0  0
120  0 357844 25811160 1780364 125925868    0    0     0 533644 181390 994762 68 21 10  1  0  0
142  0 357844 25789284 1780364 125940144    0    0     0 539164 184568 1000819 69 21 10  0  0  0
88  0 357844 25772336 1780364 125954784    0    0     0 538424 182082 973616 68 20 12  1  0  0
procs -----------memory---------- ---swap-- -----io---- -system-- -------cpu-------
 r  b   swpd   free   buff  cache   si   so    bi    bo   in   cs us sy id wa st gu
112  0 357844 25755420 1780364 125968748    0    0     0 532424 176533 953510 66 19 14  1  0  0
104  0 357844 25744192 1780368 125982316    0    0     0 534852 179329 974004 67 20 13  1  0  0
133  0 357844 25731916 1780368 125996420    0    0     0 533568 179136 983628 67 20 12  1  0  0
113  0 357844 25717828 1780368 126010636    0    0     0 534896 180760 989994 68 20 11  0  0  0
98  0 357844 25707932 1780380 126024568    0    0     0 536084 181277 986577 67 20 12  1  0  0
90  0 357844 25691480 1780380 126038852    0    0     0 537400 180720 976786 67 20 12  1  0  0
85  0 357844 25678420 1780380 126052780    0    0     0 538408 183366 982454 67 20 12  1  0  0
111  0 357844 25663644 1780380 126066852    0    0     0 536976 182897 1004812 68 21 11  1  0  0
113  0 357844 25650096 1780380 126080984    0    0     0 536416 181390 972603 67 20 12  1  0  0
103  0 357844 25636516 1780384 126094672    0    0     0 538232 184753 1005222 70 21  8  0  0  0
104  0 357844 25623672 1780384 126109212    0    0     0 536296 181741 987219 68 20 11  1  0  0
107  0 357844 25610024 1780384 126123440    0    0     0 533672 181651 984293 68 21 11  1  0  0
119  1 357844 25593084 1780384 126137424    0    0     0 535112 181305 995493 68 21 11  0  0  0
108  0 357844 25580704 1780384 126151648    0    0     0 541804 185917 1018964 70 21  8  0  0  0
121  0 357844 25563912 1780392 126166340    0    0     0 541784 185460 1008928 69 21 10  0  0  0
116  0 357844 25544352 1780392 126179536    0    0     0 532276 178515 935850 63 19 17  0  0  0
117  0 357844 25527656 1780396 126193884    0    0     0 541624 186042 1015314 70 21  9  0  0  0
126  0 357844 25514440 1780396 126208388    0    0     0 552096 187935 1028569 70 22  8  0  0  0
94  1 357844 25493956 1780396 126222776    0    0     0 549640 183847 1010568 70 21  9  0  0  0
130  0 357844 25482200 1780396 126237152    0    0     0 550492 185073 1004395 68 21 10  1  0  0
122  0 357844 25465412 1780396 126251184    0    0     0 546812 187908 1005219 68 21 11  0  0  0
procs -----------memory---------- ---swap-- -----io---- -system-- -------cpu-------
 r  b   swpd   free   buff  cache   si   so    bi    bo   in   cs us sy id wa st gu
119  0 357844 25440092 1780396 126265444    0    0     0 552748 182744 1011573 69 21 10  0  0  0
107  0 357844 25427332 1780396 126279808    0    0     0 557008 185240 1021169 70 21  9  0  0  0
91  1 357844 25412068 1780396 126294144    0    0     0 556384 181912 1015888 68 21 10  1  0  0
117  0 357844 25391984 1780396 126308492    0    0     0 548328 179357 996235 67 20 12  0  0  0
108  1 357844 25378048 1780404 126322308    0    0     0 546764 177256 961588 65 20 15  1  0  0
137  0 357844 25366472 1780404 126336048    0    0     0 551688 185762 1021642 69 21  9  0  0  0
99  0 357844 25353136 1780404 126350412    0    0     0 546892 181225 991726 68 20 11  0  0  0
114  0 357844 25335480 1780404 126365048    0    0     0 547304 184950 1013700 69 21 10  0  0  0
113  0 357844 25327760 1780404 126379152    0    0     0 538840 178822 982733 67 20 13  1  0  0
103  2 357844 25315960 1780404 126393076    0    0     0 542044 182702 996539 68 21 11  0  0  0
72  0 357844 25298244 1780404 126407484    0    0     0 546012 181868 1004727 69 21 10  0  0  0
87  0 357844 25281404 1780404 126421576    0    0     0 547248 184008 1011583 69 21 10  0  0  0
88  0 357844 25263084 1780404 126435864    0    0     0 544240 185533 1007787 70 21  9  0  0  0
102  0 357844 25258048 1780404 126449904    0    0     0 541468 180752 981482 67 20 13  0  0  0
111  0 357844 25241336 1780408 126464356    0    0     0 541472 180497 1000757 68 21 10  0  0  0
113  0 357844 25223636 1780408 126478564    0    0     0 544056 182300 1017267 69 21 10  0  0  0
100  0 357844 25208932 1780408 126493120    0    0     0 543732 183053 1013997 70 21  9  0  0  0
129  1 357844 25201604 1780408 126507528    0    0     0 541896 183371 1008947 69 21 10  0  0  0
90  0 357844 25160700 1780408 126521972    0    0     0 543936 184226 1006067 69 21 10  0  0  0
98  0 357844 25146456 1780412 126536112    0    0     0 540004 182725 1018091 69 21 10  0  0  0
102  0 357844 25137492 1780412 126550600    0    0     0 535160 179355 980687 68 21 11  0  0  0
procs -----------memory---------- ---swap-- -----io---- -system-- -------cpu-------
 r  b   swpd   free   buff  cache   si   so    bi    bo   in   cs us sy id wa st gu
123  0 357844 25123440 1780412 126564888    0    0     0 542152 184684 1015505 70 21  9  0  0  0
126  0 357844 25107440 1780412 126579204    0    0     0 537324 179354 984903 67 20 12  1  0  0
120  0 357844 25091100 1780412 126593420    0    0     0 540892 181308 993985 68 20 12  1  0  0
122  2 357844 25077828 1780416 126607372    0    0     0 537256 179558 1003814 68 21 11  0  0  0
91  1 357844 25060992 1780416 126621724    0    0     0 542616 183160 1006615 69 21 10  0  0  0
64  0 357844 25043120 1780416 126636080    0    0     0 531340 178158 983158 67 20 13  1  0  0
131  1 357844 25037304 1780416 126650004    0    0     0 535912 182199 997219 68 21 11  1  0  0
123  0 357844 25012308 1780416 126664092    0    0     0 542596 183806 1012658 70 21  9  0  0  0
111  0 357844 24996448 1780424 126678944    0    0     0 544284 183947 1030255 70 21  9  0  0  0
132  1 357844 24987048 1780424 126693368    0    0     0 540476 182728 1013967 69 21 10  0  0  0
 1  0 357844 24937872 1780424 126707580    0    0     0 533072 179140 963807 66 20 14  0  0  0
103  0 357844 24986268 1780424 126721160    0    0     0 535648 181060 994891 67 20 12  0  0  0
102  0 357844 24974312 1780428 126735536    0    0     0 547620 182189 1016096 69 21  9  0  0  0
148  0 357844 24956396 1780436 126749820    0    0     0 545464 179472 998243 68 21 11  0  0  0
99  0 357844 24934172 1780436 126764296    0    0     0 545840 182555 1009502 68 21 11  0  0  0
105  0 357844 24920116 1780436 126778376    0    0     0 548460 182847 1015514 69 21 10  0  0  0
99  1 357844 24902856 1780444 126792688    0    0     0 555008 184591 1014293 69 21  9  0  0  0
148  0 357844 24889796 1780444 126807160    0    0     0 552700 184168 1007120 69 21 10  0  0  0
89  1 357844 24875308 1780444 126821664    0    0     0 554444 182791 999962 68 21 11  0  0  0
147  1 357844 24860024 1780444 126835988    0    0     0 551244 183069 1024448 69 21  9  0  0  0
113  0 357844 24838056 1780444 126850292    0    0     0 539204 174911 948987 65 19 15  1  0  0
procs -----------memory---------- ---swap-- -----io---- -system-- -------cpu-------
 r  b   swpd   free   buff  cache   si   so    bi    bo   in   cs us sy id wa st gu
97  0 357844 24837528 1780452 126863868    0    0     0 550028 183188 1007969 69 21 10  0  0  0
112  0 357844 24816724 1780452 126878176    0    0     0 542760 182447 1003559 68 21 10  0  0  0
135  0 357844 24798324 1780452 126892400    0    0     0 540932 181084 995692 68 20 12  1  0  0
121  0 357844 24788952 1780452 126906712    0    0     0 536772 180272 994275 68 21 11  1  0  0
119  1 357844 24783208 1780452 126920740    0    0     0 541220 181376 1005405 68 21 10  0  0  0
105  0 357844 24766188 1780452 126934936    0    0     0 543880 182082 1009762 69 21 10  0  0  0
132  0 357844 24750272 1780460 126949476    0    0     0 548316 185902 1036219 70 21  8  0  0  0
88  1 357844 24734344 1780460 126963892    0    0     0 545868 183733 1016949 69 21  9  0  0  0
131  0 357844 24718184 1780460 126978376    0    0     0 543884 183831 1006678 69 21 10  0  0  0
129  0 357844 24685624 1780460 126992336    0    0     0 540164 182238 983785 67 21 12  0  0  0
66  1 357844 24673344 1780460 127006960    0    0     0 547856 184619 1016949 70 21  9  0  0  0
127  1 357844 24651720 1780464 127021392    0    0     0 544948 181871 1011409 69 21 10  0  0  0
101  0 357844 24641380 1780464 127035776    0    0     0 542712 182303 1002996 69 21 10  0  0  0
140  0 357844 24606528 1780464 127050120    0    0     0 547828 184263 1005106 69 21 10  0  0  0
113  0 357844 24587004 1780464 127064520    0    0     0 544032 181613 1005211 69 21  9  0  0  0
100  0 357844 24572900 1780464 127078884    0    0     0 545488 184200 1023908 70 21  9  0  0  0
72  0 357844 24554840 1780472 127093624    0    0     0 548524 185176 1005484 70 21  9  0  0  0
93  1 357844 24541740 1780472 127107996    0    0     0 544212 182838 1005967 69 20 10  0  0  0
118  0 357844 24531584 1780472 127122088    0    0     0 539196 176630 964421 66 20 14  1  0  0
134  0 357844 24520960 1780472 127136208    0    0     0 546612 183066 1015757 69 21 10  0  0  0
99  0 357844 24501676 1780472 127150296    0    0     0 538468 179336 997212 68 21 11  1  0  0
procs -----------memory---------- ---swap-- -----io---- -system-- -------cpu-------
 r  b   swpd   free   buff  cache   si   so    bi    bo   in   cs us sy id wa st gu
105  0 357844 24488908 1780480 127164568    0    0     0 532824 176536 968963 66 20 13  1  0  0
144  1 357844 24472484 1780480 127178740    0    0     0 539764 179374 993174 68 20 11  0  0  0
101  0 357844 24452380 1780480 127192676    0    0     0 540000 181113 989296 68 21 11  0  0  0
71  0 357844 24438176 1780480 127206956    0    0     0 546516 183991 1012010 69 21  9  0  0  0
44  0 357844 24432868 1780480 127221508    0    0     0 547960 183716 1020065 69 21  9  0  0  0
109  0 357844 24422264 1780488 127235732    0    0     0 546860 181489 1004296 68 20 11  0  0  0
102  0 357844 24371092 1780488 127250016    0    0     0 533680 174207 915563 62 18 19  1  0  0
126  0 357844 24410948 1780488 127262904    0    0     0 546568 184990 1012458 69 21  9  0  0  0
113  0 357844 24397216 1780488 127277436    0    0     0 537040 180892 997812 68 20 11  0  0  0
132  0 357844 24383096 1780488 127291704    0    0     0 540768 180706 995489 68 21 11  0  0  0
118  1 357844 24369056 1780488 127306004    0    0     0 540996 184205 1004524 69 21 10  0  0  0
113  0 357844 24350240 1780488 127320364    0    0     0 549028 184613 1031500 71 21  8  0  0  0
147  1 357844 24336516 1780488 127334852    0    0     0 546704 183940 1015841 70 21  9  0  0  0
120  2 357844 24323680 1780488 127349708    0    0     0 543144 182759 1001100 69 21 10  0  0  0
60  1 357844 24313764 1780488 127364040    0    0     0 544740 183895 1018554 69 21  9  0  0  0
155  0 357844 24294184 1780496 127378468    0    0     0 542504 181353 979049 67 20 12  1  0  0
143  0 357844 24282152 1780500 127392312    0    0     0 538304 178700 992245 67 20 12  1  0  0
147  0 357844 24266508 1780500 127406412    0    0     0 538456 179888 990026 67 20 12  1  0  0
107  0 357844 24243304 1780500 127420268    0    0     0 536488 180317 988961 68 20 11  1  0  0
105  0 357844 24231724 1780500 127434544    0    0     0 534540 174701 960381 66 19 14  1  0  0
111  1 357844 24216604 1780508 127448292    0    0     0 542992 184258 1001876 69 21  9  0  0  0
procs -----------memory---------- ---swap-- -----io---- -system-- -------cpu-------
 r  b   swpd   free   buff  cache   si   so    bi    bo   in   cs us sy id wa st gu
115  0 357844 24204016 1780508 127463028    0    0     0 541768 182214 1004857 69 21 10  0  0  0
85  0 357844 24187180 1780508 127477496    0    0     0 542956 181198 1019374 70 21  9  0  0  0
57  1 357844 24171372 1780508 127491724    0    0     0 545544 184149 1003013 68 21 10  0  0  0
106  0 357844 24152496 1780508 127506264    0    0     0 547028 184144 1006942 69 21 10  0  0  0
78  1 357844 24145080 1780512 127520444    0    0     0 544752 181320 992901 68 21 11  0  0  0
139  0 357844 24126268 1780512 127534712    0    0     0 556528 183899 1012258 69 21 10  0  0  0
88  0 357844 24111276 1780512 127549248    0    0     0 560216 184762 1021980 69 21 10  0  0  0
95  1 357844 24092736 1780512 127563104    0    0     0 559268 184869 1016849 69 21  9  0  0  0
77  1 357844 24083352 1780512 127577888    0    0     0 561172 182469 1021131 69 21 10  0  0  0
148  0 357844 24050956 1780512 127592184    0    0     0 555164 181802 999552 68 21 11  0  0  0
134  0 357844 24030236 1780512 127606240    0    0     0 558364 183935 1010661 68 21 10  0  0  0
126  0 357844 24012572 1780512 127620428    0    0     0 557592 184213 1017657 69 21 10  0  0  0
76  0 357844 24001860 1780512 127634856    0    0     0 549200 176169 963543 65 20 15  1  0  0
107  1 357844 23986028 1780512 127648544    0    0     0 550820 181239 982498 67 20 12  1  0  0
46  1 357844 23969020 1780516 127662420    0    0     0 545512 181769 993672 68 20 11  1  0  0
148  1 357844 23956860 1780516 127676908    0    0     0 544588 180719 987083 68 20 11  1  0  0
150  0 357844 23946104 1780516 127690596    0    0     0 537516 175360 959883 66 20 14  1  0  0
137  0 357844 23930840 1780516 127704384    0    0     0 543392 178170 979913 67 20 13  1  0  0
146  0 357844 23915744 1780516 127718568    0    0     0 548592 184348 1012147 69 21  9  0  0  0
74  2 357844 23895188 1780520 127732924    0    0     0 547812 182904 994818 69 21 10  0  0  0
91  0 357844 23884008 1780520 127747172    0    0     0 545712 179877 1006468 69 21 10  0  0  0
procs -----------memory---------- ---swap-- -----io---- -system-- -------cpu-------
 r  b   swpd   free   buff  cache   si   so    bi    bo   in   cs us sy id wa st gu
110  1 357844 23867916 1780520 127761628    0    0     0 545888 181377 988329 68 21 11  1  0  0
104  1 357844 23853776 1780520 127775864    0    0     0 544380 182101 1000839 68 20 11  0  0  0
126  0 357844 23806420 1780520 127789692    0    0     0 535816 177228 941816 63 19 17  1  0  0
141  0 357844 23846924 1780528 127803276    0    0     0 540308 182393 1006052 69 21 10  0  0  0
102  1 357844 23841292 1780528 127817820    0    0     0 543688 183830 999017 69 20 10  1  0  0
114  0 357844 23827280 1780528 127832176    0    0     0 537040 179883 990627 68 20 11  1  0  0
130  0 357844 23806352 1780528 127845980    0    0     0 544380 183081 999568 69 21 10  0  0  0
98  1 357844 23791488 1780528 127860444    0    0     0 535320 177083 971454 66 20 13  1  0  0
143  0 357844 23778676 1780532 127874296    0    0     0 537132 179178 990159 67 21 11  1  0  0
100  0 357844 23763728 1780532 127888464    0    0     0 540204 181858 1003297 69 20 10  0  0  0
99  0 357844 23747096 1780532 127902628    0    0     0 532480 176776 961605 66 20 13  1  0  0
131  0 357844 23730156 1780532 127916832    0    0     0 531724 177280 977275 67 20 13  1  0  0
94  0 357844 23711536 1780536 127930720    0    0     0 534148 179602 987992 67 20 12  1  0  0
136  0 357844 23697804 1780536 127944628    0    0     0 540364 182858 1008069 69 21  9  0  0  0
99  0 357844 23680048 1780536 127959088    0    0     0 535580 180236 988039 68 20 12  1  0  0
101  1 357844 23667940 1780536 127973236    0    0     0 539752 182380 1002276 69 21 10  0  0  0
61  1 357844 23652648 1780536 127987580    0    0     0 544104 183807 1019170 69 21  9  0  0  0
138  0 357844 23637868 1780536 128001752    0    0     0 539792 183383 1015145 69 21 10  0  0  0
108  0 357844 23623000 1780540 128016244    0    0     0 543968 183746 1010177 69 21 10  1  0  0
113  0 357844 23612792 1780540 128030308    0    0     0 537648 182722 991423 68 21 10  0  0  0
118  0 357844 23599576 1780540 128044780    0    0     0 543764 183031 1007915 69 21  9  0  0  0
procs -----------memory---------- ---swap-- -----io---- -system-- -------cpu-------
 r  b   swpd   free   buff  cache   si   so    bi    bo   in   cs us sy id wa st gu
89  0 357844 23586664 1780540 128059268    0    0     0 549028 180695 994838 68 20 11  0  0  0
75  1 357844 23572704 1780540 128073480    0    0     0 555404 184325 1006458 69 21 10  0  0  0
104  0 357844 23558020 1780544 128087784    0    0     0 553240 183808 995017 68 21 11  0  0  0
100  1 357844 23546288 1780544 128102028    0    0     0 555396 184709 1015605 69 21 10  0  0  0
114  0 357844 23532056 1780544 128116252    0    0     0 551532 182306 1007869 69 21 10  0  0  0
107  0 357844 23499064 1780544 128130392    0    0     0 545420 179001 979069 66 20 13  1  0  0
104  0 357844 23476700 1780544 128144340    0    0     0 553568 183098 1011620 69 21  9  0  0  0
118  0 357844 23464364 1780548 128158716    0    0     0 546688 178906 966577 66 20 14  1  0  0
79  2 357844 23445928 1780548 128172280    0    0     0 542240 178024 965099 65 20 14  1  0  0
123  0 357844 23428460 1780548 128186032    0    0     0 535804 177691 978264 67 20 12  1  0  0
115  1 357844 23412836 1780548 128200124    0    0     0 546040 181603 1010452 69 21 10  1  0  0
108  0 357844 23397824 1780548 128214516    0    0     0 540888 179385 983830 67 20 12  1  0  0
113  0 357844 23384632 1780556 128228460    0    0     0 543368 179231 974544 67 20 12  1  0  0
94  0 357844 23368312 1780556 128242624    0    0     0 547692 182585 1016598 69 21 10  0  0  0
110  0 357844 23355460 1780556 128256824    0    0     0 543444 180182 991595 68 20 11  0  0  0
114  0 357844 23342140 1780556 128271200    0    0     0 541200 181795 1005226 68 21 10  0  0  0
127  1 357844 23321264 1780556 128285712    0    0     0 549388 184777 1000557 69 21 10  0  0  0
127  1 357844 23304004 1780560 128299944    0    0     0 541048 180393 998130 69 21 10  0  0  0
125  0 357844 23292280 1780560 128314200    0    0     0 547580 185614 1023408 70 21  9  0  0  0
56  0 357844 23240092 1780560 128328396    0    0     0 527024 171777 918294 62 19 19  0  0  0
131  0 357844 23280028 1780560 128341704    0    0     0 537640 179343 976034 67 20 12  0  0  0
procs -----------memory---------- ---swap-- -----io---- -system-- -------cpu-------
 r  b   swpd   free   buff  cache   si   so    bi    bo   in   cs us sy id wa st gu
81  0 357844 23266888 1780560 128355840    0    0     0 544260 183301 1019363 69 21  9  0  0  0
131  0 357844 23255992 1780564 128370168    0    0     0 541564 181009 1003240 69 20 10  0  0  0
84  0 357844 23245956 1780564 128384644    0    0     0 541768 183291 1007337 69 21  9  0  0  0
119  0 357844 23229228 1780564 128399080    0    0     0 542484 182877 1021433 70 21  9  0  0  0
71  0 357844 23207424 1780564 128413516    0    0     0 540332 182023 999200 69 20 10  0  0  0
146  0 357844 23188516 1780564 128427980    0    0     0 530332 173455 943243 64 19 16  1  0  0
19  2 357844 23174644 1780568 128441416    0    0     0 532340 177612 972849 66 20 13  1  0  0
127  0 357844 23165564 1780572 128455320    0    0     0 540184 181479 1002604 68 21 10  0  0  0
85  0 357844 23148980 1780572 128469564    0    0     0 535812 178949 975346 67 20 13  0  0  0
110  0 357844 23133012 1780572 128483756    0    0     0 533368 178320 963577 66 20 13  1  0  0
108  1 357844 23117964 1780572 128497860    0    0     0 539916 183597 1008624 69 21 10  0  0  0
88  0 357844 23101280 1780576 128511988    0    0     0 540424 181747 1004333 69 21 10  0  0  0
107  0 357844 23086904 1780576 128526196    0    0     0 538340 182655 1008729 69 21  9  0  0  0
107  0 357844 23080140 1780576 128540700    0    0     0 537632 181749 1001653 69 21 10  0  0  0
134  0 357844 23066404 1780576 128554920    0    0     0 539972 181587 1003287 68 21 10  0  0  0
21  0 357844 23051144 1780576 128569216    0    0     0 543740 183388 1018306 69 21  9  0  0  0
78  0 357844 23038964 1780580 128583472    0    0     0 551256 180837 1002171 68 20 11  1  0  0
122  0 357844 23008048 1780580 128597908    0    0     0 548980 178728 977303 67 20 12  0  0  0
127  0 357844 22990484 1780580 128612108    0    0     0 555256 182201 998250 68 21 11  0  0  0
94  1 357844 22976892 1780580 128626232    0    0     0 551316 180542 996741 68 20 11  1  0  0
116  0 357844 22966112 1780580 128640500    0    0     0 551720 178866 993425 68 20 11  1  0  0
procs -----------memory---------- ---swap-- -----io---- -system-- -------cpu-------
 r  b   swpd   free   buff  cache   si   so    bi    bo   in   cs us sy id wa st gu
84  0 357844 22953272 1780584 128654536    0    0     0 549872 180277 998922 67 20 12  1  0  0
135  0 357844 22912836 1780584 128668364    0    0     0 544564 175657 945392 64 20 16  1  0  0
103  1 357844 22904808 1780584 128682172    0    0     0 543456 176594 958391 66 20 14  1  0  0
122  1 357844 22891620 1780584 128696140    0    0     0 537156 172923 925340 62 19 18  1  0  0
39  1 357844 22882668 1780584 128708964    0    0     0 541680 178796 973357 66 20 13  1  0  0
112  1 357844 22866400 1780584 128722848    0    0     0 542312 179823 986895 67 20 12  1  0  0
118  0 357844 22850644 1780584 128736648    0    0     0 540532 178165 973306 66 20 13  1  0  0
75  0 357844 22837836 1780584 128750896    0    0     0 549008 184012 1006164 69 21 10  0  0  0
123  0 357844 22824244 1780584 128765296    0    0     0 547196 183370 1012409 69 21 10  0  0  0
135  0 357844 22810296 1780584 128779600    0    0     0 551696 185616 1024613 71 21  8  0  0  0
67  0 357844 22794036 1780584 128794232    0    0     0 548112 183230 1001793 68 21 11  0  0  0
82  0 357844 22782088 1780584 128808560    0    0     0 541120 178550 962285 66 20 13  1  0  0
130  0 357844 22769284 1780584 128822148    0    0     0 540872 176689 975639 67 20 13  1  0  0
108  0 357844 22751712 1780584 128836152    0    0     0 541348 178167 980349 67 20 13  1  0  0
114  0 357844 22741032 1780584 128850316    0    0     0 537780 177543 975324 66 20 13  1  0  0
136  0 357844 22684424 1780592 128864160    0    0     0 528592 168862 894498 61 18 20  1  0  0
147  1 357844 22728820 1780592 128877016    0    0     0 537984 178104 980659 67 20 13  1  0  0
87  1 357844 22715176 1780592 128890656    0    0     0 541864 180956 988307 68 20 11  1  0  0
53  1 357844 22699000 1780592 128904876    0    0     0 536604 177948 974915 66 20 14  1  0  0
71  1 357844 22684780 1780592 128918668    0    0     0 533192 175316 966617 66 20 13  1  0  0
132  0 357844 22670268 1780596 128932248    0    0     0 544884 183415 1015905 70 21  9  0  0  0
procs -----------memory---------- ---swap-- -----io---- -system-- -------cpu-------
 r  b   swpd   free   buff  cache   si   so    bi    bo   in   cs us sy id wa st gu
102  1 357844 22654908 1780596 128946844    0    0     0 532176 178669 952720 65 20 15  1  0  0
112  0 357844 22642320 1780596 128960732    0    0     0 536360 177918 978927 66 20 13  1  0  0
134  0 357844 22626272 1780600 128974268    0    0     0 542732 181177 1003645 68 20 11  1  0  0
91  0 357844 22624992 1780600 128988704    0    0     0 532120 175239 936247 64 19 16  1  0  0
125  0 357844 22611032 1780608 129002048    0    0     0 528752 173709 913233 62 19 18  1  0  0
125  0 357844 22597380 1780608 129015048    0    0     0 533460 179811 992367 68 20 11  0  0  0
67  1 357844 22581548 1780608 129029328    0    0     0 538220 180810 1001846 68 20 11  1  0  0
122  0 357844 22564912 1780608 129043508    0    0     0 536396 178749 988435 68 20 12  1  0  0
92  0 357844 22551648 1780608 129057684    0    0     0 533412 178826 989830 68 20 11  0  0  0
120  0 357844 22541924 1780616 129071904    0    0     0 537224 182003 1010306 68 21 11  1  0  0
107  1 357844 22531552 1780616 129085964    0    0     0 534976 179359 996512 68 20 11  1  0  0
132  0 357844 22520072 1780616 129100356    0    0     0 542348 181748 988345 68 21 11  1  0  0
61  0 357844 22503628 1780616 129114348    0    0     0 548668 183745 1013723 69 21 10  0  0  0
124  1 357844 22496348 1780616 129128648    0    0     0 555008 184648 1009110 69 21 10  0  0  0
74  0 357844 22446680 1780616 129142428    0    0     0 548992 180099 978454 66 20 14  0  0  0
113  0 357844 22435844 1780616 129156808    0    0     0 551504 181891 996805 68 20 11  0  0  0
138  1 357844 22419864 1780616 129170964    0    0     0 541704 178969 982005 67 20 13  1  0  0
120  0 357844 22411380 1780616 129184844    0    0     0 541592 178033 986821 67 20 12  1  0  0
86  0 357844 22371200 1780616 129198884    0    0     0 536176 173965 954994 64 19 16  1  0  0
118  0 357844 22352172 1780624 129212336    0    0     0 554236 184607 1023557 69 21 10  0  0  0
131  0 357844 22343608 1780624 129226692    0    0     0 546268 179657 998305 68 20 11  1  0  0
procs -----------memory---------- ---swap-- -----io---- -system-- -------cpu-------
 r  b   swpd   free   buff  cache   si   so    bi    bo   in   cs us sy id wa st gu
133  0 357844 22332528 1780624 129240700    0    0     0 538708 180824 1001905 68 20 11  1  0  0
102  0 357844 22315856 1780624 129254884    0    0     0 536000 178028 978739 67 20 12  1  0  0
84  1 357844 22305840 1780624 129269132    0    0     0 543664 180998 1006328 69 21 10  1  0  0
132  0 357844 22286880 1780632 129283528    0    0     0 545016 183306 1014262 70 21  9  0  0  0
124  1 357844 22273620 1780632 129297792    0    0     0 544644 181850 1005470 69 21 10  0  0  0
97  0 357844 22258116 1780632 129312172    0    0     0 540652 178607 995423 68 20 11  0  0  0
78  2 357844 22248680 1780632 129326440    0    0     0 540428 180131 993391 68 21 11  0  0  0
129  0 357844 22230520 1780632 129340600    0    0     0 543184 182710 1013969 69 21  9  0  0  0
131  1 357844 22220904 1780640 129355116    0    0     0 547208 183922 1010724 70 21  9  0  0  0
83  1 357844 22205668 1780640 129369864    0    0     0 541152 180317 1000455 68 20 11  0  0  0
72  1 357844 22192096 1780640 129383948    0    0     0 543256 181786 993991 68 21 11  0  0  0
132  0 357844 22133084 1780640 129398024    0    0     0 533880 176054 915207 62 19 19  0  0  0
69  0 357844 22172620 1780640 129410844    0    0     0 544284 185514 1031056 70 20 10  0  0  0
138  0 357844 22156604 1780640 129425420    0    0     0 529756 179501 983540 68 20 12  1  0  0
121  0 357844 22147952 1780640 129439612    0    0     0 536224 183147 1004396 68 21 10  1  0  0
117  0 357844 22127444 1780640 129453748    0    0     0 533136 179121 989000 67 20 12  1  0  0
116  0 357844 22112604 1780640 129467784    0    0     0 537464 181137 985285 68 20 11  1  0  0
82  0 357844 22100200 1780640 129481928    0    0     0 535136 180388 979626 67 20 12  1  0  0
92  0 357844 22084668 1780644 129496312    0    0     0 534600 180332 977826 68 20 11  0  0  0
133  1 357844 22072564 1780648 129509984    0    0     0 528152 174563 940059 65 19 15  1  0  0
89  0 357844 22058428 1780648 129523632    0    0     0 530320 178023 960208 66 20 13  1  0  0
procs -----------memory---------- ---swap-- -----io---- -system-- -------cpu-------
 r  b   swpd   free   buff  cache   si   so    bi    bo   in   cs us sy id wa st gu
83  0 357844 22041424 1780648 129537672    0    0     0 534968 179429 973177 67 20 13  1  0  0
114  0 357844 22028552 1780648 129551500    0    0     0 545204 185027 1003163 69 21 10  0  0  0
121  0 357844 22025572 1780656 129566012    0    0     0 539620 179882 980069 67 20 12  1  0  0
83  0 357844 22001180 1780656 129580008    0    0     0 532144 178486 962247 66 20 13  1  0  0
97  0 357844 21981284 1780656 129594020    0    0     0 539964 183107 1012559 70 21  9  0  0  0
140  0 357844 21966604 1780656 129608420    0    0     0 539344 183307 1002488 69 21 10  0  0  0
138  1 357844 21954784 1780656 129622768    0    0     0 539196 182795 1000632 69 21 10  0  0  0
78  1 357844 21933616 1780664 129637008    0    0     0 547772 182626 1007087 69 20 10  0  0  0
129  0 357844 21924248 1780664 129651072    0    0     0 553468 183863 1007271 69 21  9  0  0  0
51  0 357844 21908320 1780664 129665828    0    0     0 551808 182211 1004256 69 21 10  0  0  0
78  0 357844 21899060 1780664 129679952    0    0     0 542488 177988 953733 64 19 16  1  0  0
119  0 357844 21883384 1780664 129693376    0    0     0 542220 177760 966284 66 20 13  1  0  0
105  0 357844 21869552 1780672 129707328    0    0     0 543292 178997 985132 67 20 12  1  0  0
102  0 357844 21853136 1780672 129721432    0    0     0 545652 180704 967289 66 20 13  1  0  0
135  0 357844 21840568 1780672 129735164    0    0     0 544068 179902 987582 67 20 12  0  0  0
72  1 357844 21806444 1780672 129748968    0    0     0 544732 177830 973511 67 20 13  1  0  0
130  0 357844 21786004 1780672 129763420    0    0     0 541836 177235 941337 65 20 15  1  0  0
112  2 357844 21770792 1780676 129776880    0    0     0 539444 179707 984994 68 20 12  1  0  0
110  0 357844 21755100 1780676 129790836    0    0     0 545504 183629 1023920 70 21  9  0  0  0
137  0 357844 21741352 1780676 129805464    0    0     0 541920 183915 1012598 70 21  9  0  0  0
53  3 357844 21719096 1780676 129820020    0    0     0 542920 185078 1012713 70 21  9  0  0  0
procs -----------memory---------- ---swap-- -----io---- -system-- -------cpu-------
 r  b   swpd   free   buff  cache   si   so    bi    bo   in   cs us sy id wa st gu
76  1 357844 21707532 1780676 129834344    0    0     0 546132 184638 1017112 70 21  9  0  0  0
141  0 357844 21691876 1780680 129848952    0    0     0 538748 180100 984564 67 20 12  0  0  0
115  0 357844 21678408 1780680 129862740    0    0     0 541664 181454 995314 69 21 10  0  0  0
139  0 357844 21664628 1780680 129877076    0    0     0 542992 179602 992011 68 21 11  0  0  0
69  1 357844 21648716 1780680 129891748    0    0     0 541288 178781 982160 68 20 11  0  0  0
53  1 357844 21641532 1780680 129905580    0    0     0 547376 180479 986920 68 20 11  0  0  0
107  0 357844 21627128 1780688 129919860    0    0     0 545368 179982 990441 68 21 11  0  0  0
114  1 357844 21613236 1780688 129934176    0    0     0 546232 182320 998974 68 21 10  0  0  0
125  0 357844 21618640 1780688 129947320    0    0     0 532016 174434 904753 61 18 20  1  0  0
96  0 357844 21611520 1780688 129961256    0    0     0 533592 178474 969967 66 20 13  1  0  0
82  0 357844 21596472 1780688 129975348    0    0     0 541676 182041 1002135 68 21 11  0  0  0
116  0 357844 21583084 1780696 129989372    0    0     0 533296 175754 954215 66 19 14  1  0  0
86  1 357844 21569960 1780696 130003136    0    0     0 534392 176509 966667 66 20 13  1  0  0
140  0 357844 21555840 1780696 130017076    0    0     0 535320 177550 984654 67 20 12  1  0  0
144  0 357844 21543644 1780700 130031160    0    0     0 532840 174487 940149 64 19 16  1  0  0
124  0 357844 21530748 1780700 130044532    0    0     0 540924 180651 991787 68 20 12  1  0  0
115  0 357844 21517660 1780704 130058656    0    0     0 542432 182749 1018866 70 21  9  0  0  0
116  1 357844 21505368 1780704 130073004    0    0     0 543652 181953 995705 69 20 10  0  0  0
112  0 357844 21482176 1780704 130087428    0    0     0 550912 185049 1002818 67 21 12  0  0  0
95  0 357844 21464180 1780704 130101648    0    0     0 542244 180771 985442 67 21 12  1  0  0
142  1 357844 21453076 1780704 130115796    0    0     0 541076 176720 961040 66 20 14  1  0  0
procs -----------memory---------- ---swap-- -----io---- -system-- -------cpu-------
 r  b   swpd   free   buff  cache   si   so    bi    bo   in   cs us sy id wa st gu
137  1 357844 21437248 1780708 130129604    0    0     0 546676 182692 995622 68 20 11  0  0  0
106  1 357844 21422380 1780708 130143796    0    0     0 544488 182903 1008222 70 21  9  0  0  0
