procs -----------memory---------- ---swap-- -----io---- -system-- -------cpu-------
 r  b   swpd   free   buff  cache   si   so    bi    bo   in   cs us sy id wa st gu
 4  0 361680 2960124 1691580 184328440    5   10 24034 30086 8730    4  3  0 96  0  0  0
129  0 361680 2902588 1691580 184328480    0    0     0   104 84213 33595 96  0  3  0  0  0
106  0 361680 2895344 1691580 184328496    0    0     0     0 109917 14830 98  0  1  0  0  0
107  0 361680 2887288 1691580 184328516    0    0     0     0 82785 15064 99  0  0  0  0  0
122  0 361680 2875820 1691580 184328532    0    0     0    68 83195 15786 100  0  0  0  0  0
97  0 361680 2863104 1691584 184328544    0    0     0    84 117489 14971 98  0  2  0  0  0
22  0 361680 2718856 1691584 184060520    0    0 292560 26228 445863 989822 46 31 23  1  0  0
53 26 361680 2720732 1691584 184028984    0    0 526064 361292 309149 1563853 41 33 24  3  0  0
42  8 361680 2706144 1691584 184029220    0    0 498816 144364 301493 1513773 39 34 24  2  0  0
18  4 361680 2688780 1691584 184030340    0    0 464784 273424 279382 1355806 35 29 33  2  0  0
52  5 361680 2687124 1691588 184031524    0    0 483376 334900 275201 1305703 34 27 36  3  0  0
47  3 361680 2680592 1691588 184032716    0    0 488160 317244 284650 1344402 35 29 34  3  0  0
 5  1 361680 2664380 1691588 184033872    0    0 485824 332824 282780 1330314 34 28 35  3  0  0
48  1 361680 2654444 1691588 184035028    0    0 468704 313636 281365 1354907 35 29 34  2  0  0
87 23 361680 2646172 1691588 184036204    0    0 479024 323740 285440 1349130 34 30 33  3  0  0
 5  0 361680 2638848 1691592 184037356    0    0 471360 319108 281224 1339898 35 29 34  2  0  0
 6  1 361680 2632500 1691592 184038488    0    0 484336 325772 284889 1336711 34 29 34  3  0  0
68 10 361680 2628760 1691592 184039616    0    0 469616 328356 282742 1331550 35 28 35  2  0  0
84  1 361680 2970016 1691592 183695476    0    0 502688 335372 286453 1329879 35 28 34  3  0  0
40 19 361680 2961464 1691592 183696500    0    0 488752 340372 288586 1334302 34 28 35  3  0  0
 6  1 361680 2957796 1691600 183697704    0    0 514544 340740 291074 1345792 35 28 34  3  0  0
procs -----------memory---------- ---swap-- -----io---- -system-- -------cpu-------
 r  b   swpd   free   buff  cache   si   so    bi    bo   in   cs us sy id wa st gu
39  7 361680 2949540 1691600 183698936    0    0 492272 332460 288076 1334546 35 29 34  3  0  0
116  8 361680 2944532 1691600 183700088    0    0 489856 331880 284870 1339030 35 28 34  2  0  0
 2  0 361680 2941508 1691600 183701296    0    0 493856 333176 287793 1338033 35 28 34  3  0  0
49  2 361680 2937180 1691600 183702464    0    0 488896 331100 285018 1329048 35 29 34  3  0  0
47 14 361680 2933616 1691600 183703596    0    0 479200 318224 284755 1347755 35 29 34  2  0  0
70 18 361680 2930248 1691600 183704740    0    0 490128 328464 286516 1340574 35 29 34  3  0  0
83  6 361680 2934012 1691608 183705884    0    0 482256 324552 289212 1342597 35 29 33  3  0  0
62  8 361680 2933600 1691608 183707060    0    0 477936 330352 281961 1318769 34 29 35  2  0  0
 4  1 361680 2931352 1691608 183708208    0    0 492976 338552 285348 1322551 35 28 34  3  0  0
60  1 361680 2925832 1691608 183709428    0    0 478768 323852 283028 1331979 34 28 34  3  0  0
70 11 361680 2923512 1691608 183710592    0    0 491392 321664 286855 1347609 35 29 33  2  0  0
 3  0 361680 2923764 1691608 183711800    0    0 495632 339596 287077 1316905 35 28 35  3  0  0
20 23 361680 2924152 1691608 183713032    0    0 480640 317208 286410 1346482 36 29 33  2  0  0
94  8 361680 2923436 1691608 183714184    0    0 485520 333004 286888 1326884 35 28 34  2  0  0
 4  1 361680 2919656 1691612 183715352    0    0 480160 321704 286891 1332199 35 28 34  2  0  0
65  3 361680 2914548 1691612 183716504    0    0 474304 318524 294982 1345399 35 29 34  2  0  0
41  7 361680 2920544 1691612 183717692    0    0 492944 337984 287198 1328956 34 29 34  3  0  0
87  1 361680 2917688 1691612 183718876    0    0 485504 323584 289892 1359298 35 30 33  2  0  0
 4  0 361680 2914932 1691612 183720044    0    0 489856 335948 292899 1338270 35 29 33  2  0  0
18 24 361680 2912936 1691616 183721184    0    0 484240 324068 289174 1335651 35 29 34  2  0  0
55 18 361680 2914784 1691616 183722328    0    0 500000 338292 288010 1324318 34 29 34  3  0  0
procs -----------memory---------- ---swap-- -----io---- -system-- -------cpu-------
 r  b   swpd   free   buff  cache   si   so    bi    bo   in   cs us sy id wa st gu
 5  1 361680 2915116 1691616 183723568    0    0 492912 324308 296418 1355283 36 29 32  3  0  0
28 18 361680 2913036 1691620 183724820    0    0 502324 340792 290584 1314401 34 29 34  3  0  0
56  7 361680 2910884 1691620 183725972    0    0 490096 322316 297164 1355923 35 29 33  3  0  0
61  1 361680 2905748 1691620 183727192    0    0 487216 339604 288946 1314264 34 29 34  3  0  0
23  0 361680 2902732 1691620 183728380    0    0 484496 328332 288826 1335170 35 29 34  3  0  0
49  3 361680 2899588 1691620 183729572    0    0 508048 333660 289149 1327118 35 28 33  3  0  0
34  1 361680 2895764 1691620 183730740    0    0 476608 323556 284856 1327981 35 28 34  3  0  0
114  5 361680 2893560 1691620 183731920    0    0 500752 331088 291874 1331850 35 29 33  3  0  0
93  3 361680 2889232 1691620 183733168    0    0 505616 329724 290139 1321824 35 28 34  3  0  0
68  2 361680 2887064 1691620 183734384    0    0 493728 329920 290289 1332923 36 28 33  3  0  0
74 31 361680 2882932 1691620 183735524    0    0 491696 326636 288859 1332712 35 29 33  3  0  0
92  7 361680 2878024 1691620 183736768    0    0 485552 325844 288694 1335080 35 29 33  3  0  0
82  6 361680 2875908 1691620 183737944    0    0 508096 329688 292470 1326735 35 28 33  4  0  0
29  7 361680 2831352 1691624 183739076    0    0 494640 324536 277347 1252882 33 28 36  3  0  0
56  5 361680 2830940 1691624 183740332    0    0 491392 339900 290442 1315465 35 28 34  3  0  0
80 10 361680 2829304 1691624 183741464    0    0 484448 323268 287375 1332646 35 29 34  3  0  0
50 10 361680 2826032 1691624 183742692    0    0 482608 336464 288404 1321758 35 29 34  3  0  0
68 19 361680 2829304 1691624 183743828    0    0 477936 332196 289961 1333149 35 29 33  3  0  0
21  3 361680 2832852 1691628 183745024    0    0 492688 336932 290897 1340230 36 29 33  3  0  0
38  0 361680 2831040 1691628 183746164    0    0 485488 342452 290686 1321944 35 29 34  3  0  0
71  3 361680 2832628 1691628 183747376    0    0 463008 329600 286163 1319004 34 29 35  2  0  0
procs -----------memory---------- ---swap-- -----io---- -system-- -------cpu-------
 r  b   swpd   free   buff  cache   si   so    bi    bo   in   cs us sy id wa st gu
65  1 361680 2832932 1691628 183748484    0    0 476656 317436 289892 1349828 36 29 33  2  0  0
 4  1 361680 2887892 1691632 183749612    0    0 471936 323000 288435 1331385 35 29 34  2  0  0
 4  0 361680 2888316 1691632 183750808    0    0 487360 327836 288670 1325058 35 29 33  3  0  0
79  9 361680 2890076 1691632 183751960    0    0 477840 317636 295023 1351650 36 30 32  2  0  0
76  8 361680 2886540 1691632 183753128    0    0 479056 334296 293282 1319235 35 29 34  2  0  0
71  9 361680 2885508 1691632 183754312    0    0 495792 332008 292106 1330078 35 28 33  3  0  0
56 13 361680 2886516 1691632 183755488    0    0 482480 325228 290177 1333423 35 29 33  3  0  0
93  4 361680 2886304 1691636 183756632    0    0 466320 320268 287840 1327532 35 29 33  2  0  0
 4  0 361680 2883508 1691636 183757752    0    0 486816 328396 296137 1343799 35 29 34  3  0  0
70  3 361680 2882932 1691636 183758952    0    0 495904 339724 288809 1310086 35 28 35  3  0  0
22  5 361680 2889608 1691636 183760144    0    0 480464 320664 294900 1351939 35 29 33  3  0  0
71  0 361680 2888196 1691636 183761284    0    0 478272 328112 290126 1327581 35 29 34  3  0  0
112  9 361680 2892656 1691644 183762432    0    0 482192 328156 292974 1339166 35 29 33  3  0  0
29  1 361680 2891932 1691644 183763620    0    0 474592 331420 290182 1324523 35 29 34  2  0  0
70  5 361680 2890016 1691644 183764800    0    0 479248 325276 292715 1335599 35 29 33  3  0  0
39  3 361680 2888168 1691644 183765956    0    0 479600 332016 287880 1320625 35 29 34  3  0  0
 3  0 361680 2886032 1691644 183767112    0    0 467312 316872 290501 1339931 36 30 32  2  0  0
63  2 361680 2883768 1691648 183768252    0    0 477280 327940 288255 1328956 35 29 34  2  0  0
 2  0 361680 2882504 1691648 183769376    0    0 468288 321048 287487 1339087 35 30 33  3  0  0
67  1 361680 2881824 1691648 183770564    0    0 509984 342684 288662 1322610 35 28 34  3  0  0
 8  2 361680 2878624 1691648 183771764    0    0 483248 324728 291277 1339169 35 29 34  3  0  0
procs -----------memory---------- ---swap-- -----io---- -system-- -------cpu-------
 r  b   swpd   free   buff  cache   si   so    bi    bo   in   cs us sy id wa st gu
88  7 361680 2874944 1691648 183772960    0    0 514800 351144 290328 1305499 35 28 35  3  0  0
27  5 361680 2883516 1691648 183774188    0    0 508896 330956 296379 1339958 35 30 32  3  0  0
 4  1 361680 2882288 1691648 183775452    0    0 485168 330840 294653 1342063 35 28 34  3  0  0
56  5 361680 2876388 1691648 183776672    0    0 469248 321036 288359 1338382 35 30 33  2  0  0
104  5 361680 2878504 1691648 183777860    0    0 494704 330628 293692 1336298 35 29 33  3  0  0
62  2 361680 2877780 1691648 183779088    0    0 473808 325628 289428 1339669 35 30 33  2  0  0
56  4 361680 2876620 1691652 183780248    0    0 481232 326412 298956 1356297 35 30 33  2  0  0
37  2 361680 2880732 1691652 183781496    0    0 477568 330816 288254 1323848 35 29 33  2  0  0
39  4 361680 2878792 1691652 183782660    0    0 499552 335004 296230 1342871 34 28 34  3  0  0
108 11 361680 2876048 1691652 183783892    0    0 488192 328268 294982 1346868 35 29 33  3  0  0
 4  0 361680 2874844 1691652 183785048    0    0 470144 326076 290935 1340634 35 30 33  2  0  0
35  2 361680 2874372 1691660 183786212    0    0 484688 329140 291266 1338416 35 29 33  2  0  0
33  3 361680 2881248 1691660 183787444    0    0 479344 328796 289070 1330376 35 29 34  2  0  0
 4  1 361680 2879912 1691660 183788660    0    0 491280 332480 294124 1334672 35 28 34  3  0  0
31  3 361680 2875536 1691660 183789924    0    0 476624 317432 290756 1352110 35 30 32  2  0  0
 5  0 361680 2879312 1691660 183791088    0    0 480320 329872 295821 1348857 35 29 33  3  0  0
38  0 361680 2878460 1691668 183792268    0    0 481968 327216 288533 1335569 35 30 33  2  0  0
86 13 361680 2875276 1691668 183793456    0    0 487504 337736 293305 1344596 35 28 34  3  0  0
32 14 361680 2871496 1691668 183794648    0    0 477920 332908 286640 1328126 34 30 34  2  0  0
83  7 361680 2871316 1691668 183795796    0    0 485504 328036 295332 1347510 35 29 33  3  0  0
40  2 361680 2866296 1691668 183797040    0    0 472672 328376 292304 1342066 35 29 34  2  0  0
procs -----------memory---------- ---swap-- -----io---- -system-- -------cpu-------
 r  b   swpd   free   buff  cache   si   so    bi    bo   in   cs us sy id wa st gu
58  0 361680 2859492 1691672 183798240    0    0 480128 320388 290366 1342062 35 30 32  2  0  0
45  3 361680 2859024 1691672 183799392    0    0 498896 331616 290842 1336705 36 29 33  3  0  0
18  6 361680 2857672 1691672 183800648    0    0 484912 329656 292235 1354123 36 29 33  2  0  0
39  2 361680 2856424 1691672 183801876    0    0 478640 328944 288241 1339981 35 29 33  2  0  0
88 11 361680 2856396 1691672 183803000    0    0 478880 330112 291440 1343253 35 29 33  3  0  0
62  3 361680 2857168 1691672 183804192    0    0 496096 342008 290786 1314449 34 28 35  3  0  0
90 12 361680 2858856 1691672 183805456    0    0 474992 320620 287852 1341980 35 29 33  2  0  0
 4  0 361680 2863848 1691672 183806652    0    0 501440 333812 294191 1342921 35 29 33  3  0  0
 2  0 361680 2860464 1691672 183807868    0    0 488016 337248 287195 1328539 35 28 35  2  0  0
85  2 361680 2860620 1691672 183809092    0    0 506672 334012 292377 1340879 35 28 34  3  0  0
52 13 361680 2856788 1691684 183810372    0    0 494384 329880 291155 1340004 35 29 34  3  0  0
47  1 361680 2854868 1691684 183811688    0    0 502832 336636 293682 1342331 35 29 33  3  0  0
92  3 361680 2854356 1691684 183812920    0    0 502592 333184 290869 1329356 35 29 33  3  0  0
55  0 361680 2851648 1691684 183814168    0    0 486912 328040 289738 1341068 34 30 33  3  0  0
 4  0 361680 2850892 1691684 183815348    0    0 479232 328824 286713 1336067 35 29 34  3  0  0
35  3 361680 2851248 1691688 183816536    0    0 474640 328892 286403 1338446 35 29 34  2  0  0
 5  0 361680 2850224 1691688 183817784    0    0 488784 334720 287515 1320976 34 29 34  3  0  0
99  5 361680 2849084 1691688 183818976    0    0 505088 333452 291233 1330705 35 28 34  3  0  0
29  1 361680 2845388 1691688 183820192    0    0 481872 324432 290713 1332750 35 29 33  2  0  0
51  7 361680 2845516 1691688 183821352    0    0 475424 324064 291896 1337819 35 29 33  2  0  0
 3  0 361680 2841768 1691692 183822552    0    0 483120 332876 290385 1322585 35 29 33  3  0  0
procs -----------memory---------- ---swap-- -----io---- -system-- -------cpu-------
 r  b   swpd   free   buff  cache   si   so    bi    bo   in   cs us sy id wa st gu
25  2 361680 2839408 1691692 183823736    0    0 475616 317896 298322 1359214 35 30 33  2  0  0
78  3 361680 2837220 1691692 183824944    0    0 478656 328624 291769 1336153 36 28 34  3  0  0
67 12 361680 2834280 1691692 183826088    0    0 486112 333012 288870 1333563 34 29 34  3  0  0
48  3 361680 2834072 1691692 183827288    0    0 481216 332496 288037 1319210 34 29 34  2  0  0
23  4 361680 2831624 1691704 183828476    0    0 485168 322900 289291 1337623 35 29 33  3  0  0
63  1 361680 2829104 1691704 183829696    0    0 494432 330592 291652 1329728 35 29 33  3  0  0
25  2 361680 2831856 1691704 183830924    0    0 481680 324768 288977 1336274 35 29 34  2  0  0
48  0 361680 2830516 1691704 183832088    0    0 489840 324636 295014 1338157 35 29 33  3  0  0
 5  2 361680 2820908 1691704 183833360    0    0 474944 329452 288667 1328272 34 30 33  2  0  0
115 10 361680 2822080 1691704 183834536    0    0 487168 325548 290560 1337654 36 29 33  3  0  0
102  4 361680 2820880 1691704 183835756    0    0 505360 339104 289059 1325443 35 29 33  3  0  0
57  1 361680 2819072 1691708 183836968    0    0 478976 332148 290215 1337139 36 28 34  2  0  0
70 18 361680 2816736 1691708 183838212    0    0 479696 331896 287919 1323194 34 30 34  3  0  0
110  3 361680 2812712 1691708 183839368    0    0 474208 314936 289585 1343224 35 30 33  3  0  0
15  4 361680 2812172 1691716 183840532    0    0 474752 330636 289968 1340710 35 29 34  2  0  0
63 27 361680 2814532 1691716 183841716    0    0 477824 333064 292603 1335208 35 28 34  2  0  0
57 11 361680 2810620 1691716 183842924    0    0 476784 320092 289882 1337283 35 30 33  2  0  0
83  8 361680 2809960 1691716 183844108    0    0 483744 328916 293090 1343768 35 28 34  3  0  0
 2  2 361680 2806284 1691716 183845308    0    0 471024 321392 289832 1340869 35 29 33  2  0  0
80  1 361680 2803612 1691720 183846452    0    0 498240 326024 294317 1339896 36 28 33  3  0  0
92  1 361680 2804032 1691720 183847716    0    0 484320 334952 285665 1321609 35 28 34  3  0  0
procs -----------memory---------- ---swap-- -----io---- -system-- -------cpu-------
 r  b   swpd   free   buff  cache   si   so    bi    bo   in   cs us sy id wa st gu
51  7 361680 2809232 1691720 183848896    0    0 496752 321456 289382 1344805 35 30 32  3  0  0
73 10 361680 2809664 1691720 183850100    0    0 476720 332904 285448 1325409 35 29 34  3  0  0
52  2 361680 2812864 1691720 183851276    0    0 495744 329236 290809 1339711 35 29 32  3  0  0
38  6 361680 2821608 1691724 183852556    0    0 488576 337636 287889 1322103 35 29 34  3  0  0
107 14 361680 2819232 1691724 183853676    0    0 474672 324988 290121 1339688 35 30 32  2  0  0
38  1 361680 2822668 1691724 183854900    0    0 472752 327996 287808 1329167 35 29 34  3  0  0
63  1 361680 2823352 1691724 183856076    0    0 502704 332820 294246 1339379 35 28 34  3  0  0
87 10 361680 2825008 1691724 183857344    0    0 494384 345296 286740 1318372 35 28 34  3  0  0
58  7 361680 2833004 1691736 183858520    0    0 476384 321668 288299 1334854 35 29 34  2  0  0
108 11 361680 2830020 1691736 183859720    0    0 483584 333016 286351 1313811 35 29 34  2  0  0
51  7 361680 2834416 1691744 183860912    0    0 480884 324076 292980 1354329 36 28 33  2  0  0
 5  0 361680 2832752 1691744 183862112    0    0 472960 328640 288441 1335886 35 29 34  2  0  0
95 13 361680 2832140 1691744 183863304    0    0 483840 329580 291156 1342474 36 29 33  2  0  0
 2  1 361680 2830768 1691744 183864532    0    0 480432 321300 289245 1345107 35 30 32  3  0  0
20  1 361680 2830764 1691744 183865672    0    0 500304 326944 293640 1353584 35 29 33  3  0  0
25  7 361680 2825916 1691744 183866944    0    0 479296 328848 289084 1331999 35 29 34  2  0  0
 4  1 361680 2823372 1691744 183868112    0    0 482336 332448 291961 1338104 35 29 34  2  0  0
41  1 361680 2821264 1691744 183869268    0    0 478480 321624 290978 1346369 35 30 33  2  0  0
24  1 361680 2819904 1691752 183870496    0    0 496336 335924 291670 1329983 35 28 34  3  0  0
33  7 361680 2819700 1691752 183871700    0    0 468976 323248 287619 1341592 35 30 33  3  0  0
65 12 361680 2824144 1691752 183872924    0    0 500992 335636 291958 1326320 35 29 33  3  0  0
procs -----------memory---------- ---swap-- -----io---- -system-- -------cpu-------
 r  b   swpd   free   buff  cache   si   so    bi    bo   in   cs us sy id wa st gu
96  4 361680 2822936 1691752 183874104    0    0 476704 327980 291932 1347378 36 29 33  2  0  0
74  2 361680 2820384 1691752 183875304    0    0 483424 334172 290689 1333105 35 28 34  2  0  0
53  1 361680 2817292 1691760 183876472    0    0 484368 325624 290519 1344817 35 30 33  2  0  0
50  4 361680 2818936 1691760 183877636    0    0 477296 323192 289725 1347520 35 30 33  2  0  0
 2  1 361680 2818020 1691760 183878828    0    0 483216 328628 292557 1337315 35 29 33  3  0  0
58  6 361680 2818696 1691760 183880052    0    0 497104 332364 291282 1332652 35 29 33  3  0  0
34  1 361680 2819276 1691760 183881292    0    0 478592 327916 288678 1333167 35 29 34  2  0  0
110 11 361680 2809328 1691768 183882508    0    0 495536 332884 290538 1337702 35 29 33  3  0  0
 4  1 361680 2804932 1691768 183883716    0    0 483264 329292 287934 1334930 35 29 33  3  0  0
23 26 361680 2808432 1691768 183884960    0    0 495792 330284 295502 1353767 35 29 33  3  0  0
44  5 361680 2807576 1691768 183886172    0    0 489136 335000 289271 1330000 35 29 33  3  0  0
44  4 361680 2807332 1691768 183887348    0    0 475040 319636 289722 1348254 36 30 32  2  0  0
15  0 361680 2811088 1691780 183888516    0    0 493040 337436 287944 1331092 35 29 33  3  0  0
79  3 361680 2808984 1691780 183889744    0    0 490752 327220 292615 1341584 35 29 33  3  0  0
 5  1 361680 2808000 1691780 183890940    0    0 481120 336732 286145 1310171 35 29 34  3  0  0
35  3 361680 2809904 1691780 183892168    0    0 489680 330160 289903 1334830 36 29 32  3  0  0
62  4 361680 2809736 1691780 183893392    0    0 493696 330788 289369 1331688 35 29 34  3  0  0
41 10 361680 2804004 1691792 183894584    0    0 493552 335588 288184 1324318 35 29 33  3  0  0
30  2 361680 2801436 1691792 183895820    0    0 489456 325680 292871 1343380 35 29 33  3  0  0
57  2 361680 2801040 1691792 183897048    0    0 472752 327708 288948 1341292 35 30 33  2  0  0
68 22 361680 2800008 1691792 183898224    0    0 484304 333632 288216 1327588 35 29 34  3  0  0
procs -----------memory---------- ---swap-- -----io---- -system-- -------cpu-------
 r  b   swpd   free   buff  cache   si   so    bi    bo   in   cs us sy id wa st gu
72  9 361680 2795208 1691792 183899396    0    0 502704 334056 293354 1339490 35 29 33  3  0  0
72  9 361680 2796712 1691800 183900636    0    0 467408 324684 285999 1342459 35 29 34  2  0  0
13  0 361680 2794196 1691800 183901784    0    0 484048 331832 292030 1334771 35 30 33  3  0  0
33 12 361680 2792248 1691800 183903048    0    0 496608 328472 291573 1341392 36 29 32  3  0  0
60  4 361680 2792340 1691800 183904220    0    0 485376 330660 288055 1321614 35 28 34  3  0  0
 3  0 361680 2788904 1691800 183905452    0    0 479712 331008 287715 1318940 35 29 34  2  0  0
78  2 361680 2787416 1691800 183906648    0    0 484928 327584 289597 1336309 35 29 33  3  0  0
15 12 361680 2785224 1691800 183907840    0    0 482048 330232 291856 1344216 35 29 33  2  0  0
56  0 361680 2787168 1691800 183909040    0    0 492192 333472 289232 1332532 35 29 33  3  0  0
83  5 361680 2787464 1691804 183910260    0    0 489632 327068 290413 1341362 35 29 33  3  0  0
59  5 361680 2788480 1691804 183911480    0    0 470256 330796 288190 1328169 34 30 34  2  0  0
76  6 361680 2786332 1691808 183912600    0    0 500512 332996 299669 1355715 36 28 33  3  0  0
46  5 361680 2785656 1691808 183913856    0    0 462000 320996 284645 1338800 34 29 35  2  0  0
 5  1 361680 2784124 1691808 183914992    0    0 482128 325492 290419 1344803 35 29 33  2  0  0
64  4 361680 2778336 1691808 183916240    0    0 475616 331136 285124 1320406 35 29 34  3  0  0
17  1 361680 2772412 1691808 183917440    0    0 490096 326408 292791 1347299 35 29 33  3  0  0
82  8 361680 2768312 1691820 183918636    0    0 493776 335084 292963 1332247 36 28 33  3  0  0
67  8 361680 2772824 1691820 183919856    0    0 485168 330356 289469 1330510 35 29 33  2  0  0
44  0 361680 2767940 1691820 183921068    0    0 484464 329904 292353 1341409 35 29 33  2  0  0
50  2 361680 2766520 1691820 183922260    0    0 459392 321184 286490 1327976 34 30 34  2  0  0
47  3 361680 2763940 1691820 183923412    0    0 479664 326748 295295 1360606 35 29 33  2  0  0
procs -----------memory---------- ---swap-- -----io---- -system-- -------cpu-------
 r  b   swpd   free   buff  cache   si   so    bi    bo   in   cs us sy id wa st gu
50 14 361680 2763856 1691828 183924576    0    0 460144 318728 286462 1335562 35 29 34  2  0  0
77 21 361680 2760264 1691828 183925756    0    0 486448 337396 293702 1337799 35 28 34  3  0  0
66  3 361680 2760692 1691828 183926968    0    0 493632 321116 288351 1343296 35 29 33  3  0  0
62 12 361680 2756860 1691828 183928156    0    0 474784 322600 298848 1352060 35 30 33  2  0  0
45  7 361680 2762220 1691828 183929340    0    0 478672 329040 288486 1329826 35 29 34  2  0  0
59  8 361680 2758472 1691832 183930524    0    0 478128 320780 292612 1350678 36 29 33  2  0  0
54  0 361680 2756896 1691832 183931720    0    0 485424 330456 290875 1328047 35 29 34  2  0  0
61  2 361680 2756900 1691832 183932904    0    0 468848 323616 290120 1337014 35 30 33  2  0  0
79  2 361680 2757676 1691832 183934084    0    0 510752 338256 290805 1325089 36 28 33  3  0  0
 1  1 361680 2757220 1691832 183935328    0    0 465248 328588 287235 1331122 34 30 33  2  0  0
89 10 361680 2756664 1691840 183936508    0    0 483104 327212 289506 1332999 35 30 33  3  0  0
92  0 361680 2754352 1691840 183937632    0    0 470720 324872 290870 1337870 35 29 33  2  0  0
78  7 361680 2750752 1691840 183938860    0    0 490752 331628 289097 1328025 34 29 34  2  0  0
90  4 361680 2750348 1691840 183940064    0    0 479728 322372 293002 1349102 36 29 33  2  0  0
41 10 361680 2745776 1691840 183941276    0    0 485504 337724 289907 1323917 35 29 34  3  0  0
91  7 361680 2744244 1691848 183942448    0    0 482544 324980 292906 1335624 35 29 33  3  0  0
107  8 361680 2745412 1691848 183943684    0    0 482384 329360 293838 1342411 35 29 33  2  0  0
97  8 361680 2742304 1691848 183944868    0    0 475936 328000 288014 1324727 35 29 34  3  0  0
 4  1 361680 2746228 1691848 183946088    0    0 473344 321784 295373 1353641 35 30 33  2  0  0
 5  0 361680 2744796 1691848 183947252    0    0 480048 328956 288325 1326151 35 29 34  2  0  0
93  3 361680 2742788 1691860 183948456    0    0 511792 335260 298704 1340892 35 29 33  3  0  0
procs -----------memory---------- ---swap-- -----io---- -system-- -------cpu-------
 r  b   swpd   free   buff  cache   si   so    bi    bo   in   cs us sy id wa st gu
78  9 361680 2741380 1691860 183949696    0    0 474192 325960 290830 1340646 35 30 33  2  0  0
61  3 361680 2741856 1691860 183950904    0    0 499808 330540 290668 1334750 35 29 33  3  0  0
 5  0 361680 2741128 1691860 183952148    0    0 487104 332220 292083 1321694 35 29 34  2  0  0
48  0 361680 2737704 1691860 183953292    0    0 485328 326572 290181 1344093 35 29 34  3  0  0
62  2 361680 2740528 1691864 183954512    0    0 484272 332824 292181 1343679 35 28 34  2  0  0
61  2 361680 2739588 1691864 183955684    0    0 479424 327728 288154 1327520 35 29 33  3  0  0
 8  0 361680 2738612 1691864 183956952    0    0 489712 331388 291874 1333167 35 30 33  2  0  0
51  3 361680 2732140 1691864 183958164    0    0 489680 322424 289665 1338308 35 29 33  3  0  0
52 19 361680 2735208 1691864 183959356    0    0 515008 338676 291798 1330579 35 28 33  3  0  0
 5  0 361680 2733200 1691868 183960608    0    0 473664 331052 292071 1337901 35 30 32  2  0  0
77  1 361680 2730900 1691868 183961812    0    0 484000 332608 289763 1324892 35 29 34  2  0  0
51  4 361680 2728772 1691868 183963004    0    0 492960 333668 290521 1332048 35 28 34  3  0  0
 5  0 361680 2730168 1691868 183964220    0    0 488064 334928 294338 1337256 35 29 33  3  0  0
27  1 361680 2725308 1691868 183965448    0    0 497296 327092 291535 1331141 36 28 33  3  0  0
14  0 361680 2721572 1691868 183966664    0    0 467648 328260 287637 1332638 34 30 33  3  0  0
 3  0 361680 2722856 1691868 183967836    0    0 487728 326528 293659 1347395 35 30 32  2  0  0
92  3 361680 2723548 1691868 183969048    0    0 481216 327952 288748 1327269 35 30 33  3  0  0
62  4 361680 2722832 1691868 183970264    0    0 482784 329056 288942 1336165 35 29 33  3  0  0
27  7 361680 2722340 1691868 183971392    0    0 473552 330952 286183 1331220 34 30 34  2  0  0
43  1 361680 2720952 1691872 183972612    0    0 491120 327744 292511 1343251 35 29 33  3  0  0
30  2 361680 2716408 1691872 183973836    0    0 475088 325260 286970 1330263 35 29 34  2  0  0
procs -----------memory---------- ---swap-- -----io---- -system-- -------cpu-------
 r  b   swpd   free   buff  cache   si   so    bi    bo   in   cs us sy id wa st gu
18  0 361680 2713316 1691872 183975032    0    0 495840 328476 290512 1347026 35 30 32  3  0  0
23  1 361680 2711016 1691872 183976268    0    0 466912 323892 285986 1317068 34 30 33  2  0  0
33  1 361680 2712768 1691872 183977376    0    0 475728 323928 294795 1358881 35 30 33  2  0  0
77  7 361680 2709528 1691872 183978588    0    0 477632 331892 287414 1334274 34 30 34  3  0  0
 4  0 361680 2707676 1691872 183979752    0    0 476704 319240 290987 1347281 35 29 33  2  0  0
67 10 361680 2704976 1691872 183980948    0    0 484064 324904 290892 1342017 35 29 34  3  0  0
29 16 361680 2704500 1691872 183982196    0    0 472432 325320 289187 1338677 34 30 33  3  0  0
38  8 361680 2702904 1691872 183983292    0    0 479584 323044 288318 1352032 36 29 33  2  0  0
53  6 361680 2702532 1691880 183984496    0    0 493984 336452 287101 1332184 34 29 33  3  0  0
82  4 361680 2699572 1691880 183985724    0    0 480704 324768 294298 1349142 35 30 33  3  0  0
50  2 361680 2701740 1691880 183986920    0    0 479680 330200 284420 1329657 35 29 34  3  0  0
31 13 361680 2702296 1691880 183988124    0    0 471456 321660 289701 1340867 35 30 33  2  0  0
 4  4 361680 2697580 1691880 183989312    0    0 488176 328504 287317 1335184 35 28 34  3  0  0
64  2 361680 2691484 1691884 183990480    0    0 470128 322892 287785 1339408 35 30 33  2  0  0
61 22 361680 2688272 1691884 183991688    0    0 482320 334464 286634 1320033 34 29 34  3  0  0
80  5 361680 2687564 1691884 183992864    0    0 483488 322532 294655 1355756 35 30 33  2  0  0
48  3 361680 2689960 1691884 183994072    0    0 473616 322940 286877 1332115 35 29 34  3  0  0
69  2 361680 2686132 1691884 183995204    0    0 487152 327232 292689 1348759 35 29 33  3  0  0
100 21 361680 2684812 1691888 183996412    0    0 481952 330416 287020 1318340 35 29 34  2  0  0
29  2 361680 2682380 1691892 183997584    0    0 488356 324040 286850 1335964 35 29 33  3  0  0
51  3 361680 2680992 1691892 183998832    0    0 489008 329252 288736 1338986 35 29 33  3  0  0
procs -----------memory---------- ---swap-- -----io---- -system-- -------cpu-------
 r  b   swpd   free   buff  cache   si   so    bi    bo   in   cs us sy id wa st gu
93 12 361680 2681620 1691892 184000064    0    0 484160 329104 288905 1342015 35 29 33  3  0  0
24  3 361680 2677204 1691892 184001224    0    0 469264 329428 285432 1326415 35 28 34  2  0  0
77  4 361680 2672916 1691896 184002384    0    0 482848 323456 286390 1332931 35 29 34  3  0  0
38  0 361680 2670000 1691896 184003644    0    0 495904 324016 296830 1352233 36 30 32  3  0  0
31  1 361680 2669556 1691896 184004828    0    0 468064 326280 289176 1344410 35 29 33  2  0  0
40  7 361680 2671040 1691896 184006036    0    0 488000 327464 292004 1350943 35 29 34  3  0  0
 5  0 361680 2667272 1691896 184007220    0    0 466448 326000 287646 1332496 35 29 33  2  0  0
54  7 361680 2669476 1691896 184008336    0    0 484864 326836 292354 1344183 35 30 33  2  0  0
71  4 361680 2667012 1691896 184009552    0    0 474592 323464 288458 1336993 34 30 33  2  0  0
64  8 361680 2665304 1691896 184010780    0    0 475152 325460 293002 1344896 35 29 33  2  0  0
 4  0 361680 2641052 1692124 184011692    0    0 467864 326812 286906 1327184 35 30 33  2  0  0
110 18 361680 2978324 1692124 183671508    0    0 488456 319408 292026 1347152 35 29 33  3  0  0
42  3 361680 2971344 1692132 183671428    0    0 492240 330784 288977 1333237 35 29 34  3  0  0
73  4 361680 2972568 1692132 183672688    0    0 475632 324260 291676 1343457 35 29 33  2  0  0
49  4 361680 2955280 1692132 183673812    0    0 491744 338000 294972 1330459 35 28 34  3  0  0
53 10 361680 2958668 1692132 183674984    0    0 483056 324408 290947 1341080 35 30 33  3  0  0
80  3 361680 2959792 1692132 183676172    0    0 493328 327584 297022 1360458 35 29 33  3  0  0
106  7 361680 2962120 1692132 183677356    0    0 467600 329532 287535 1336465 35 29 34  2  0  0
120  6 361680 2962448 1692132 183678440    0    0 471344 317232 293997 1350675 35 30 33  2  0  0
32  4 361680 2959304 1692132 183679624    0    0 486528 334392 288408 1321678 35 29 34  3  0  0
53  3 361680 2954224 1692132 183680828    0    0 484000 317844 292528 1356401 36 29 33  3  0  0
procs -----------memory---------- ---swap-- -----io---- -system-- -------cpu-------
 r  b   swpd   free   buff  cache   si   so    bi    bo   in   cs us sy id wa st gu
72  1 361680 2963232 1692132 183682000    0    0 498512 338580 288232 1324750 35 28 34  3  0  0
38  9 361680 2965712 1692140 183683192    0    0 486368 331316 289236 1334191 35 29 34  3  0  0
83 34 361680 2969672 1692140 183684352    0    0 493488 330724 289962 1337410 36 29 33  3  0  0
81 10 361680 2970168 1692140 183685552    0    0 475344 323936 287979 1337022 35 29 33  3  0  0
63  9 361680 2970852 1692140 183686684    0    0 482496 328504 288596 1339571 35 29 33  3  0  0
83  8 361680 2972628 1692140 183687868    0    0 492032 334456 290231 1337929 35 29 33  3  0  0
 6  0 361680 2971604 1692144 183689020    0    0 485008 330684 287693 1336088 35 29 34  2  0  0
109  4 361680 2971948 1692144 183690224    0    0 477888 336076 286311 1324491 35 28 35  2  0  0
18  4 361680 2971608 1692144 183691384    0    0 468640 315124 289737 1362767 35 30 32  2  0  0
91  6 361680 2974388 1692144 183692536    0    0 489232 334824 288757 1326696 35 29 34  3  0  0
43 14 361680 2974760 1692144 183693700    0    0 482944 329672 292500 1338066 35 28 34  2  0  0
23  2 361680 2977176 1692144 183694868    0    0 483584 326268 291526 1339752 35 30 33  3  0  0
63  7 361680 2981416 1692144 183695996    0    0 479568 332112 286530 1327808 35 29 34  3  0  0
 4  1 361680 2981836 1692144 183697180    0    0 490096 331992 290090 1339147 35 29 33  3  0  0
 3  1 361680 2983792 1692144 183698376    0    0 471904 321068 286838 1339804 35 30 33  3  0  0
108  3 361680 2976976 1692144 183699496    0    0 485440 323908 290234 1343767 35 30 32  3  0  0
 4  0 361680 2976424 1692148 183700672    0    0 481376 332092 288104 1326030 35 29 34  3  0  0
95 15 361680 2971836 1692148 183701848    0    0 496352 338924 294609 1337000 36 28 34  3  0  0
86 12 361680 2971440 1692148 183703020    0    0 471184 323008 286366 1343708 36 29 33  2  0  0
80  1 361680 2970936 1692148 183704140    0    0 489088 325420 294516 1348419 35 29 32  3  0  0
41  1 361680 2965644 1692148 183705308    0    0 460112 319904 285138 1341664 35 29 34  2  0  0
procs -----------memory---------- ---swap-- -----io---- -system-- -------cpu-------
 r  b   swpd   free   buff  cache   si   so    bi    bo   in   cs us sy id wa st gu
 4  0 361680 2960892 1692148 183706412    0    0 485584 331248 295135 1345427 35 29 33  2  0  0
44  6 361680 2956736 1692148 183707596    0    0 472128 322060 287470 1343687 35 30 33  2  0  0
98  6 361680 2960016 1692148 183708720    0    0 487408 332408 289904 1333492 35 29 34  3  0  0
11  1 361680 2957740 1692148 183709932    0    0 480688 338384 289127 1324506 35 29 34  3  0  0
 3  1 361680 2958932 1692148 183711076    0    0 489328 319580 291961 1353112 35 29 33  3  0  0
112  9 361680 2955792 1692152 183712224    0    0 496448 332320 287418 1324680 35 28 34  3  0  0
 9  1 361680 2962576 1692152 183713456    0    0 474592 326664 288677 1345983 35 30 33  3  0  0
89  5 361680 2963640 1692152 183714596    0    0 491888 325540 291034 1338634 36 29 33  2  0  0
49 10 361680 2960284 1692152 183715816    0    0 480576 329816 289870 1333089 35 30 34  2  0  0
40 11 361680 2958968 1692152 183716972    0    0 485488 327980 294542 1344882 35 29 33  2  0  0
 3  0 361680 2962144 1692160 183718152    0    0 475440 327804 289101 1341869 35 30 33  2  0  0
77 14 361680 2961232 1692160 183719316    0    0 496688 333676 292366 1337644 35 29 33  3  0  0
 4  0 361680 2959892 1692160 183720516    0    0 463616 324572 287628 1343771 35 30 33  2  0  0
38 13 361680 2963316 1692160 183721600    0    0 468736 311844 285781 1341130 35 29 33  2  0  0
99  6 361680 2958416 1692160 183722744    0    0 473152 327272 285155 1322968 35 29 34  2  0  0
67  1 361680 2957556 1692164 183723852    0    0 468976 324216 291862 1338891 34 30 33  2  0  0
91  5 361680 2957492 1692164 183725012    0    0 481328 327340 287332 1328219 35 29 34  3  0  0
103 20 361680 2956756 1692164 183726152    0    0 467856 324360 286404 1332387 35 30 34  2  0  0
38 10 361680 2955280 1692164 183727284    0    0 483808 325640 293287 1340606 36 28 34  2  0  0
90 16 361680 2956532 1692164 183728460    0    0 475040 321436 287315 1326705 35 29 33  2  0  0
63 13 361680 2957276 1692172 183729612    0    0 497360 326240 295574 1351448 35 29 34  3  0  0
procs -----------memory---------- ---swap-- -----io---- -system-- -------cpu-------
 r  b   swpd   free   buff  cache   si   so    bi    bo   in   cs us sy id wa st gu
69 27 361680 2955612 1692172 183730820    0    0 470832 321608 286794 1330266 34 29 34  2  0  0
32  6 361680 2953704 1692172 183731940    0    0 469712 318916 289491 1335301 34 30 33  2  0  0
65  4 361680 2949536 1692172 183733092    0    0 466224 320856 287224 1328903 35 29 34  2  0  0
80 14 361680 2947712 1692172 183734216    0    0 494208 329552 289944 1335142 35 29 33  3  0  0
17  0 361680 2949684 1692176 183735380    0    0 477760 329248 287411 1331919 35 29 33  3  0  0
101 14 361680 2949252 1692176 183736552    0    0 469504 326536 289525 1339217 35 29 34  3  0  0
 3  1 361680 2946648 1692176 183737664    0    0 498688 333752 293554 1348580 35 29 33  3  0  0
85  1 361680 2930948 1692176 183738908    0    0 485488 327184 289379 1343361 35 29 34  2  0  0
68 15 361680 2925428 1692176 183740064    0    0 481232 333492 289325 1328815 34 29 34  3  0  0
82  7 361680 2926692 1692176 183741236    0    0 479024 321172 288569 1340257 35 30 33  2  0  0
40  3 361680 2926668 1692176 183742384    0    0 474880 325696 288056 1344231 35 29 34  2  0  0
19  0 361680 2926396 1692176 183743512    0    0 477440 325040 289434 1337360 35 30 33  2  0  0
30  0 361680 2926992 1692176 183744668    0    0 478416 330476 290541 1339836 35 29 33  2  0  0
26  5 361680 2925248 1692176 183745856    0    0 489056 324268 292475 1354577 35 30 33  2  0  0
71 14 361680 2926112 1692180 183746988    0    0 476400 325240 295921 1356261 35 29 33  2  0  0
91  8 361680 2924908 1692180 183748156    0    0 473024 329404 287174 1335411 35 29 34  2  0  0
30  1 361680 2921268 1692180 183749292    0    0 492384 329180 291036 1341126 36 29 33  3  0  0
42  5 361680 2917740 1692180 183750560    0    0 490480 330720 287417 1325005 35 28 34  2  0  0
67  3 361680 2917612 1692180 183751708    0    0 485504 330076 294184 1337572 35 29 33  2  0  0
24  6 361680 2917048 1692180 183752888    0    0 476752 330836 290763 1338844 35 28 34  2  0  0
93 25 361680 2912628 1692180 183754020    0    0 484832 325436 290327 1337131 35 30 33  3  0  0
procs -----------memory---------- ---swap-- -----io---- -system-- -------cpu-------
 r  b   swpd   free   buff  cache   si   so    bi    bo   in   cs us sy id wa st gu
84 12 361680 2910544 1692180 183755252    0    0 482064 323932 289385 1344645 35 29 34  2  0  0
52  2 361680 2906688 1692180 183756464    0    0 475392 329128 288048 1338468 35 29 33  2  0  0
20  2 361680 2904548 1692180 183757672    0    0 497360 331984 296111 1340538 36 29 33  2  0  0
88  9 361680 2903288 1692184 183758872    0    0 461744 326748 290796 1336799 34 29 34  2  0  0
58  3 361680 2904792 1692184 183760008    0    0 492272 326776 295477 1346416 35 29 34  2  0  0
85  7 361680 2902204 1692184 183761236    0    0 480352 327016 289292 1343343 35 29 33  3  0  0
83  6 361680 2896048 1692184 183762448    0    0 486144 321124 296976 1353056 35 30 33  2  0  0
66  2 361680 2891764 1692184 183763716    0    0 472352 331848 288111 1335748 35 29 33  2  0  0
56 21 361680 2892108 1692188 183764796    0    0 474768 318760 289685 1341584 35 30 33  2  0  0
89  7 361680 2888860 1692188 183765996    0    0 479520 332004 287496 1333262 35 29 34  2  0  0
81 10 361680 2886736 1692188 183767172    0    0 474128 322280 290295 1351510 36 29 34  2  0  0
69  5 361680 2885300 1692188 183768332    0    0 487120 330852 295050 1341565 35 29 33  2  0  0
40  8 361680 2885068 1692188 183769572    0    0 486912 326168 289732 1335508 35 28 34  2  0  0
39 34 361680 2885340 1692196 183770760    0    0 479008 327824 291736 1338107 35 29 34  2  0  0
77  4 361680 2884328 1692196 183771964    0    0 475216 323364 290800 1339943 35 30 33  2  0  0
55  6 361680 2885504 1692196 183773164    0    0 489904 326916 296572 1344770 35 29 33  3  0  0
38  1 361680 2881784 1692196 183774372    0    0 485696 332340 288257 1316462 35 29 33  3  0  0
33  1 361680 2877880 1692196 183775552    0    0 496704 323456 292352 1353049 35 30 33  3  0  0
70  3 361680 2875936 1692204 183776760    0    0 482144 334468 286705 1322319 35 29 34  2  0  0
86  9 361680 2874984 1692204 183777916    0    0 475296 333736 291528 1323874 35 29 34  2  0  0
16  0 361680 2875092 1692204 183779168    0    0 492624 334296 288948 1316760 35 29 33  3  0  0
procs -----------memory---------- ---swap-- -----io---- -system-- -------cpu-------
 r  b   swpd   free   buff  cache   si   so    bi    bo   in   cs us sy id wa st gu
36 10 361680 2873512 1692204 183780372    0    0 473888 326628 291578 1345799 34 30 33  2  0  0
53  1 361680 2870132 1692204 183781536    0    0 470896 322968 288704 1342137 35 29 34  2  0  0
119  8 361680 2866240 1692208 183782716    0    0 485648 334144 287497 1331908 35 29 34  3  0  0
75  0 361680 2867648 1692208 183783948    0    0 474624 332288 288247 1326318 35 29 34  2  0  0
10  1 361680 2864444 1692208 183785124    0    0 472624 324672 288732 1337744 35 29 33  2  0  0
105 14 361680 2861468 1692208 183786264    0    0 476640 327132 286251 1335490 35 29 34  2  0  0
82  7 361680 2860456 1692208 183787412    0    0 469952 319800 286204 1330727 34 30 33  2  0  0
54 12 361680 2857980 1692212 183788604    0    0 481792 328024 292465 1335926 35 28 35  2  0  0
54  9 361680 2854832 1692216 183789904    0    0 474596 319080 287987 1342829 35 30 33  2  0  0
64  7 361680 2855336 1692216 183791064    0    0 480912 325212 291800 1347042 35 29 34  3  0  0
97 14 361680 2853820 1692216 183792260    0    0 468448 326620 287613 1332213 35 28 34  2  0  0
63  3 361680 2852976 1692216 183793432    0    0 470832 321768 293812 1352338 35 30 33  2  0  0
20 17 361680 2850984 1692220 183794628    0    0 478272 325348 289833 1330926 35 30 33  2  0  0
57  4 361680 2850856 1692220 183795760    0    0 488320 328900 288736 1327229 35 29 33  2  0  0
70  4 361680 2848872 1692220 183797008    0    0 484064 336136 289153 1323048 35 29 34  2  0  0
50  1 361680 2848600 1692220 183798212    0    0 498576 336396 290185 1331012 35 29 34  3  0  0
46  2 361680 2847248 1692220 183799460    0    0 499952 329832 290818 1341178 36 28 33  3  0  0
50  0 361680 2840772 1692220 183800716    0    0 486000 333168 289861 1331927 35 29 33  3  0  0
52  5 361680 2841492 1692220 183801976    0    0 490544 335408 288990 1321969 35 29 34  3  0  0
73  6 361680 2844828 1692220 183803200    0    0 507520 334364 291471 1343410 35 29 33  3  0  0
73 17 361680 2842656 1692220 183804444    0    0 478480 339168 289471 1329325 35 29 34  2  0  0
procs -----------memory---------- ---swap-- -----io---- -system-- -------cpu-------
 r  b   swpd   free   buff  cache   si   so    bi    bo   in   cs us sy id wa st gu
85  5 361680 2841032 1692220 183805644    0    0 492704 327488 290730 1334016 36 29 33  2  0  0
103 14 361680 2841684 1692224 183806860    0    0 473984 328548 286452 1329521 35 29 34  2  0  0
41  3 361680 2837792 1692224 183808092    0    0 505904 327284 290429 1325971 35 29 33  3  0  0
18  0 361680 2836140 1692224 183809340    0    0 484976 326152 290754 1331531 36 29 33  2  0  0
82  9 361680 2837520 1692224 183810528    0    0 488560 336808 288588 1322858 35 29 34  3  0  0
39  3 361680 2834512 1692224 183811772    0    0 486832 319948 289305 1339792 36 29 32  3  0  0
31  1 361680 2837332 1692224 183812964    0    0 503600 338568 287411 1323480 35 28 34  3  0  0
64  8 361680 2838184 1692224 183814220    0    0 476032 332884 285242 1329739 35 29 34  2  0  0
70 17 361680 2838300 1692224 183815388    0    0 480736 329028 294490 1351014 35 29 33  2  0  0
69 10 361680 2836928 1692224 183816600    0    0 481296 326716 287720 1331066 35 29 33  2  0  0
 5  2 361680 2834276 1692224 183817768    0    0 471584 315964 287860 1354217 35 30 32  3  0  0
 7  0 361680 2835180 1692228 183818916    0    0 472992 319892 286796 1338717 34 29 34  3  0  0
59 12 361680 2836204 1692228 183820076    0    0 479472 326880 288507 1326796 34 29 34  3  0  0
67 13 361680 2829164 1692228 183821312    0    0 462896 329768 285605 1319308 35 29 34  2  0  0
52  6 361680 2827712 1692228 183822436    0    0 468752 321204 291975 1346323 35 30 33  2  0  0
 4  0 361680 2826012 1692228 183823632    0    0 488848 326336 293073 1341691 36 29 33  2  0  0
51  2 361680 2825820 1692228 183824840    0    0 470416 328220 286786 1329550 35 29 34  2  0  0
 4  1 361680 2784460 1692796 183825712    0    0 492192 326632 288705 1331305 36 29 32  3  0  0
102  9 361680 2779428 1692796 183829024    0    0 485488 328676 284221 1312609 36 27 34  2  0  0
65  1 361680 2779240 1692796 183830708    0    0 471776 315720 286588 1331199 36 29 32  3  0  0
106  5 361680 2775700 1692796 183831880    0    0 485968 331988 287084 1316388 36 28 33  2  0  0
procs -----------memory---------- ---swap-- -----io---- -system-- -------cpu-------
 r  b   swpd   free   buff  cache   si   so    bi    bo   in   cs us sy id wa st gu
59 22 361680 2776536 1692796 183833120    0    0 463888 325784 285274 1317979 36 29 33  2  0  0
45  5 361680 2772680 1692804 183834264    0    0 478020 324852 283346 1321232 36 28 33  2  0  0
57  1 361680 2771868 1692804 183835420    0    0 475728 318844 289431 1333766 36 29 32  2  0  0
45  5 361680 2770344 1692804 183836620    0    0 483312 324264 287395 1324127 36 28 33  2  0  0
58  8 361680 2767008 1692804 183837804    0    0 476880 325980 287461 1320415 36 28 33  2  0  0
50 18 361680 2766524 1692804 183839000    0    0 478576 324108 288978 1332444 36 28 33  2  0  0
52 14 361680 2766600 1692808 183840172    0    0 462752 323892 286799 1340464 36 29 33  2  0  0
113 19 361680 2762624 1692808 183841340    0    0 510368 329052 290107 1325470 36 28 32  3  0  0
35  0 361680 2761776 1692808 183842604    0    0 473344 319556 287698 1344381 37 29 32  2  0  0
61  8 361680 2762636 1692808 183843744    0    0 493984 347152 287012 1301257 35 28 34  3  0  0
 5  0 361680 2760268 1692808 183844952    0    0 469856 325212 286365 1324001 36 29 33  2  0  0
 7  0 361680 2765528 1692816 183846156    0    0 478112 327432 284296 1331580 37 28 33  2  0  0
52  7 361680 2761356 1692816 183847348    0    0 478560 324796 283400 1327985 36 29 33  2  0  0
34 11 361680 2760596 1692816 183848548    0    0 481008 330188 285506 1323204 36 29 33  2  0  0
30  2 361680 2762164 1692816 183849724    0    0 471280 319348 283251 1326744 36 29 32  3  0  0
51 13 361680 2759932 1692816 183850904    0    0 473344 325996 288832 1334232 36 29 32  2  0  0
58 13 361680 2759004 1692824 183852072    0    0 476128 319272 282647 1326113 35 29 33  3  0  0
76 22 361680 2757084 1692824 183853236    0    0 479936 330636 289200 1327521 36 28 34  3  0  0
11  0 361680 2748060 1692824 183854448    0    0 500624 337312 286611 1316074 35 29 33  3  0  0
 7  2 361680 2744480 1692824 183855720    0    0 481120 324972 288098 1342412 36 29 32  3  0  0
 5  0 361680 2742760 1692824 183856928    0    0 485888 333828 293762 1334557 35 28 34  2  0  0
procs -----------memory---------- ---swap-- -----io---- -system-- -------cpu-------
 r  b   swpd   free   buff  cache   si   so    bi    bo   in   cs us sy id wa st gu
13  0 361680 2745736 1692832 183858220    0    0 477340 326308 282711 1312277 35 28 34  3  0  0
74  4 361680 2746600 1692832 183859408    0    0 483388 320176 292083 1350531 36 29 32  2  0  0
81 10 361680 2746552 1692832 183860708    0    0 475792 327448 284505 1323588 36 28 34  2  0  0
45  3 361680 2746736 1692832 183861884    0    0 467356 316232 284149 1327565 36 29 33  2  0  0
100 12 361680 2737200 1692832 183863100    0    0 461780 324892 281983 1323581 36 29 33  2  0  0
79  4 361680 2720716 1693348 183863948    0    0 470324 314524 288989 1342510 36 29 32  2  0  0
72  8 361680 2897164 1695736 183590984    0    0 536996 332668 287491 1332806 36 28 34  2  0  0
50  0 361680 2843112 1696452 183649956    0    0 471668 313988 283487 1337086 35 30 33  2  0  0
 7  0 360656 2998100 1697640 183682712 1900    0 507300 323456 290490 1354902 35 29 33  3  0  0
34  2 360656 2973956 1697776 183686868    0    0 452188 317032 280732 1315892 35 29 34  2  0  0
68  3 360656 3007644 1697784 183688996    0    0 495860 328496 289150 1339589 36 29 32  2  0  0
36  6 360656 3004772 1697784 183692852    0    0 480496 331700 287288 1320907 36 28 34  3  0  0
42  7 360656 3005164 1697784 183694020    0    0 478224 326640 291866 1339031 36 29 33  2  0  0
63  2 360656 3009216 1697784 183695220    0    0 479744 325180 284741 1318427 36 28 33  3  0  0
17  5 360656 3009096 1697796 183696360    0    0 472944 324824 290339 1337110 36 29 33  2  0  0
 6  1 360656 3015304 1697796 183697584    0    0 470448 320440 285269 1328981 36 29 33  2  0  0
52  2 360656 3018096 1697796 183698760    0    0 474128 323600 285928 1335031 36 28 33  2  0  0
89  5 360656 3017852 1697796 183699932    0    0 465664 320360 282550 1324410 36 28 33  2  0  0
60 20 360656 3017572 1697796 183701080    0    0 467664 330708 288729 1338596 36 28 34  2  0  0
62  4 360656 3019536 1697796 183702208    0    0 469168 318876 287084 1317853 36 29 33  2  0  0
 5  0 360656 3018148 1697796 183703336    0    0 480752 320696 290984 1338638 36 28 33  2  0  0
procs -----------memory---------- ---swap-- -----io---- -system-- -------cpu-------
 r  b   swpd   free   buff  cache   si   so    bi    bo   in   cs us sy id wa st gu
 3  1 360656 3021380 1697796 183704496    0    0 463632 319620 290458 1327582 36 29 33  2  0  0
 4  0 360656 3016728 1697796 183705716    0    0 474544 329960 283723 1326658 35 29 33  2  0  0
98 17 360656 3019132 1697800 183706848    0    0 475872 370476 283718 1337118 37 28 33  2  0  0
61 16 360656 3021924 1697800 183708060    0    0 446448 314020 282836 1334018 35 29 34  2  0  0
49 11 360656 3023724 1697800 183709132    0    0 467616 316488 292334 1352515 36 29 33  2  0  0
71  5 360656 3020116 1697800 183710316    0    0 474016 323264 284190 1331318 36 29 33  2  0  0
54  3 360656 3016908 1697800 183711456    0    0 486880 321876 286238 1333641 36 29 33  3  0  0
52  0 360656 3018996 1697800 183712680    0    0 469168 323988 282585 1325463 35 29 33  3  0  0
112  3 360656 3015564 1697804 183713840    0    0 472544 317124 285952 1341938 36 29 33  2  0  0
 3  0 360656 3014224 1697804 183715012    0    0 467904 327112 282497 1319414 36 28 34  2  0  0
20  2 360656 3015888 1697804 183716184    0    0 469696 314076 285649 1343136 36 29 33  2  0  0
73  0 360656 3014328 1697804 183717284    0    0 486592 331524 294472 1339987 36 29 32  3  0  0
58  2 360656 2969224 1697804 183718536    0    0 473924 324140 283962 1332267 35 29 33  2  0  0
50  5 360656 2817504 1697960 183778804    0    0 472196 324708 287312 1342852 36 29 33  3  0  0
42  0 360656 2805740 1697968 183781272    0    0 481760 326456 288544 1342582 37 28 33  3  0  0
89  4 360656 2793076 1697968 183782540    0    0 466640 322276 284013 1328727 35 29 34  2  0  0
75  6 360656 2864920 1697968 183725932    0    0 475312 322500 284074 1320445 36 28 34  2  0  0
109 21 360656 2873072 1697976 183726624    0    0 468920 325508 281915 1323447 36 28 34  2  0  0
63 13 360656 2883556 1697976 183727732    0    0 476528 325432 290925 1333090 36 29 33  2  0  0
 6  0 360656 2890252 1697980 183728920    0    0 476288 325224 283290 1329898 36 29 33  3  0  0
81 14 360656 2894376 1697980 183730064    0    0 475104 315348 284677 1345831 37 29 32  2  0  0
procs -----------memory---------- ---swap-- -----io---- -system-- -------cpu-------
 r  b   swpd   free   buff  cache   si   so    bi    bo   in   cs us sy id wa st gu
32  5 360656 2899360 1697980 183731184    0    0 474880 326512 285499 1330948 36 29 32  2  0  0
52 27 360656 2908172 1697980 183732356    0    0 477824 333640 285079 1327882 36 29 32  2  0  0
78  5 360656 2917424 1697980 183733484    0    0 483632 330068 284124 1317978 36 28 34  2  0  0
48 15 360656 2926396 1697984 183734680    0    0 484176 321900 285583 1341724 36 29 33  2  0  0
 5  1 360656 2930472 1697984 183735824    0    0 471184 330936 287745 1324676 36 29 33  2  0  0
64  5 360656 2935176 1697984 183736948    0    0 489392 326688 285230 1324093 36 29 33  2  0  0
30  7 360656 2942208 1697984 183738092    0    0 493808 387052 290576 1325026 36 28 33  3  0  0
97 10 360656 2945996 1697984 183739292    0    0 484656 330852 283247 1322388 36 29 33  3  0  0
13  6 360656 2950612 1697992 183740456    0    0 473648 320536 286615 1343019 37 29 32  2  0  0
37  9 360656 2952344 1697992 183741612    0    0 467344 327976 283543 1325193 36 29 33  2  0  0
101  7 360656 2951712 1697992 183742772    0    0 482368 325452 289189 1335358 36 29 33  2  0  0
57  5 360656 2950644 1697992 183743904    0    0 477152 326904 282047 1321925 36 28 34  2  0  0
32  6 360656 2953100 1697992 183745064    0    0 496896 325728 292740 1337876 36 29 32  3  0  0
63  3 360656 2953532 1697996 183746292    0    0 466560 322852 285722 1321329 36 29 33  2  0  0
28  3 360656 2955328 1697996 183747396    0    0 477376 329280 286761 1326298 36 28 33  2  0  0
 3  3 360656 2945856 1697996 183748584    0    0 466112 326576 282950 1319967 35 28 34  2  0  0
81  9 360656 2947360 1697996 183749684    0    0 476656 324500 285351 1335009 36 29 33  2  0  0
 8  0 360656 2914356 1697996 183750872    0    0 476336 322948 286092 1335561 36 29 32  3  0  0
52  1 360656 2906800 1699412 183752116    0    0 483052 326012 283230 1325991 35 28 34  3  0  0
85  1 360656 2794776 1700012 183819500    0    0 482996 329836 286188 1334220 36 28 33  3  0  0
23  1 360656 2794116 1700016 183824644    0    0 480624 329444 285855 1333476 35 29 33  3  0  0
procs -----------memory---------- ---swap-- -----io---- -system-- -------cpu-------
 r  b   swpd   free   buff  cache   si   so    bi    bo   in   cs us sy id wa st gu
77  9 360656 2785460 1700016 183825852    0    0 458032 313316 285178 1345403 36 29 33  2  0  0
76 12 360656 2899880 1700016 183768476    0    0 464624 322808 282969 1320661 36 28 34  2  0  0
85  3 360656 2902148 1700016 183768340    0    0 479600 336124 287996 1326388 36 28 34  2  0  0
54 20 360656 2906880 1700016 183769532    0    0 468592 321312 284573 1314701 36 28 33  3  0  0
121  4 360656 2912624 1700020 183770656    0    0 471824 319572 291158 1344589 36 29 32  2  0  0
26  2 360656 2916708 1700020 183771808    0    0 467184 326624 284243 1322566 36 28 34  2  0  0
24  2 360656 2915764 1700020 183772996    0    0 482032 322772 294265 1343916 37 29 32  2  0  0
98 13 360656 2920036 1700024 183774140    0    0 482256 379096 287110 1322237 35 29 33  3  0  0
107  6 360656 2922288 1700024 183775344    0    0 459520 311996 283220 1346143 37 28 33  2  0  0
50  1 360656 2896484 1700028 183776552    0    0 487728 316288 280408 1265943 34 27 36  3  0  0
87  2 360656 2894428 1700028 183777636    0    0 505088 330916 288851 1331924 35 29 33  3  0  0
41  3 360656 2894496 1700028 183778872    0    0 476608 330232 285945 1331122 36 28 33  3  0  0
27  1 360656 2893708 1700028 183780068    0    0 484288 337436 290683 1318136 36 27 34  2  0  0
70 12 360656 2891052 1700028 183781212    0    0 457008 324824 283820 1322646 35 29 33  2  0  0
 5  1 360656 2887540 1700032 183782388    0    0 473920 319496 290482 1334830 36 29 33  2  0  0
21  0 360656 2891420 1700032 183783512    0    0 475760 323632 285523 1335933 35 30 32  2  0  0
20  5 360656 2894168 1700032 183784652    0    0 478528 326468 287987 1334470 36 29 32  2  0  0
 6  1 360656 2891500 1700032 183785948    0    0 470368 326224 284111 1324039 36 29 33  2  0  0
41  3 360656 2889552 1700032 183787020    0    0 487136 330224 289489 1339310 36 28 33  3  0  0
38  0 360656 2945052 1700040 183788200    0    0 473152 321744 286940 1327854 37 29 32  2  0  0
75  4 360656 2945948 1700040 183789464    0    0 479920 323824 288346 1336914 37 29 32  2  0  0
procs -----------memory---------- ---swap-- -----io---- -system-- -------cpu-------
 r  b   swpd   free   buff  cache   si   so    bi    bo   in   cs us sy id wa st gu
117  2 360656 2944268 1700040 183790580    0    0 465088 321960 282099 1335654 36 28 33  2  0  0
29  3 360656 2941008 1700040 183791720    0    0 484848 327324 287220 1332161 37 28 33  2  0  0
 5  1 360656 2936052 1700040 183792900    0    0 480544 330844 284100 1315807 36 29 33  2  0  0
113 19 360656 3061036 1700064 183736088    0    0 481128 323512 286264 1328231 35 29 33  2  0  0
74  4 360656 3054908 1700064 183735816    0    0 475664 325240 290183 1342557 34 30 33  2  0  0
44 15 360656 3058036 1700064 183736940    0    0 496272 338484 289864 1335825 35 28 34  3  0  0
16  0 360656 3059112 1700064 183738176    0    0 474688 327048 286408 1332605 35 29 33  3  0  0
35  0 360656 3060792 1700064 183739412    0    0 475312 320396 288829 1344300 35 29 33  2  0  0
 2  1 360656 3061236 1700068 183740488    0    0 496384 341460 287483 1314442 35 28 35  3  0  0
53  9 360656 3061636 1700068 183741728    0    0 489168 322512 294425 1352973 35 30 33  3  0  0
78 13 360656 3061172 1700068 183743040    0    0 485104 335264 288305 1327506 35 28 34  2  0  0
98  4 360656 3059260 1700068 183744068    0    0 477248 320164 290225 1343560 35 30 33  2  0  0
72  3 360656 3051944 1700068 183745348    0    0 479536 326704 286487 1328323 35 29 34  3  0  0
107 17 360656 3051308 1700068 183746448    0    0 480208 328224 290911 1335785 35 28 34  3  0  0
82  2 360656 3048556 1700068 183747624    0    0 487696 330384 290438 1337199 35 29 34  3  0  0
45  0 360656 3047012 1700068 183748904    0    0 484160 334512 288784 1331496 35 29 34  3  0  0
79  6 360656 3047260 1700068 183750064    0    0 499696 331860 297375 1349338 36 28 33  3  0  0
48  1 360656 3048876 1700068 183751328    0    0 483552 326356 289358 1339688 35 30 33  2  0  0
50  3 360656 3052332 1700068 183752616    0    0 482736 329816 289124 1329182 35 29 34  3  0  0
 4  1 360656 3053700 1700068 183753664    0    0 466608 327608 286387 1332313 34 29 34  2  0  0
72 11 360656 3057772 1700068 183754916    0    0 494752 332900 294543 1339795 35 29 34  3  0  0
procs -----------memory---------- ---swap-- -----io---- -system-- -------cpu-------
 r  b   swpd   free   buff  cache   si   so    bi    bo   in   cs us sy id wa st gu
69  6 360656 3059996 1700068 183756184    0    0 474752 325524 286202 1338463 35 29 34  2  0  0
44  1 360656 3059212 1700068 183757176    0    0 483840 325052 291370 1345305 35 30 33  2  0  0
 4  2 360656 3057588 1700068 183758456    0    0 489296 330752 288802 1331578 35 29 33  3  0  0
85  2 360656 3054892 1700076 183759608    0    0 482752 320396 289385 1342287 35 30 33  3  0  0
 3  0 360656 3057484 1700076 183760872    0    0 480176 333480 286720 1323885 35 29 34  2  0  0
71  8 360656 3057600 1700076 183762156    0    0 475360 321588 288327 1346720 35 29 33  2  0  0
89 13 360656 3064128 1700076 183763216    0    0 494896 333884 290010 1327977 35 28 34  3  0  0
31 16 360656 3064912 1700076 183764464    0    0 478576 327524 300460 1356947 35 30 33  2  0  0
92  5 360656 3060852 1700080 183765796    0    0 476032 321744 290677 1346042 35 30 33  2  0  0
 4  0 360656 3058060 1700080 183766752    0    0 479952 326688 290726 1343094 36 29 33  2  0  0
88  7 360656 3059880 1700080 183768036    0    0 475584 324704 289716 1340200 35 29 34  2  0  0
42  2 360656 3057700 1700080 183769312    0    0 466320 323768 288812 1336834 35 29 34  2  0  0
 3  0 360656 3053448 1700080 183770308    0    0 481296 333728 290069 1339208 35 28 34  2  0  0
 4  0 360656 3050988 1700080 183771596    0    0 477440 321972 290565 1351233 35 29 33  2  0  0
 4  0 360656 3050232 1700080 183772636    0    0 490944 330340 297918 1351398 35 30 33  3  0  0
98  5 360656 3047504 1700080 183773964    0    0 473392 317848 289644 1349172 35 30 33  2  0  0
 6  2 360656 3041348 1700080 183775228    0    0 473776 328164 286902 1337905 34 30 34  2  0  0
90  6 360656 3043340 1700080 183776256    0    0 493344 333148 288134 1330410 35 29 34  3  0  0
120 11 360656 3037576 1700088 183777508    0    0 480864 319356 287432 1344236 35 29 33  3  0  0
29  1 360656 3036260 1700088 183778848    0    0 482864 334116 292482 1336221 35 29 34  3  0  0
75  6 360656 3031796 1700088 183779848    0    0 491104 327252 292039 1335166 35 30 32  3  0  0
procs -----------memory---------- ---swap-- -----io---- -system-- -------cpu-------
 r  b   swpd   free   buff  cache   si   so    bi    bo   in   cs us sy id wa st gu
65  3 360656 3033844 1700088 183781176    0    0 502032 332844 296342 1343200 35 29 33  3  0  0
72  1 360656 3031268 1700088 183782480    0    0 467056 326676 287327 1330098 35 29 34  2  0  0
30  3 360656 3031412 1700096 183783464    0    0 504000 337832 292647 1330285 36 28 34  3  0  0
54  2 360656 3022764 1700096 183784840    0    0 494416 330916 289586 1333261 35 28 33  3  0  0
91 16 360656 3017220 1700096 183785880    0    0 478144 332136 289834 1339684 35 29 33  2  0  0
49  1 360656 3011916 1700096 183787156    0    0 472368 325436 288172 1338448 35 29 33  2  0  0
80  9 360656 3008872 1700096 183788460    0    0 486976 327976 293647 1345296 35 29 33  2  0  0
17  0 360656 3006548 1700100 183789484    0    0 471552 323764 290482 1339950 35 30 33  2  0  0
51 18 360656 3006812 1700100 183790760    0    0 488256 324244 297548 1366102 35 29 33  2  0  0
64  3 360656 3006376 1700100 183792052    0    0 474912 325012 289738 1334857 35 29 33  2  0  0
63 12 360656 3005200 1700100 183793032    0    0 488464 332736 289754 1334536 35 28 34  3  0  0
55  6 360656 3007972 1700100 183794364    0    0 480784 326792 288753 1338935 35 29 33  2  0  0
90 16 360656 2999544 1700104 183795720    0    0 474160 328412 288050 1333167 35 29 34  2  0  0
 3  0 360656 3000412 1700104 183796664    0    0 490448 331564 292324 1342508 35 29 33  2  0  0
51  4 360656 3000000 1700104 183798004    0    0 485520 331932 289325 1334633 35 29 34  3  0  0
73  5 360656 2994304 1700104 183798996    0    0 501268 332872 296338 1355693 36 29 33  2  0  0
120 12 360656 2993912 1700104 183800400    0    0 471248 324388 287659 1345412 35 30 33  2  0  0
69  5 360656 2990188 1700108 183801684    0    0 476240 327816 293047 1349008 35 30 33  2  0  0
81  5 360656 2986276 1700108 183802640    0    0 470864 326564 287971 1340877 35 29 33  2  0  0
117  0 360656 2986856 1700108 183803916    0    0 488256 327788 293199 1365087 36 29 32  3  0  0
 2  2 360656 2986248 1700108 183805248    0    0 460256 328204 287547 1336321 35 29 34  2  0  0
procs -----------memory---------- ---swap-- -----io---- -system-- -------cpu-------
 r  b   swpd   free   buff  cache   si   so    bi    bo   in   cs us sy id wa st gu
50  5 360656 2985644 1700108 183806180    0    0 484080 324876 300081 1361905 35 30 33  2  0  0
50 13 360656 2982416 1700112 183807540    0    0 474896 333648 288399 1319193 34 29 34  2  0  0
75  2 360656 2978332 1700112 183808860    0    0 475504 312972 289414 1351819 35 30 32  2  0  0
55  2 360656 2979912 1700112 183809828    0    0 471104 330632 287754 1323799 35 29 34  2  0  0
77  4 360656 2977532 1700112 183811068    0    0 471584 318580 288373 1346819 35 30 33  2  0  0
69  8 360656 2975852 1700112 183812044    0    0 486208 332892 289657 1327474 35 29 34  3  0  0
86  2 360656 2978520 1700116 183813344    0    0 472768 324392 288127 1339115 35 29 33  3  0  0
 3  4 360656 2975392 1700116 183814676    0    0 484672 328140 294942 1353703 35 29 33  3  0  0
86  7 360656 2971768 1700116 183815680    0    0 489600 325960 288034 1327640 35 30 33  3  0  0
37  1 360656 2975428 1700116 183816996    0    0 481024 323192 291617 1349495 35 30 33  3  0  0
 8  0 360656 2972908 1700116 183818332    0    0 467168 326912 285782 1319902 35 29 34  2  0  0
91  2 360656 2969104 1700120 183819288    0    0 504208 325076 291303 1347697 35 29 33  3  0  0
84  4 360656 2971308 1700120 183820612    0    0 493264 335236 287492 1319271 35 28 34  3  0  0
19 54 360656 2967296 1700120 183821696    0    0 480336 323388 293385 1344432 35 29 33  3  0  0
 3  1 360656 2966948 1700120 183822920    0    0 477104 326384 288591 1332250 35 29 33  3  0  0
 3  0 360656 2966848 1700120 183824192    0    0 467936 334392 287694 1318310 34 29 34  2  0  0
58 17 360656 2970488 1700124 183825212    0    0 469344 328020 286420 1324842 35 29 34  2  0  0
78  8 360656 2972788 1700124 183826448    0    0 497584 330808 292622 1341110 35 29 33  3  0  0
48  2 360656 2980284 1700124 183827796    0    0 480224 328884 288792 1337335 35 29 34  3  0  0
 4  0 360656 2981868 1700124 183828808    0    0 486016 326728 291746 1348647 35 30 33  2  0  0
 6  4 360656 2981584 1700124 183830140    0    0 467088 329804 287937 1334519 35 29 34  2  0  0
procs -----------memory---------- ---swap-- -----io---- -system-- -------cpu-------
 r  b   swpd   free   buff  cache   si   so    bi    bo   in   cs us sy id wa st gu
 3  1 360656 2979484 1700128 183831420    0    0 484864 327016 288328 1333439 35 29 34  2  0  0
70 11 360656 2978812 1700128 183832372    0    0 481376 331740 284523 1317536 34 29 34  2  0  0
66 11 360656 2976784 1700128 183833676    0    0 493120 325892 292252 1347989 35 29 33  3  0  0
 3  0 360656 2978980 1700128 183834728    0    0 474000 332152 285381 1312520 34 29 34  2  0  0
65  5 360656 2982620 1700128 183836012    0    0 488752 322720 291887 1341047 35 29 33  3  0  0
37  9 360656 2982628 1700136 183837340    0    0 479248 333588 288510 1334166 35 29 34  2  0  0
50 13 360656 2981552 1700136 183838332    0    0 485440 327668 288823 1330417 34 30 33  3  0  0
34  4 360656 2985216 1700140 183839676    0    0 487124 332868 290372 1332036 35 29 34  3  0  0
37  2 360656 2984100 1700140 183840944    0    0 479648 324540 288599 1334842 35 29 33  2  0  0
25  1 360656 2986224 1700140 183841984    0    0 476512 323204 291911 1336749 35 29 34  2  0  0
18  0 360656 2988344 1700144 183843260    0    0 473584 328908 287842 1325620 35 29 35  2  0  0
109 16 360656 2984368 1700144 183844528    0    0 486752 329388 289287 1336421 36 28 34  2  0  0
82  3 360656 2980336 1700144 183845548    0    0 481008 321204 289044 1342357 35 30 33  2  0  0
29  4 360656 2979244 1700144 183846852    0    0 477408 329492 287978 1336489 35 29 34  2  0  0
 4  1 360656 2977116 1700144 183847884    0    0 485360 329352 295974 1343461 35 28 34  3  0  0
26 10 360656 2978224 1700148 183849240    0    0 479968 320256 291343 1346020 35 30 33  2  0  0
50  3 360656 2975960 1700148 183850488    0    0 486736 330340 289454 1334989 35 29 33  3  0  0
12  0 360656 2973124 1700148 183851528    0    0 476480 318380 293586 1354800 35 30 33  3  0  0
26  4 360656 2972016 1700148 183852800    0    0 482784 329588 289409 1325697 35 29 33  3  0  0
51  1 360656 2970016 1700148 183854164    0    0 499888 332740 290545 1326917 35 28 33  3  0  0
67  3 360656 2968848 1700156 183855168    0    0 492624 344020 287690 1316577 34 29 33  3  0  0
procs -----------memory---------- ---swap-- -----io---- -system-- -------cpu-------
 r  b   swpd   free   buff  cache   si   so    bi    bo   in   cs us sy id wa st gu
97  7 360656 2967156 1700156 183856520    0    0 498752 333796 293099 1349199 35 29 33  3  0  0
51 11 360656 2965188 1700156 183857832    0    0 494576 341832 290083 1326276 34 29 34  3  0  0
67 20 360656 2963288 1700156 183858852    0    0 504544 335332 292436 1337240 35 29 33  3  0  0
82 20 360656 2963312 1700156 183860208    0    0 471872 322568 288197 1338863 35 30 33  3  0  0
 4  0 360656 2962072 1700160 183861180    0    0 488432 330588 288581 1334453 35 28 34  3  0  0
118 11 360656 2960304 1700160 183862520    0    0 476400 325840 289191 1317592 35 29 34  2  0  0
102  3 360656 2960920 1700160 183863828    0    0 495648 332904 294034 1339518 35 29 33  3  0  0
51  1 360656 2961344 1700160 183864804    0    0 482320 327836 287473 1316287 34 29 34  3  0  0
101  3 360656 2959288 1700160 183866156    0    0 490544 327520 295095 1336764 35 29 33  3  0  0
44  1 360656 2956932 1700168 183867484    0    0 477872 322052 285575 1316417 35 29 33  3  0  0
70 13 360656 2951696 1700168 183868460    0    0 472496 321940 290135 1329548 35 29 33  3  0  0
37  9 360656 2949788 1700168 183869704    0    0 487680 331988 291727 1324229 35 28 34  3  0  0
67  4 360656 2946696 1700168 183871068    0    0 473312 313440 291335 1344548 35 30 32  3  0  0
42  5 360656 2943504 1700168 183872044    0    0 490432 324924 293879 1339365 35 29 33  3  0  0
 3  1 360656 2944012 1700172 183873412    0    0 495840 337116 291408 1317488 35 28 33  3  0  0
80  1 360656 2943588 1700172 183874460    0    0 513056 335356 294748 1328385 35 28 33  3  0  0
59 13 360656 2942676 1700172 183875776    0    0 477728 324432 286403 1313850 35 29 33  3  0  0
55  5 360656 2939396 1700172 183877112    0    0 503696 327608 291470 1320435 35 29 32  4  0  0
51  5 360656 2937896 1700172 183878124    0    0 486560 332424 286662 1316138 34 29 34  3  0  0
 3  1 360656 2937280 1700176 183879460    0    0 485312 323716 296040 1335183 35 29 33  3  0  0
91  6 360656 2942224 1700176 183880776    0    0 475648 324464 289449 1333902 35 30 33  3  0  0
procs -----------memory---------- ---swap-- -----io---- -system-- -------cpu-------
 r  b   swpd   free   buff  cache   si   so    bi    bo   in   cs us sy id wa st gu
 3  3 360656 2943240 1700176 183881680    0    0 472608 321544 294932 1357013 35 30 33  2  0  0
44  0 360656 2942192 1700176 183883084    0    0 483632 327328 289483 1329236 35 29 33  2  0  0
49  3 360656 2939008 1700176 183884444    0    0 480752 326096 288614 1329572 35 29 33  3  0  0
64  1 360656 2938736 1700180 183885420    0    0 511744 331296 291796 1328183 35 29 33  3  0  0
17  2 360656 2937272 1700180 183886768    0    0 472944 328996 286670 1330794 34 30 34  2  0  0
51  0 360656 2939784 1700180 183887736    0    0 473568 316620 291061 1342407 35 30 33  2  0  0
 4  0 360656 2936120 1700180 183889060    0    0 473392 326768 290463 1329835 35 29 34  2  0  0
 6  0 360656 2931256 1700180 183890340    0    0 490336 325392 294931 1337464 34 29 34  3  0  0
 3  0 360656 2928036 1700188 183891352    0    0 472688 326656 288304 1327990 35 29 34  2  0  0
38 12 360656 2925980 1700188 183892748    0    0 490336 323856 294994 1356756 35 29 33  3  0  0
52  5 360656 2924192 1700188 183894052    0    0 478000 325544 288238 1335130 35 29 34  2  0  0
19 10 360656 2918376 1700188 183894920    0    0 489680 330220 292262 1342051 35 29 33  3  0  0
64  9 360656 2915176 1700188 183896280    0    0 469584 320764 286755 1328952 35 30 33  3  0  0
72 24 360656 2913460 1700192 183897592    0    0 479568 324340 290890 1344513 36 29 33  2  0  0
46  1 360656 2914372 1700192 183898656    0    0 494976 329644 294169 1339368 35 29 33  3  0  0
69  4 360656 2913580 1700192 183899948    0    0 477168 323636 287291 1338629 35 29 33  2  0  0
12  0 360656 2917564 1700192 183900960    0    0 494272 333764 295467 1324735 35 29 33  3  0  0
 5  4 360656 2919892 1700192 183902260    0    0 473040 326232 288312 1335477 35 29 33  2  0  0
90 10 360656 2917596 1700200 183903488    0    0 486064 328064 292235 1336302 35 29 33  2  0  0
74 15 360656 2916660 1700200 183904580    0    0 469280 323680 288263 1335395 35 29 33  2  0  0
80  5 360656 2914976 1700200 183905820    0    0 490048 327580 290152 1335500 35 30 33  3  0  0
procs -----------memory---------- ---swap-- -----io---- -system-- -------cpu-------
 r  b   swpd   free   buff  cache   si   so    bi    bo   in   cs us sy id wa st gu
 6  0 360656 2912620 1700200 183907180    0    0 480000 323580 288004 1335210 35 30 33  2  0  0
42 13 360656 2913948 1700200 183908148    0    0 483488 329068 295303 1340993 35 30 33  2  0  0
53  6 360656 2917716 1700208 183909472    0    0 482096 326532 287164 1332407 35 29 33  2  0  0
100  2 360656 2915768 1700208 183910764    0    0 461088 315584 295153 1351579 35 30 33  2  0  0
78 10 360656 2915912 1700208 183911776    0    0 491376 327956 293089 1344266 35 29 33  2  0  0
58  9 360656 2915740 1700208 183913044    0    0 475584 327280 290007 1334918 35 30 33  3  0  0
106  7 360656 2912668 1700208 183914088    0    0 509344 337132 290927 1328312 35 29 33  3  0  0
44  1 360656 2911960 1700212 183915364    0    0 494160 337596 288755 1326647 35 28 34  3  0  0
98 14 360656 2908504 1700212 183916804    0    0 496976 333600 291510 1336909 35 28 34  3  0  0
47  4 360656 2910084 1700212 183917884    0    0 512800 339544 292742 1339663 36 29 32  3  0  0
 4  0 360656 2908368 1700212 183919272    0    0 488336 326920 293108 1356328 35 30 32  3  0  0
45  2 360656 2905644 1700212 183920584    0    0 487376 330660 290754 1348660 35 29 33  3  0  0
18  2 360656 2909484 1700212 183921640    0    0 508224 343264 292437 1317901 35 29 33  3  0  0
52 10 360656 2906652 1700212 183922956    0    0 484272 339524 287947 1325607 35 29 34  3  0  0
 5  5 360656 2907424 1700212 183924324    0    0 477552 334144 287486 1331693 35 29 34  3  0  0
67  0 360656 2903208 1700212 183925288    0    0 495856 337504 289252 1328147 36 29 33  2  0  0
100  7 360656 2899964 1700212 183926664    0    0 501952 333128 292726 1334539 35 29 33  3  0  0
18  1 360656 2897888 1700220 183927668    0    0 486384 326176 290936 1342085 35 30 33  3  0  0
49  6 360656 2895464 1700220 183929036    0    0 475296 320148 289148 1353383 36 29 33  2  0  0
108 12 360656 2891396 1700220 183930372    0    0 489792 325812 295921 1349396 35 30 33  2  0  0
87  7 360656 2890680 1700220 183931444    0    0 482432 327400 294560 1342002 35 29 33  2  0  0
procs -----------memory---------- ---swap-- -----io---- -system-- -------cpu-------
 r  b   swpd   free   buff  cache   si   so    bi    bo   in   cs us sy id wa st gu
80  5 360656 2887124 1700220 183932740    0    0 473520 324184 287892 1324708 34 30 33  3  0  0
64  2 360656 2882112 1700228 183934008    0    0 486016 321284 292718 1349107 35 30 33  3  0  0
42  3 360656 2882224 1700228 183935004    0    0 467712 325536 285721 1326898 35 29 34  2  0  0
72  6 360656 2877924 1700228 183936256    0    0 489728 324628 297876 1355831 35 29 32  3  0  0
32  6 360656 2878492 1700228 183937572    0    0 474496 327948 288704 1337670 35 29 34  2  0  0
30  9 360656 2877924 1700228 183938628    0    0 487072 327420 293926 1345086 35 30 32  3  0  0
59 12 360656 2873772 1700236 183939916    0    0 477776 331836 286482 1316994 34 29 34  3  0  0
 5  0 360656 2874192 1700236 183940868    0    0 463968 314016 287996 1340694 35 30 33  2  0  0
41  1 360656 2875448 1700236 183942200    0    0 471968 323512 288846 1331986 35 29 34  2  0  0
85  0 360656 2876472 1700236 183943432    0    0 468176 320392 286437 1332866 35 29 34  3  0  0
46  1 360656 2879224 1700236 183944424    0    0 487376 334108 288174 1327122 35 29 34  2  0  0
58 16 360656 2878628 1700240 183945772    0    0 490208 324496 288675 1343637 36 28 33  3  0  0
85 16 360656 2878420 1700240 183947116    0    0 473392 320272 290184 1354207 35 29 33  2  0  0
80 12 360656 2877548 1700240 183948044    0    0 477104 331428 289659 1336501 35 30 33  2  0  0
48  5 360656 2874516 1700240 183949412    0    0 483152 321196 296405 1353398 35 30 32  3  0  0
92 16 360656 2873772 1700240 183950672    0    0 477328 332228 288175 1322104 35 29 34  3  0  0
22  2 360656 2871716 1700244 183951652    0    0 474048 324772 289468 1336769 35 29 34  2  0  0
33  0 360656 2871568 1700244 183952940    0    0 492272 333776 291417 1337701 35 29 34  3  0  0
68  7 360656 2869688 1700244 183954024    0    0 484656 320316 290243 1340805 35 30 32  3  0  0
56  1 360656 2870696 1700244 183955260    0    0 487856 327268 290256 1343248 35 29 33  3  0  0
25  1 360656 2868912 1700244 183956612    0    0 469904 323432 290222 1333188 35 29 33  2  0  0
procs -----------memory---------- ---swap-- -----io---- -system-- -------cpu-------
 r  b   swpd   free   buff  cache   si   so    bi    bo   in   cs us sy id wa st gu
54  9 360656 2870404 1700248 183957532    0    0 491520 329080 291754 1335815 35 28 34  3  0  0
46  8 360656 2865092 1700248 183958908    0    0 479728 336416 287827 1318798 35 29 34  3  0  0
35 12 360656 2862760 1700260 183960304    0    0 520688 340288 292022 1325297 35 29 34  3  0  0
33  2 360656 2862276 1700260 183961288    0    0 475040 327948 290042 1337297 35 29 34  3  0  0
76  7 360656 2864496 1700260 183962568    0    0 480576 331576 292842 1332827 35 29 33  3  0  0
53  8 360656 2865044 1700260 183963900    0    0 466000 323020 290380 1342287 35 30 33  2  0  0
59  2 360656 2866696 1700260 183964812    0    0 481312 326068 290381 1340601 35 29 33  3  0  0
51  3 360656 2862780 1700264 183966100    0    0 487568 324084 291184 1343235 35 29 33  3  0  0
94  9 360656 2866124 1700264 183967176    0    0 498400 336840 291534 1323652 35 28 34  3  0  0
43  8 360656 2865024 1700264 183968460    0    0 473872 324352 287960 1326808 35 30 33  3  0  0
62  5 360656 2860352 1700264 183969824    0    0 478208 328304 295089 1345627 35 29 33  3  0  0
82 21 360656 2863816 1700264 183970832    0    0 476688 330856 288031 1326904 34 29 34  3  0  0
 8  2 360656 2859408 1700268 183972104    0    0 473936 324896 294081 1335560 35 30 33  2  0  0
 4  0 360656 2856004 1700268 183973472    0    0 493440 323156 294731 1332621 35 29 33  3  0  0
45 15 360656 2850728 1700268 183974508    0    0 482880 322016 287910 1328044 35 29 34  3  0  0
90 10 360656 2847840 1700268 183975760    0    0 501856 329272 298515 1340463 35 29 34  3  0  0
52  5 360656 2847548 1700272 183977144    0    0 478164 329560 290229 1327806 35 29 34  3  0  0
 4  0 360656 2850016 1700272 183978068    0    0 477072 323828 287771 1329900 34 29 34  3  0  0
35 21 360656 2846312 1700272 183979412    0    0 488176 332188 288921 1317707 35 29 33  3  0  0
 4  1 360656 2843532 1700272 183980376    0    0 461472 315356 287273 1332497 35 30 33  2  0  0
19 11 360656 2843624 1700272 183981688    0    0 496368 331340 294274 1337937 35 28 33  3  0  0
procs -----------memory---------- ---swap-- -----io---- -system-- -------cpu-------
 r  b   swpd   free   buff  cache   si   so    bi    bo   in   cs us sy id wa st gu
57 18 360656 2845208 1700272 183983052    0    0 473776 320424 286175 1324797 35 29 34  2  0  0
58 16 360656 2842476 1700280 183984020    0    0 491184 332164 287662 1318946 35 28 34  2  0  0
72  7 360656 2844268 1700280 183985336    0    0 478960 327872 289586 1327577 35 29 33  2  0  0
63  4 360656 2843044 1700280 183986668    0    0 471408 315056 290144 1335340 35 30 33  2  0  0
69  2 360656 2838840 1700280 183987592    0    0 483536 326552 291140 1334921 35 30 33  2  0  0
75  6 360656 2834448 1700280 183988936    0    0 461472 323100 287644 1332890 35 29 33  2  0  0
59  8 360656 2832112 1700284 183990180    0    0 473776 325632 292974 1343138 35 29 34  2  0  0
50  1 360656 2828616 1700284 183991188    0    0 479200 325432 287007 1330214 34 30 33  3  0  0
110 15 360656 2826508 1700284 183992476    0    0 479072 321912 289833 1343861 35 30 33  2  0  0
62  6 360656 2822916 1700284 183993452    0    0 478096 330244 287699 1326205 35 29 34  2  0  0
73  2 360656 2823172 1700284 183994712    0    0 484768 325788 290746 1341211 35 29 33  3  0  0
33  6 360656 2823028 1700288 183995956    0    0 485744 322024 282135 1300463 34 29 35  3  0  0
55  8 360656 2826568 1700288 183997060    0    0 488864 325776 294168 1347187 35 29 33  3  0  0
50  8 360656 2826920 1700288 183998376    0    0 456304 316632 287907 1338161 35 30 33  2  0  0
42 13 360656 2823856 1700288 183999648    0    0 466352 331212 287287 1318768 34 29 34  2  0  0
28  3 360656 2837092 1700292 184000568    0    0 470784 328368 286595 1324545 34 29 34  2  0  0
45  8 360656 2839068 1700292 184001932    0    0 487168 322524 294306 1361183 35 29 33  2  0  0
 5  0 360656 2838424 1700292 184003220    0    0 475280 320068 288248 1336725 35 30 33  2  0  0
18  0 360656 2835720 1700292 184004204    0    0 478288 331888 285401 1326409 34 29 34  2  0  0
111 10 360656 2837020 1700292 184005472    0    0 479344 321320 285918 1346480 35 30 33  3  0  0
75  3 360656 2835320 1700296 184006476    0    0 479136 322436 292472 1353910 35 29 33  3  0  0
procs -----------memory---------- ---swap-- -----io---- -system-- -------cpu-------
 r  b   swpd   free   buff  cache   si   so    bi    bo   in   cs us sy id wa st gu
39  1 360656 2831812 1700296 184007776    0    0 476800 329368 284988 1324427 35 29 34  2  0  0
 6  2 360656 2829820 1700296 184009064    0    0 470752 319000 285906 1335199 34 30 33  3  0  0
25  3 360656 2826388 1700296 184010040    0    0 480480 317960 285813 1338192 35 29 33  3  0  0
 5  0 360656 2825016 1700296 184011384    0    0 480336 322732 292657 1339639 35 30 33  3  0  0
29  1 360656 2824260 1700304 184012660    0    0 478080 331336 286098 1330386 34 29 34  3  0  0
86  4 360656 2820680 1700304 184013668    0    0 472784 319200 293538 1355012 35 30 33  2  0  0
26  5 360656 2819012 1700304 184014952    0    0 476160 332824 291880 1333695 35 29 34  2  0  0
73  6 360656 2823476 1700304 184016076    0    0 468576 315072 288777 1347582 35 30 33  2  0  0
69  4 360656 2819204 1700304 184017228    0    0 495440 329340 290988 1335240 35 30 33  3  0  0
34  8 360656 2818776 1700312 184018564    0    0 477088 320852 287815 1328945 35 29 33  2  0  0
89  2 360656 2815908 1700312 184019588    0    0 475536 320364 288112 1347271 35 29 33  2  0  0
30  2 360656 2818424 1700312 184020868    0    0 472128 323136 287710 1337176 34 30 33  2  0  0
53  3 360656 2816984 1700312 184022148    0    0 477856 321772 290270 1343687 35 30 33  2  0  0
88 11 360656 2812832 1700312 184023100    0    0 464096 323272 286319 1329778 35 30 33  2  0  0
32  3 360656 2812952 1700316 184024360    0    0 473168 321572 288756 1342927 35 30 33  2  0  0
51  7 360656 2808284 1700316 184025692    0    0 484192 317768 284459 1315258 35 28 35  2  0  0
22 19 360656 2807496 1700316 184026696    0    0 500400 343000 290555 1335603 35 30 33  3  0  0
42 12 360656 2809332 1700316 184028080    0    0 487920 334960 287218 1318897 35 28 34  3  0  0
67  4 360656 2808508 1700316 184029168    0    0 486752 326880 289362 1327907 35 29 33  2  0  0
63  4 360656 2804292 1700324 184030400    0    0 479712 330976 286246 1316819 34 29 34  2  0  0
40  1 360656 2805128 1700324 184031700    0    0 472336 320340 295303 1358031 35 30 33  2  0  0
procs -----------memory---------- ---swap-- -----io---- -system-- -------cpu-------
 r  b   swpd   free   buff  cache   si   so    bi    bo   in   cs us sy id wa st gu
68  7 360656 2800792 1700324 184032664    0    0 492016 329672 291763 1342618 35 29 33  3  0  0
47  5 360656 2797592 1700324 184033944    0    0 480272 326840 287756 1334617 34 29 34  3  0  0
86  4 360656 2794572 1700324 184035312    0    0 483424 334996 292516 1336606 35 29 33  3  0  0
56  2 360656 2794524 1700328 184036248    0    0 475696 326080 291359 1335137 35 29 33  3  0  0
85  2 360656 2791316 1700328 184037576    0    0 473472 316428 294563 1350676 35 29 34  2  0  0
46  7 360656 2786760 1700328 184038808    0    0 461936 319640 287721 1338618 35 30 33  2  0  0
 6  0 360656 2785604 1700328 184039876    0    0 501936 334504 293523 1334960 35 29 33  3  0  0
39  2 360656 2783096 1700328 184041128    0    0 456416 317904 283914 1332777 34 30 33  2  0  0
80  5 360656 2780748 1700336 184042176    0    0 484880 327256 292045 1331832 35 29 33  3  0  0
123  3 360656 2781996 1700336 184043556    0    0 500192 333940 291390 1326168 35 29 33  2  0  0
22 22 360656 2781580 1700336 184044772    0    0 479488 319932 288564 1345817 35 30 33  2  0  0
35  0 360656 2780696 1700336 184045792    0    0 483712 326692 287776 1332950 34 30 33  3  0  0
46 14 360656 2776952 1700336 184047088    0    0 483168 328056 289190 1332813 35 29 33  3  0  0
103  9 360656 2774056 1700344 184048408    0    0 473808 322772 292048 1341570 35 29 34  2  0  0
36  6 360656 2771248 1700344 184049360    0    0 467680 305964 285074 1332571 35 30 33  2  0  0
18 31 360656 2766868 1700344 184050676    0    0 492816 340032 295574 1345831 36 29 33  3  0  0
92  8 360656 2764364 1700344 184052004    0    0 489456 326188 288471 1320786 35 29 33  2  0  0
117 16 360656 2762868 1700344 184053008    0    0 474240 311036 291347 1348113 35 29 33  2  0  0
60  2 360656 2764716 1700348 184054244    0    0 474752 316872 286936 1333161 35 29 34  2  0  0
96 22 360656 2767384 1700348 184055260    0    0 489808 328924 293214 1342878 36 29 32  2  0  0
16 12 360656 2765208 1700348 184056596    0    0 478000 343252 289730 1344873 34 30 33  2  0  0
procs -----------memory---------- ---swap-- -----io---- -system-- -------cpu-------
 r  b   swpd   free   buff  cache   si   so    bi    bo   in   cs us sy id wa st gu
95 13 360656 2770368 1700348 184057900    0    0 482880 332596 295311 1344557 35 30 33  2  0  0
72 13 360656 2764624 1700348 184058932    0    0 479744 332980 289281 1335042 34 30 33  2  0  0
110  9 360656 2759908 1700356 184060236    0    0 472304 297704 291587 1337708 35 30 33  2  0  0
87  6 360656 2759484 1700356 184061532    0    0 475712 354596 287986 1329867 35 29 34  2  0  0
25 12 360656 2757112 1700356 184062532    0    0 475456 323340 290364 1334678 34 30 34  2  0  0
65  5 360656 2738160 1700356 184063748    0    0 479856 320716 288348 1330959 35 28 34  2  0  0
85 17 360656 2739824 1700356 184065004    0    0 468896 311596 288038 1342497 35 30 33  2  0  0
101 14 360656 2741412 1700364 184066068    0    0 492784 337844 291004 1329660 35 28 34  3  0  0
35  6 360656 2741084 1700364 184067328    0    0 466640 310656 284416 1328061 34 29 34  2  0  0
59 27 360656 2736996 1700364 184068404    0    0 498672 317396 287088 1323033 36 28 34  2  0  0
56  1 360656 2736204 1700364 184069700    0    0 466624 336284 288587 1347418 35 30 33  2  0  0
19  7 360656 2732704 1700364 184070928    0    0 492064 308132 287886 1340191 35 29 33  3  0  0
57  9 360656 2728868 1700372 184071844    0    0 460432 329880 288103 1337865 35 29 33  2  0  0
32 16 360656 2718644 1700372 184073212    0    0 480960 328276 294072 1352905 35 29 34  3  0  0
31  4 360656 2716456 1700372 184074512    0    0 478208 316356 284773 1318994 35 29 34  2  0  0
57 18 360656 2709612 1700372 184075480    0    0 486288 346968 290034 1345049 35 29 33  3  0  0
99  9 360656 2704556 1700372 184076836    0    0 482112 316480 286989 1319532 35 29 34  3  0  0
34 15 360656 2701316 1700376 184078172    0    0 493120 338868 297728 1349910 35 29 33  3  0  0
36 13 360656 2700000 1700376 184079132    0    0 467824 319464 285166 1326013 34 29 34  2  0  0
76 38 360656 2702516 1700376 184080440    0    0 483744 330960 290928 1334369 35 30 33  2  0  0
69 16 360656 2702344 1700376 184081404    0    0 467520 292600 285995 1326875 34 30 34  2  0  0
procs -----------memory---------- ---swap-- -----io---- -system-- -------cpu-------
 r  b   swpd   free   buff  cache   si   so    bi    bo   in   cs us sy id wa st gu
58  2 360656 2699184 1700376 184082704    0    0 491792 339676 293368 1337130 36 29 33  2  0  0
32 23 360656 2695028 1700380 184083992    0    0 480768 340660 287729 1324435 35 28 34  3  0  0
92 25 360656 2692300 1700380 184084992    0    0 473728 316892 288618 1338048 35 29 33  3  0  0
66  2 360656 2691064 1700380 184086324    0    0 487888 336224 289321 1328246 35 29 33  3  0  0
115  6 360656 2691696 1700380 184087664    0    0 479408 318808 286960 1325402 35 29 33  3  0  0
94 11 360656 2692092 1700380 184088612    0    0 474672 319224 287303 1340199 34 30 33  2  0  0
69 13 360656 2690932 1700384 184089868    0    0 467984 325068 288263 1338772 35 30 33  2  0  0
21  1 360656 2689212 1700384 184091216    0    0 483520 313668 288292 1336695 35 29 33  2  0  0
36  4 360656 2685224 1700384 184092212    0    0 475536 320736 289155 1335179 35 30 33  2  0  0
93  6 360656 2683684 1700384 184093456    0    0 476064 334416 296388 1350814 35 29 33  2  0  0
81 16 360656 2685440 1700384 184094540    0    0 483440 318824 287378 1328943 35 29 34  3  0  0
24  5 360656 2681152 1700384 184095784    0    0 479344 334824 288949 1329848 35 30 33  3  0  0
88  5 360656 2679644 1700392 184097140    0    0 479520 312396 291722 1332442 35 29 34  3  0  0
88  8 360656 2676200 1700392 184098128    0    0 488176 345112 289772 1324636 35 29 34  3  0  0
51 21 360656 2674688 1700392 184099380    0    0 471696 312792 293700 1342410 35 30 33  2  0  0
77  9 360656 2676120 1700392 184100688    0    0 458928 314708 285723 1326225 34 30 34  2  0  0
78  6 360656 2674588 1700392 184101616    0    0 487856 304768 292710 1336094 35 29 33  3  0  0
90  7 360656 2672484 1700400 184102940    0    0 473904 325868 285934 1323715 35 29 34  2  0  0
35  6 360656 2670312 1700400 184104280    0    0 498032 342680 294356 1344376 35 29 33  3  0  0
62  3 360656 2669260 1700400 184105272    0    0 477616 323620 286867 1320398 35 29 34  2  0  0
44  7 360656 2666568 1700400 184106572    0    0 496256 334924 289955 1336958 35 29 34  3  0  0
procs -----------memory---------- ---swap-- -----io---- -system-- -------cpu-------
 r  b   swpd   free   buff  cache   si   so    bi    bo   in   cs us sy id wa st gu
 7  1 360656 2665224 1700400 184107540    0    0 463776 316260 286307 1328011 34 30 34  2  0  0
50  3 360656 2663384 1700408 184108836    0    0 475824 321952 293772 1354385 34 30 33  2  0  0
100 11 360656 2660696 1700408 184110192    0    0 489104 322444 288473 1332538 35 28 34  2  0  0
48  1 360656 2659368 1700408 184111156    0    0 471040 311636 288572 1345900 35 29 33  2  0  0
32 10 360656 2658016 1700408 184112484    0    0 483776 329432 288899 1341619 36 29 33  2  0  0
59  3 360656 2656808 1700412 184113816    0    0 495092 321480 287488 1324941 35 29 33  3  0  0
79  2 360656 2656260 1700420 184114800    0    0 467152 319136 286648 1335592 34 30 33  2  0  0
31 10 360656 2653856 1700420 184116076    0    0 491216 348268 289745 1329228 35 29 33  2  0  0
69  4 360656 2653432 1700420 184117348    0    0 472160 317832 287303 1326870 35 29 34  2  0  0
17  5 360656 2652296 1700420 184118364    0    0 481744 331836 289592 1331892 35 29 33  3  0  0
29 16 360656 2651096 1700420 184119704    0    0 477920 329224 291819 1337341 35 29 34  2  0  0
46  9 360656 2649736 1700428 184120636    0    0 477872 307912 285707 1318941 35 29 34  2  0  0
118 10 360656 2648500 1700428 184121980    0    0 483760 334336 292318 1345643 36 29 33  2  0  0
31  9 360656 2646984 1700428 184123244    0    0 474624 308732 284720 1328052 34 29 33  3  0  0
111 10 360656 2641028 1700428 184124256    0    0 480704 320844 287114 1327734 35 29 33  3  0  0
58  1 360656 2639652 1700428 184125612    0    0 489504 342824 289010 1329589 35 29 34  3  0  0
39  1 360656 2638424 1700432 184126820    0    0 453008 314848 291386 1354600 35 31 32  2  0  0
30 15 360656 2636964 1700432 184127864    0    0 485648 332492 292426 1329971 35 28 34  3  0  0
104 10 360656 3088004 1698816 183690260    0    0 481860 325172 285889 1325108 35 30 33  2  0  0
70  4 360656 3189912 1698840 183544980    0    0 482272 317672 292050 1354801 36 29 33  2  0  0
95  1 360656 3176260 1698844 183546316    0    0 486228 339568 287392 1313231 35 28 34  3  0  0
procs -----------memory---------- ---swap-- -----io---- -system-- -------cpu-------
 r  b   swpd   free   buff  cache   si   so    bi    bo   in   cs us sy id wa st gu
82  7 360656 3183132 1698844 183547376    0    0 485376 315924 292944 1340963 35 29 33  2  0  0
36  1 360656 3187108 1698844 183548356    0    0 485760 312088 288768 1324720 35 29 34  2  0  0
53 10 360656 3187232 1698852 183549600    0    0 462432 329400 289573 1343804 35 30 33  2  0  0
116 13 360656 3199484 1698852 183550840    0    0 479328 316768 288462 1334042 35 28 35  3  0  0
36  0 360656 3195812 1698852 183551812    0    0 486992 329288 288519 1333342 35 29 34  3  0  0
34  1 360656 3197180 1698852 183553088    0    0 466592 313012 287103 1324826 34 30 34  2  0  0
72  4 360656 3205952 1698852 183554304    0    0 498080 339832 288865 1326488 35 29 33  3  0  0
73 16 360656 3206716 1698852 183555360    0    0 481472 331668 294227 1341838 35 29 34  2  0  0
72  7 360656 3205152 1698860 183556676    0    0 483248 328196 285000 1328631 35 29 33  3  0  0
112 13 360656 3203584 1698860 183557868    0    0 493552 318564 295496 1350805 35 29 33  3  0  0
33  4 360656 3201788 1698860 183558872    0    0 466640 329088 287815 1339135 35 29 33  2  0  0
30  1 360656 3202040 1698860 183560072    0    0 474736 313588 289501 1334586 35 29 33  2  0  0
66  0 360656 3204464 1698860 183561072    0    0 482336 322564 286700 1334511 35 29 34  2  0  0
64  5 360656 3207704 1698868 183562384    0    0 482320 318688 286243 1342353 34 30 33  2  0  0
67  3 360656 3211156 1698868 183563596    0    0 481648 336584 287930 1334232 35 29 33  2  0  0
43  9 360656 3213156 1698868 183564636    0    0 485200 326416 288387 1341122 35 30 33  2  0  0
56  3 360656 3212012 1698868 183565908    0    0 486528 311940 288987 1327453 34 29 34  3  0  0
39 29 360656 3214692 1698868 183567064    0    0 473056 335808 286948 1335500 34 30 33  3  0  0
64  2 360656 3213300 1698876 183568100    0    0 470928 322364 288088 1337285 35 30 33  2  0  0
43  4 360656 3215484 1698876 183569376    0    0 491552 328172 288355 1336557 36 29 33  3  0  0
36  3 360656 3220120 1698876 183570564    0    0 478512 334404 289449 1333872 35 29 34  2  0  0
procs -----------memory---------- ---swap-- -----io---- -system-- -------cpu-------
 r  b   swpd   free   buff  cache   si   so    bi    bo   in   cs us sy id wa st gu
34  7 360656 3218832 1698876 183571600    0    0 462720 296156 284154 1328126 34 29 34  2  0  0
38 12 360656 3218708 1698876 183572884    0    0 493888 348212 291849 1340269 35 30 33  3  0  0
91  3 360656 3215280 1698884 183573848    0    0 459760 324768 286689 1333569 35 30 33  2  0  0
79 10 360656 3211376 1698884 183575136    0    0 502544 327220 292878 1331439 36 28 34  3  0  0
65  1 360656 3208976 1698884 183576356    0    0 463456 330880 287396 1334704 35 30 33  2  0  0
77 37 360656 3212188 1698884 183577400    0    0 475664 311424 283793 1332068 35 28 34  2  0  0
46  2 360656 3212148 1698884 183578648    0    0 479984 313644 283491 1319321 34 29 34  3  0  0
58 19 360656 3215212 1698892 183579812    0    0 479936 331540 291773 1347278 35 29 33  2  0  0
85 11 360656 3216632 1698892 183580916    0    0 472928 333344 288080 1328154 34 30 34  2  0  0
50 18 360656 3214976 1698892 183582076    0    0 475344 311856 287883 1338951 35 29 33  2  0  0
40  1 360656 3211604 1698892 183583192    0    0 494512 327196 287558 1334743 35 29 34  3  0  0
84  4 360656 3211708 1698892 183584424    0    0 482368 317208 287559 1340044 35 29 33  2  0  0
97 25 360656 3217448 1698900 183585632    0    0 486032 318636 290712 1336789 35 28 34  3  0  0
72 12 360656 3214844 1698900 183586672    0    0 474784 345104 287820 1346154 35 30 33  2  0  0
96  4 360656 3212760 1698900 183587920    0    0 469008 325644 289845 1340546 35 30 33  2  0  0
33  0 360656 3207624 1698900 183589024    0    0 471168 316952 287277 1326870 35 29 34  2  0  0
78 11 360656 3207140 1698900 183590212    0    0 503232 339388 293642 1335457 36 28 33  3  0  0
92 12 360656 3202148 1698904 183591404    0    0 479696 322708 292030 1332388 34 29 34  2  0  0
32 14 360656 3199648 1698904 183592608    0    0 480864 328264 292997 1338634 35 29 33  2  0  0
71  8 360656 3201076 1698904 183593680    0    0 460320 318836 285749 1326439 35 29 34  2  0  0
78 13 360656 3199780 1698904 183594880    0    0 492352 324128 288487 1323858 35 29 34  3  0  0
procs -----------memory---------- ---swap-- -----io---- -system-- -------cpu-------
 r  b   swpd   free   buff  cache   si   so    bi    bo   in   cs us sy id wa st gu
81  8 360656 3195828 1698904 183595972    0    0 463216 323152 284211 1332269 35 29 34  2  0  0
97 23 360656 3193072 1698908 183597168    0    0 479904 329456 288748 1334998 35 29 34  2  0  0
