procs -----------memory---------- ---swap-- -----io---- -system-- -------cpu-------
 r  b   swpd   free   buff  cache   si   so    bi    bo   in   cs us sy id wa st gu
 4  0 357844 99871780 1771344 53558872    5   10 23470 29415 8456    4  3  0 96  0  0  0
17  0 357844 99770536 1771344 53558912    0    0     0 369992 110509 251686 17  2 80  0  0  0
18  1 357844 99760672 1771344 53563012    0    0     0 556412 176685 707009 18  6 76  0  0  0
17  0 357844 99763116 1771344 53567724    0    0     0 420204 171317 692865 17  5 77  1  0  0
20  1 357844 99754496 1771344 53573236    0    0     0 430512 171150 704223 17  5 77  1  0  0
18  0 357844 99756016 1771344 53578412    0    0     0 424564 168956 696940 17  5 77  1  0  0
17  0 357844 99757996 1771344 53583784    0    0     0 424328 169183 699137 17  5 77  1  0  0
19  0 357844 99757352 1771344 53589052    0    0     0 424004 167178 700782 17  5 77  1  0  0
20  0 357844 99755848 1771344 53594392    0    0     0 426476 169314 697819 17  5 77  1  0  0
16  2 357844 99753520 1771352 53599300    0    0     0 425892 170040 696582 17  5 77  1  0  0
18  0 357844 99746828 1771352 53604752    0    0     0 401668 163812 681530 17  5 77  1  0  0
20  1 357844 99743124 1771352 53609708    0    0     0 407700 165339 678497 17  5 77  1  0  0
22  1 357844 99739180 1771352 53615052    0    0     0 431076 170996 708900 17  5 77  1  0  0
17  0 357844 99732536 1771352 53620308    0    0     0 428572 169777 704932 17  5 77  1  0  0
18  0 357844 99729836 1771360 53625624    0    0     0 425384 169300 702278 17  5 77  1  0  0
18  0 357844 99726792 1771360 53630944    0    0     0 428648 170575 708826 17  5 77  1  0  0
21  0 357844 99723924 1771360 53636140    0    0     0 429292 169556 705128 17  5 77  1  0  0
17  0 357844 99727756 1771360 53641384    0    0     0 427500 169840 704709 17  5 77  1  0  0
24  1 357844 99718544 1771360 53646744    0    0     0 429004 169475 701089 17  5 77  1  0  0
23  0 357844 99717900 1771360 53651708    0    0     0 427440 168643 698176 17  5 77  1  0  0
18  0 357844 99712468 1771360 53657136    0    0     0 427648 169002 702203 17  5 77  1  0  0
procs -----------memory---------- ---swap-- -----io---- -system-- -------cpu-------
 r  b   swpd   free   buff  cache   si   so    bi    bo   in   cs us sy id wa st gu
18  0 357844 99700340 1771360 53662480    0    0     0 423984 167914 693313 17  5 77  1  0  0
18  0 357844 99692740 1771360 53667728    0    0     0 407932 169557 709862 17  5 77  1  0  0
20  1 357844 99693220 1771360 53672928    0    0     0 402992 167790 694448 17  5 77  1  0  0
17  1 357844 99685572 1771360 53678296    0    0     0 405200 167597 695052 17  5 77  1  0  0
18  0 357844 99680464 1771360 53683628    0    0     0 406312 167888 689923 17  5 77  1  0  0
19  0 357844 99676364 1771360 53688824    0    0     0 409264 167063 700278 17  5 77  1  0  0
17  1 357844 99665140 1771360 53694028    0    0     0 409620 169182 702568 17  5 77  1  0  0
18  1 357844 99667140 1771360 53699160    0    0     0 403244 165789 684408 17  5 78  1  0  0
17  2 357844 99666852 1771364 53704364    0    0     0 411620 168907 705139 17  5 77  1  0  0
18  0 357844 99663916 1771364 53709696    0    0     0 412788 168581 707874 17  5 77  1  0  0
19  1 357844 99661752 1771364 53715052    0    0     0 406076 167721 698063 17  5 77  1  0  0
19  0 357844 99653068 1771364 53720332    0    0     0 415332 170086 707434 17  5 77  1  0  0
19  1 357844 99643528 1771364 53725308    0    0     0 413024 170323 703544 17  5 77  1  0  0
19  0 357844 99639300 1771364 53730928    0    0     0 411508 169795 700627 17  5 77  1  0  0
19  0 357844 99633652 1771364 53736532    0    0     0 415804 169306 710424 17  5 77  1  0  0
17  1 357844 99626712 1771364 53741608    0    0     0 408600 168164 699701 17  5 77  1  0  0
18  1 357844 99622516 1771364 53746612    0    0     0 415204 169976 708945 17  5 77  1  0  0
19  0 357844 99612432 1771364 53752116    0    0     0 412744 167873 706839 17  5 77  1  0  0
19  0 357844 99604940 1771368 53757388    0    0     0 408812 166779 697360 17  5 77  1  0  0
16  1 357844 99573888 1771376 53762628    0    0     0 407544 166922 692880 17  5 78  1  0  0
21  0 357844 99573016 1771384 53767972    0    0     0 408696 168373 695202 17  5 77  1  0  0
procs -----------memory---------- ---swap-- -----io---- -system-- -------cpu-------
 r  b   swpd   free   buff  cache   si   so    bi    bo   in   cs us sy id wa st gu
21  1 357844 99566000 1771384 53773232    0    0     0 408320 168706 694659 17  5 77  1  0  0
23  1 357844 99560628 1771384 53778304    0    0     0 411344 169302 701154 17  5 77  1  0  0
19  0 357844 99550300 1771384 53783648    0    0     0 410112 169153 695884 17  5 77  1  0  0
17  0 357844 99542732 1771384 53788800    0    0     0 410632 168343 698790 17  5 77  1  0  0
18  2 357844 99537464 1771384 53794020    0    0     0 379984 160034 668590 16  5 78  1  0  0
20  0 357844 99527724 1771384 53799300    0    0     0 391944 162263 677134 17  5 78  1  0  0
18  0 357844 99522376 1771384 53804504    0    0     0 404512 166004 697973 17  5 77  1  0  0
18  1 357844 99523160 1771384 53809804    0    0     0 407624 168028 698118 17  5 77  1  0  0
19  0 357844 99516752 1771384 53815112    0    0     0 404676 166960 689696 17  5 77  1  0  0
16  2 357844 99518812 1771388 53819964    0    0     0 410216 168429 700148 17  5 77  1  0  0
17  1 357844 99516232 1771388 53825660    0    0     0 413620 167301 697000 17  5 77  1  0  0
20  0 357844 99506956 1771388 53830764    0    0     0 418684 169391 698115 17  5 77  1  0  0
19  0 357844 99508396 1771388 53836144    0    0     0 414764 167725 693942 17  5 77  1  0  0
20  0 357844 99504956 1771388 53841316    0    0     0 415420 168323 690810 17  5 77  1  0  0
18  1 357844 99495484 1771396 53846536    0    0     0 418092 168831 701092 17  5 77  1  0  0
15  1 357844 99490264 1771396 53851916    0    0     0 416980 168676 703944 17  5 77  1  0  0
19  0 357844 99485964 1771396 53857144    0    0     0 419880 170641 707597 17  5 77  1  0  0
19  0 357844 99484672 1771396 53862452    0    0     0 413932 167661 685813 17  5 78  1  0  0
20  0 357844 99481816 1771396 53867036    0    0     0 403128 164453 672756 16  5 78  1  0  0
19  0 357844 99471888 1771400 53872500    0    0     0 409308 166594 679552 17  5 78  1  0  0
20  0 357844 99466692 1771400 53877644    0    0     0 422648 170314 706741 17  5 77  1  0  0
procs -----------memory---------- ---swap-- -----io---- -system-- -------cpu-------
 r  b   swpd   free   buff  cache   si   so    bi    bo   in   cs us sy id wa st gu
20  2 357844 99460628 1771400 53883076    0    0     0 418400 169503 703011 17  5 77  1  0  0
22  0 357844 99457544 1771400 53888252    0    0     0 421868 170869 708257 17  5 77  1  0  0
17  0 357844 99450748 1771400 53893536    0    0     0 420156 170202 702411 17  5 77  1  0  0
21  0 357844 99443672 1771408 53898924    0    0     0 421664 170744 703246 17  5 77  1  0  0
21  0 357844 99442028 1771408 53904208    0    0     0 421892 168802 707809 17  5 77  1  0  0
15  1 357844 99438316 1771408 53909488    0    0     0 413884 167375 696906 17  5 77  1  0  0
19  0 357844 99431344 1771408 53914724    0    0     0 420164 169658 707149 17  5 77  1  0  0
19  0 357844 99429816 1771408 53920016    0    0     0 419760 169208 698678 17  5 77  1  0  0
18  1 357844 99421504 1771416 53925276    0    0     0 419720 168444 698472 17  5 77  1  0  0
18  0 357844 99414540 1771416 53930460    0    0     0 421352 169002 701054 17  5 77  1  0  0
19  0 357844 99410580 1771416 53935804    0    0     0 418892 167788 692298 17  5 77  1  0  0
19  1 357844 99403184 1771416 53940936    0    0     0 415800 167497 688832 17  5 77  1  0  0
20  0 357844 99393868 1771416 53946108    0    0     0 418936 169892 686757 17  5 77  1  0  0
19  1 357844 99391180 1771424 53951496    0    0     0 414112 168292 688551 17  5 77  1  0  0
17  1 357844 99385068 1771424 53956416    0    0     0 416660 168332 694487 17  5 77  1  0  0
20  0 357844 99378804 1771424 53961708    0    0     0 393864 161643 637274 16  5 79  1  0  0
17  1 357844 99373472 1771424 53966540    0    0     0 418092 169116 694010 17  5 77  1  0  0
18  0 357844 99395000 1771428 53971668    0    0     0 418360 169179 693462 17  5 77  1  0  0
17  0 357844 99384696 1771432 53976920    0    0     0 394872 161971 667022 17  5 78  1  0  0
20  0 357844 99378428 1771432 53981908    0    0     0 409060 164886 675424 17  5 78  1  0  0
20  0 357844 99374044 1771432 53987140    0    0     0 429172 170487 696598 17  5 77  1  0  0
procs -----------memory---------- ---swap-- -----io---- -system-- -------cpu-------
 r  b   swpd   free   buff  cache   si   so    bi    bo   in   cs us sy id wa st gu
20  1 357844 99373832 1771436 53992288    0    0     0 430052 170160 693693 17  5 77  1  0  0
20  0 357844 99372748 1771436 53997512    0    0     0 426952 169264 698581 17  5 77  1  0  0
21  0 357844 99370184 1771440 54002744    0    0     0 426908 169371 696911 17  5 77  1  0  0
20  0 357844 99368892 1771440 54007964    0    0     0 416164 165965 692833 17  5 77  1  0  0
17  1 357844 99356776 1771440 54013148    0    0     0 423052 168918 697892 17  5 77  1  0  0
18  0 357844 99348456 1771440 54018432    0    0     0 422332 167981 695235 17  5 77  1  0  0
16  1 357844 99347924 1771440 54023600    0    0     0 418828 167225 689801 17  5 77  1  0  0
18  1 357844 99342068 1771440 54029016    0    0     0 424628 169234 693772 17  5 77  1  0  0
19  1 357844 99334488 1771440 54033856    0    0     0 427104 169282 695163 17  5 77  1  0  0
18  0 357844 99324012 1771440 54039480    0    0     0 423576 167772 697301 17  5 77  1  0  0
20  0 357844 99319464 1771440 54044524    0    0     0 422384 167823 694442 17  5 77  1  0  0
16  1 357844 99311708 1771440 54049700    0    0     0 416716 165104 680081 16  5 78  1  0  0
18  1 357844 99304764 1771444 54054928    0    0     0 421004 167243 682648 16  5 78  1  0  0
18  1 357844 99305188 1771444 54059796    0    0     0 428880 169719 707081 17  5 77  1  0  0
18  1 357844 99299436 1771444 54065500    0    0     0 428492 170019 703508 17  5 77  1  0  0
15  2 357844 99291480 1771444 54070696    0    0     0 426412 167469 700776 17  5 77  1  0  0
19  0 357844 99287212 1771444 54075948    0    0     0 431440 168039 706399 17  5 77  1  0  0
17  0 357844 99289124 1771452 54081204    0    0     0 426296 168908 701827 17  5 77  1  0  0
21  0 357844 99279508 1771452 54086524    0    0     0 428908 170315 700664 17  5 77  1  0  0
22  1 357844 99277256 1771452 54091784    0    0     0 430080 170760 703236 17  5 77  1  0  0
17  1 357844 99267352 1771452 54096952    0    0     0 425680 167995 701591 17  5 77  1  0  0
procs -----------memory---------- ---swap-- -----io---- -system-- -------cpu-------
 r  b   swpd   free   buff  cache   si   so    bi    bo   in   cs us sy id wa st gu
21  1 357844 99261508 1771452 54102228    0    0     0 426096 168555 699249 17  5 77  1  0  0
20  0 357844 99256992 1771456 54107420    0    0     0 423864 166886 690328 17  5 78  1  0  0
18  1 357844 99252724 1771456 54112704    0    0     0 424176 168248 690636 17  5 77  1  0  0
19  0 357844 99246532 1771456 54117868    0    0     0 423284 168003 696760 17  5 77  1  0  0
19  0 357844 99241120 1771456 54123240    0    0     0 422956 168442 687908 17  5 77  1  0  0
22  0 357844 99236132 1771456 54128348    0    0     0 421312 167482 689945 17  5 77  1  0  0
19  0 357844 99231556 1771460 54133544    0    0     0 425288 168353 690312 17  5 77  1  0  0
17  2 357844 99229956 1771460 54138676    0    0     0 424556 167291 683013 17  5 78  1  0  0
20  0 357844 99221704 1771460 54143924    0    0     0 426712 168303 686564 17  5 77  1  0  0
17  2 357844 99219576 1771460 54149048    0    0     0 394956 159224 647211 16  5 78  1  0  0
20  0 357844 99208208 1771460 54153832    0    0     0 415128 165830 669936 17  5 78  1  0  0
19  0 357844 99200984 1771468 54159052    0    0     0 425348 166752 695370 17  5 77  1  0  0
17  1 357844 99193872 1771468 54164388    0    0     0 427412 168761 692581 17  5 77  1  0  0
18  0 357844 99187620 1771468 54169548    0    0     0 429240 169861 697736 17  5 77  1  0  0
18  1 357844 99183320 1771468 54174828    0    0     0 431148 169560 696130 17  5 77  1  0  0
17  1 357844 99183388 1771468 54180080    0    0     0 432304 169631 698325 17  5 77  1  0  0
18  1 357844 99176876 1771472 54184988    0    0     0 432220 169711 692934 17  5 77  1  0  0
21  0 357844 99173932 1771472 54190416    0    0     0 431212 169662 695098 17  5 77  1  0  0
19  1 357844 99164748 1771472 54195696    0    0     0 425728 168215 689410 17  5 77  1  0  0
25  0 357844 99159840 1771472 54200524    0    0     0 425180 168852 686970 17  5 77  1  0  0
17  2 357844 99161928 1771472 54205804    0    0     0 429128 169179 686485 17  5 77  1  0  0
procs -----------memory---------- ---swap-- -----io---- -system-- -------cpu-------
 r  b   swpd   free   buff  cache   si   so    bi    bo   in   cs us sy id wa st gu
17  0 357844 99154240 1771476 54211068    0    0     0 424288 167087 685873 17  5 77  1  0  0
18  0 357844 99148908 1771476 54216360    0    0     0 430748 168605 700691 17  5 77  1  0  0
18  1 357844 99144840 1771476 54221632    0    0     0 423208 167149 674368 17  5 78  1  0  0
18  0 357844 99141908 1771476 54226520    0    0     0 424120 167710 669840 16  5 78  1  0  0
17  2 357844 99130504 1771476 54231536    0    0     0 417024 165840 661185 16  5 78  1  0  0
19  1 357844 99113460 1771484 54236644    0    0     0 419560 166650 670375 17  5 78  1  0  0
17  1 357844 99106564 1771488 54241380    0    0     0 428508 168770 694430 17  5 77  1  0  0
17  0 357844 99098544 1771488 54246804    0    0     0 428580 168739 694904 17  5 77  1  0  0
17  0 357844 99091292 1771488 54251992    0    0     0 433844 170069 700684 17  5 77  1  0  0
17  1 357844 99087336 1771488 54257224    0    0     0 430128 169173 686859 17  5 77  1  0  0
19  0 357844 99086676 1771496 54262328    0    0     0 428152 167787 688323 17  5 77  1  0  0
18  1 357844 99078540 1771500 54267480    0    0     0 424276 166277 685418 17  5 77  1  0  0
17  1 357844 99079428 1771500 54272648    0    0     0 428312 167476 689134 17  5 77  1  0  0
17  1 357844 99073200 1771500 54277888    0    0     0 427748 167658 695373 17  5 77  1  0  0
19  0 357844 99062532 1771500 54282808    0    0     0 432372 169370 692021 17  5 77  1  0  0
22  1 357844 99055284 1771500 54288232    0    0     0 428552 167181 693145 17  5 77  1  0  0
20  0 357844 99047756 1771500 54293688    0    0     0 431896 168344 691278 17  5 78  1  0  0
18  1 357844 99040132 1771500 54298624    0    0     0 433480 167833 693528 17  5 77  1  0  0
17  0 357844 99024172 1771500 54303912    0    0     0 422752 165294 675810 17  5 78  1  0  0
20  0 357844 99020992 1771500 54309060    0    0     0 429404 167556 686331 17  5 78  1  0  0
13  0 357844 99011396 1771500 54314192    0    0     0 399332 158926 650089 16  5 78  1  0  0
procs -----------memory---------- ---swap-- -----io---- -system-- -------cpu-------
 r  b   swpd   free   buff  cache   si   so    bi    bo   in   cs us sy id wa st gu
18  0 357844 99006268 1771500 54319132    0    0     0 412244 162981 664478 16  5 78  1  0  0
18  0 357844 98997880 1771500 54324248    0    0     0 429656 167301 691969 17  5 77  1  0  0
18  0 357844 98992248 1771500 54329416    0    0     0 429504 167531 695204 17  5 77  1  0  0
19  0 357844 98983788 1771500 54334584    0    0     0 432728 168273 698495 17  5 77  1  0  0
22  0 357844 98978452 1771504 54339912    0    0     0 431052 167942 699672 17  5 77  1  0  0
18  1 357844 98980360 1771504 54345260    0    0     0 430412 167664 689329 17  5 77  1  0  0
19  1 357844 98972356 1771504 54350396    0    0     0 432936 169282 697558 17  5 77  1  0  0
20  0 357844 98973720 1771504 54355700    0    0     0 431956 169084 697828 17  5 77  1  0  0
20  0 357844 98970128 1771504 54360900    0    0     0 431068 168581 700059 17  5 77  1  0  0
18  1 357844 98962972 1771512 54366396    0    0     0 430908 168708 690064 17  5 77  1  0  0
19  0 357844 98962616 1771512 54371304    0    0     0 428448 167940 693061 17  5 78  1  0  0
19  0 357844 98952180 1771512 54376436    0    0     0 428920 167937 681198 16  5 78  1  0  0
18  1 357844 98944968 1771512 54381564    0    0     0 429392 168484 685975 17  5 78  1  0  0
20  0 357844 98934772 1771512 54386652    0    0     0 426340 167285 683985 17  5 77  1  0  0
20  1 357844 98935832 1771516 54391912    0    0     0 431808 167547 701963 17  5 77  1  0  0
23  1 357844 98925596 1771516 54397088    0    0     0 423376 166322 666272 16  5 78  1  0  0
20  0 357844 98925920 1771516 54401864    0    0     0 423528 166433 661617 16  5 78  1  0  0
17  1 357844 98919084 1771516 54406992    0    0     0 422936 166718 671978 16  5 78  1  0  0
22  0 357844 98916128 1771516 54412032    0    0     0 430500 167835 687128 17  5 77  1  0  0
18  1 357844 98913648 1771520 54417140    0    0     0 430656 168841 687739 17  5 77  1  0  0
18  0 357844 98912008 1771520 54422276    0    0     0 430344 167116 689879 17  5 77  1  0  0
procs -----------memory---------- ---swap-- -----io---- -system-- -------cpu-------
 r  b   swpd   free   buff  cache   si   so    bi    bo   in   cs us sy id wa st gu
21  0 357844 98903136 1771520 54427448    0    0     0 428324 167728 680799 17  5 78  1  0  0
19  0 357844 98893256 1771520 54432640    0    0     0 431800 167395 692733 17  5 77  1  0  0
19  0 357844 98889052 1771520 54437684    0    0     0 442512 169422 686001 17  5 78  1  0  0
17  1 357844 98884608 1771520 54442976    0    0     0 446932 169364 682451 17  5 77  1  0  0
20  1 357844 98876360 1771520 54447776    0    0     0 447972 167053 675293 16  5 78  1  0  0
18  0 357844 98873504 1771520 54453000    0    0     0 451240 169292 684179 16  5 78  1  0  0
20  0 357844 98867620 1771520 54458040    0    0     0 448408 168344 683785 17  5 77  1  0  0
23  1 357844 98865112 1771520 54463216    0    0     0 443420 167035 675876 16  5 78  1  0  0
18  1 357844 98859708 1771524 54468232    0    0     0 444668 167680 681802 16  5 78  1  0  0
18  0 357844 98852952 1771524 54473456    0    0     0 445080 168554 678777 17  5 77  1  0  0
18  0 357844 98845932 1771524 54478488    0    0     0 410240 159362 641703 16  5 78  1  0  0
19  0 357844 98847196 1771524 54483228    0    0     0 428864 164874 659928 16  5 78  1  0  0
19  1 357844 98844888 1771524 54488292    0    0     0 445120 169087 683895 17  5 77  1  0  0
18  1 357844 98836524 1771532 54493444    0    0     0 447300 169665 689871 17  5 77  1  0  0
17  0 357844 98827120 1771532 54498548    0    0     0 442300 167468 683089 17  5 77  1  0  0
20  0 357844 98778632 1771532 54503640    0    0     0 433196 163772 670200 16  5 78  1  0  0
19  1 357844 98773012 1771532 54508772    0    0     0 439864 166194 685110 17  5 77  1  0  0
19  1 357844 98817044 1771540 54513900    0    0     0 440628 166998 682057 17  5 77  1  0  0
16  1 357844 98815312 1771544 54519024    0    0     0 439800 167416 683649 17  5 77  1  0  0
18  0 357844 98814552 1771544 54524172    0    0     0 445708 168604 697038 17  5 77  1  0  0
19  1 357844 98812848 1771544 54529456    0    0     0 440348 168260 676278 16  5 78  1  0  0
procs -----------memory---------- ---swap-- -----io---- -system-- -------cpu-------
 r  b   swpd   free   buff  cache   si   so    bi    bo   in   cs us sy id wa st gu
18  0 357844 98812000 1771544 54534424    0    0     0 444324 169543 686613 17  5 77  1  0  0
17  1 357844 98800508 1771544 54539444    0    0     0 437280 165929 684197 17  5 77  1  0  0
18  1 357844 98796476 1771548 54544616    0    0     0 443180 167762 686644 17  5 78  1  0  0
18  0 357844 98793284 1771548 54549840    0    0     0 447800 170076 707686 17  5 77  1  0  0
16  0 357844 98784664 1771548 54555124    0    0     0 430104 165110 664399 16  5 78  1  0  0
19  0 357844 98778216 1771548 54560076    0    0     0 431536 166005 663516 16  5 78  1  0  0
22  0 357844 98768840 1771548 54565144    0    0     0 434748 165417 674136 16  5 78  1  0  0
24  0 357844 98764180 1771548 54569948    0    0     0 437752 167502 683635 17  5 78  1  0  0
17  0 357844 98772084 1771552 54575336    0    0     0 442376 168664 688359 17  5 77  1  0  0
19  0 357844 98764724 1771552 54580616    0    0     0 442724 167627 692090 17  5 77  1  0  0
20  0 357844 98756868 1771552 54585548    0    0     0 435436 167462 683891 17  5 77  1  0  0
19  0 357844 98752524 1771552 54590748    0    0     0 444184 170062 700290 17  5 77  1  0  0
18  1 357844 98748184 1771552 54596124    0    0     0 442556 168525 692820 17  5 77  1  0  0
18  0 357844 98750196 1771552 54601152    0    0     0 447860 169765 701866 17  5 77  1  0  0
19  0 357844 98746360 1771552 54606464    0    0     0 449116 170677 703160 17  5 77  1  0  0
18  1 357844 98738188 1771552 54611960    0    0     0 442224 169033 694808 17  5 77  1  0  0
18  0 357844 98731044 1771552 54616920    0    0     0 436112 166015 688199 17  5 77  1  0  0
16  0 357844 98727940 1771556 54622116    0    0     0 444940 169311 697996 17  5 77  1  0  0
18  0 357844 98725956 1771556 54627364    0    0     0 436192 166912 685679 17  5 78  1  0  0
19  1 357844 98717084 1771556 54632504    0    0     0 442000 167483 687180 17  5 77  1  0  0
17  0 357844 98709148 1771556 54637624    0    0     0 437448 166400 684438 17  5 78  1  0  0
procs -----------memory---------- ---swap-- -----io---- -system-- -------cpu-------
 r  b   swpd   free   buff  cache   si   so    bi    bo   in   cs us sy id wa st gu
18  0 357844 98705476 1771556 54642740    0    0     0 400704 158171 631529 16  5 78  1  0  0
15  1 357844 98696708 1771556 54647476    0    0     0 427268 164192 665286 16  5 78  1  0  0
19  0 357844 98692232 1771556 54652584    0    0     0 440304 168660 689232 17  5 77  1  0  0
24  2 357844 98688720 1771556 54657688    0    0     0 437524 167169 685649 17  5 77  1  0  0
18  0 357844 98679132 1771556 54662796    0    0     0 442432 169497 693061 17  5 77  1  0  0
18  0 357844 98679892 1771556 54668036    0    0     0 439956 167727 685181 17  5 78  1  0  0
19  0 357844 98664448 1771556 54673148    0    0     0 442944 169240 698822 17  5 77  1  0  0
18  0 357844 98664276 1771556 54678384    0    0     0 440984 167549 689125 17  5 78  1  0  0
22  0 357844 98657324 1771556 54683600    0    0     0 440928 168978 690103 17  5 77  1  0  0
16  1 357844 98649216 1771556 54688920    0    0     0 442356 168989 692299 17  5 77  1  0  0
16  0 357844 98646228 1771556 54693748    0    0     0 441408 168367 687942 17  5 78  1  0  0
17  1 357844 98641304 1771564 54699064    0    0     0 440776 168097 691360 17  5 78  1  0  0
18  1 357844 98637624 1771564 54704228    0    0     0 438860 168956 688004 17  5 77  1  0  0
19  0 357844 98637604 1771564 54709440    0    0     0 437032 168144 687763 17  5 78  1  0  0
16  1 357844 98638136 1771564 54714616    0    0     0 435820 167328 690642 17  5 77  1  0  0
16  1 357844 98635152 1771564 54719760    0    0     0 430008 166473 674457 16  5 78  1  0  0
18  1 357844 98626412 1771568 54724780    0    0     0 430024 166408 671666 16  5 78  1  0  0
17  1 357844 98624480 1771568 54729940    0    0     0 427612 164607 673067 16  5 78  1  0  0
18  0 357844 98618644 1771568 54734984    0    0     0 440784 170052 689213 17  5 77  1  0  0
22  0 357844 98612080 1771568 54740232    0    0     0 437312 168440 684542 17  5 77  1  0  0
22  0 357844 98610256 1771568 54745512    0    0     0 441664 169708 693965 17  5 77  1  0  0
procs -----------memory---------- ---swap-- -----io---- -system-- -------cpu-------
 r  b   swpd   free   buff  cache   si   so    bi    bo   in   cs us sy id wa st gu
20  2 357844 98602764 1771572 54750448    0    0     0 439624 167753 686925 17  5 77  1  0  0
18  0 357844 98598400 1771572 54755480    0    0     0 439300 168666 685046 17  5 77  1  0  0
17  1 357844 98589608 1771572 54760724    0    0     0 438376 168186 685341 17  5 77  1  0  0
18  0 357844 98583064 1771572 54765900    0    0     0 440648 168855 690948 17  5 77  1  0  0
18  0 357844 98576092 1771572 54771088    0    0     0 443820 169163 696412 17  5 77  1  0  0
18  1 357844 98562200 1771580 54775932    0    0     0 432664 167562 674029 16  5 78  1  0  0
19  1 357844 98563428 1771580 54781232    0    0     0 439836 168594 691411 17  5 77  1  0  0
18  0 357844 98558348 1771580 54786352    0    0     0 440028 168855 694181 17  5 78  1  0  0
19  0 357844 98548152 1771580 54791620    0    0     0 439336 168761 694650 17  5 77  1  0  0
18  0 357844 98547872 1771580 54796788    0    0     0 436052 168390 683849 17  5 78  1  0  0
16  1 357844 98540124 1771588 54801896    0    0     0 433092 166781 677534 16  5 78  1  0  0
17  0 357844 98535640 1771588 54806980    0    0     0 429588 164620 678743 16  5 78  1  0  0
21  0 357844 98527128 1771588 54812208    0    0     0 430804 166615 677440 17  5 78  1  0  0
20  0 357844 98521232 1771588 54817288    0    0     0 432440 166444 680891 17  5 77  1  0  0
18  0 357844 98520184 1771588 54822436    0    0     0 437596 168972 689160 17  5 77  1  0  0
19  0 357844 98516404 1771592 54827460    0    0     0 437340 169121 686017 17  5 78  1  0  0
20  0 357844 98506488 1771592 54832736    0    0     0 435084 168718 676508 17  5 77  1  0  0
17  3 357844 98502392 1771592 54837852    0    0     0 431608 168278 681482 17  5 77  1  0  0
16  2 357844 98470428 1771592 54842712    0    0     0 427428 166098 671038 17  5 78  1  0  0
21  0 357844 98461900 1771592 54847836    0    0     0 433476 168621 680619 17  5 77  1  0  0
21  1 357844 98459332 1771600 54852920    0    0     0 430640 167047 680810 17  5 77  1  0  0
procs -----------memory---------- ---swap-- -----io---- -system-- -------cpu-------
 r  b   swpd   free   buff  cache   si   so    bi    bo   in   cs us sy id wa st gu
21  0 357844 98452020 1771600 54858080    0    0     0 430372 166378 683510 16  5 77  1  0  0
19  1 357844 98445220 1771600 54863140    0    0     0 433704 167153 682142 17  5 77  1  0  0
20  0 357844 98440268 1771600 54868200    0    0     0 432540 166746 681901 17  5 78  1  0  0
17  1 357844 98430760 1771600 54873372    0    0     0 426252 165316 674395 16  5 78  1  0  0
21  0 357844 98427596 1771600 54878424    0    0     0 425000 165280 673618 16  5 78  1  0  0
18  0 357844 98426596 1771600 54883652    0    0     0 435124 166985 696240 17  5 77  1  0  0
18  0 357844 98421268 1771600 54888892    0    0     0 433664 166357 687264 17  5 77  1  0  0
18  0 357844 98421292 1771600 54894120    0    0     0 435016 167960 683482 17  5 78  1  0  0
19  0 357844 98418240 1771600 54899160    0    0     0 429184 166125 676019 17  5 77  1  0  0
20  0 357844 98413780 1771604 54904260    0    0     0 434524 167977 684492 17  5 77  1  0  0
19  0 357844 98407912 1771604 54909416    0    0     0 437980 168315 692244 17  5 77  1  0  0
21  1 357844 98404068 1771604 54914568    0    0     0 439700 168837 692920 17  5 77  1  0  0
17  0 357844 98394972 1771604 54919912    0    0     0 436320 167980 690285 17  5 77  1  0  0
18  0 357844 98388216 1771604 54924712    0    0     0 439048 169419 698797 17  5 77  1  0  0
20  1 357844 98384160 1771612 54930160    0    0     0 433908 166691 695128 17  5 77  1  0  0
21  0 357844 98384340 1771616 54935452    0    0     0 439872 169511 698376 17  5 77  1  0  0
19  0 357844 98376884 1771616 54940528    0    0     0 440188 169212 698774 17  5 77  1  0  0
19  0 357844 98373604 1771616 54945924    0    0     0 422756 165203 677424 17  5 78  1  0  0
23  1 357844 98365644 1771616 54950964    0    0     0 409480 161875 664406 17  5 78  1  0  0
21  0 357844 98360532 1771624 54956152    0    0     0 435112 169590 688260 17  5 77  1  0  0
22  0 357844 98364072 1771624 54961236    0    0     0 437416 169482 698264 17  5 77  1  0  0
procs -----------memory---------- ---swap-- -----io---- -system-- -------cpu-------
 r  b   swpd   free   buff  cache   si   so    bi    bo   in   cs us sy id wa st gu
16  0 357844 98355056 1771624 54966368    0    0     0 435548 168638 695934 17  5 77  1  0  0
18  1 357844 98352820 1771624 54971748    0    0     0 433208 167676 684674 17  5 77  1  0  0
19  1 357844 98346260 1771624 54976844    0    0     0 433164 167687 686264 17  5 77  1  0  0
19  1 357844 98340824 1771628 54981664    0    0     0 437260 169909 694077 17  5 77  1  0  0
18  1 357844 98341024 1771628 54987180    0    0     0 435884 169294 697057 17  5 77  1  0  0
19  1 357844 98332608 1771628 54992368    0    0     0 437204 168792 699643 17  5 77  1  0  0
18  0 357844 98326676 1771628 54997696    0    0     0 436964 169600 695360 17  5 77  1  0  0
18  1 357844 98319316 1771628 55002988    0    0     0 435184 167658 686446 17  5 77  1  0  0
16  0 357844 98313360 1771640 55008048    0    0     0 439632 170342 692452 17  5 77  1  0  0
18  0 357844 98305336 1771640 55013220    0    0     0 438400 169306 694438 17  5 77  1  0  0
17  0 357844 98296624 1771640 55018484    0    0     0 441132 169372 691135 17  5 77  1  0  0
21  0 357844 98294124 1771640 55023628    0    0     0 439712 170136 692729 17  5 77  1  0  0
16  1 357844 98288428 1771640 55028680    0    0     0 437584 169422 690635 17  5 77  1  0  0
17  1 357844 98286308 1771644 55034044    0    0     0 434160 168715 687617 17  5 77  1  0  0
 1  0 357844 98239188 1771644 55038904    0    0     0 426988 165900 665275 16  5 78  1  0  0
17  1 357844 98230212 1771644 55043820    0    0     0 417220 162463 655774 16  5 78  1  0  0
17  0 357844 98229016 1771644 55049032    0    0     0 434744 167173 685300 17  5 77  1  0  0
18  0 357844 98279132 1771648 55054228    0    0     0 434232 168536 690453 17  5 77  1  0  0
17  1 357844 98277852 1771656 55059140    0    0     0 431140 165821 676104 16  5 78  1  0  0
23  0 357844 98273144 1771656 55064216    0    0     0 427068 164119 671123 16  5 78  1  0  0
18  1 357844 98269384 1771656 55069312    0    0     0 437292 169102 684844 17  5 77  1  0  0
procs -----------memory---------- ---swap-- -----io---- -system-- -------cpu-------
 r  b   swpd   free   buff  cache   si   so    bi    bo   in   cs us sy id wa st gu
19  0 357844 98267924 1771656 55074516    0    0     0 440484 169819 697835 17  5 77  1  0  0
18  0 357844 98258204 1771656 55079708    0    0     0 433644 168231 692047 17  5 77  1  0  0
19  0 357844 98248164 1771664 55084868    0    0     0 436448 169700 694188 17  5 77  1  0  0
20  0 357844 98247124 1771664 55089976    0    0     0 439716 169121 699969 17  5 77  1  0  0
18  0 357844 98245288 1771664 55095220    0    0     0 437264 169483 701945 17  5 77  1  0  0
17  1 357844 98235872 1771664 55100528    0    0     0 440480 170374 703823 17  5 77  1  0  0
18  0 357844 98221956 1771664 55105824    0    0     0 438224 170565 695697 17  5 77  1  0  0
18  0 357844 98215808 1771672 55111036    0    0     0 436732 169692 693541 17  5 77  1  0  0
20  0 357844 98207804 1771672 55116216    0    0     0 412640 162729 669059 17  5 77  1  0  0
18  0 357844 98198308 1771672 55121228    0    0     0 419260 164705 673520 17  5 77  1  0  0
21  2 357844 98197576 1771672 55126288    0    0     0 433860 168227 688038 17  5 77  1  0  0
18  1 357844 98195252 1771672 55131560    0    0     0 439712 170515 697844 17  5 77  1  0  0
17  1 357844 98191728 1771680 55136812    0    0     0 428416 167263 691979 17  5 77  1  0  0
18  0 357844 98194484 1771680 55141964    0    0     0 435256 168316 693589 17  5 77  1  0  0
22  0 357844 98188184 1771680 55147208    0    0     0 437968 170372 697746 17  5 77  1  0  0
18  1 357844 98185116 1771680 55152392    0    0     0 439068 169843 700439 17  5 77  1  0  0
25  0 357844 98179720 1771680 55157676    0    0     0 434964 168296 691401 17  5 77  1  0  0
19  1 357844 98173492 1771684 55162868    0    0     0 437796 169094 700150 17  5 77  1  0  0
20  1 357844 98170588 1771684 55167832    0    0     0 432260 168194 683078 17  5 77  1  0  0
18  0 357844 98163392 1771684 55173188    0    0     0 435844 169302 691868 17  5 77  1  0  0
17  0 357844 98153880 1771684 55178408    0    0     0 438472 170572 697020 17  5 77  1  0  0
procs -----------memory---------- ---swap-- -----io---- -system-- -------cpu-------
 r  b   swpd   free   buff  cache   si   so    bi    bo   in   cs us sy id wa st gu
19  1 357844 98135376 1771684 55183592    0    0     0 434092 167036 687511 17  5 77  1  0  0
18  0 357844 98131744 1771696 55188792    0    0     0 432824 168072 686655 17  5 77  1  0  0
18  0 357844 98123052 1771696 55194020    0    0     0 435432 170116 689928 17  5 77  1  0  0
17  1 357844 98113464 1771696 55198900    0    0     0 437572 170720 692234 17  5 77  1  0  0
19  1 357844 98103028 1771696 55204216    0    0     0 434192 169002 687058 17  5 77  1  0  0
19  1 357844 98093144 1771696 55209152    0    0     0 430376 166915 679727 17  5 78  1  0  0
18  0 357844 98090456 1771700 55214300    0    0     0 430880 166035 681656 17  5 78  1  0  0
18  1 357844 98084988 1771700 55219512    0    0     0 431644 167563 678793 17  5 78  1  0  0
18  0 357844 98082412 1771700 55224928    0    0     0 399356 159604 651517 16  5 78  1  0  0
18  1 357844 98082448 1771700 55229436    0    0     0 388272 156387 626600 16  5 78  1  0  0
25  1 357844 98082580 1771700 55234312    0    0     0 389904 156752 633849 16  5 78  1  0  0
19  0 357844 98080852 1771708 55239044    0    0     0 387240 156503 633591 16  5 78  1  0  0
16  2 357844 98074884 1771708 55244024    0    0     0 397828 159606 652890 16  5 78  1  0  0
19  0 357844 98070004 1771708 55249112    0    0     0 398108 159559 654194 16  5 78  1  0  0
19  0 357844 98066072 1771708 55254268    0    0     0 402884 161302 657809 16  5 78  1  0  0
19  0 357844 98059524 1771708 55259008    0    0     0 407224 162413 662984 16  5 78  1  0  0
17  1 357844 98058132 1771716 55264052    0    0     0 391012 156868 650259 16  5 78  1  0  0
19  0 357844 98053668 1771716 55268920    0    0     0 401272 159969 662929 16  5 78  1  0  0
16  2 357844 98040328 1771716 55274096    0    0     0 407476 162376 667506 16  5 78  1  0  0
17  1 357844 98038564 1771716 55279100    0    0     0 382488 154303 635697 16  5 78  1  0  0
15  2 357844 98033184 1771716 55284024    0    0     0 401288 159508 650214 16  5 78  1  0  0
procs -----------memory---------- ---swap-- -----io---- -system-- -------cpu-------
 r  b   swpd   free   buff  cache   si   so    bi    bo   in   cs us sy id wa st gu
17  1 357844 98031368 1771724 55288888    0    0     0 407900 161144 663500 16  5 78  1  0  0
16  1 357844 98028464 1771724 55293676    0    0     0 410160 161369 668790 17  5 78  1  0  0
19  0 357844 98026220 1771724 55298952    0    0     0 410468 161529 666018 16  5 78  1  0  0
15  2 357844 98018672 1771724 55304068    0    0     0 400252 159632 659985 16  5 78  1  0  0
16  0 357844 98009800 1771724 55309112    0    0     0 416916 163567 675602 17  5 78  1  0  0
19  0 357844 98006832 1771728 55314132    0    0     0 403264 160166 648357 16  5 78  1  0  0
19  1 357844 98001104 1771728 55319060    0    0     0 400636 159283 655295 16  5 78  1  0  0
21  1 357844 97994884 1771728 55324116    0    0     0 414504 163470 677265 17  5 78  1  0  0
20  0 357844 97993340 1771728 55329220    0    0     0 427808 165443 686880 17  5 77  1  0  0
17  0 357844 97993784 1771728 55334632    0    0     0 428620 166467 693952 17  5 78  1  0  0
20  0 357844 97982368 1771740 55339572    0    0     0 435052 167636 692643 17  5 77  1  0  0
18  0 357844 97972532 1771740 55345312    0    0     0 430764 166223 692085 17  5 77  1  0  0
16  0 357844 97970012 1771740 55350148    0    0     0 428916 166063 682409 17  5 78  1  0  0
18  0 357844 97964520 1771740 55355156    0    0     0 433140 168116 689248 17  5 77  1  0  0
18  1 357844 97957356 1771740 55360848    0    0     0 430528 166885 680982 17  5 77  1  0  0
17  1 357844 97948176 1771744 55365616    0    0     0 428484 166690 681237 17  5 77  1  0  0
17  2 357844 97951688 1771744 55370620    0    0     0 424808 166231 675661 16  5 78  1  0  0
19  1 357844 97948200 1771744 55376292    0    0     0 398604 158694 643386 16  5 78  1  0  0
18  2 357844 97913116 1771744 55380624    0    0     0 390900 157085 637415 16  5 78  1  0  0
18  1 357844 97913564 1771744 55385380    0    0     0 397584 158191 646249 16  5 78  1  0  0
18  1 357844 97900932 1771744 55391388    0    0     0 391180 156183 643318 16  5 78  1  0  0
procs -----------memory---------- ---swap-- -----io---- -system-- -------cpu-------
 r  b   swpd   free   buff  cache   si   so    bi    bo   in   cs us sy id wa st gu
20  1 357844 97898832 1771752 55395312    0    0     0 391032 157349 634636 16  5 78  1  0  0
19  0 357844 97898740 1771752 55400652    0    0     0 399152 157890 634206 16  5 79  1  0  0
17  1 357844 97893344 1771752 55404908    0    0     0 413528 162034 655532 16  5 78  1  0  0
23  1 357844 97892688 1771752 55409904    0    0     0 416132 162680 664490 16  5 78  1  0  0
16  2 357844 97891296 1771752 55415580    0    0     0 419236 164395 673170 16  5 78  1  0  0
17  1 357844 97882912 1771760 55420016    0    0     0 420152 163873 673856 17  5 78  1  0  0
19  0 357844 97881352 1771760 55425140    0    0     0 422508 164944 683037 17  5 78  1  0  0
19  0 357844 97876984 1771760 55431052    0    0     0 422232 165632 678290 17  5 78  1  0  0
18  0 357844 97870952 1771760 55435372    0    0     0 423364 164919 679350 17  5 78  1  0  0
17  2 357844 97858296 1771760 55440868    0    0     0 421520 164582 679355 17  5 78  1  0  0
17  1 357844 97850632 1771760 55446508    0    0     0 425492 166571 683653 17  5 78  1  0  0
17  1 357844 97850004 1771760 55450840    0    0     0 418148 164477 675380 17  5 77  1  0  0
17  2 357844 97844472 1771760 55456956    0    0     0 423944 167048 680986 17  5 77  1  0  0
18  1 357844 97843440 1771760 55461120    0    0     0 400144 159502 653268 16  5 78  1  0  0
17  0 357844 97837880 1771760 55466616    0    0     0 406348 161787 662675 16  5 78  1  0  0
18  1 357844 97826544 1771760 55471388    0    0     0 403920 161322 657276 16  5 78  1  0  0
18  1 357844 97822824 1771760 55476116    0    0     0 410676 162419 666216 16  5 78  1  0  0
15  1 357844 97823960 1771760 55481356    0    0     0 387372 155846 641483 16  5 78  1  0  0
18  1 357844 97824172 1771760 55486720    0    0     0 405436 160627 661807 16  5 78  1  0  0
19  0 357844 97817192 1771760 55491324    0    0     0 402776 159049 669513 16  5 78  1  0  0
20  0 357844 97808140 1771768 55496604    0    0     0 404264 161094 662176 16  5 78  1  0  0
procs -----------memory---------- ---swap-- -----io---- -system-- -------cpu-------
 r  b   swpd   free   buff  cache   si   so    bi    bo   in   cs us sy id wa st gu
18  0 357844 97808272 1771768 55502064    0    0     0 405828 161287 665293 16  5 78  1  0  0
20  1 357844 97801888 1771768 55506624    0    0     0 409100 162305 674814 17  5 77  1  0  0
20  0 357844 97799608 1771768 55512432    0    0     0 402252 159520 666472 16  5 78  1  0  0
18  0 357844 97788620 1771768 55516672    0    0     0 418544 164376 678848 17  5 78  1  0  0
18  0 357844 97782840 1771776 55522012    0    0     0 423356 165181 689615 17  5 77  1  0  0
17  0 357844 97768076 1771776 55527616    0    0     0 427524 166854 691810 17  5 77  1  0  0
17  1 357844 97767368 1771776 55532208    0    0     0 420592 164386 686747 17  5 77  1  0  0
19  1 357844 97761644 1771776 55537996    0    0     0 422912 165164 688624 17  5 77  1  0  0
18  0 357844 97755604 1771776 55543756    0    0     0 422588 165814 686163 17  5 77  1  0  0
18  1 357844 97749704 1771776 55547712    0    0     0 421880 164674 680174 17  5 77  1  0  0
18  1 357844 97745340 1771776 55553568    0    0     0 416140 163319 676998 17  5 78  1  0  0
16  2 357844 97731068 1771776 55559464    0    0     0 421768 164577 678716 17  5 77  1  0  0
19  0 357844 97722564 1771776 55563616    0    0     0 431356 169022 698756 17  5 77  1  0  0
19  1 357844 97714952 1771776 55569520    0    0     0 425996 167361 677148 16  5 78  1  0  0
17  0 357844 97708080 1771780 55573544    0    0     0 421276 164072 674785 16  5 78  1  0  0
 1  0 357844 97673128 1771780 55579500    0    0     0 408372 160836 635996 16  5 79  1  0  0
19  1 357844 97665780 1771780 55584668    0    0     0 422340 165493 680051 16  5 78  1  0  0
22  0 357844 97662388 1771780 55588720    0    0     0 418468 164006 675766 17  5 78  1  0  0
16  0 357844 97721696 1771784 55594264    0    0     0 423844 166549 686258 17  5 77  1  0  0
19  0 357844 97714220 1771796 55600308    0    0     0 425592 165702 685135 17  5 77  1  0  0
20  0 357844 97711104 1771796 55604672    0    0     0 422512 165385 690435 17  5 77  1  0  0
procs -----------memory---------- ---swap-- -----io---- -system-- -------cpu-------
 r  b   swpd   free   buff  cache   si   so    bi    bo   in   cs us sy id wa st gu
18  0 357844 97708944 1771796 55609996    0    0     0 430268 167891 695464 17  5 77  1  0  0
19  0 357844 97707812 1771796 55615600    0    0     0 431044 168351 690580 17  5 77  1  0  0
18  0 357844 97695584 1771796 55620304    0    0     0 430632 168166 692358 17  5 77  1  0  0
18  0 357844 97694412 1771796 55626044    0    0     0 428080 167751 685682 17  5 77  1  0  0
21  0 357844 97685064 1771796 55630412    0    0     0 427552 167304 683221 17  5 77  1  0  0
20  1 357844 97677244 1771796 55635760    0    0     0 433196 168398 695163 17  5 77  1  0  0
24  0 357844 97680840 1771796 55641816    0    0     0 426188 166420 689734 17  5 77  1  0  0
18  1 357844 97672096 1771796 55646052    0    0     0 427844 165856 687469 17  5 77  1  0  0
19  0 357844 97674520 1771804 55651896    0    0     0 432920 167780 691568 17  5 77  1  0  0
19  0 357844 97665936 1771804 55657488    0    0     0 426560 167022 679322 17  5 78  1  0  0
17  0 357844 97664796 1771804 55662228    0    0     0 436636 169581 700144 17  5 77  1  0  0
19  1 357844 97662432 1771804 55667396    0    0     0 430264 166148 689482 17  5 77  1  0  0
17  2 357844 97655360 1771804 55672716    0    0     0 434844 169668 706892 17  5 77  1  0  0
20  0 357844 97651660 1771804 55677572    0    0     0 435972 167428 699918 17  5 77  1  0  0
18  1 357844 97645316 1771804 55683152    0    0     0 434900 168980 700292 17  5 77  1  0  0
19  0 357844 97639852 1771804 55688108    0    0     0 437188 169422 705504 17  5 77  1  0  0
17  0 357844 97632976 1771804 55693480    0    0     0 434964 169114 701505 17  5 77  1  0  0
20  0 357844 97628388 1771804 55699456    0    0     0 433228 169231 696142 17  5 77  1  0  0
17  1 357844 97622388 1771816 55703708    0    0     0 430912 168042 691133 17  5 77  1  0  0
19  0 357844 97616716 1771816 55708936    0    0     0 436544 168776 708649 17  5 77  1  0  0
16  1 357844 97604676 1771816 55715396    0    0     0 436852 169836 702040 17  5 77  1  0  0
procs -----------memory---------- ---swap-- -----io---- -system-- -------cpu-------
 r  b   swpd   free   buff  cache   si   so    bi    bo   in   cs us sy id wa st gu
17  1 357844 97602548 1771816 55719072    0    0     0 432008 168701 693543 17  5 77  1  0  0
18  0 357844 97595164 1771816 55724644    0    0     0 432720 168785 692750 17  5 77  1  0  0
18  1 357844 97590988 1771816 55729648    0    0     0 429980 167340 692970 17  5 77  1  0  0
21  1 357844 97577304 1771816 55735160    0    0     0 433520 169366 697240 17  5 77  1  0  0
18  1 357844 97565660 1771816 55740868    0    0     0 427480 167385 682137 16  5 77  1  0  0
17  1 357844 97560456 1771816 55745288    0    0     0 424936 165418 673045 16  5 78  1  0  0
19  1 357844 97558864 1771816 55750396    0    0     0 424964 164678 677881 16  5 78  1  0  0
18  0 357844 97554136 1771828 55756780    0    0     0 424012 164232 682724 17  5 77  1  0  0
20  0 357844 97552920 1771828 55760728    0    0     0 424564 164931 682007 17  5 77  1  0  0
19  0 357844 97547948 1771828 55766888    0    0     0 429904 167824 685799 17  5 77  1  0  0
21  0 357844 97547972 1771828 55772380    0    0     0 424972 165525 682753 17  5 77  1  0  0
18  0 357844 97547924 1771828 55776212    0    0     0 424324 164806 688301 17  5 77  1  0  0
19  0 357844 97535212 1771832 55782900    0    0     0 436640 169398 701965 17  5 77  1  0  0
17  1 357844 97532248 1771832 55786376    0    0     0 438440 169995 701381 17  5 77  1  0  0
19  0 357844 97524504 1771832 55792488    0    0     0 434660 167810 697464 17  5 77  1  0  0
20  0 357844 97517940 1771832 55798496    0    0     0 440880 170451 703736 17  5 77  1  0  0
18  0 357844 97511780 1771832 55802748    0    0     0 431732 168020 691242 17  5 77  1  0  0
22  0 357844 97498844 1771844 55808104    0    0     0 437840 170242 700040 17  5 77  1  0  0
19  0 357844 97497152 1771844 55813508    0    0     0 434992 168922 696055 17  5 77  1  0  0
16  1 357844 97489200 1771844 55818464    0    0     0 431456 168116 690022 17  5 77  1  0  0
23  0 357844 97485900 1771844 55824468    0    0     0 433416 168604 695362 17  5 77  1  0  0
procs -----------memory---------- ---swap-- -----io---- -system-- -------cpu-------
 r  b   swpd   free   buff  cache   si   so    bi    bo   in   cs us sy id wa st gu
24  0 357844 97478488 1771844 55829840    0    0     0 435600 169282 693908 17  5 77  1  0  0
18  7 357844 97478180 1771848 55833548    0    0     0 448524 168808 696456 17  5 77  1  0  0
10  8 357844 97472540 1771848 55839588    0    0     0 439264 170820 700230 17  5 77  1  0  0
 8  6 357844 97461708 1771848 55844348    0    0     0 438728 168891 700685 17  5 77  1  0  0
 6  4 357844 97453780 1771848 55849980    0    0     0 438636 169871 694651 17  5 77  1  0  0
 6  4 357844 97452380 1771848 55855312    0    0     0 437184 168571 686080 17  5 78  1  0  0
 8  4 357844 97448684 1771856 55860056    0    0     0 433644 168667 692123 17  5 77  1  0  0
 9  2 357844 97446056 1771856 55866280    0    0     0 442752 170499 700031 17  5 77  1  0  0
 8  2 357844 97440448 1771856 55870792    0    0     0 436484 168021 694601 17  5 77  1  0  0
 9  2 357844 97439740 1771856 55875000    0    0     0 435252 168989 697813 17  5 77  1  0  0
10  1 357844 97431708 1771856 55881536    0    0     0 440368 170365 700493 17  5 77  1  0  0
 7  4 357844 97425152 1771860 55888044    0    0     0 442300 169684 701163 17  5 77  1  0  0
 1  5 357844 97429784 1771860 55891220    0    0     0 439424 170030 700151 17  5 77  1  0  0
 4  8 357844 97421936 1771860 55897128    0    0     0 430004 168268 691393 17  5 78  1  0  0
 1  5 357844 97414040 1771860 55901364    0    0     0 438060 168700 693849 17  5 77  1  0  0
 4  2 357844 97404076 1771860 55907064    0    0     0 429836 167154 683974 17  5 77  1  0  0
 6  2 357844 97397108 1771872 55913288    0    0     0 437788 168963 693640 17  5 77  1  0  0
 9  5 357844 97392272 1771872 55917308    0    0     0 441664 170327 690580 17  5 78  1  0  0
 4  5 357844 97358352 1771872 55923384    0    0     0 431924 167267 676632 17  5 78  1  0  0
 3  7 357844 97356516 1771872 55929364    0    0     0 435252 166230 690449 17  5 77  1  0  0
 3  7 357844 97357508 1771872 55933348    0    0     0 435700 167591 694469 17  5 77  1  0  0
procs -----------memory---------- ---swap-- -----io---- -system-- -------cpu-------
 r  b   swpd   free   buff  cache   si   so    bi    bo   in   cs us sy id wa st gu
 7  5 357844 97352720 1771872 55938688    0    0     0 435036 167176 683191 17  5 77  1  0  0
 6  4 357844 97348520 1771872 55944944    0    0     0 430284 167802 689875 17  5 77  1  0  0
 3  7 357844 97334784 1771872 55948564    0    0     0 431904 168399 697206 17  5 77  1  0  0
 2  8 357844 97336672 1771872 55954948    0    0     0 442752 170142 699291 17  5 77  1  0  0
 3  5 357844 97328128 1771872 55958776    0    0     0 423292 164063 677903 17  5 77  1  0  0
24  3 357844 97324592 1771880 55964484    0    0     0 437776 168669 692739 17  5 77  1  0  0
 4  6 357844 97324164 1771880 55970512    0    0     0 435680 166949 693725 17  5 77  1  0  0
27  3 357844 97319456 1771880 55974600    0    0     0 439124 169382 696112 17  5 77  1  0  0
 2  8 357844 97314968 1771880 55981176    0    0     0 430368 168847 697023 17  5 77  1  0  0
 2  6 357844 97305504 1771880 55986340    0    0     0 444048 169680 694675 17  5 77  1  0  0
13  1 357844 97298868 1771884 55990536    0    0     0 445496 169915 700483 17  5 77  1  0  0
12  1 357844 97293448 1771884 55997156    0    0     0 437440 168731 694905 17  5 77  1  0  0
 4  2 357844 97283500 1771884 56003072    0    0     0 438696 169474 698019 17  5 77  1  0  0
 2  7 357844 97285260 1771884 56006396    0    0     0 441216 169017 692731 17  5 77  1  0  0
12  3 357844 97283188 1771884 56012372    0    0     0 441980 169677 701741 17  5 77  1  0  0
20  5 357844 97282332 1771888 56016356    0    0     0 449640 169828 699167 17  5 77  1  0  0
 7  4 357844 97277688 1771888 56022108    0    0     0 443796 171356 704394 17  5 77  1  0  0
 1  9 357844 97274716 1771888 56028136    0    0     0 441940 170872 704287 17  5 77  1  0  0
 5  4 357844 97269316 1771888 56032196    0    0     0 441640 170776 696696 17  5 77  1  0  0
 3  5 357844 97266140 1771888 56037920    0    0     0 439456 167484 692503 17  5 77  1  0  0
 9  5 357844 97258128 1771888 56044500    0    0     0 437804 170198 697486 17  5 77  1  0  0
procs -----------memory---------- ---swap-- -----io---- -system-- -------cpu-------
 r  b   swpd   free   buff  cache   si   so    bi    bo   in   cs us sy id wa st gu
 3  7 357844 97250980 1771888 56048732    0    0     0 432204 169606 696146 17  5 77  1  0  0
 1  9 357844 97250828 1771888 56054292    0    0     0 436712 170104 693869 17  5 77  1  0  0
14  5 357844 97240876 1771888 56060520    0    0     0 438880 168482 696566 17  5 77  1  0  0
 9  3 357844 97238212 1771888 56064228    0    0     0 445944 170813 697728 17  5 77  1  0  0
 1  8 357844 97231108 1771892 56069932    0    0     0 423612 168229 685638 17  5 77  1  0  0
 4  6 357844 97224620 1771892 56074276    0    0     0 441744 168956 687273 17  5 77  1  0  0
 5  5 357844 97219800 1771892 56079448    0    0     0 441252 169540 685175 17  5 77  1  0  0
 2  8 357844 97208476 1771892 56085936    0    0     0 423412 168432 692979 17  5 77  1  0  0
 2  7 357844 97204688 1771892 56090404    0    0     0 433552 167248 682716 17  5 78  1  0  0
21  3 357844 97191888 1771904 56096220    0    0     0 450720 169147 691657 17  5 77  1  0  0
 3  6 357844 97188860 1771904 56102120    0    0     0 432228 168818 702023 17  5 77  1  0  0
 5  4 357844 97190440 1771904 56105052    0    0     0 442456 169679 698507 17  5 77  1  0  0
 5  5 357844 97183012 1771904 56111164    0    0     0 445308 170178 697860 17  5 77  1  0  0
 2  6 357844 97180812 1771904 56115704    0    0     0 440328 169921 695605 17  5 77  1  0  0
13  9 357844 97138828 1771916 56121296    0    0     0 423964 163502 654607 16  5 79  1  0  0
11  8 357844 97132252 1771916 56127148    0    0     0 436252 167172 691345 17  5 77  1  0  0
 3  6 357844 97188224 1771920 56131068    0    0     0 442148 168607 695583 17  5 77  1  0  0
 4  5 357844 97188872 1771920 56136552    0    0     0 440860 168706 699725 17  5 77  1  0  0
11  4 357844 97177488 1771920 56143028    0    0     0 435524 167644 691783 17  5 77  1  0  0
 9  5 357844 97172344 1771928 56146920    0    0     0 437924 169082 690197 17  5 77  1  0  0
 1  9 357844 97169044 1771928 56152256    0    0     0 428032 169330 699056 17  5 77  1  0  0
procs -----------memory---------- ---swap-- -----io---- -system-- -------cpu-------
 r  b   swpd   free   buff  cache   si   so    bi    bo   in   cs us sy id wa st gu
10  3 357844 97160216 1771928 56157960    0    0     0 453024 169772 697064 17  5 77  1  0  0
 3  6 357844 97150472 1771928 56162364    0    0     0 440888 169243 695462 17  5 77  1  0  0
28  3 357844 97142272 1771928 56169156    0    0     0 428264 168723 697409 17  5 77  1  0  0
 1  6 357844 97136056 1771936 56172864    0    0     0 441312 170900 702659 17  5 77  1  0  0
 3  7 357844 97139168 1771936 56178964    0    0     0 448580 170686 695149 17  5 77  1  0  0
 6  6 357844 97132052 1771936 56184396    0    0     0 442316 168330 697974 17  5 77  1  0  0
 3  7 357844 97126960 1771936 56188380    0    0     0 441200 169961 694618 17  5 77  1  0  0
 5  6 357844 97120904 1771936 56194864    0    0     0 443452 168718 706731 17  5 77  1  0  0
 2  6 357844 97111580 1771940 56201016    0    0     0 436456 168403 704208 17  5 77  1  0  0
 5  5 357844 97112152 1771940 56205828    0    0     0 444408 168640 699246 17  5 77  1  0  0
25  2 357844 97105460 1771940 56211632    0    0     0 437516 169951 702853 17  5 77  1  0  0
21  4 357844 97098672 1771940 56216836    0    0     0 437052 170417 696334 17  5 77  1  0  0
 2  8 357844 97092092 1771940 56221256    0    0     0 446268 168579 699447 17  5 77  1  0  0
 9  2 357844 97088792 1771944 56226868    0    0     0 440324 169878 693871 17  5 77  1  0  0
 8  3 357844 97082252 1771944 56230728    0    0     0 407652 169296 695064 17  5 77  1  0  0
 4  5 357844 97070916 1771944 56236348    0    0     0 443688 168639 684883 17  5 78  1  0  0
17  2 357844 97062240 1771944 56241924    0    0     0 432048 167982 688177 17  5 77  1  0  0
21  5 357844 97064436 1771944 56245652    0    0     0 462692 169087 695268 17  5 77  1  0  0
17  3 357844 97057108 1771952 56251836    0    0     0 428396 170634 700138 17  5 77  1  0  0
 2  4 357844 97052096 1771952 56258460    0    0     0 423528 166880 674782 17  5 78  1  0  0
 6  6 357844 97053640 1771952 56262688    0    0     0 434676 166906 675989 16  5 78  1  0  0
procs -----------memory---------- ---swap-- -----io---- -system-- -------cpu-------
 r  b   swpd   free   buff  cache   si   so    bi    bo   in   cs us sy id wa st gu
 1  7 357844 97039460 1771952 56267532    0    0     0 450056 168442 684900 17  5 78  1  0  0
 3  6 357844 97035408 1771952 56272808    0    0     0 439148 167326 690624 17  5 77  1  0  0
 8  3 357844 97033324 1771956 56277456    0    0     0 426556 161906 678871 17  5 77  1  0  0
24  2 357844 97020560 1771956 56283992    0    0     0 419172 162285 680542 17  5 77  1  0  0
22  4 357844 97017280 1771956 56287772    0    0     0 435176 163251 681540 17  5 77  1  0  0
 7  2 357844 97014652 1771956 56293200    0    0     0 423112 163472 683225 17  5 77  1  0  0
 8  5 357844 97007920 1771956 56298764    0    0     0 434536 162478 678298 17  5 77  1  0  0
22  2 357844 97005032 1771960 56304044    0    0     0 411632 162275 679264 17  5 77  1  0  0
21  7 357844 96993020 1771960 56309428    0    0     0 431068 164068 685854 17  5 77  1  0  0
 8  2 357844 96986644 1771960 56313956    0    0     0 422260 163500 686809 17  5 77  1  0  0
 2  7 357844 96989556 1771960 56318364    0    0     0 423996 163200 684021 17  5 77  1  0  0
 5  5 357844 96982760 1771960 56324932    0    0     0 433216 161998 682585 17  5 77  1  0  0
 9  7 357844 96978240 1771968 56331028    0    0     0 426536 162630 681663 17  5 77  1  0  0
 5  6 357844 96974760 1771968 56334456    0    0     0 421280 162964 676857 17  5 77  1  0  0
 4  5 357844 96970828 1771968 56340932    0    0     0 424012 162690 677485 17  5 77  1  0  0
 7  4 357844 96964948 1771968 56345020    0    0     0 438440 163097 684574 17  5 77  1  0  0
 6  4 357844 96962432 1771968 56351756    0    0     0 428128 163222 687724 17  5 77  1  0  0
 2  8 357844 96958728 1771972 56357712    0    0     0 445056 168935 704438 17  5 77  1  0  0
 3  4 357844 96957428 1771972 56361896    0    0     0 432860 168178 693921 17  5 77  1  0  0
 4  4 357844 96951400 1771972 56367632    0    0     0 449288 170570 706975 17  5 77  1  0  0
11  3 357844 96940600 1771972 56373888    0    0     0 437600 169232 703027 17  5 77  1  0  0
procs -----------memory---------- ---swap-- -----io---- -system-- -------cpu-------
 r  b   swpd   free   buff  cache   si   so    bi    bo   in   cs us sy id wa st gu
 3  5 357844 96934516 1771972 56377240    0    0     0 443164 169845 703764 17  5 77  1  0  0
 3  5 357844 96927960 1771976 56384108    0    0     0 436948 170788 704291 17  5 77  1  0  0
 2  7 357844 96920464 1771976 56389680    0    0     0 446380 168659 701585 17  5 77  1  0  0
 9  3 357844 96917232 1771976 56394132    0    0     0 431308 166724 697847 17  5 77  1  0  0
12  1 357844 96908396 1771976 56399724    0    0     0 428988 167411 680041 16  5 78  1  0  0
30  1 357844 96902064 1771976 56404128    0    0     0 416832 169043 696863 17  5 77  1  0  0
20  4 357844 96901700 1771984 56409560    0    0     0 442568 167443 687799 17  5 78  1  0  0
19  4 357844 96895256 1771984 56415568    0    0     0 465128 170786 698568 17  5 77  1  0  0
 5  6 357844 96886344 1771984 56420116    0    0     0 413312 167346 695584 17  5 77  1  0  0
 6  4 357844 96883768 1771984 56425444    0    0     0 433464 169813 687352 16  5 78  1  0  0
 2  6 357844 96876956 1771984 56431400    0    0     0 459364 171084 695089 17  5 77  1  0  0
 3  5 357844 96881320 1771984 56435128    0    0     0 443052 167747 694797 17  5 77  1  0  0
24  3 357844 96873112 1771984 56441744    0    0     0 433792 168726 700971 17  5 77  1  0  0
18  4 357844 96863744 1771984 56447160    0    0     0 448368 169315 705526 17  5 77  1  0  0
 1  5 357844 96860912 1771984 56451692    0    0     0 438080 169688 698256 17  5 77  1  0  0
 6  1 357844 96853828 1771984 56457872    0    0     0 442924 170793 703566 17  5 77  1  0  0
 4  4 357844 96851268 1771984 56462604    0    0     0 448148 169393 700015 17  5 77  1  0  0
 4  2 357844 96848956 1771984 56468524    0    0     0 448236 171814 707557 17  5 77  1  0  0
13  4 357844 96837960 1771984 56473736    0    0     0 434716 170184 705184 17  5 77  1  0  0
 9  5 357844 96827944 1771984 56478576    0    0     0 434436 167878 695292 17  5 77  1  0  0
 3  5 357844 96824800 1771984 56483868    0    0     0 444764 170819 701423 17  5 77  1  0  0
procs -----------memory---------- ---swap-- -----io---- -system-- -------cpu-------
 r  b   swpd   free   buff  cache   si   so    bi    bo   in   cs us sy id wa st gu
 7  2 357844 96817364 1771988 56489652    0    0     0 434336 167759 695360 17  5 77  1  0  0
22  3 357844 96817048 1771988 56494676    0    0     0 437176 166631 693503 17  5 78  1  0  0
11  3 357844 96811652 1771988 56499088    0    0     0 440876 169320 693018 17  5 77  1  0  0
 5  2 357844 96805996 1771988 56505048    0    0     0 433488 168932 698027 17  5 77  1  0  0
 6  2 357844 96801004 1771988 56509284    0    0     0 449608 170349 698988 17  5 77  1  0  0
19  1 357844 96799776 1771996 56515096    0    0     0 448072 170478 698529 17  5 77  1  0  0
19  1 357844 96794832 1771996 56519392    0    0     0 434548 167578 691673 17  5 77  1  0  0
25  0 357844 96787912 1771996 56525772    0    0     0 440160 170426 703394 17  5 77  1  0  0
19  0 357844 96779716 1771996 56530980    0    0     0 440324 169614 701102 17  5 77  1  0  0
18  0 357844 96768928 1771996 56535404    0    0     0 423036 163514 683154 17  5 77  1  0  0
19  1 357844 96766456 1772004 56540912    0    0     0 420012 161922 681452 17  5 77  1  0  0
16  2 357844 96757212 1772004 56546624    0    0     0 421516 162521 686827 17  5 77  1  0  0
18  0 357844 96753592 1772004 56551796    0    0     0 419016 161777 682253 17  5 77  1  0  0
19  0 357844 96749408 1772004 56557156    0    0     0 421140 162695 676312 17  5 77  1  0  0
17  1 357844 96747316 1772004 56562552    0    0     0 420420 161897 679221 17  5 77  1  0  0
20  0 357844 96739308 1772008 56566780    0    0     0 421180 163050 680756 17  5 77  1  0  0
20  5 357844 96733432 1772008 56572668    0    0     0 426104 168750 696662 17  5 77  1  0  0
22  4 357844 96727980 1772008 56578032    0    0     0 435476 168988 686502 17  5 77  1  0  0
 5  4 357844 96720356 1772008 56583592    0    0     0 443304 169406 698971 17  5 77  1  0  0
 4  5 357844 96715272 1772008 56589048    0    0     0 437548 168322 692232 17  5 77  1  0  0
 4  7 357844 96711236 1772016 56593596    0    0     0 403080 159784 663552 17  5 77  1  0  0
procs -----------memory---------- ---swap-- -----io---- -system-- -------cpu-------
 r  b   swpd   free   buff  cache   si   so    bi    bo   in   cs us sy id wa st gu
 2  8 357844 96707912 1772016 56598764    0    0     0 413960 161643 669074 17  5 77  1  0  0
19  0 357844 96702436 1772016 56603684    0    0     0 437680 162570 678830 17  5 77  1  0  0
19  1 357844 96696440 1772016 56608868    0    0     0 420080 162216 678730 17  5 77  1  0  0
18  0 357844 96686520 1772016 56613964    0    0     0 416896 160713 678168 17  5 77  1  0  0
21  0 357844 96680900 1772024 56618404    0    0     0 420464 162591 682172 17  5 77  1  0  0
18  0 357844 96675256 1772024 56625080    0    0     0 421184 162159 682848 17  5 77  1  0  0
19  0 357844 96674944 1772024 56629816    0    0     0 421408 162293 680093 17  5 77  1  0  0
21  0 357844 96669032 1772024 56634820    0    0     0 421580 162282 676827 17  5 77  1  0  0
18  0 357844 96667344 1772024 56640336    0    0     0 422568 163067 681646 17  5 77  1  0  0
18  1 357844 96657168 1772032 56645732    0    0     0 420756 161690 684686 17  5 77  1  0  0
18  0 357844 96656828 1772032 56650088    0    0     0 422536 163213 685477 17  5 77  1  0  0
16  1 357844 96653696 1772032 56655996    0    0     0 418008 161830 680319 17  5 77  1  0  0
19  0 357844 96647060 1772032 56661376    0    0     0 413848 160478 676230 17  5 77  1  0  0
17  0 357844 96598528 1772032 56665516    0    0     0 398816 156431 628854 16  5 79  1  0  0
19  0 357844 96589952 1772036 56670852    0    0     0 416552 161528 678388 17  5 77  1  0  0
18  0 357844 96614960 1772040 56676848    0    0     0 414536 160856 669333 17  5 77  1  0  0
18  0 357844 96611008 1772040 56681680    0    0     0 437396 168982 699827 17  5 77  1  0  0
18  0 357844 96609448 1772040 56686876    0    0     0 436248 168788 696507 17  5 77  1  0  0
20  1 357844 96611112 1772040 56691932    0    0     0 437232 167577 700018 17  5 77  1  0  0
17  1 357844 96603196 1772040 56697860    0    0     0 444964 171356 714205 17  5 77  1  0  0
20  0 357844 96599356 1772040 56703040    0    0     0 442388 171290 705917 17  5 77  1  0  0
procs -----------memory---------- ---swap-- -----io---- -system-- -------cpu-------
 r  b   swpd   free   buff  cache   si   so    bi    bo   in   cs us sy id wa st gu
19  0 357844 96593168 1772040 56707680    0    0     0 440752 170014 700004 17  5 77  1  0  0
19  0 357844 96584432 1772040 56712980    0    0     0 445896 171302 707120 17  5 77  1  0  0
18  0 357844 96579312 1772040 56719084    0    0     0 438704 169832 695666 17  5 77  1  0  0
18  1 357844 96577572 1772044 56723588    0    0     0 441760 171259 706065 17  5 77  1  0  0
20  0 357844 96568532 1772044 56728660    0    0     0 438728 171008 692713 17  5 77  1  0  0
18  2 357844 96565180 1772044 56732716    0    0     0 441012 170766 695192 17  5 77  1  0  0
17  1 357844 96558760 1772044 56738916    0    0     0 438164 170238 687388 17  5 77  1  0  0
17  0 357844 96550908 1772044 56744160    0    0     0 434116 167367 691149 17  5 77  1  0  0
17  0 357844 96546172 1772052 56748968    0    0     0 435256 169131 686020 17  5 77  1  0  0
18  1 357844 96538232 1772052 56754680    0    0     0 434072 168913 683663 17  5 78  1  0  0
17  0 357844 96532392 1772052 56760196    0    0     0 431852 167267 684842 17  5 77  1  0  0
16  2 357844 96530632 1772052 56764932    0    0     0 435312 169047 689813 17  5 78  1  0  0
18  1 357844 96524084 1772052 56770268    0    0     0 435428 168556 694892 17  5 77  1  0  0
19  0 357844 96521084 1772056 56775720    0    0     0 435636 169405 689980 17  5 77  1  0  0
22  0 357844 96523896 1772056 56780032    0    0     0 432764 166939 694746 17  5 77  1  0  0
18  1 357844 96515144 1772056 56786168    0    0     0 439416 170852 700352 17  5 77  1  0  0
18  0 357844 96510376 1772056 56789928    0    0     0 440588 170700 699938 17  5 77  1  0  0
17  1 357844 96507352 1772056 56795892    0    0     0 441172 170084 704255 17  5 77  1  0  0
20  0 357844 96504660 1772064 56802152    0    0     0 440908 170248 699118 17  5 77  1  0  0
18  0 357844 96504348 1772064 56806508    0    0     0 434148 167729 687387 17  5 78  1  0  0
17  1 357844 96505272 1772064 56812512    0    0     0 444220 170887 705898 17  5 77  1  0  0
procs -----------memory---------- ---swap-- -----io---- -system-- -------cpu-------
 r  b   swpd   free   buff  cache   si   so    bi    bo   in   cs us sy id wa st gu
19  0 357844 96497224 1772064 56818176    0    0     0 438028 168692 702783 17  5 77  1  0  0
19  0 357844 96492316 1772064 56822032    0    0     0 441184 169897 696577 17  5 77  1  0  0
17  1 357844 96487380 1772064 56829028    0    0     0 442484 169995 700627 17  5 77  1  0  0
19  1 357844 96481120 1772064 56833668    0    0     0 442504 170244 699292 17  5 77  1  0  0
20  0 357844 96474160 1772064 56838532    0    0     0 432516 167398 691705 17  5 77  1  0  0
17  0 357844 96466936 1772064 56843544    0    0     0 435432 168222 683764 17  5 77  1  0  0
19  0 357844 96464680 1772064 56848572    0    0     0 437432 168987 692972 17  5 77  1  0  0
17  2 357844 96461120 1772068 56853624    0    0     0 440068 169898 699551 17  5 77  1  0  0
19  0 357844 96456464 1772068 56859660    0    0     0 441596 170264 700416 17  5 77  1  0  0
20  1 357844 96448932 1772068 56864224    0    0     0 442520 169631 695697 17  5 77  1  0  0
18  0 357844 96444952 1772068 56869448    0    0     0 444984 170743 706684 17  5 77  1  0  0
19  0 357844 96437460 1772068 56874864    0    0     0 443188 169877 701009 17  5 77  1  0  0
19  0 357844 96428160 1772068 56880084    0    0     0 440564 169834 697356 17  5 77  1  0  0
18  0 357844 96419196 1772068 56885856    0    0     0 438900 170602 698567 17  5 77  1  0  0
19  1 357844 96420652 1772068 56891492    0    0     0 438388 169353 695680 17  5 77  1  0  0
17  2 357844 96409520 1772068 56895664    0    0     0 438056 168829 691278 17  5 77  1  0  0
17  2 357844 96404972 1772076 56901404    0    0     0 438292 170246 695071 17  5 77  1  0  0
18  0 357844 96401060 1772076 56906092    0    0     0 435724 169325 694395 17  5 77  1  0  0
18  0 357844 96391280 1772076 56911904    0    0     0 433700 168173 686916 17  5 78  1  0  0
21  0 357844 96388164 1772076 56917348    0    0     0 430268 166756 681872 17  5 78  1  0  0
17  1 357844 96380712 1772076 56921872    0    0     0 437340 168768 689515 17  5 78  1  0  0
procs -----------memory---------- ---swap-- -----io---- -system-- -------cpu-------
 r  b   swpd   free   buff  cache   si   so    bi    bo   in   cs us sy id wa st gu
18  2 357844 96369840 1772080 56927204    0    0     0 436056 167784 686418 17  5 78  1  0  0
18  1 357844 96363668 1772080 56932460    0    0     0 439636 169136 691959 17  5 77  1  0  0
18  0 357844 96362904 1772080 56937712    0    0     0 429120 166476 675409 16  5 78  1  0  0
17  1 357844 96360480 1772080 56943264    0    0     0 441404 169984 701709 17  5 77  1  0  0
22  1 357844 96357536 1772080 56948532    0    0     0 441548 170834 702830 17  5 77  1  0  0
21  0 357844 96353308 1772080 56952708    0    0     0 436800 169396 697434 17  5 77  1  0  0
22  0 357844 96351304 1772080 56958136    0    0     0 438536 170962 701779 17  5 77  1  0  0
19  0 357844 96342896 1772080 56962456    0    0     0 440696 171071 695977 17  5 77  1  0  0
17  0 357844 96336496 1772080 56968920    0    0     0 442880 170785 697893 17  5 77  1  0  0
19  1 357844 96332640 1772080 56974160    0    0     0 443188 170256 703636 17  5 77  1  0  0
19  0 357844 96328408 1772080 56978584    0    0     0 442504 170313 702521 17  5 77  1  0  0
18  0 357844 96320880 1772080 56984196    0    0     0 438136 169130 694145 17  5 77  1  0  0
17  0 357844 96317372 1772080 56990068    0    0     0 441312 168756 698551 17  5 77  1  0  0
18  1 357844 96313376 1772080 56994604    0    0     0 443712 170997 705247 17  5 77  1  0  0
18  0 357844 96304940 1772080 57000056    0    0     0 441036 169536 703674 17  5 77  1  0  0
18  0 357844 96275928 1772080 57005588    0    0     0 433676 168167 687152 16  5 78  1  0  0
17  1 357844 96271268 1772084 57010952    0    0     0 437684 170542 695522 17  5 77  1  0  0
20  0 357844 96264560 1772084 57015920    0    0     0 436528 169832 690515 17  5 77  1  0  0
21  0 357844 96255876 1772084 57020320    0    0     0 441032 170016 701192 17  5 77  1  0  0
16  1 357844 96249240 1772084 57026364    0    0     0 437496 168734 697675 17  5 77  1  0  0
19  0 357844 96244696 1772084 57031508    0    0     0 445264 170329 714105 17  5 77  1  0  0
procs -----------memory---------- ---swap-- -----io---- -system-- -------cpu-------
 r  b   swpd   free   buff  cache   si   so    bi    bo   in   cs us sy id wa st gu
18  1 357844 96244852 1772088 57036272    0    0     0 443288 169662 706962 17  5 77  1  0  0
18  1 357844 96238960 1772088 57042764    0    0     0 442228 169239 702868 17  5 77  1  0  0
18  0 357844 96241000 1772088 57048040    0    0     0 440688 169652 702432 17  5 77  1  0  0
20  1 357844 96231820 1772088 57052680    0    0     0 442228 170041 704682 17  5 77  1  0  0
18  0 357844 96226688 1772088 57058604    0    0     0 439904 169901 700783 17  5 77  1  0  0
20  0 357844 96216036 1772092 57064020    0    0     0 436068 168864 698181 17  5 77  1  0  0
20  1 357844 96214412 1772092 57068052    0    0     0 437844 169453 698821 17  5 77  1  0  0
21  1 357844 96205864 1772092 57074120    0    0     0 438192 169463 694034 17  5 77  1  0  0
20  0 357844 96198952 1772092 57078008    0    0     0 437584 169459 693666 17  5 77  1  0  0
18  1 357844 96194072 1772092 57083696    0    0     0 436176 168059 682688 17  5 78  1  0  0
16  1 357844 96190924 1772096 57089696    0    0     0 437684 168740 691938 17  5 77  1  0  0
18  1 357844 96188232 1772096 57094468    0    0     0 432780 166758 680435 17  5 78  1  0  0
20  0 357844 96177236 1772096 57099828    0    0     0 432220 167948 684446 17  5 78  1  0  0
19  1 357844 96172448 1772096 57105328    0    0     0 435376 168776 686440 17  5 77  1  0  0
18  0 357844 96168348 1772096 57109836    0    0     0 439884 170091 695441 17  5 77  1  0  0
18  1 357844 96165204 1772100 57115656    0    0     0 442692 171441 696253 17  5 77  1  0  0
18  0 357844 96166512 1772100 57120652    0    0     0 438556 168423 699744 17  5 77  1  0  0
18  1 357844 96162304 1772100 57125724    0    0     0 439048 170323 701769 17  5 77  1  0  0
18  0 357844 96154384 1772100 57131172    0    0     0 442352 170897 702373 17  5 77  1  0  0
18  1 357844 96151672 1772100 57135324    0    0     0 436520 169012 695492 17  5 77  1  0  0
19  0 357844 96147412 1772104 57141612    0    0     0 439648 170094 701612 17  5 77  1  0  0
procs -----------memory---------- ---swap-- -----io---- -system-- -------cpu-------
 r  b   swpd   free   buff  cache   si   so    bi    bo   in   cs us sy id wa st gu
17  1 357844 96141072 1772104 57147252    0    0     0 440800 170227 704981 17  5 77  1  0  0
18  0 357844 96128552 1772104 57152128    0    0     0 443120 170625 705086 17  5 77  1  0  0
19  0 357844 96129232 1772104 57157336    0    0     0 441728 170040 701491 17  5 77  1  0  0
21  0 357844 96120684 1772104 57162988    0    0     0 440656 168568 695062 17  5 77  1  0  0
17  0 357844 96119104 1772112 57167508    0    0     0 436128 167740 691762 17  5 77  1  0  0
15  2 357844 96110492 1772112 57172512    0    0     0 442052 170753 699519 17  5 77  1  0  0
17  2 357844 96104688 1772112 57178616    0    0     0 435828 166848 691278 17  5 77  1  0  0
18  1 357844 96096468 1772112 57183820    0    0     0 444668 168529 706821 17  5 77  1  0  0
21  0 357844 96093496 1772112 57188948    0    0     0 441276 168912 705331 17  5 77  1  0  0
19  1 357844 96090876 1772116 57194176    0    0     0 443624 169483 704600 17  5 77  1  0  0
18  0 357844 96080608 1772116 57199416    0    0     0 436192 167227 697830 17  5 77  1  0  0
17  0 357844 96072580 1772116 57204776    0    0     0 427288 165226 667241 16  5 78  1  0  0
17  0 357844 96068060 1772116 57209684    0    0     0 442884 169863 704548 17  5 77  1  0  0
19  0 357844 96088028 1772128 57214660    0    0     0 437964 168112 691718 17  5 77  1  0  0
19  1 357844 96086596 1772128 57220448    0    0     0 438984 168331 698075 17  5 77  1  0  0
19  1 357844 96081856 1772128 57225652    0    0     0 440684 168420 702173 17  5 77  1  0  0
17  1 357844 96084696 1772128 57230908    0    0     0 439608 167745 697682 17  5 77  1  0  0
15  0 357844 96077220 1772128 57235932    0    0     0 437384 168152 696555 17  5 77  1  0  0
19  0 357844 96065132 1772128 57240920    0    0     0 438044 167123 693339 17  5 77  1  0  0
18  0 357844 96056600 1772136 57246632    0    0     0 442252 169318 696639 17  5 77  1  0  0
17  1 357844 96056916 1772136 57251296    0    0     0 436708 167876 683769 17  5 77  1  0  0
procs -----------memory---------- ---swap-- -----io---- -system-- -------cpu-------
 r  b   swpd   free   buff  cache   si   so    bi    bo   in   cs us sy id wa st gu
18  1 357844 96048952 1772136 57256476    0    0     0 403008 159212 653988 16  5 78  1  0  0
18  1 357844 96043640 1772136 57261852    0    0     0 431324 165565 677954 17  5 78  1  0  0
20  0 357844 96039832 1772136 57266356    0    0     0 437104 167422 683541 17  5 78  1  0  0
17  1 357844 96024524 1772136 57272188    0    0     0 438436 167935 698805 17  5 77  1  0  0
17  1 357844 96016692 1772136 57277296    0    0     0 440156 169303 700627 17  5 77  1  0  0
17  1 357844 96013600 1772136 57282444    0    0     0 437628 168515 696862 17  5 77  1  0  0
17  2 357844 96011956 1772136 57287972    0    0     0 440876 168279 700235 17  5 77  1  0  0
20  0 357844 96003692 1772136 57292888    0    0     0 437940 168152 692477 17  5 77  1  0  0
17  0 357844 95998668 1772140 57298412    0    0     0 433776 168491 691095 17  5 77  1  0  0
19  0 357844 95990484 1772140 57303592    0    0     0 440624 170380 701598 17  5 77  1  0  0
19  0 357844 95986724 1772140 57308564    0    0     0 436608 169778 694841 17  5 77  1  0  0
18  0 357844 95986688 1772140 57313992    0    0     0 437340 168981 698042 17  5 77  1  0  0
16  1 357844 95981260 1772140 57319076    0    0     0 440524 169763 697078 17  5 77  1  0  0
19  1 357844 95976608 1772148 57324192    0    0     0 437248 168541 696764 17  5 77  1  0  0
21  0 357844 95978440 1772148 57329660    0    0     0 431696 166016 687288 17  5 77  1  0  0
18  0 357844 95973212 1772148 57334936    0    0     0 435360 168154 687012 17  5 78  1  0  0
19  1 357844 95963356 1772148 57339936    0    0     0 432660 166979 676929 17  5 77  1  0  0
18  0 357844 95963988 1772148 57345056    0    0     0 429312 166581 671630 16  5 78  1  0  0
19  1 357844 95959104 1772152 57349884    0    0     0 435452 167874 691462 17  5 77  1  0  0
20  0 357844 95949256 1772152 57355444    0    0     0 433240 168034 683044 17  5 77  1  0  0
19  0 357844 95946068 1772152 57360568    0    0     0 439060 169683 691541 17  5 77  1  0  0
procs -----------memory---------- ---swap-- -----io---- -system-- -------cpu-------
 r  b   swpd   free   buff  cache   si   so    bi    bo   in   cs us sy id wa st gu
18  0 357844 95937832 1772152 57365652    0    0     0 432592 167355 691248 17  5 77  1  0  0
16  1 357844 95936172 1772152 57370968    0    0     0 437172 169458 686747 17  5 77  1  0  0
17  0 357844 95928156 1772160 57376136    0    0     0 435516 169406 684118 17  5 77  1  0  0
17  1 357844 95923120 1772160 57380912    0    0     0 435280 169076 682445 17  5 77  1  0  0
21  0 357844 95912884 1772160 57386100    0    0     0 434184 168664 675728 17  5 78  1  0  0
17  1 357844 95908544 1772160 57391284    0    0     0 433824 169026 684165 17  5 77  1  0  0
20  0 357844 95903580 1772160 57396312    0    0     0 434572 168417 689701 17  5 77  1  0  0
17  1 357844 95898952 1772164 57401556    0    0     0 436560 168854 694644 17  5 77  1  0  0
15  2 357844 95890696 1772164 57406304    0    0     0 435520 167435 689724 17  5 77  1  0  0
17  1 357844 95888368 1772164 57411856    0    0     0 433468 168746 683043 17  5 77  1  0  0
19  0 357844 95880416 1772164 57417016    0    0     0 433036 167404 680930 16  5 78  1  0  0
19  0 357844 95874896 1772164 57421596    0    0     0 434736 168268 684006 17  5 78  1  0  0
18  0 357844 95871244 1772172 57427204    0    0     0 434680 166981 685644 17  5 77  1  0  0
20  0 357844 95872156 1772172 57432288    0    0     0 430684 166109 676173 16  5 78  1  0  0
17  0 357844 95862648 1772172 57437292    0    0     0 424976 166409 674999 16  5 78  1  0  0
17  1 357844 95858036 1772172 57442328    0    0     0 432400 168986 681545 17  5 77  1  0  0
20  0 357844 95848252 1772172 57447560    0    0     0 434948 167959 682709 17  5 78  1  0  0
19  0 357844 95847724 1772176 57452360    0    0     0 434076 167536 690799 17  5 77  1  0  0
18  1 357844 95843208 1772176 57457768    0    0     0 433004 168798 680358 17  5 78  1  0  0
21  0 357844 95837076 1772176 57462452    0    0     0 433336 168854 685800 17  5 77  1  0  0
22  0 357844 95837356 1772176 57468068    0    0     0 430528 168181 686443 17  5 77  1  0  0
procs -----------memory---------- ---swap-- -----io---- -system-- -------cpu-------
 r  b   swpd   free   buff  cache   si   so    bi    bo   in   cs us sy id wa st gu
19  0 357844 95830312 1772176 57473248    0    0     0 431100 167646 687654 17  5 77  1  0  0
18  0 357844 95816508 1772180 57478296    0    0     0 424508 165666 674247 16  5 78  1  0  0
20  0 357844 95808140 1772180 57483484    0    0     0 422476 165024 677355 17  5 78  1  0  0
23  0 357844 95804024 1772180 57488540    0    0     0 424948 163396 680642 17  5 78  1  0  0
19  1 357844 95794540 1772180 57493688    0    0     0 427880 166683 683228 17  5 78  1  0  0
18  0 357844 95786380 1772180 57498792    0    0     0 428340 166101 682543 17  5 77  1  0  0
20  0 357844 95781804 1772184 57503952    0    0     0 430708 167355 686649 17  5 78  1  0  0
17  1 357844 95779644 1772184 57508924    0    0     0 431940 167784 687178 17  5 78  1  0  0
17  1 357844 95780408 1772184 57514364    0    0     0 429316 167113 680926 16  5 78  1  0  0
17  0 357844 95770848 1772184 57519112    0    0     0 432984 168443 690108 17  5 77  1  0  0
18  0 357844 95758248 1772184 57524428    0    0     0 428956 167457 680451 17  5 77  1  0  0
19  0 357844 95752328 1772188 57529688    0    0     0 429772 167948 684879 17  5 77  1  0  0
17  1 357844 95752020 1772188 57534804    0    0     0 427700 165699 684765 17  5 77  1  0  0
18  1 357844 95749940 1772188 57540016    0    0     0 429708 167212 689569 17  5 77  1  0  0
18  0 357844 95723676 1772188 57545088    0    0     0 424636 165164 674307 17  5 78  1  0  0
18  0 357844 95713496 1772188 57550328    0    0     0 435084 168129 690337 17  5 77  1  0  0
18  1 357844 95708792 1772188 57555600    0    0     0 435640 168115 698508 17  5 77  1  0  0
19  1 357844 95712496 1772188 57560736    0    0     0 436260 169489 695121 17  5 77  1  0  0
17  1 357844 95703824 1772188 57565964    0    0     0 438772 170190 696633 17  5 77  1  0  0
18  1 357844 95695900 1772188 57571200    0    0     0 436012 168522 695179 17  5 77  1  0  0
17  1 357844 95699112 1772188 57576432    0    0     0 430460 167427 683451 17  5 77  1  0  0
procs -----------memory---------- ---swap-- -----io---- -system-- -------cpu-------
 r  b   swpd   free   buff  cache   si   so    bi    bo   in   cs us sy id wa st gu
18  1 357844 95697904 1772192 57581512    0    0     0 436252 169235 690708 17  5 77  1  0  0
19  1 357844 95695664 1772192 57586652    0    0     0 433644 168602 688457 17  5 77  1  0  0
22  2 357844 95682352 1772192 57591764    0    0     0 435176 169921 698004 17  5 77  1  0  0
17  1 357844 95676392 1772192 57596960    0    0     0 426000 167062 674745 16  5 78  1  0  0
21  0 357844 95666740 1772192 57602016    0    0     0 426776 166392 672176 16  5 78  1  0  0
18  1 357844 95663696 1772192 57607060    0    0     0 433092 168147 691903 17  5 77  1  0  0
18  1 357844 95654524 1772192 57612412    0    0     0 428916 166091 685486 17  5 78  1  0  0
18  0 357844 95648952 1772192 57617388    0    0     0 429716 167320 683511 17  5 77  1  0  0
19  0 357844 95644912 1772192 57622484    0    0     0 430156 167757 680136 17  5 77  1  0  0
20  1 357844 95638388 1772192 57627764    0    0     0 426448 165951 678136 17  5 77  1  0  0
16  1 357844 95640144 1772192 57632800    0    0     0 431712 167751 688698 17  5 77  1  0  0
20  0 357844 95630232 1772192 57637996    0    0     0 434020 168164 693174 17  5 77  1  0  0
20  2 357844 95623336 1772192 57643328    0    0     0 438496 169598 700844 17  5 77  1  0  0
19  0 357844 95621852 1772192 57648572    0    0     0 432276 167592 688593 17  5 77  1  0  0
16  1 357844 95616204 1772192 57653660    0    0     0 431496 168314 685384 17  5 77  1  0  0
18  1 357844 95611744 1772192 57658752    0    0     0 429708 167636 684919 17  5 77  1  0  0
19  1 357844 95610320 1772192 57663960    0    0     0 432520 167841 688246 17  5 77  1  0  0
19  0 357844 95613376 1772192 57669088    0    0     0 429948 168066 685521 17  5 77  1  0  0
19  1 357844 95604200 1772192 57673936    0    0     0 424992 166475 676452 17  5 77  1  0  0
21  0 357844 95591644 1772192 57679264    0    0     0 426624 167780 676070 17  5 77  1  0  0
20  0 357844 95587852 1772196 57684272    0    0     0 427316 167082 669838 16  5 77  1  0  0
procs -----------memory---------- ---swap-- -----io---- -system-- -------cpu-------
 r  b   swpd   free   buff  cache   si   so    bi    bo   in   cs us sy id wa st gu
23  1 357844 95582604 1772196 57689452    0    0     0 433628 168787 696317 17  5 77  1  0  0
16  1 357844 95575792 1772196 57694544    0    0     0 433344 168477 697087 17  5 77  1  0  0
17  1 357844 95565284 1772196 57699860    0    0     0 432872 167875 697523 17  5 77  1  0  0
21  1 357844 95559960 1772196 57705172    0    0     0 434368 167873 697690 17  5 77  1  0  0
20  0 357844 95557156 1772204 57710268    0    0     0 438216 169260 698685 17  5 77  1  0  0
21  0 357844 95551348 1772204 57715516    0    0     0 439888 169812 702300 17  5 77  1  0  0
18  1 357844 95547140 1772204 57720844    0    0     0 439884 169223 694388 17  5 77  1  0  0
17  2 357844 95534156 1772204 57725984    0    0     0 435592 167819 689554 17  5 77  1  0  0
18  0 357844 95535488 1772204 57731116    0    0     0 432064 166375 691063 17  5 77  1  0  0
18  0 357844 95530400 1772212 57736396    0    0     0 436784 168502 696316 17  5 77  1  0  0
 1  0 357844 95482764 1772212 57741204    0    0     0 426004 164329 676739 16  5 78  1  0  0
18  1 357844 95474076 1772212 57746444    0    0     0 415816 161613 653397 16  5 78  1  0  0
18  1 357844 95476144 1772212 57751548    0    0     0 428412 165497 680372 16  5 78  1  0  0
18  0 357844 95539580 1772216 57756584    0    0     0 427104 165769 680645 16  5 78  1  0  0
19  1 357844 95531376 1772216 57761856    0    0     0 431088 167979 691239 17  5 77  1  0  0
18  1 357844 95520264 1772216 57767000    0    0     0 424484 166251 671586 16  5 78  1  0  0
18  0 357844 95518360 1772216 57772032    0    0     0 424728 166026 670133 16  5 78  1  0  0
18  0 357844 95522468 1772216 57777184    0    0     0 432272 168582 693632 17  5 77  1  0  0
21  0 357844 95516436 1772216 57782252    0    0     0 435504 169294 693723 17  5 77  1  0  0
18  0 357844 95511776 1772224 57787408    0    0     0 434604 168771 689161 17  5 77  1  0  0
18  0 357844 95506640 1772224 57792620    0    0     0 436136 169772 697467 17  5 77  1  0  0
procs -----------memory---------- ---swap-- -----io---- -system-- -------cpu-------
 r  b   swpd   free   buff  cache   si   so    bi    bo   in   cs us sy id wa st gu
18  1 357844 95498912 1772224 57797772    0    0     0 436040 168155 697038 17  5 77  1  0  0
19  0 357844 95494928 1772224 57803000    0    0     0 435584 168146 694420 17  5 77  1  0  0
19  1 357844 95487728 1772224 57808324    0    0     0 436616 168879 697187 17  5 77  1  0  0
20  0 357844 95477540 1772228 57813440    0    0     0 430576 166159 689168 17  5 77  1  0  0
18  0 357844 95473860 1772228 57818756    0    0     0 433180 166665 694453 17  5 77  1  0  0
17  1 357844 95465324 1772228 57823960    0    0     0 437872 168762 701591 17  5 77  1  0  0
18  0 357844 95459436 1772228 57829264    0    0     0 440360 169891 697996 17  5 77  1  0  0
19  2 357844 95455976 1772228 57834352    0    0     0 423408 165284 673220 17  5 77  1  0  0
20  0 357844 95455384 1772236 57839420    0    0     0 415876 163907 667286 16  5 78  1  0  0
17  1 357844 95448536 1772236 57844576    0    0     0 437124 170132 694429 17  5 77  1  0  0
16  2 357844 95443080 1772236 57849748    0    0     0 433608 168249 688404 17  5 77  1  0  0
20  0 357844 95434104 1772236 57854920    0    0     0 432236 168120 688976 17  5 77  1  0  0
21  1 357844 95424164 1772236 57860092    0    0     0 436600 169121 691679 17  5 77  1  0  0
18  0 357844 95422948 1772236 57865124    0    0     0 435812 169758 697555 17  5 77  1  0  0
17  1 357844 95413528 1772236 57870576    0    0     0 439736 168857 706764 17  5 77  1  0  0
17  0 357844 95404148 1772236 57875944    0    0     0 431860 167042 696477 17  5 77  1  0  0
18  1 357844 95404328 1772236 57881100    0    0     0 433028 167602 700847 17  5 77  1  0  0
20  1 357844 95399352 1772236 57886380    0    0     0 428188 166475 683913 17  5 78  1  0  0
22  1 357844 95397616 1772240 57891520    0    0     0 433300 167651 693227 17  5 77  1  0  0
16  1 357844 95392508 1772240 57896776    0    0     0 438408 170040 701252 17  5 77  1  0  0
18  0 357844 95383724 1772240 57902064    0    0     0 436724 168710 692810 17  5 77  1  0  0
procs -----------memory---------- ---swap-- -----io---- -system-- -------cpu-------
 r  b   swpd   free   buff  cache   si   so    bi    bo   in   cs us sy id wa st gu
20  0 357844 95376784 1772240 57906952    0    0     0 433496 168755 690659 17  5 77  1  0  0
18  0 357844 95375496 1772240 57912312    0    0     0 431148 167695 682658 17  5 77  1  0  0
22  0 357844 95369464 1772244 57917456    0    0     0 428544 168001 684644 17  5 77  1  0  0
19  1 357844 95362952 1772244 57922528    0    0     0 424272 165501 668943 16  5 78  1  0  0
19  1 357844 95354944 1772244 57927568    0    0     0 424860 164202 662989 16  5 78  1  0  0
17  1 357844 95356132 1772244 57932540    0    0     0 431592 167102 675246 16  5 78  1  0  0
20  0 357844 95350760 1772244 57937664    0    0     0 428860 165083 673108 16  5 78  1  0  0
19  0 357844 95344484 1772244 57942596    0    0     0 434204 166791 684417 17  5 78  1  0  0
18  0 357844 95340720 1772244 57947548    0    0     0 433756 167892 689282 16  5 78  1  0  0
20  1 357844 95331644 1772244 57953004    0    0     0 438372 168389 693865 17  5 78  1  0  0
23  0 357844 95328352 1772244 57958088    0    0     0 428964 167161 682056 16  5 78  1  0  0
20  0 357844 95325164 1772244 57963228    0    0     0 429560 166230 685858 17  5 77  1  0  0
19  0 357844 95319188 1772244 57968444    0    0     0 433668 168410 691739 17  5 77  1  0  0
18  0 357844 95317628 1772244 57973580    0    0     0 434992 168523 686634 17  5 78  1  0  0
18  0 357844 95314188 1772244 57978652    0    0     0 437696 168927 692354 17  5 77  1  0  0
19  1 357844 95308088 1772244 57983900    0    0     0 436348 168276 691042 17  5 77  1  0  0
17  0 357844 95297784 1772244 57989064    0    0     0 435568 168710 689738 17  5 77  1  0  0
18  1 357844 95298296 1772248 57994280    0    0     0 429740 167200 680887 17  5 78  1  0  0
20  0 357844 95291388 1772248 57998980    0    0     0 406588 161102 654506 16  5 78  1  0  0
16  2 357844 95291960 1772248 58004288    0    0     0 422328 165149 674847 16  5 78  1  0  0
19  0 357844 95279140 1772248 58009528    0    0     0 427580 165587 680442 16  5 78  1  0  0
procs -----------memory---------- ---swap-- -----io---- -system-- -------cpu-------
 r  b   swpd   free   buff  cache   si   so    bi    bo   in   cs us sy id wa st gu
17  0 357844 95279496 1772248 58014352    0    0     0 434276 168805 690320 17  5 78  1  0  0
18  1 357844 95279372 1772252 58019544    0    0     0 423668 165071 665422 16  5 78  1  0  0
19  0 357844 95272208 1772252 58024680    0    0     0 437584 169971 693143 17  5 77  1  0  0
19  0 357844 95261952 1772252 58029756    0    0     0 432724 168933 681463 17  5 78  1  0  0
18  1 357844 95253144 1772252 58034780    0    0     0 437328 169446 688600 17  5 77  1  0  0
18  0 357844 95254908 1772252 58039996    0    0     0 433588 168955 683411 17  5 78  1  0  0
22  1 357844 95249168 1772252 58045092    0    0     0 436228 168856 694403 17  5 77  1  0  0
20  0 357844 95249880 1772252 58050000    0    0     0 433184 167246 682632 17  5 78  1  0  0
18  0 357844 95240244 1772252 58055492    0    0     0 434120 168597 693833 17  5 77  1  0  0
14  1 357844 95238740 1772252 58060588    0    0     0 437592 168944 691284 17  5 78  1  0  0
18  0 357844 95235524 1772252 58065992    0    0     0 430888 165523 690965 17  5 78  1  0  0
16  1 357844 95229300 1772252 58071044    0    0     0 433028 167825 680892 17  5 78  1  0  0
16  2 357844 95218572 1772252 58076096    0    0     0 433592 168612 684964 17  5 78  1  0  0
17  0 357844 95211376 1772252 58081412    0    0     0 432632 167830 685733 17  5 78  1  0  0
15  0 357844 95175628 1772252 58086348    0    0     0 427488 167463 668295 16  5 78  1  0  0
17  1 357844 95170608 1772252 58091288    0    0     0 424196 166431 664771 16  5 78  1  0  0
18  0 357844 95165860 1772256 58096288    0    0     0 423972 165062 664686 16  5 78  1  0  0
16  2 357844 95160556 1772256 58101268    0    0     0 425712 166361 666488 16  5 78  1  0  0
17  1 357844 95155260 1772256 58106312    0    0     0 432688 168645 683764 17  5 78  1  0  0
19  1 357844 95150936 1772256 58111448    0    0     0 429844 167956 682519 17  5 77  1  0  0
18  1 357844 95147076 1772256 58116444    0    0     0 432100 168619 682116 17  5 78  1  0  0
procs -----------memory---------- ---swap-- -----io---- -system-- -------cpu-------
 r  b   swpd   free   buff  cache   si   so    bi    bo   in   cs us sy id wa st gu
23  1 357844 95138812 1772260 58121536    0    0     0 432904 168226 682340 17  5 77  1  0  0
18  2 357844 95134744 1772260 58126752    0    0     0 429808 167838 681408 17  5 78  1  0  0
17  2 357844 95137268 1772260 58131744    0    0     0 425212 166493 673607 16  5 78  1  0  0
19  0 357844 95139896 1772260 58136824    0    0     0 427052 166709 678833 17  5 77  1  0  0
19  0 357844 95134608 1772260 58142056    0    0     0 434388 168261 689636 17  5 77  1  0  0
18  1 357844 95131532 1772264 58147280    0    0     0 432984 167866 687458 17  5 77  1  0  0
17  1 357844 95123276 1772264 58152380    0    0     0 434312 169099 688505 17  5 77  1  0  0
17  2 357844 95118800 1772264 58157424    0    0     0 420896 164443 663438 16  5 78  1  0  0
18  0 357844 95117360 1772264 58162400    0    0     0 412540 162659 659915 16  5 78  1  0  0
17  0 357844 95105984 1772264 58167224    0    0     0 410812 162074 653844 16  5 78  1  0  0
17  1 357844 95097432 1772268 58172196    0    0     0 424392 165243 670397 16  5 78  1  0  0
17  0 357844 95092740 1772268 58177344    0    0     0 425200 165597 671657 16  5 78  1  0  0
17  0 357844 95085856 1772268 58182488    0    0     0 425120 165755 678106 16  5 78  1  0  0
20  0 357844 95080468 1772268 58187636    0    0     0 433240 167514 688055 17  5 78  1  0  0
19  1 357844 95077792 1772268 58192496    0    0     0 429376 165437 690106 17  5 78  1  0  0
19  0 357844 95076200 1772276 58197852    0    0     0 435800 169178 690780 17  5 77  1  0  0
18  0 357844 95069192 1772276 58203176    0    0     0 432584 167812 688799 17  5 77  1  0  0
16  1 357844 95061184 1772276 58208232    0    0     0 431320 167084 689227 17  5 78  1  0  0
19  0 357844 95058532 1772276 58213544    0    0     0 435876 168353 700380 17  5 78  1  0  0
