procs -----------memory---------- ---swap-- -----io---- -system-- -------cpu-------
 r  b   swpd   free   buff  cache   si   so    bi    bo   in   cs us sy id wa st gu
 4  0 361680 3271228 1668596 171988200    5   10 23683 29829 8604    4  3  0 96  0  0  0
101  0 361680 3241068 1668596 171988244    0    0     0 229236 92780 50991 96  1  3  0  0  0
123  0 361680 3225848 1668596 171988256    0    0     0 307764 139179 43120 98  1  1  0  0  0
125  0 361680 3214256 1668600 171988280    0    0     0 293860 95861 45088 99  1  0  0  0  0
126  0 361680 3193380 1668600 171988296    0    0     0 303700 119374 45545 98  1  1  0  0  0
45  0 361680 3165132 1668600 171988312    0    0     0 403940 116311 50836 93  1  6  0  0  0
19 22 361680 2904148 1668600 171991464    0    0 872080 531884 495612 951119 40 23 27 10  0  0
23 35 361680 2890888 1668600 171997564    0    0 1259312 642608 315914 1318352 46 18 22 13  0  0
15 18 361680 2874468 1668604 172003656    0    0 1244512 628484 317528 1326143 47 18 22 13  0  0
64 22 361680 2898624 1668604 172009892    0    0 1278112 652340 312383 1324972 46 18 23 13  0  0
18 16 361680 2897392 1668604 172016284    0    0 1296816 701188 311015 1292204 46 18 22 14  0  0
21 20 361680 2894680 1668608 172022284    0    0 1232836 734376 305420 1258849 44 17 24 15  0  0
49  8 361680 2890372 1668608 172028456    0    0 1242768 727200 303359 1254326 43 18 24 15  0  0
92 46 361680 2886352 1668608 172034504    0    0 1242352 745068 308385 1282125 45 18 24 14  0  0
73 57 361680 2881340 1668612 172040600    0    0 1251088 733812 303639 1245852 44 17 23 15  0  0
40 33 361680 2865548 1668612 172046668    0    0 1211504 731028 294399 1184308 42 16 25 17  0  0
70  7 361680 2841008 1668612 172052692    0    0 1244112 736956 299298 1216273 43 16 24 17  0  0
18 18 361680 2829360 1668612 172058904    0    0 1246384 795116 305564 1241332 44 17 24 15  0  0
10 24 361680 2816900 1668612 172064740    0    0 1202736 787596 304206 1230768 42 17 26 16  0  0
20 18 361680 2806548 1668612 172070828    0    0 1236144 809744 300048 1176690 41 16 27 16  0  0
70 54 361680 2795980 1668612 172076816    0    0 1210704 801588 303186 1196227 42 16 26 16  0  0
procs -----------memory---------- ---swap-- -----io---- -system-- -------cpu-------
 r  b   swpd   free   buff  cache   si   so    bi    bo   in   cs us sy id wa st gu
51 12 361680 2787120 1668612 172082804    0    0 1206144 792328 300164 1193984 43 17 25 15  0  0
24 15 361680 2782732 1668612 172088692    0    0 1226320 843616 302041 1190381 42 17 25 16  0  0
29 13 361680 2775532 1668616 172094416    0    0 1182464 839180 302205 1173780 41 17 26 16  0  0
52 21 361680 2765520 1668616 172100228    0    0 1185760 824200 304864 1206077 43 17 25 16  0  0
80 43 361680 2760184 1668616 172106272    0    0 1246976 868428 302383 1169008 42 16 24 17  0  0
21 19 361680 2755300 1668616 172112440    0    0 1229440 848712 300839 1164007 42 16 23 19  0  0
87 41 361680 2747044 1668616 172118244    0    0 1181744 798844 294334 1152693 41 16 25 18  0  0
20 28 361680 2741524 1668620 172123868    0    0 1174768 812060 295880 1159119 41 16 25 18  0  0
87 22 361680 2733448 1668620 172129996    0    0 1232176 847388 306056 1208972 43 17 24 16  0  0
35  4 361680 2729792 1668620 172136020    0    0 1219712 834140 306020 1218949 43 17 23 16  0  0
21 16 361680 2721872 1668620 172141716    0    0 1151152 814648 300342 1178246 41 17 26 16  0  0
17 17 361680 2717872 1668620 172147468    0    0 1181856 811256 301793 1165182 42 17 26 16  0  0
28 18 361680 2710152 1668620 172153264    0    0 1176064 818396 303781 1185482 42 18 25 15  0  0
25 15 361680 2703988 1668624 172159284    0    0 1216292 825780 303560 1199210 43 17 24 16  0  0
113  6 361680 2695088 1668624 172165012    0    0 1173808 819708 301875 1190823 43 18 25 15  0  0
80 42 361680 2688940 1668624 172170816    0    0 1184288 850628 301538 1168943 42 17 26 15  0  0
25 12 361680 2665672 1668624 172176480    0    0 1104592 798472 294425 1142020 40 17 29 14  0  0
74 15 361680 2661352 1668628 172181920    0    0 1169104 818304 297225 1146313 41 17 26 16  0  0
33  7 361680 2654232 1668628 172187684    0    0 1163408 820800 296506 1147220 41 17 26 17  0  0
17 23 361680 2649456 1668628 172193640    0    0 1195056 857600 300720 1171417 42 17 24 17  0  0
22 20 361680 2644284 1668628 172199384    0    0 1204512 848684 300738 1153622 42 17 25 17  0  0
procs -----------memory---------- ---swap-- -----io---- -system-- -------cpu-------
 r  b   swpd   free   buff  cache   si   so    bi    bo   in   cs us sy id wa st gu
58  2 361680 2637632 1668628 172205160    0    0 1165888 814492 300278 1169652 42 17 25 16  0  0
24 19 361680 2628192 1668628 172210828    0    0 1164480 836920 297280 1139732 41 16 27 16  0  0
69 19 361680 2973624 1668628 171872312    0    0 1168720 825128 300884 1173427 42 18 25 16  0  0
49 16 361680 2979828 1668628 171876740    0    0 1180480 840528 302995 1183957 43 17 25 15  0  0
28 11 361680 3007588 1668628 171882384    0    0 1180912 846252 301419 1169702 42 17 26 15  0  0
74 31 361680 3014512 1668628 171888040    0    0 1185872 844996 301629 1168910 42 17 26 15  0  0
82 12 361680 3013316 1668628 171893728    0    0 1175696 858928 302897 1183437 42 17 25 16  0  0
72 52 361680 2981840 1668628 171899296    0    0 1193760 851612 302513 1166063 42 17 26 15  0  0
18 26 361680 2973804 1668628 171904868    0    0 1146736 823520 292565 1111745 40 16 26 18  0  0
67 12 361680 2971084 1668628 171910324    0    0 1151984 810132 291560 1121699 40 16 26 18  0  0
24 26 361680 2964152 1668628 171916012    0    0 1176224 858828 303079 1170447 42 17 25 16  0  0
74 33 361680 2955436 1668632 171921812    0    0 1218240 864180 304663 1167951 43 17 25 16  0  0
49 12 361680 2956480 1668632 171927480    0    0 1188064 863896 302430 1177123 42 17 25 16  0  0
27 19 361680 2948976 1668632 171933252    0    0 1181216 863212 301360 1165761 42 17 25 16  0  0
26 18 361680 2943204 1668632 171938872    0    0 1179184 847180 301702 1166290 42 17 26 16  0  0
84 24 361680 2936720 1668632 171944556    0    0 1157904 845096 302060 1158317 41 17 26 16  0  0
43 15 361680 2930132 1668640 171950280    0    0 1177316 827860 304647 1172335 42 17 25 16  0  0
43 14 361680 2923952 1668640 171956020    0    0 1159264 845116 302536 1163302 41 17 27 15  0  0
32 23 361680 2916768 1668640 171961528    0    0 1125664 809924 305852 1200319 42 18 27 14  0  0
11 26 361680 2914576 1668640 171966984    0    0 1156720 822072 299658 1145999 41 17 26 16  0  0
16 21 361680 2906832 1668640 171972980    0    0 1190240 833980 295629 1128891 41 16 25 17  0  0
procs -----------memory---------- ---swap-- -----io---- -system-- -------cpu-------
 r  b   swpd   free   buff  cache   si   so    bi    bo   in   cs us sy id wa st gu
60 10 361680 2897544 1668640 171978700    0    0 1179600 832912 303081 1175792 42 18 25 15  0  0
37 17 361680 2891768 1668640 171984452    0    0 1152432 839532 305646 1186977 42 18 27 14  0  0
66 10 361680 2886132 1668640 171990108    0    0 1170208 850932 308141 1179556 42 17 26 14  0  0
114  3 361680 2876220 1668640 171995960    0    0 1176800 833124 304232 1168111 42 17 26 15  0  0
28 15 361680 2874504 1668640 172001520    0    0 1121344 826292 302852 1179163 42 17 28 13  0  0
18 15 361680 2869460 1668648 172007108    0    0 1166240 831040 303570 1175762 42 17 26 15  0  0
56  4 361680 2865488 1668648 172012744    0    0 1149104 834368 305188 1190401 42 17 27 14  0  0
20 25 361680 2859320 1668648 172018304    0    0 1163280 845048 306539 1188392 42 18 27 14  0  0
31 20 361680 2853440 1668648 172024396    0    0 1215920 880260 307007 1204509 44 17 24 16  0  0
21 16 361680 2848520 1668648 172029936    0    0 1149408 827312 301997 1169013 41 17 27 15  0  0
84 35 361680 2840100 1668648 172035784    0    0 1177504 836472 302349 1181068 42 17 25 16  0  0
74 55 361680 2836968 1668648 172041444    0    0 1167712 832800 302989 1177890 42 17 26 15  0  0
96 28 361680 2831540 1668648 172047396    0    0 1195536 853072 303624 1184374 42 17 25 16  0  0
59 25 361680 2826680 1668648 172053116    0    0 1184192 839428 305679 1191299 43 17 24 16  0  0
41 44 361680 2819940 1668648 172058972    0    0 1180720 851656 300573 1151457 41 16 26 16  0  0
83 36 361680 2800820 1668656 172064600    0    0 1141920 802728 297420 1134785 40 17 27 16  0  0
31 17 361680 2775796 1668656 172070340    0    0 1213056 866460 305489 1173860 43 17 25 15  0  0
19 16 361680 2757304 1668656 172076428    0    0 1213968 864200 308624 1209809 44 18 24 14  0  0
51 19 361680 2745832 1668660 172082220    0    0 1198084 852268 307426 1192299 43 17 26 14  0  0
18 25 361680 2738568 1668660 172088116    0    0 1187776 861136 306004 1198652 43 18 25 14  0  0
10 10 361680 2729168 1668660 172093860    0    0 1185264 867104 303043 1159694 41 16 27 15  0  0
procs -----------memory---------- ---swap-- -----io---- -system-- -------cpu-------
 r  b   swpd   free   buff  cache   si   so    bi    bo   in   cs us sy id wa st gu
83  5 361680 2675372 1668660 172099604    0    0 1148016 815636 295236 1124595 40 16 29 14  0  0
12 19 361680 2676148 1668660 172105348    0    0 1151616 821484 290781 1105334 40 16 26 18  0  0
25 24 361680 2719148 1668664 172110984    0    0 1187328 830620 299638 1144771 42 16 26 16  0  0
14 18 361680 2718228 1668664 172116856    0    0 1171872 850680 304630 1170638 42 17 27 14  0  0
89 43 361680 2709368 1668664 172122812    0    0 1227760 869600 307708 1160689 42 17 26 15  0  0
77 61 361680 2704004 1668664 172128592    0    0 1152560 846740 303038 1166527 41 17 26 16  0  0
30 20 361680 2698356 1668664 172134452    0    0 1197376 854936 306687 1203034 43 17 25 15  0  0
12 13 361680 2689132 1668664 172140340    0    0 1228432 874036 305275 1150940 42 17 26 15  0  0
89 37 361680 2685484 1668664 172146444    0    0 1243440 886564 309256 1195866 44 17 24 15  0  0
40 10 361680 2678328 1668668 172152108    0    0 1174416 841404 309649 1206986 43 18 25 13  0  0
83 15 361680 2673892 1668668 172158052    0    0 1197664 856652 306122 1168856 42 17 26 15  0  0
75 50 361680 2664728 1668668 172163996    0    0 1189376 857392 305836 1167016 42 17 26 15  0  0
34 32 361680 2659956 1668668 172169776    0    0 1159648 834548 302132 1161711 41 17 26 16  0  0
29 49 361680 2650088 1668668 172175496    0    0 1171680 813096 293877 1133491 40 17 25 18  0  0
80 20 361680 2643688 1668672 172181132    0    0 1178960 838436 302823 1180220 42 17 25 15  0  0
78 51 361680 2635868 1668672 172186924    0    0 1196240 859968 309806 1201158 43 17 25 15  0  0
58 53 361680 2627364 1668672 172192716    0    0 1186288 844928 306543 1190356 43 18 25 14  0  0
36 22 361680 2971268 1668672 171858052    0    0 1206672 854624 304761 1168668 43 17 25 15  0  0
37 41 361680 2979760 1668672 171862512    0    0 1193888 858500 308016 1206216 44 18 25 14  0  0
26 24 361680 3021748 1668676 171868116    0    0 1174708 845112 308058 1187398 42 17 26 15  0  0
36 22 361680 3022716 1668684 171873704    0    0 1175040 851632 308343 1189435 43 18 26 14  0  0
procs -----------memory---------- ---swap-- -----io---- -system-- -------cpu-------
 r  b   swpd   free   buff  cache   si   so    bi    bo   in   cs us sy id wa st gu
52 41 361680 3017648 1668684 171879340    0    0 1174416 844784 309855 1224420 43 18 24 14  0  0
48 51 361680 3009328 1668684 171884932    0    0 1188368 860096 308005 1187347 43 18 25 15  0  0
24 15 361680 3004832 1668684 171890644    0    0 1173680 841896 304172 1173529 42 17 26 14  0  0
37 77 361680 3000556 1668684 171896252    0    0 1151840 800716 297741 1136287 41 16 27 16  0  0
42 70 361680 2996904 1668684 171901852    0    0 1182400 823640 296177 1132411 41 16 24 18  0  0
32 52 361680 2991464 1668684 171907776    0    0 1219184 854504 306759 1187209 43 17 24 16  0  0
42 85 361680 2986324 1668684 171913448    0    0 1177536 850100 307535 1193033 43 17 25 14  0  0
42 78 361680 2978956 1668684 171919220    0    0 1174016 850084 305979 1193111 42 18 25 15  0  0
32 76 361680 2975084 1668684 171925164    0    0 1195744 851316 305592 1184475 42 17 25 15  0  0
71 45 361680 2969868 1668692 171930864    0    0 1190816 862612 310366 1196780 43 18 24 15  0  0
72 51 361680 2965024 1668692 171936692    0    0 1179840 840000 306775 1186132 43 17 26 14  0  0
86 38 361680 2956960 1668692 171942476    0    0 1187792 850536 309466 1202957 43 17 25 15  0  0
26 68 361680 2952952 1668692 171948368    0    0 1212656 851832 309042 1203536 44 18 25 14  0  0
34 84 361680 2950204 1668692 171954260    0    0 1185888 852740 307458 1193453 43 17 25 15  0  0
17 77 361680 2944236 1668696 171960164    0    0 1198448 852916 304408 1190242 43 17 25 15  0  0
14 79 361680 2936536 1668696 171965996    0    0 1178032 834148 298491 1136962 41 16 26 17  0  0
53 76 361680 2933100 1668696 171971624    0    0 1166960 827792 295736 1132808 41 16 27 17  0  0
30 59 361680 2925848 1668696 171977472    0    0 1174880 838172 307543 1195666 43 17 26 14  0  0
29 78 361680 2918580 1668696 171983300    0    0 1191568 866092 307803 1167191 42 17 26 15  0  0
29 73 361680 2912756 1668704 171988988    0    0 1190352 849124 307468 1180368 42 17 26 15  0  0
22 41 361680 2907032 1668704 171995004    0    0 1184176 841808 304493 1167732 42 17 26 15  0  0
procs -----------memory---------- ---swap-- -----io---- -system-- -------cpu-------
 r  b   swpd   free   buff  cache   si   so    bi    bo   in   cs us sy id wa st gu
30 79 361680 2900448 1668708 172000796    0    0 1188324 876476 308522 1199112 43 18 25 15  0  0
23 93 361680 2897920 1668708 172006684    0    0 1196000 869156 309410 1204367 43 18 25 14  0  0
49 77 361680 2891968 1668708 172012420    0    0 1177136 859504 306747 1180995 42 18 26 14  0  0
42 59 361680 2883880 1668708 172018484    0    0 1219648 881888 308879 1195361 43 17 25 14  0  0
25 63 361680 2878732 1668708 172024244    0    0 1173520 828940 300429 1154642 42 17 26 16  0  0
42 75 361680 2863356 1668708 172029944    0    0 1150592 807876 287485 1079733 39 15 28 17  0  0
 7 83 361680 2857416 1668708 172035688    0    0 1166304 845104 291855 1108210 40 16 26 18  0  0
30 89 361680 2849592 1668708 172041388    0    0 1165568 851724 300398 1155395 41 17 25 16  0  0
27 68 361680 2843496 1668712 172047360    0    0 1199232 870556 308060 1189051 43 18 25 14  0  0
24 89 361680 2838968 1668712 172053148    0    0 1214544 872316 307437 1181052 43 17 25 15  0  0
20 77 361680 2833092 1668712 172058964    0    0 1179120 847004 305784 1183293 42 17 26 15  0  0
27 86 361680 2827316 1668712 172064764    0    0 1173280 860292 306401 1209536 43 18 24 15  0  0
30 80 361680 2819920 1668712 172070652    0    0 1198032 871328 306952 1199506 43 17 25 14  0  0
42 74 361680 2808268 1668720 172076500    0    0 1203760 844000 308640 1211214 44 18 24 14  0  0
45 80 361680 2786912 1668720 172082208    0    0 1160416 846336 306318 1194379 43 17 26 15  0  0
23 50 361680 2773212 1668720 172088116    0    0 1199552 845964 304359 1165790 42 17 25 15  0  0
30 79 361680 2739780 1668720 172093856    0    0 1167024 829668 288720 1086916 39 15 26 19  0  0
27 45 361680 2727892 1668720 172099492    0    0 1155712 821444 299568 1151573 41 17 26 16  0  0
27 80 361680 2714984 1668720 172105296    0    0 1195312 864856 302909 1153266 42 17 25 16  0  0
23 59 361680 2713984 1668720 172111060    0    0 1201264 854492 302501 1173765 43 17 25 15  0  0
31 73 361680 2708204 1668720 172117036    0    0 1192912 858220 303624 1171651 42 18 25 15  0  0
procs -----------memory---------- ---swap-- -----io---- -system-- -------cpu-------
 r  b   swpd   free   buff  cache   si   so    bi    bo   in   cs us sy id wa st gu
40 74 361680 2701632 1668720 172122904    0    0 1207360 859116 301974 1150108 43 17 25 15  0  0
34 88 361680 2693308 1668720 172128736    0    0 1180128 831672 302412 1168869 42 17 25 16  0  0
71 55 361680 2684248 1668732 172134416    0    0 1166036 850120 299709 1146950 41 16 26 16  0  0
84 16 361680 2678864 1668732 172140148    0    0 1178864 847008 304785 1185700 42 17 26 15  0  0
70 60 361680 2671808 1668732 172146160    0    0 1180320 852636 305532 1185730 42 18 26 15  0  0
52 62 361680 2664476 1668732 172151892    0    0 1202656 870236 306622 1174891 42 17 26 15  0  0
28 65 361680 2656188 1668732 172157684    0    0 1177840 840440 299482 1148634 41 17 26 16  0  0
28 68 361680 2649900 1668740 172163444    0    0 1155456 811544 291108 1096736 40 16 27 18  0  0
62 66 361680 2643692 1668740 172169180    0    0 1163328 823376 292572 1124036 41 16 25 19  0  0
35 17 361680 2638140 1668740 172174744    0    0 1131872 809124 299578 1151822 40 17 27 16  0  0
66 67 361680 2632732 1668740 172180504    0    0 1205760 864580 309826 1196326 43 18 25 14  0  0
41 13 361680 2732648 1668740 172080456    0    0 1156656 848856 306060 1189275 42 17 26 14  0  0
80 44 361680 2990304 1668748 171847428    0    0 1218832 874996 307423 1199371 43 18 25 15  0  0
22 22 361680 3016064 1668748 171853364    0    0 1210928 869176 307484 1189156 43 18 24 15  0  0
20 19 361680 3020044 1668748 171858796    0    0 1125840 820580 303320 1186968 41 18 27 14  0  0
77 32 361680 3014660 1668748 171864440    0    0 1194528 850788 307180 1171167 42 17 26 15  0  0
76  7 361680 3009608 1668748 171869984    0    0 1170624 833748 305138 1182167 42 17 26 15  0  0
19 20 361680 3000220 1668748 171875496    0    0 1169120 849812 308125 1199334 42 18 26 14  0  0
83 19 361680 2998596 1668748 171881100    0    0 1188656 833424 297841 1130921 41 16 25 17  0  0
90 29 361680 2992556 1668748 171886728    0    0 1150400 828552 294005 1135944 40 16 26 17  0  0
26 27 361680 2983536 1668748 171892380    0    0 1192000 841940 302120 1170128 42 17 24 17  0  0
procs -----------memory---------- ---swap-- -----io---- -system-- -------cpu-------
 r  b   swpd   free   buff  cache   si   so    bi    bo   in   cs us sy id wa st gu
56  6 361680 2976444 1668752 171897976    0    0 1168688 836344 304268 1179952 42 17 25 16  0  0
28 13 361680 2970696 1668752 171903612    0    0 1186528 851548 304622 1177725 42 17 25 16  0  0
16 25 361680 2966624 1668752 171909180    0    0 1151440 842364 303983 1168660 42 17 27 15  0  0
35  7 361680 2959376 1668752 171914876    0    0 1200720 842616 301438 1138389 41 17 25 17  0  0
58 12 361680 2955168 1668752 171920424    0    0 1127440 809588 298939 1150802 40 17 27 16  0  0
14 26 361680 2947380 1668764 171925904    0    0 1172084 857904 306133 1164103 41 17 27 14  0  0
75  6 361680 2944080 1668764 171931692    0    0 1180016 847944 308248 1201157 42 17 26 14  0  0
98 19 361680 2938072 1668764 171937556    0    0 1209648 863756 309887 1201517 43 17 25 14  0  0
77 50 361680 2932840 1668764 171943388    0    0 1202720 864952 306900 1193512 43 17 25 15  0  0
15 26 361680 2890156 1668764 171948972    0    0 1112080 799088 287005 1084274 39 16 30 15  0  0
102 14 361680 2885212 1668772 171954776    0    0 1166816 816452 296673 1138169 41 16 25 17  0  0
76  7 361680 2931920 1668772 171960472    0    0 1208880 857816 304826 1170273 42 17 25 16  0  0
58 13 361680 2924184 1668772 171966396    0    0 1194416 849772 305455 1168649 42 17 25 16  0  0
39  9 361680 2915828 1668772 171972168    0    0 1180688 839216 303123 1159806 42 17 26 16  0  0
40 15 361680 2906976 1668772 171977860    0    0 1171904 835832 301801 1152055 41 17 27 15  0  0
40 14 361680 2901836 1668780 171983596    0    0 1148048 831684 301656 1157996 41 17 26 16  0  0
25 21 361680 2894908 1668780 171989344    0    0 1196944 849344 307182 1182817 42 17 25 16  0  0
80 44 361680 2887288 1668780 171995292    0    0 1171792 849184 307103 1173374 42 17 26 14  0  0
65 39 361680 2887748 1668780 172001020    0    0 1200480 858612 307793 1177194 42 18 25 15  0  0
87 49 361680 2881276 1668780 172006864    0    0 1172688 844248 307419 1182805 43 17 26 15  0  0
61  4 361680 2874496 1668784 172012652    0    0 1162480 844124 304626 1174184 42 17 26 15  0  0
procs -----------memory---------- ---swap-- -----io---- -system-- -------cpu-------
 r  b   swpd   free   buff  cache   si   so    bi    bo   in   cs us sy id wa st gu
21 14 361680 2870172 1668784 172018468    0    0 1168848 830128 297770 1136328 41 17 25 17  0  0
11 25 361680 2862384 1668784 172024036    0    0 1164336 815384 292352 1120519 40 16 25 19  0  0
20 27 361680 2856904 1668784 172029788    0    0 1179744 831080 301773 1168959 42 17 24 16  0  0
27 12 361680 2852088 1668784 172035612    0    0 1168368 834092 305835 1189841 42 17 26 15  0  0
15 19 361680 2848116 1668784 172041380    0    0 1169536 840692 301550 1144541 41 17 27 15  0  0
28 13 361680 2843808 1668784 172047040    0    0 1165264 829528 304381 1179771 42 17 26 15  0  0
23 18 361680 2802844 1668788 172052888    0    0 1185876 851164 305946 1183010 42 17 25 15  0  0
54 41 361680 2791392 1668788 172058688    0    0 1174576 833524 305036 1178257 42 17 26 15  0  0
85 47 361680 2780444 1668788 172064588    0    0 1208272 867212 307637 1183596 43 18 24 15  0  0
11  2 361680 2771376 1668792 172070360    0    0 1218144 865288 307569 1183843 43 18 25 15  0  0
17 18 361680 2764000 1668792 172076276    0    0 1174208 845588 301249 1171458 42 17 26 15  0  0
18 23 361680 2758384 1668792 172082132    0    0 1194560 839672 298928 1158890 42 17 24 18  0  0
73 13 361680 2733256 1668792 172087884    0    0 1175664 804764 288247 1101440 40 16 25 19  0  0
18 26 361680 2722448 1668792 172093440    0    0 1130208 792268 281699 1087439 39 15 25 21  0  0
65 58 361680 2717616 1668792 172099160    0    0 1175584 817644 294145 1114195 40 16 26 18  0  0
26 13 361680 2711584 1668792 172104772    0    0 1138384 818284 296171 1121527 40 16 26 18  0  0
34 22 361680 2710252 1668792 172110448    0    0 1150288 832204 300558 1142523 40 16 28 16  0  0
72 20 361680 2704528 1668792 172116120    0    0 1172464 825296 300389 1144009 41 17 26 16  0  0
15 13 361680 2696740 1668792 172121968    0    0 1180992 853312 303100 1171366 42 17 25 16  0  0
56  5 361680 2691152 1668792 172127720    0    0 1178464 831968 300378 1153714 41 17 25 17  0  0
24 20 361680 2686384 1668792 172133620    0    0 1195568 865992 305124 1193554 43 18 24 15  0  0
procs -----------memory---------- ---swap-- -----io---- -system-- -------cpu-------
 r  b   swpd   free   buff  cache   si   so    bi    bo   in   cs us sy id wa st gu
69 48 361680 2678716 1668792 172139216    0    0 1161808 810632 294105 1137438 41 16 26 17  0  0
66  3 361680 2672612 1668792 172144868    0    0 1170832 827420 297728 1145078 41 17 25 18  0  0
83 40 361680 2664768 1668792 172150732    0    0 1166400 840932 300977 1155647 41 17 27 15  0  0
36  9 361680 2660616 1668796 172156448    0    0 1206880 838480 299528 1146273 41 16 25 17  0  0
64 41 361680 2653200 1668796 172162276    0    0 1163296 838196 297138 1146141 40 16 27 17  0  0
24 23 361680 2646852 1668796 172168128    0    0 1177968 829320 299247 1160500 42 17 25 16  0  0
81 33 361680 2641660 1668796 172173732    0    0 1163216 829688 298672 1147736 41 16 26 17  0  0
103 12 361680 2636372 1668796 172179560    0    0 1184176 824916 299492 1164442 42 17 26 16  0  0
60 38 361680 2629644 1668800 172185476    0    0 1209956 852160 298498 1149543 41 17 24 18  0  0
27 24 361680 2624432 1668804 172191420    0    0 1176928 854288 297075 1144881 40 16 25 18  0  0
19 15 361680 3141328 1668804 171703160    0    0 1151264 850620 299224 1146864 40 17 26 17  0  0
25 27 361680 3164632 1668804 171708888    0    0 1174032 844724 301609 1173824 42 17 25 16  0  0
40 16 361680 3167528 1668804 171714480    0    0 1189952 842228 302047 1172957 42 17 25 16  0  0
78 21 361680 3162276 1668804 171720128    0    0 1166528 854560 300616 1146239 41 17 27 16  0  0
35  4 361680 3157432 1668808 171725720    0    0 1139152 820228 294218 1134241 40 17 27 16  0  0
18 19 361680 3152548 1668808 171731080    0    0 1153296 831044 289708 1093721 39 16 26 19  0  0
68 11 361680 3143524 1668808 171736840    0    0 1185488 828064 295625 1142237 42 16 24 18  0  0
80 50 361680 3134312 1668808 171742524    0    0 1199440 872308 297206 1138946 41 16 25 18  0  0
21 34 361680 3127644 1668812 171748284    0    0 1180048 841444 292961 1128793 41 16 25 19  0  0
16 23 361680 3125228 1668812 171754040    0    0 1203696 858976 300806 1160708 41 17 25 17  0  0
61  6 361680 3121652 1668812 171759800    0    0 1200832 854436 302694 1153650 42 17 25 16  0  0
procs -----------memory---------- ---swap-- -----io---- -system-- -------cpu-------
 r  b   swpd   free   buff  cache   si   so    bi    bo   in   cs us sy id wa st gu
77 46 361680 3114620 1668812 171765400    0    0 1166288 852576 296611 1128224 40 16 27 17  0  0
80 35 361680 3106240 1668812 171770952    0    0 1148944 825728 301001 1185005 42 17 26 15  0  0
45 47 361680 3103132 1668812 171776540    0    0 1161440 854900 300492 1164038 41 17 26 16  0  0
49 68 361680 3096340 1668812 171782216    0    0 1227728 870220 304522 1175013 42 17 24 16  0  0
29 19 361680 3093808 1668812 171787980    0    0 1172320 843696 300258 1152373 41 17 26 16  0  0
64 20 361680 3060452 1668812 171793612    0    0 1138448 819276 294816 1139837 40 17 26 17  0  0
19  1 361680 3055068 1668812 171799316    0    0 1152704 820808 294509 1132229 40 17 26 17  0  0
15 26 361680 3049448 1668816 171804892    0    0 1137520 833352 295915 1128957 40 16 27 17  0  0
58 66 361680 3045892 1668816 171810476    0    0 1166592 838060 296278 1138075 41 16 26 17  0  0
62 14 361680 3039620 1668816 171816364    0    0 1217104 850916 301871 1171452 43 17 25 16  0  0
60 19 361680 3031268 1668816 171822204    0    0 1193296 855748 298953 1133244 41 17 25 17  0  0
82 39 361680 3021812 1668820 171828004    0    0 1175908 855664 299825 1144133 41 16 25 17  0  0
52 74 361680 3021064 1668824 171833772    0    0 1161136 827048 297482 1133815 40 17 27 16  0  0
56 58 361680 3016900 1668824 171839400    0    0 1158736 828412 294391 1134588 41 16 25 19  0  0
19 30 361680 3013460 1668824 171845364    0    0 1190608 837312 293960 1126357 41 16 24 19  0  0
58 10 361680 3008852 1668824 171850972    0    0 1149920 809092 291192 1109364 40 16 26 19  0  0
73 49 361680 3004712 1668824 171856672    0    0 1163376 827692 292352 1117675 41 16 25 18  0  0
23  6 361680 2998420 1668828 171862420    0    0 1144000 799116 289985 1112580 40 16 25 19  0  0
31 17 361680 2994204 1668828 171867948    0    0 1176256 850260 297834 1125710 41 16 26 17  0  0
70 52 361680 2985652 1668828 171873824    0    0 1198032 849676 299296 1121057 41 16 25 17  0  0
42 10 361680 2979492 1668828 171879656    0    0 1170400 841596 300620 1150898 41 16 25 17  0  0
procs -----------memory---------- ---swap-- -----io---- -system-- -------cpu-------
 r  b   swpd   free   buff  cache   si   so    bi    bo   in   cs us sy id wa st gu
114 11 361680 2968632 1668828 171885168    0    0 1151456 826188 297936 1136812 40 17 27 17  0  0
84 45 361680 2965340 1668832 171891040    0    0 1203952 864880 300290 1138812 41 16 25 18  0  0
18 15 361680 2957976 1668832 171896760    0    0 1154912 840200 301494 1160387 41 17 26 16  0  0
44 36 361680 2950272 1668832 171902444    0    0 1188112 842184 303644 1179376 42 17 25 16  0  0
12 26 361680 2944392 1668832 171908316    0    0 1196336 856024 303175 1159217 42 17 25 16  0  0
114  6 361680 2932568 1668832 171914276    0    0 1186512 844984 304396 1163247 42 17 26 15  0  0
74 36 361680 2930652 1668836 171920024    0    0 1172320 848532 300765 1154594 41 17 26 16  0  0
67 54 361680 2925020 1668836 171925464    0    0 1137408 807576 293713 1144692 41 16 25 18  0  0
49 16 361680 2915164 1668836 171931196    0    0 1149824 817524 290479 1127997 40 16 24 19  0  0
82 37 361680 2911340 1668836 171936956    0    0 1184784 836928 302067 1156183 42 17 25 16  0  0
69 57 361680 2907164 1668836 171942644    0    0 1187520 860664 301192 1166707 42 17 25 17  0  0
34 29 361680 2898144 1668840 171948648    0    0 1185600 854960 303293 1172481 42 17 26 16  0  0
25 23 361680 2895780 1668840 171954368    0    0 1185952 854728 301499 1161481 41 17 25 17  0  0
15 24 361680 2889028 1668844 171960140    0    0 1198916 849104 301559 1164941 42 17 25 17  0  0
13 17 361680 2881912 1668844 171965876    0    0 1133360 828940 300250 1170255 41 17 26 16  0  0
23 22 361680 2878104 1668844 171971736    0    0 1206992 851680 305883 1181725 43 17 24 16  0  0
45 13 361680 2872268 1668848 171977592    0    0 1221504 852208 302610 1171020 43 17 24 17  0  0
96 19 361680 2869544 1668848 171983492    0    0 1205504 863264 303880 1173929 42 17 25 16  0  0
39 18 361680 2844604 1668848 171989396    0    0 1185936 859776 301052 1164865 42 16 25 17  0  0
62 51 361680 2823372 1668848 171994912    0    0 1150592 805716 280561 1051549 38 15 28 19  0  0
33 28 361680 2872564 1668852 172000716    0    0 1171504 837492 295220 1131825 40 16 25 18  0  0
procs -----------memory---------- ---swap-- -----io---- -system-- -------cpu-------
 r  b   swpd   free   buff  cache   si   so    bi    bo   in   cs us sy id wa st gu
15 25 361680 2868984 1668860 172006732    0    0 1187248 858784 305409 1178457 42 17 25 16  0  0
25 17 361680 2862480 1668860 172012284    0    0 1134272 833004 303416 1180913 41 17 26 15  0  0
84 44 361680 2856752 1668860 172017828    0    0 1164816 843232 302341 1163384 41 17 27 15  0  0
79 52 361680 2846712 1668860 172023600    0    0 1194112 855668 301039 1147686 41 16 26 17  0  0
13 26 361680 2844280 1668860 172029464    0    0 1152320 839576 301083 1173685 41 17 26 16  0  0
66 16 361680 2835060 1668860 172035268    0    0 1184128 838940 304543 1176197 42 17 25 16  0  0
14 13 361680 2834376 1668860 172041012    0    0 1203760 876096 302691 1146958 41 17 26 16  0  0
13 14 361680 2828708 1668860 172046976    0    0 1189136 855592 305126 1180023 42 17 26 15  0  0
71  7 361680 2819308 1668860 172052592    0    0 1175360 845640 305504 1179475 42 17 26 14  0  0
18 16 361680 2814096 1668860 172058396    0    0 1205744 862980 304638 1181237 43 17 25 15  0  0
26 16 361680 2811012 1668860 172064432    0    0 1178864 853024 301770 1164959 42 17 26 16  0  0
56  8 361680 2801352 1668860 172070064    0    0 1151440 828400 301559 1159658 41 16 26 16  0  0
14 19 361680 2800228 1668860 172075552    0    0 1151632 828780 301452 1162274 41 17 26 16  0  0
51  7 361680 2789528 1668860 172081360    0    0 1171472 837216 304561 1176834 42 18 26 15  0  0
48  3 361680 2786332 1668860 172087000    0    0 1159168 827320 302943 1180755 42 17 26 15  0  0
25 12 361680 2780656 1668860 172092624    0    0 1142400 842504 305720 1190427 41 17 27 14  0  0
22 18 361680 2777340 1668868 172098316    0    0 1178936 845804 306437 1181959 42 18 26 14  0  0
20 26 361680 2771144 1668868 172103988    0    0 1143056 835056 304794 1181308 41 17 27 15  0  0
80 23 361680 2764948 1668868 172109756    0    0 1168416 835784 306573 1188150 42 17 26 14  0  0
83  7 361680 2761692 1668868 172115424    0    0 1178880 847372 307900 1200962 43 17 26 14  0  0
71 14 361680 2750188 1668872 172121104    0    0 1123856 831080 303232 1172770 41 18 28 14  0  0
procs -----------memory---------- ---swap-- -----io---- -system-- -------cpu-------
 r  b   swpd   free   buff  cache   si   so    bi    bo   in   cs us sy id wa st gu
73  9 361680 2751440 1668872 172126712    0    0 1188560 844828 303990 1163782 42 17 25 16  0  0
65 23 361680 2744152 1668872 172132648    0    0 1172544 850660 301198 1154870 42 17 26 16  0  0
72 53 361680 2739196 1668872 172138260    0    0 1137904 828616 299931 1164422 41 17 26 16  0  0
66 46 361680 2730528 1668872 172144164    0    0 1201200 863548 305521 1169015 42 18 25 15  0  0
15 22 361680 2727548 1668876 172149908    0    0 1190176 850148 305927 1180558 43 17 25 15  0  0
74 48 361680 2722476 1668876 172155660    0    0 1192144 849444 305089 1180502 42 17 25 16  0  0
63 13 361680 2715804 1668876 172161564    0    0 1176832 862768 306387 1188855 42 18 25 15  0  0
75 49 361680 2703404 1668876 172167460    0    0 1196000 853708 307621 1191870 42 17 26 14  0  0
21 14 361680 2696832 1668876 172173236    0    0 1185808 857928 304602 1170194 42 17 25 16  0  0
18 27 361680 2692836 1668880 172178964    0    0 1163072 832460 308608 1206702 43 18 26 13  0  0
24 22 361680 2678904 1668880 172184748    0    0 1180560 863220 305854 1178808 42 17 26 14  0  0
77 16 361680 2653332 1668880 172190540    0    0 1196400 849652 304732 1158646 42 17 26 16  0  0
16 18 361680 2633000 1668880 172196352    0    0 1179008 849252 303914 1157808 42 17 26 15  0  0
26 10 361680 3121556 1668880 171708612    0    0 1175488 852092 300683 1136061 42 16 26 16  0  0
81 48 361680 3123336 1668884 171712976    0    0 1163008 833324 303740 1177474 42 17 26 15  0  0
28 17 361680 3146188 1668884 171718580    0    0 1197584 859864 303936 1173433 42 17 25 15  0  0
17 11 361680 3147324 1668884 171724284    0    0 1196768 868164 304487 1179468 42 17 24 17  0  0
54 24 361680 3142720 1668888 171730004    0    0 1208884 860176 306675 1194242 42 18 24 16  0  0
46 16 361680 3138372 1668888 171735512    0    0 1173600 842640 305369 1180368 42 17 26 15  0  0
17 22 361680 3131416 1668892 171741244    0    0 1154672 846288 304196 1153560 41 17 27 15  0  0
71  9 361680 3121848 1668892 171746692    0    0 1140720 824492 307144 1193681 42 18 26 14  0  0
procs -----------memory---------- ---swap-- -----io---- -system-- -------cpu-------
 r  b   swpd   free   buff  cache   si   so    bi    bo   in   cs us sy id wa st gu
38  3 361680 3117720 1668892 171752184    0    0 1174800 848564 307412 1196551 43 17 25 15  0  0
28 22 361680 3108812 1668892 171757896    0    0 1134384 823660 296761 1140761 40 17 26 17  0  0
65 37 361680 3099148 1668892 171763568    0    0 1173280 822168 293868 1125464 41 16 25 17  0  0
118  4 361680 3065348 1668896 171769280    0    0 1187296 843544 301193 1152865 42 17 27 14  0  0
58 12 361680 3063456 1668896 171775252    0    0 1223328 878360 307465 1177952 43 17 25 15  0  0
104  3 361680 3054836 1668896 171781104    0    0 1218448 882436 308260 1201713 44 17 24 15  0  0
25 16 361680 3054188 1668896 171787168    0    0 1225120 883996 307941 1181279 43 17 26 14  0  0
73 29 361680 3045964 1668896 171793032    0    0 1152352 836052 305620 1202292 42 18 26 14  0  0
32  9 361680 3037936 1668904 171798720    0    0 1177968 841352 308452 1194664 43 18 26 13  0  0
70  8 361680 3033712 1668904 171804520    0    0 1194160 858904 307717 1178301 42 18 27 14  0  0
69 14 361680 3027124 1668904 171810152    0    0 1140672 841736 306677 1191492 42 18 26 15  0  0
60 55 361680 3019488 1668904 171815864    0    0 1182352 848124 308049 1189947 42 17 25 15  0  0
24 12 361680 3012288 1668904 171821644    0    0 1184352 855996 303445 1163642 42 17 26 15  0  0
49 21 361680 3005540 1668908 171827580    0    0 1175952 839848 295675 1137423 41 16 25 17  0  0
21 12 361680 2999072 1668908 171833256    0    0 1168320 824864 302061 1160875 42 17 25 16  0  0
18 16 361680 2970088 1668908 171839020    0    0 1186864 860840 306026 1179924 42 17 26 14  0  0
34 25 361680 2963516 1668908 171844892    0    0 1215168 859216 307685 1168330 43 17 26 14  0  0
17 20 361680 2958172 1668908 171850788    0    0 1169712 868972 306343 1165265 41 17 27 14  0  0
62  4 361680 2949620 1668912 171856556    0    0 1204800 852572 307645 1175835 42 17 26 14  0  0
19 25 361680 2947568 1668916 171862436    0    0 1201476 877160 307111 1177667 42 17 26 15  0  0
44 11 361680 2939048 1668916 171868280    0    0 1193376 846156 308695 1217180 43 18 25 14  0  0
procs -----------memory---------- ---swap-- -----io---- -system-- -------cpu-------
 r  b   swpd   free   buff  cache   si   so    bi    bo   in   cs us sy id wa st gu
101 23 361680 2933328 1668916 171874112    0    0 1187088 862360 306136 1173453 42 17 26 15  0  0
90  8 361680 2929772 1668916 171879876    0    0 1166560 838564 306153 1192341 42 17 26 15  0  0
23  8 361680 2922480 1668920 171885800    0    0 1194656 878536 306758 1185827 43 17 26 14  0  0
41 19 361680 2920848 1668920 171891424    0    0 1161168 839344 303132 1177749 42 17 26 15  0  0
69 54 361680 2916532 1668920 171897284    0    0 1203360 860428 304385 1162982 42 17 25 16  0  0
56 70 361680 2912768 1668920 171903016    0    0 1182368 842436 301700 1162884 41 17 26 16  0  0
92  9 361680 2906324 1668920 171908956    0    0 1197296 850156 304199 1163845 42 17 26 15  0  0
14 16 361680 2902552 1668924 171914532    0    0 1109264 818980 301480 1186537 41 18 27 14  0  0
86 42 361680 2893048 1668924 171920136    0    0 1176304 848696 303458 1170051 42 16 26 15  0  0
46  4 361680 2885272 1668924 171926012    0    0 1232944 863708 305536 1178271 43 17 24 16  0  0
81  1 361680 2880364 1668924 171931796    0    0 1174784 852344 308588 1190324 42 18 26 14  0  0
49 17 361680 2875460 1668924 171937448    0    0 1142960 836608 306236 1175505 41 18 27 14  0  0
63  7 361680 2868768 1668924 171943260    0    0 1165120 836472 304127 1183793 42 17 26 16  0  0
107 11 361680 2866176 1668924 171948812    0    0 1149824 838984 304824 1187462 42 18 26 14  0  0
75 13 361680 2859648 1668924 171954432    0    0 1129792 817116 300281 1168788 41 17 27 15  0  0
51 31 361680 2852768 1668924 171960052    0    0 1168016 844524 293754 1117947 40 16 26 18  0  0
22 14 361680 2848596 1668924 171965840    0    0 1153168 832560 298460 1151597 41 17 27 16  0  0
76 52 361680 2840288 1668928 171971364    0    0 1178608 845376 304919 1180754 42 17 26 15  0  0
21 26 361680 2837744 1668928 171977096    0    0 1158704 837696 305006 1187989 42 18 26 14  0  0
70 21 361680 2833912 1668928 171982928    0    0 1200096 861376 306815 1173632 42 17 26 14  0  0
95 18 361680 2829584 1668928 171988716    0    0 1183184 856312 306974 1197105 43 17 25 15  0  0
procs -----------memory---------- ---swap-- -----io---- -system-- -------cpu-------
 r  b   swpd   free   buff  cache   si   so    bi    bo   in   cs us sy id wa st gu
87 30 361680 2823228 1668932 171994496    0    0 1167604 845048 305765 1180663 42 17 27 14  0  0
77 55 361680 2818224 1668936 172000400    0    0 1204624 871116 306013 1166509 42 17 26 16  0  0
50 22 361680 2812220 1668936 172006112    0    0 1173968 850060 304522 1180658 42 17 26 15  0  0
33 25 361680 2808032 1668936 172011908    0    0 1179408 850324 308084 1205723 43 17 25 14  0  0
26 17 361680 2800688 1668936 172017780    0    0 1193056 860580 305908 1184041 42 17 26 14  0  0
101  3 361680 2795200 1668936 172023780    0    0 1220592 852100 302664 1170056 42 17 25 16  0  0
36 26 361680 2788828 1668936 172029484    0    0 1153728 824500 293247 1118556 40 16 26 18  0  0
25 14 361680 2745608 1668936 172035364    0    0 1150704 828864 294954 1130963 40 16 29 14  0  0
34 17 361680 2739404 1668936 172041004    0    0 1212832 871100 307376 1188079 43 17 25 16  0  0
82 43 361680 2793576 1668940 172046644    0    0 1178304 857944 306344 1192283 42 17 25 15  0  0
87 41 361680 2789084 1668940 172052472    0    0 1159344 842340 305810 1194251 42 17 26 15  0  0
84 13 361680 2780416 1668944 172058144    0    0 1159392 838708 305806 1187760 42 18 26 14  0  0
65  7 361680 2777752 1668944 172063796    0    0 1185728 858484 306700 1175563 42 17 26 15  0  0
32 17 361680 2772612 1668944 172069492    0    0 1170448 849968 307361 1191750 42 18 26 14  0  0
13  3 361680 2764660 1668944 172075224    0    0 1127408 827088 302886 1171433 41 17 27 15  0  0
75 43 361680 2758016 1668944 172080912    0    0 1179968 854256 306639 1183921 43 17 26 14  0  0
18 12 361680 2751952 1668948 172086792    0    0 1167696 846292 303835 1174475 42 17 28 13  0  0
70 62 361680 2747464 1668948 172092360    0    0 1156096 817332 296023 1139459 40 17 26 17  0  0
51 10 361680 2741920 1668948 172098196    0    0 1172112 830252 295129 1117058 40 16 25 18  0  0
 9 27 361680 2736208 1668948 172103844    0    0 1174144 844636 300657 1177641 42 17 24 17  0  0
36 32 361680 2725764 1668948 172109780    0    0 1218240 862880 296261 1125536 41 16 24 19  0  0
procs -----------memory---------- ---swap-- -----io---- -system-- -------cpu-------
 r  b   swpd   free   buff  cache   si   so    bi    bo   in   cs us sy id wa st gu
23  7 361680 2723304 1668952 172115688    0    0 1187536 857888 301655 1161715 42 17 27 15  0  0
13 22 361680 2719132 1668952 172121460    0    0 1180368 840388 306305 1181870 42 17 27 14  0  0
35 48 361680 2713776 1668952 172127440    0    0 1200384 870176 307970 1187931 43 17 25 15  0  0
32 18 361680 2710312 1668956 172133244    0    0 1185060 847100 305936 1189192 43 17 26 14  0  0
48 18 361680 2703700 1668956 172139164    0    0 1238240 872976 306374 1179255 43 17 25 15  0  0
56 56 361680 2699520 1668960 172145080    0    0 1199408 863984 304737 1162585 42 17 25 16  0  0
33 10 361680 2688644 1668960 172151060    0    0 1206592 866108 310339 1209481 43 18 25 14  0  0
77 48 361680 2684920 1668960 172156688    0    0 1153792 844184 305021 1182946 41 18 26 15  0  0
60 33 361680 2679540 1668960 172162420    0    0 1158000 829376 304448 1186423 42 17 26 15  0  0
80 40 361680 2669072 1668960 172168172    0    0 1145840 819368 301285 1171358 41 17 26 15  0  0
82 21 361680 2638672 1668960 172173828    0    0 1158448 834448 299918 1166189 42 17 25 17  0  0
81 54 361680 2626408 1668960 172179484    0    0 1179952 834280 297497 1146029 41 16 25 17  0  0
12  6 361680 2972680 1668960 171840064    0    0 1219664 869088 302399 1166029 43 17 24 16  0  0
28 34 361680 2980324 1668960 171845812    0    0 1190704 845616 301692 1155501 42 17 25 16  0  0
15 20 361680 2989388 1668960 171851468    0    0 1179008 840936 303637 1192747 42 17 25 15  0  0
37 45 361680 2985836 1668968 171857052    0    0 1172208 834804 302158 1160591 41 17 25 16  0  0
21  6 361680 2984380 1668968 171862624    0    0 1160384 845420 305874 1195875 42 17 26 14  0  0
52 63 361680 2980788 1668968 171868072    0    0 1154464 834056 302358 1166703 41 17 27 15  0  0
23 18 361680 2973852 1668968 171873616    0    0 1167440 859232 306694 1188964 42 17 26 15  0  0
44 41 361680 2964248 1668968 171879180    0    0 1160576 831768 302701 1160880 41 17 27 14  0  0
34 89 361680 2961400 1668968 171884788    0    0 1189760 840580 302736 1157197 42 17 26 15  0  0
procs -----------memory---------- ---swap-- -----io---- -system-- -------cpu-------
 r  b   swpd   free   buff  cache   si   so    bi    bo   in   cs us sy id wa st gu
16 67 361680 2954160 1668968 171890552    0    0 1179456 825204 293930 1127598 41 16 25 18  0  0
19 60 361680 2948304 1668968 171895960    0    0 1168208 836064 293562 1122346 41 16 25 19  0  0
62 53 361680 2937260 1668968 171901760    0    0 1166888 841908 304132 1172230 41 17 26 15  0  0
39 48 361680 2932712 1668968 171907476    0    0 1215424 864628 302892 1153646 42 17 25 16  0  0
33 64 361680 2925264 1668968 171913276    0    0 1185136 859500 303924 1181583 42 17 25 16  0  0
34 59 361680 2918204 1668972 171919156    0    0 1186324 875300 306181 1172868 42 17 26 15  0  0
69 61 361680 2911396 1668972 171924876    0    0 1183872 849008 305443 1179722 42 17 26 15  0  0
27 88 361680 2908416 1668972 171930716    0    0 1198976 867612 309476 1200223 43 18 25 14  0  0
23 95 361680 2898436 1668972 171936568    0    0 1171056 833020 305303 1188611 42 18 26 14  0  0
25 65 361680 2896800 1668972 171942320    0    0 1169824 848412 306476 1188176 42 17 26 15  0  0
50 64 361680 2891672 1668972 171948000    0    0 1178896 822576 298230 1152040 42 17 26 16  0  0
23 60 361680 2889064 1668972 171953712    0    0 1176080 821192 294990 1137653 41 16 25 18  0  0
53 77 361680 2885528 1668972 171959464    0    0 1176368 837588 292465 1129110 41 16 25 19  0  0
70 44 361680 2878612 1668972 171965108    0    0 1159840 824048 294544 1117271 40 16 27 16  0  0
39 41 361680 2872440 1668976 171970788    0    0 1170384 845528 306337 1190458 42 18 26 14  0  0
27 68 361680 2867780 1668976 171976824    0    0 1205728 874792 309477 1189774 43 17 25 15  0  0
48 72 361680 2860268 1668976 171982608    0    0 1217904 878732 308349 1192391 43 17 25 14  0  0
35 66 361680 2856200 1668976 171988444    0    0 1196528 856128 309150 1202412 43 18 25 14  0  0
30 69 361680 2846356 1668976 171994380    0    0 1206064 869116 306416 1164965 42 17 26 15  0  0
52 80 361680 2835868 1668976 172000304    0    0 1152832 835988 305301 1191240 42 17 26 15  0  0
26 91 361680 2829224 1668976 172005976    0    0 1170080 855124 303507 1152815 41 17 27 15  0  0
procs -----------memory---------- ---swap-- -----io---- -system-- -------cpu-------
 r  b   swpd   free   buff  cache   si   so    bi    bo   in   cs us sy id wa st gu
45 88 361680 2823272 1668976 172011768    0    0 1189440 837072 305016 1192044 43 17 25 15  0  0
18 85 361680 2819168 1668976 172017468    0    0 1160384 816572 297818 1143625 40 17 26 17  0  0
39 75 361680 2807808 1668976 172023124    0    0 1196304 813576 293415 1131075 41 16 25 18  0  0
40 82 361680 2757168 1668980 172029232    0    0 1168736 834252 296433 1141504 41 16 26 16  0  0
18 73 361680 2736848 1668980 172035056    0    0 1192112 864440 306646 1181409 43 17 25 15  0  0
32 54 361680 2727068 1668980 172040860    0    0 1175536 860668 306201 1171629 42 17 26 15  0  0
30 93 361680 2717756 1668980 172046660    0    0 1191664 845960 308502 1206758 43 17 25 14  0  0
10 100 361680 2713948 1668984 172052544    0    0 1206516 847428 307930 1198951 44 17 24 14  0  0
72 13 361680 2706352 1668988 172058272    0    0 1146272 842864 305523 1183455 41 18 27 14  0  0
45 72 361680 2697796 1668988 172064176    0    0 1218944 864700 312356 1202310 43 18 25 14  0  0
60  7 361680 2692388 1668988 172070036    0    0 1181200 842232 307098 1183984 43 17 27 14  0  0
44 75 361680 2687564 1668988 172075756    0    0 1169456 850888 304790 1195722 42 18 25 16  0  0
61 63 361680 2678720 1668988 172081536    0    0 1206912 861860 304632 1183430 43 17 25 15  0  0
71 55 361680 2670964 1668996 172087472    0    0 1190944 844164 301712 1165811 42 17 25 16  0  0
15 23 361680 2667024 1668996 172093172    0    0 1172576 834464 299223 1164664 42 17 25 16  0  0
24 23 361680 2662476 1668996 172099068    0    0 1224944 872740 300853 1160919 42 16 24 18  0  0
76 46 361680 2651948 1668996 172105060    0    0 1194720 838792 301476 1153384 42 17 25 16  0  0
10 18 361680 2647552 1668996 172110668    0    0 1159504 832548 300173 1183788 42 17 26 15  0  0
22 16 361680 2640492 1669000 172116484    0    0 1184912 845336 301316 1167813 42 18 25 16  0  0
80 30 361680 2631852 1669000 172122284    0    0 1176832 835176 302238 1168680 41 17 26 15  0  0
69 36 361680 2981008 1669000 171783320    0    0 1156512 858672 306653 1187689 42 17 26 15  0  0
procs -----------memory---------- ---swap-- -----io---- -system-- -------cpu-------
 r  b   swpd   free   buff  cache   si   so    bi    bo   in   cs us sy id wa st gu
71 20 361680 2991616 1669000 171787324    0    0 1187344 851336 306551 1175432 42 17 26 14  0  0
23 16 361680 3011712 1669000 171793048    0    0 1167456 829608 305252 1179944 42 17 27 14  0  0
15 16 361680 3011384 1669008 171798464    0    0 1157728 842056 300433 1151651 41 17 26 16  0  0
29 19 361680 3010532 1669008 171803936    0    0 1139664 816028 294466 1137444 40 16 26 18  0  0
32 24 361680 3004620 1669008 171809452    0    0 1148064 818304 293893 1129091 40 16 26 18  0  0
24 26 361680 2995448 1669008 171814888    0    0 1156672 834436 300028 1164275 41 16 26 16  0  0
31 18 361680 2991884 1669008 171820392    0    0 1176224 839100 302055 1165638 42 16 25 16  0  0
28 25 361680 2983784 1669008 171825980    0    0 1162240 848864 300984 1153967 41 17 26 17  0  0
55 30 361680 2979152 1669008 171831592    0    0 1141632 830208 301138 1172173 41 17 26 16  0  0
23 20 361680 2972212 1669008 171837208    0    0 1204112 863480 302542 1165735 42 16 26 16  0  0
36 43 361680 2963260 1669012 171842848    0    0 1168612 833400 305245 1180555 42 18 26 14  0  0
85  0 361680 2958540 1669012 171848744    0    0 1210592 871124 306870 1175891 42 17 26 15  0  0
80 15 361680 2951120 1669016 171854628    0    0 1204608 883636 306626 1180058 42 17 25 15  0  0
56 10 361680 2946812 1669016 171860468    0    0 1211328 866324 307932 1192095 43 18 25 15  0  0
20 28 361680 2939488 1669016 171866272    0    0 1123456 804076 290670 1120281 39 16 26 18  0  0
20  9 361680 2932524 1669016 171871628    0    0 1135472 796584 285314 1088765 39 16 25 20  0  0
79  2 361680 2926468 1669016 171877444    0    0 1185968 837312 300191 1160034 41 17 24 18  0  0
35 27 361680 2879460 1669020 171882964    0    0 1113136 807624 294422 1127533 40 16 30 14  0  0
23 25 361680 2875668 1669020 171888640    0    0 1152000 851128 305526 1190054 42 17 26 14  0  0
74 45 361680 2929840 1669020 171894420    0    0 1181040 855000 304920 1158771 42 17 27 14  0  0
93 27 361680 2925952 1669020 171900300    0    0 1206384 856364 310412 1216135 43 18 24 15  0  0
procs -----------memory---------- ---swap-- -----io---- -system-- -------cpu-------
 r  b   swpd   free   buff  cache   si   so    bi    bo   in   cs us sy id wa st gu
99 34 361680 2919040 1669020 171906148    0    0 1186480 849880 307718 1180050 42 17 27 14  0  0
66 13 361680 2914336 1669024 171911848    0    0 1157680 833920 308067 1202359 42 18 25 15  0  0
49  7 361680 2908444 1669024 171917568    0    0 1194048 855960 308740 1200062 43 17 25 14  0  0
75 12 361680 2898960 1669024 171923516    0    0 1213600 863364 307437 1191775 43 17 25 15  0  0
26 32 361680 2889100 1669024 171929472    0    0 1194224 856992 305281 1171410 42 17 25 15  0  0
90  5 361680 2882564 1669024 171935116    0    0 1140704 804108 287225 1098582 39 15 26 20  0  0
77 36 361680 2879832 1669032 171940736    0    0 1148672 809132 289144 1100830 39 16 25 20  0  0
80 44 361680 2872552 1669032 171946536    0    0 1196480 842440 307374 1200793 43 17 25 14  0  0
34 22 361680 2869092 1669032 171952248    0    0 1171088 846092 306368 1187458 42 17 26 15  0  0
27 28 361680 2862444 1669032 171958132    0    0 1211424 876168 307890 1185406 43 17 25 15  0  0
27 30 361680 2854336 1669032 171963924    0    0 1199600 856324 308691 1195239 43 17 25 15  0  0
56  6 361680 2851200 1669040 171970012    0    0 1198068 855244 308737 1183625 43 18 25 15  0  0
56 16 361680 2840700 1669040 171975764    0    0 1184176 851776 306801 1176036 42 17 26 15  0  0
64 29 361680 2835008 1669040 171981560    0    0 1160960 847592 306519 1199025 42 18 25 15  0  0
85 45 361680 2830512 1669044 171987440    0    0 1206688 858016 309056 1197477 43 18 26 14  0  0
87 40 361680 2820444 1669044 171993200    0    0 1183632 852400 306433 1183325 42 18 26 14  0  0
61 53 361680 2790764 1669044 171998800    0    0 1145920 805640 289373 1100236 39 16 26 19  0  0
27 14 361680 2774956 1669044 172004520    0    0 1126496 795604 287368 1107033 39 16 25 20  0  0
61 10 361680 2764404 1669044 172010060    0    0 1161712 822772 299073 1135676 41 17 26 17  0  0
71 51 361680 2755464 1669044 172015916    0    0 1168800 853208 308866 1201426 42 18 25 15  0  0
64 19 361680 2747344 1669044 172021664    0    0 1170880 852136 306942 1183977 42 18 26 14  0  0
procs -----------memory---------- ---swap-- -----io---- -system-- -------cpu-------
 r  b   swpd   free   buff  cache   si   so    bi    bo   in   cs us sy id wa st gu
116  5 361680 2733404 1669048 172027400    0    0 1165968 830244 304953 1177458 42 17 26 15  0  0
84 48 361680 2727384 1669048 172033088    0    0 1165120 851916 305615 1167254 41 17 27 15  0  0
22 21 361680 2718848 1669048 172038904    0    0 1193008 864104 307187 1179016 42 17 25 15  0  0
88 28 361680 2711864 1669048 172044908    0    0 1259824 899100 312103 1198808 44 17 23 15  0  0
30  6 361680 2705128 1669048 172050944    0    0 1194272 851940 307272 1193053 43 17 26 14  0  0
99 20 361680 2700500 1669048 172056572    0    0 1186608 866420 305161 1182488 42 17 26 15  0  0
25 14 361680 2689256 1669048 172062524    0    0 1183584 820936 300660 1154748 41 17 26 16  0  0
84  2 361680 2685180 1669048 172068176    0    0 1136912 789212 286612 1099879 39 15 26 20  0  0
86 44 361680 2678724 1669048 172073640    0    0 1135856 807208 290490 1104709 39 15 27 19  0  0
74 36 361680 2670780 1669048 172079396    0    0 1161984 834708 305585 1182608 42 18 26 15  0  0
85 41 361680 2665880 1669048 172085196    0    0 1190368 857724 306587 1178550 42 17 26 14  0  0
83 38 361680 2659228 1669048 172090824    0    0 1176240 848808 307050 1196277 42 17 27 14  0  0
54 17 361680 2654820 1669048 172096684    0    0 1174096 863460 308063 1191857 42 18 25 15  0  0
71 58 361680 2649472 1669052 172102592    0    0 1207188 860676 305598 1165451 42 17 26 15  0  0
53 15 361680 2640784 1669052 172108468    0    0 1204560 876588 305118 1163939 42 17 26 15  0  0
78 50 361680 2631720 1669052 172114396    0    0 1171616 861848 307173 1192783 42 18 26 14  0  0
21 21 361680 2980624 1669052 171777488    0    0 1171536 855140 303970 1170947 42 17 27 14  0  0
99 19 361680 2994496 1669052 171781636    0    0 1181184 846528 304700 1185657 42 17 27 14  0  0
71 50 361680 3012412 1669052 171787232    0    0 1200160 860220 298146 1149035 41 17 23 19  0  0
27 17 361680 3020028 1669052 171792996    0    0 1187248 841304 291270 1100882 40 16 25 20  0  0
46  6 361680 3014720 1669052 171798596    0    0 1191120 858764 301509 1169353 42 17 25 16  0  0
procs -----------memory---------- ---swap-- -----io---- -system-- -------cpu-------
 r  b   swpd   free   buff  cache   si   so    bi    bo   in   cs us sy id wa st gu
27 16 361680 3008432 1669052 171804328    0    0 1218832 874596 303674 1176723 42 17 25 16  0  0
76 56 361680 3006308 1669052 171810264    0    0 1181104 837044 297297 1139811 42 16 27 15  0  0
18 24 361680 3000956 1669052 171815820    0    0 1190384 876320 302399 1163229 42 17 25 17  0  0
89 26 361680 2994256 1669052 171821500    0    0 1170400 845836 301602 1160892 41 17 26 16  0  0
16 28 361680 2990760 1669056 171827108    0    0 1160656 855616 305032 1171260 42 17 27 14  0  0
18 12 361680 2986508 1669056 171832696    0    0 1175856 861012 305600 1196182 43 18 26 14  0  0
48 31 361680 2976280 1669056 171838720    0    0 1208672 878488 307265 1179664 43 17 25 15  0  0
72 51 361680 2970400 1669056 171844428    0    0 1202784 871368 306427 1170102 42 17 26 15  0  0
 7 31 361680 2966188 1669056 171850200    0    0 1161968 833700 294248 1124184 40 17 26 17  0  0
74 54 361680 2963820 1669060 171855932    0    0 1161344 801188 283775 1086534 39 15 25 20  0  0
69 47 361680 2960648 1669060 171861500    0    0 1140688 827364 295424 1130640 40 16 26 17  0  0
17 10 361680 2953824 1669060 171867240    0    0 1189360 880000 304564 1166227 42 17 27 15  0  0
24 19 361680 2948420 1669060 171873040    0    0 1178880 860696 306804 1177795 42 17 26 15  0  0
27 19 361680 2939836 1669060 171878804    0    0 1195840 866716 307631 1205880 43 18 25 14  0  0
85 41 361680 2939220 1669060 171884512    0    0 1148560 846516 302651 1172638 41 18 27 14  0  0
63 10 361680 2929972 1669060 171890312    0    0 1170960 852956 304901 1191332 42 17 26 15  0  0
19 25 361680 2924844 1669064 171896192    0    0 1193508 866276 307233 1192928 43 18 25 15  0  0
70 41 361680 2920280 1669064 171902084    0    0 1210944 874736 309213 1184222 43 17 25 15  0  0
28 24 361680 2915388 1669064 171907912    0    0 1236880 879168 308993 1187018 44 17 25 14  0  0
61 19 361680 2909344 1669068 171913896    0    0 1182928 859204 308406 1189009 43 17 25 15  0  0
66 54 361680 2903292 1669068 171919564    0    0 1150496 802664 285333 1093031 39 15 24 21  0  0
procs -----------memory---------- ---swap-- -----io---- -system-- -------cpu-------
 r  b   swpd   free   buff  cache   si   so    bi    bo   in   cs us sy id wa st gu
58 18 361680 2897108 1669068 171925320    0    0 1134176 789772 288137 1104224 39 16 26 19  0  0
22 17 361680 2890876 1669068 171930848    0    0 1185088 872596 303953 1168653 42 17 26 16  0  0
43  9 361680 2884436 1669068 171936848    0    0 1189296 843192 308485 1194806 43 18 25 15  0  0
38 13 361680 2877884 1669084 171942520    0    0 1191024 877568 306536 1160362 42 17 27 15  0  0
68 61 361680 2871560 1669084 171948496    0    0 1212912 867432 309182 1192373 43 17 25 15  0  0
77 50 361680 2866152 1669084 171954104    0    0 1149728 832876 305853 1192827 42 17 26 14  0  0
27  7 361680 2859980 1669084 171959880    0    0 1168720 860856 306206 1180050 42 17 27 14  0  0
21 21 361680 2857128 1669084 171965548    0    0 1185968 858128 307649 1209815 43 18 26 14  0  0
41  9 361680 2848488 1669088 171971524    0    0 1222832 883088 308829 1186391 43 17 25 15  0  0
23 29 361680 2841848 1669088 171977316    0    0 1212608 866428 306511 1187039 43 17 25 14  0  0
24 27 361680 2835556 1669088 171983336    0    0 1151728 824248 292297 1128143 40 16 25 19  0  0
30 27 361680 2830472 1669088 171988952    0    0 1148672 805904 286011 1084650 39 16 25 21  0  0
20 17 361680 2823748 1669088 171994808    0    0 1179280 846568 301777 1145845 41 17 26 16  0  0
75 57 361680 2787552 1669092 172000504    0    0 1183344 856188 308249 1210309 43 17 25 15  0  0
22 19 361680 2776396 1669092 172006144    0    0 1173408 859836 306994 1176292 42 17 27 14  0  0
30 15 361680 2765220 1669092 172011984    0    0 1172960 867480 309286 1197048 43 18 25 15  0  0
10 21 361680 2759224 1669092 172017664    0    0 1206592 858280 308715 1200411 43 17 25 15  0  0
57  5 361680 2749372 1669092 172023600    0    0 1221392 868008 308460 1208988 44 18 24 15  0  0
18 21 361680 2743692 1669096 172029540    0    0 1157268 851344 305359 1181997 41 18 26 15  0  0
34 18 361680 2735852 1669096 172035276    0    0 1205264 861252 309028 1200099 43 18 25 14  0  0
60 64 361680 2729216 1669096 172041160    0    0 1209600 866672 311034 1217804 44 18 25 14  0  0
procs -----------memory---------- ---swap-- -----io---- -system-- -------cpu-------
 r  b   swpd   free   buff  cache   si   so    bi    bo   in   cs us sy id wa st gu
49 31 361680 2720588 1669096 172046976    0    0 1168896 834252 301780 1157673 41 17 25 16  0  0
91 42 361680 2714740 1669096 172052644    0    0 1157872 809800 288979 1099311 40 16 25 19  0  0
18 16 361680 2708928 1669100 172058396    0    0 1180912 841492 299234 1149954 41 17 25 18  0  0
23 20 361680 2697848 1669100 172064216    0    0 1165360 843672 301911 1158752 41 17 26 16  0  0
21 19 361680 2694548 1669100 172069848    0    0 1158656 846092 300775 1158359 41 17 27 16  0  0
45 12 361680 2655128 1669100 172075720    0    0 1162016 821600 291111 1094932 39 16 30 15  0  0
14 12 361680 2650020 1669100 172081332    0    0 1185392 868812 302778 1164413 42 17 25 17  0  0
22 18 361680 2671492 1669112 172087116    0    0 1176480 860096 305215 1176300 42 17 26 15  0  0
35 20 361680 2665896 1669112 172092824    0    0 1212736 862520 309500 1203629 44 17 24 15  0  0
31 13 361680 2660476 1669112 172098808    0    0 1201840 864660 307720 1170516 42 18 26 14  0  0
18 10 361680 2652400 1669112 172104680    0    0 1171824 854448 305264 1178618 42 17 26 14  0  0
21 20 361680 2645228 1669112 172110348    0    0 1149056 840400 305982 1205865 42 18 27 13  0  0
65 46 361680 2640952 1669116 172116052    0    0 1165856 811908 288867 1105088 40 16 24 20  0  0
22 21 361680 2634940 1669116 172121792    0    0 1164560 812300 285063 1088295 39 15 25 21  0  0
16 23 361680 2628220 1669116 172127408    0    0 1175760 846316 301387 1167016 41 17 27 15  0  0
72 19 361680 3127416 1669116 171639892    0    0 1175712 865156 304554 1174090 42 17 26 15  0  0
39  7 361680 3150072 1669116 171644204    0    0 1201536 851928 307949 1197858 43 17 26 14  0  0
51  7 361680 3162080 1669120 171649904    0    0 1200128 879256 307779 1188118 43 18 25 14  0  0
24 15 361680 3158212 1669120 171655580    0    0 1167792 842924 305389 1196196 42 18 26 14  0  0
21 15 361680 3155312 1669120 171661072    0    0 1173952 856480 305940 1180499 42 17 26 15  0  0
85 41 361680 3155308 1669124 171666740    0    0 1189604 848524 306730 1179247 43 17 26 14  0  0
procs -----------memory---------- ---swap-- -----io---- -system-- -------cpu-------
 r  b   swpd   free   buff  cache   si   so    bi    bo   in   cs us sy id wa st gu
14 15 361680 3148116 1669124 171672508    0    0 1202240 883496 308485 1180314 42 17 26 15  0  0
28 22 361680 3140436 1669128 171677872    0    0 1145392 828164 304065 1176853 41 17 28 14  0  0
 9 49 361680 3133480 1669128 171683524    0    0 1187632 850596 303796 1181666 42 17 24 16  0  0
55 11 361680 3128328 1669128 171689232    0    0 1180016 826216 295774 1143379 41 17 24 18  0  0
14 25 361680 3120240 1669128 171694956    0    0 1174096 832760 292819 1131490 41 16 24 19  0  0
58 69 361680 3113352 1669128 171700724    0    0 1172752 845904 300888 1145292 41 16 26 16  0  0
19 30 361680 3107296 1669132 171706368    0    0 1181456 850012 304966 1193029 43 17 25 15  0  0
21 10 361680 3105960 1669132 171712312    0    0 1217520 868200 307551 1182206 43 17 25 15  0  0
74 20 361680 3098356 1669132 171718124    0    0 1158544 845708 304974 1184028 42 18 26 15  0  0
77 51 361680 3091092 1669132 171723776    0    0 1152944 827268 305157 1186622 42 17 26 14  0  0
87  8 361680 3084728 1669132 171729480    0    0 1189024 865620 308479 1190369 43 17 26 14  0  0
 9 15 361680 3074484 1669132 171735260    0    0 1166048 857444 306975 1178211 42 17 27 14  0  0
20  7 361680 3067260 1669132 171740984    0    0 1162992 849724 307889 1202282 43 18 26 14  0  0
10 20 361680 3065812 1669132 171746720    0    0 1160112 825812 297671 1143975 41 17 26 17  0  0
20 26 361680 3061020 1669132 171752324    0    0 1141232 817872 292351 1115702 39 16 26 19  0  0
23 21 361680 3053612 1669132 171757916    0    0 1158224 828732 300677 1148999 40 17 26 17  0  0
16 15 361680 3049408 1669140 171763432    0    0 1148144 834360 301906 1177673 42 17 25 16  0  0
88 47 361680 3042636 1669140 171769168    0    0 1190032 856128 301107 1156046 41 17 26 16  0  0
72 35 361680 3039284 1669140 171775296    0    0 1245024 883432 306538 1178823 43 17 23 16  0  0
32 19 361680 3032480 1669140 171780948    0    0 1154112 840384 301915 1173702 41 17 26 15  0  0
92 35 361680 3025260 1669140 171786768    0    0 1199552 859804 310423 1205909 43 17 26 14  0  0
procs -----------memory---------- ---swap-- -----io---- -system-- -------cpu-------
 r  b   swpd   free   buff  cache   si   so    bi    bo   in   cs us sy id wa st gu
26 15 361680 3019540 1669144 171792464    0    0 1147904 837088 304977 1184588 42 18 26 15  0  0
16 15 361680 3016880 1669144 171798220    0    0 1161440 841052 305815 1183275 42 17 26 14  0  0
22 18 361680 3009760 1669148 171803940    0    0 1204356 863000 306074 1177467 42 17 26 15  0  0
31 18 361680 3002368 1669148 171809720    0    0 1147280 833844 300174 1158760 41 16 26 16  0  0
18 26 361680 2996948 1669148 171815352    0    0 1203424 855088 297272 1139347 41 16 24 18  0  0
12 19 361680 2989260 1669152 171821220    0    0 1186896 847524 301144 1162036 42 17 24 17  0  0
82 41 361680 2986520 1669152 171827036    0    0 1160064 836732 301337 1147756 41 17 26 17  0  0
18 22 361680 2984168 1669152 171832660    0    0 1183296 847164 303001 1159215 42 17 25 16  0  0
76 23 361680 2978892 1669152 171838472    0    0 1147200 835644 300467 1149145 41 17 27 16  0  0
32 19 361680 2970904 1669152 171844048    0    0 1196384 858644 305391 1162813 42 17 24 17  0  0
20 15 361680 2968008 1669156 171850088    0    0 1199104 866556 306887 1188877 42 17 26 15  0  0
78 18 361680 2936812 1669156 171855616    0    0 1135472 823152 302776 1169327 42 17 28 14  0  0
15 16 361680 2931828 1669156 171861348    0    0 1188000 873896 308266 1192445 43 17 25 15  0  0
88 33 361680 2922616 1669156 171867152    0    0 1208672 871124 308435 1184524 43 17 27 14  0  0
15 12 361680 2914944 1669156 171873044    0    0 1163584 863384 307258 1189497 42 18 26 14  0  0
57 66 361680 2910128 1669160 171878828    0    0 1190320 847044 294480 1125608 41 16 24 19  0  0
52 15 361680 2907328 1669160 171884548    0    0 1156560 803452 289113 1115077 40 16 24 20  0  0
80 37 361680 2905220 1669160 171890192    0    0 1176064 842948 302881 1174474 42 17 26 15  0  0
14 15 361680 2898804 1669160 171896016    0    0 1170608 849488 304041 1164238 41 17 26 16  0  0
25 42 361680 2896400 1669160 171901692    0    0 1190896 859088 308142 1199525 43 17 25 15  0  0
26  4 361680 2891440 1669164 171907528    0    0 1190064 857692 308037 1190670 42 18 25 14  0  0
procs -----------memory---------- ---swap-- -----io---- -system-- -------cpu-------
 r  b   swpd   free   buff  cache   si   so    bi    bo   in   cs us sy id wa st gu
27 11 361680 2883328 1669164 171913356    0    0 1245168 906376 309600 1189860 44 17 24 16  0  0
52  9 361680 2853432 1669164 171919492    0    0 1202432 857668 306620 1190471 42 17 26 15  0  0
74 28 361680 2848016 1669164 171925452    0    0 1220720 883364 306016 1168795 43 17 26 15  0  0
73 32 361680 2839676 1669164 171931244    0    0 1202416 872436 308073 1194145 43 17 25 15  0  0
17 18 361680 2834708 1669176 171937316    0    0 1249960 893252 309649 1185893 44 17 25 15  0  0
86 29 361680 2831948 1669176 171943312    0    0 1181728 836356 301538 1173747 42 17 25 16  0  0
69 54 361680 2822992 1669176 171949040    0    0 1129744 815272 293861 1131824 40 16 26 18  0  0
18 21 361680 2821092 1669176 171954632    0    0 1168896 833424 298394 1150704 41 17 25 17  0  0
32  9 361680 2818868 1669176 171960536    0    0 1188400 865424 297986 1138971 41 16 25 19  0  0
78 40 361680 2809156 1669184 171966232    0    0 1172608 836472 303042 1175666 42 17 25 16  0  0
58 31 361680 2803960 1669184 171971988    0    0 1174528 856784 303052 1169115 42 17 26 16  0  0
87 43 361680 2794656 1669184 171977804    0    0 1201952 860608 306181 1183284 43 17 24 16  0  0
42  4 361680 2788660 1669184 171983616    0    0 1160432 836512 303504 1181743 42 17 26 15  0  0
22 17 361680 2785520 1669184 171989356    0    0 1178784 867868 306704 1193882 42 17 26 15  0  0
74 60 361680 2777116 1669184 171995176    0    0 1204752 870984 306210 1173656 42 17 26 15  0  0
26 21 361680 2769324 1669184 172001060    0    0 1188784 851868 310737 1214198 43 18 25 14  0  0
40 11 361680 2767524 1669184 172006944    0    0 1182560 851524 302893 1157038 42 16 26 16  0  0
64 12 361680 2761324 1669184 172012648    0    0 1172944 835488 293663 1125652 40 16 26 18  0  0
24 19 361680 2758420 1669184 172018392    0    0 1160032 830792 288812 1103116 40 16 25 19  0  0
 8 32 361680 2752576 1669188 172024144    0    0 1200256 846628 298622 1156502 41 17 24 18  0  0
89 42 361680 2746812 1669188 172030032    0    0 1206304 877240 306554 1176479 42 17 25 16  0  0
procs -----------memory---------- ---swap-- -----io---- -system-- -------cpu-------
 r  b   swpd   free   buff  cache   si   so    bi    bo   in   cs us sy id wa st gu
44 10 361680 2743660 1669188 172035776    0    0 1175408 853072 307699 1193501 42 18 26 14  0  0
26 18 361680 2736884 1669188 172041640    0    0 1177792 865032 305719 1183501 42 17 27 14  0  0
19 11 361680 2728380 1669188 172047444    0    0 1236288 883584 309575 1200718 43 17 25 15  0  0
82 16 361680 2724348 1669188 172053448    0    0 1185232 863516 307123 1190180 42 17 25 15  0  0
49 12 361680 2715404 1669188 172059196    0    0 1157264 837028 306579 1202344 42 17 26 15  0  0
17 20 361680 2711060 1669192 172064892    0    0 1202228 878652 308995 1219419 43 18 24 14  0  0
76 47 361680 2704000 1669192 172070896    0    0 1212960 872768 310773 1204981 43 18 25 14  0  0
16 23 361680 2695516 1669192 172076772    0    0 1178480 842984 298489 1149251 42 16 25 17  0  0
27 21 361680 2688788 1669196 172082608    0    0 1193408 837748 295740 1129518 41 16 25 18  0  0
41 12 361680 2657836 1669196 172088496    0    0 1226608 866812 301384 1162153 42 16 24 18  0  0
95 27 361680 2647596 1669196 172094392    0    0 1161088 845532 298325 1124940 40 16 26 18  0  0
69 14 361680 2635324 1669196 172100184    0    0 1207872 872528 305681 1166419 42 17 25 16  0  0
93 39 361680 2624304 1669196 172106216    0    0 1229072 873592 303425 1167665 42 17 25 16  0  0
88 44 361680 3123776 1669204 171617836    0    0 1184656 852828 306154 1186263 42 18 25 15  0  0
38  5 361680 3135332 1669204 171623552    0    0 1207488 875564 305411 1175379 43 16 26 15  0  0
20 24 361680 3101468 1669204 171629044    0    0 1151968 845596 294921 1136977 40 16 29 15  0  0
20 27 361680 3099160 1669204 171634804    0    0 1211216 878264 309640 1209846 44 17 25 14  0  0
33 26 361680 3156056 1669204 171640652    0    0 1206224 877264 309581 1205068 43 17 25 15  0  0
52 67 361680 3148812 1669208 171646244    0    0 1163968 836084 301212 1172177 42 17 24 17  0  0
22 19 361680 3143516 1669208 171651828    0    0 1197360 844884 295505 1132107 41 16 25 19  0  0
68 54 361680 3134820 1669208 171657448    0    0 1150032 809332 293305 1122311 40 16 26 18  0  0
procs -----------memory---------- ---swap-- -----io---- -system-- -------cpu-------
 r  b   swpd   free   buff  cache   si   so    bi    bo   in   cs us sy id wa st gu
29 20 361680 3127044 1669208 171663028    0    0 1213248 860872 298693 1149910 42 16 23 19  0  0
62 57 361680 3127320 1669208 171668652    0    0 1134560 821556 304483 1191364 41 17 27 14  0  0
29 25 361680 3120084 1669208 171674136    0    0 1174848 857272 307111 1185822 42 17 26 15  0  0
30 14 361680 3115388 1669216 171679696    0    0 1167632 843096 309216 1217426 43 18 25 14  0  0
25 44 361680 3112504 1669216 171685324    0    0 1209264 872368 309877 1208056 43 18 25 15  0  0
69 61 361680 3105700 1669216 171691052    0    0 1196816 868256 307276 1189427 42 18 24 16  0  0
63 67 361680 3099712 1669220 171696944    0    0 1223988 879796 308812 1184818 43 17 24 16  0  0
89 19 361680 3092912 1669220 171702800    0    0 1165632 842016 308088 1201447 42 18 25 15  0  0
16 23 361680 3086004 1669224 171708564    0    0 1215264 870752 309067 1211150 44 17 24 15  0  0
69 34 361680 3079872 1669224 171714448    0    0 1179808 837904 296887 1114385 40 16 26 18  0  0
39 76 361680 3076928 1669224 171720268    0    0 1167072 811148 288578 1109368 40 16 23 21  0  0
63 53 361680 3071792 1669224 171725892    0    0 1204992 844940 298059 1146098 42 16 24 18  0  0
86 32 361680 3064488 1669224 171731776    0    0 1176128 852740 305384 1158346 42 17 26 15  0  0
74 34 361680 3061580 1669228 171737468    0    0 1196784 857468 306660 1184197 42 17 26 15  0  0
83 40 361680 3054368 1669232 171743300    0    0 1166640 855568 308403 1198250 42 17 26 15  0  0
84 39 361680 3050976 1669232 171748992    0    0 1147808 838748 308195 1216376 42 18 26 14  0  0
76 48 361680 3042592 1669232 171754628    0    0 1167296 846404 306450 1174087 42 17 26 14  0  0
44  3 361680 3035732 1669232 171760516    0    0 1211968 864984 309307 1189262 43 17 24 16  0  0
80  5 361680 3030628 1669240 171766212    0    0 1162976 856380 303497 1144918 41 16 29 14  0  0
40  8 361680 3024632 1669240 171772092    0    0 1199808 863132 308135 1197236 43 18 25 15  0  0
64 17 361680 3022940 1669240 171777972    0    0 1191200 851600 307716 1195912 42 17 25 15  0  0
procs -----------memory---------- ---swap-- -----io---- -system-- -------cpu-------
 r  b   swpd   free   buff  cache   si   so    bi    bo   in   cs us sy id wa st gu
62 18 361680 3016644 1669240 171783664    0    0 1179744 843808 300420 1152794 41 17 25 17  0  0
46 79 361680 3008580 1669240 171789452    0    0 1178144 837684 300636 1157942 42 16 26 16  0  0
55 69 361680 3001740 1669244 171795196    0    0 1142032 834304 298195 1147285 40 16 26 17  0  0
73 49 361680 2987428 1669244 171800880    0    0 1152128 826608 296136 1132641 40 17 25 18  0  0
80 38 361680 2983032 1669244 171806472    0    0 1184032 839044 300201 1147997 41 16 26 17  0  0
23 15 361680 2976072 1669244 171812300    0    0 1190400 847272 325599 1168974 42 17 24 17  0  0
74 27 361680 2962880 1669244 171818164    0    0 1183824 853948 322339 1169964 42 17 26 15  0  0
52 23 361680 2957216 1669244 171824112    0    0 1228944 890936 314036 1212008 44 17 24 15  0  0
42 37 361680 2953300 1669248 171830016    0    0 1213732 879228 308861 1200523 43 17 24 15  0  0
69 48 361680 2947284 1669248 171835928    0    0 1175872 850696 305306 1185583 42 17 26 15  0  0
26 20 361680 2938676 1669248 171841668    0    0 1158704 846664 300654 1154880 41 17 26 16  0  0
39 19 361680 2928792 1669248 171847392    0    0 1175536 829520 292414 1135851 41 16 24 19  0  0
22 26 361680 2917992 1669248 171853100    0    0 1180944 839424 291733 1135410 41 16 24 20  0  0
64 64 361680 2916368 1669248 171858936    0    0 1186176 857192 303738 1173220 42 17 26 15  0  0
14 20 361680 2911288 1669248 171864768    0    0 1173712 867244 303826 1158581 41 17 26 17  0  0
10 10 361680 2908312 1669248 171870680    0    0 1208592 866584 305840 1193902 43 17 24 16  0  0
30 28 361680 2900128 1669248 171876488    0    0 1188880 866104 304499 1176288 42 17 27 14  0  0
21 14 361680 2894304 1669252 171882308    0    0 1180656 876328 305632 1179425 42 17 26 15  0  0
33 28 361680 2891216 1669252 171887992    0    0 1173248 854272 305670 1190816 42 18 26 14  0  0
85 42 361680 2887212 1669252 171893756    0    0 1174896 863056 304328 1169391 41 17 27 15  0  0
41  5 361680 2879844 1669252 171899480    0    0 1175136 849852 304673 1172320 42 18 26 15  0  0
procs -----------memory---------- ---swap-- -----io---- -system-- -------cpu-------
 r  b   swpd   free   buff  cache   si   so    bi    bo   in   cs us sy id wa st gu
46 11 361680 2874632 1669252 171905368    0    0 1174976 857636 307234 1192892 43 17 26 14  0  0
81 50 361680 2867184 1669256 171911076    0    0 1148352 841276 294861 1136953 40 17 26 18  0  0
19 29 361680 2856484 1669256 171916800    0    0 1152880 813492 286380 1098965 40 16 24 20  0  0
88  9 361680 2854872 1669256 171922340    0    0 1209056 857704 301210 1167166 42 17 25 16  0  0
56 71 361680 2842932 1669256 171928244    0    0 1132784 834732 300971 1152248 41 17 27 15  0  0
54 44 361680 2840052 1669256 171933916    0    0 1204928 872076 303679 1165915 42 17 26 16  0  0
63 33 361680 2828416 1669256 171939808    0    0 1220288 889284 306900 1190180 43 17 24 16  0  0
22 63 361680 2826888 1669256 171945752    0    0 1194752 869616 306899 1171558 42 17 26 15  0  0
38 43 361680 2791580 1669256 171951584    0    0 1196428 865660 304576 1163105 43 18 25 15  0  0
24 90 361680 2799036 1669256 171957592    0    0 1180656 843388 306847 1196758 42 18 25 15  0  0
15 66 361680 2800564 1669256 171963328    0    0 1178272 847776 304485 1173184 42 17 26 14  0  0
23 88 361680 2777456 1669264 171969120    0    0 1152628 839372 304349 1182472 42 17 27 14  0  0
13 109 361680 2776364 1669264 171974776    0    0 1170368 828964 301527 1171382 41 17 26 15  0  0
21 75 361680 2773864 1669264 171980424    0    0 1189776 829276 289270 1101114 40 15 25 20  0  0
43 38 361680 2765692 1669264 171986124    0    0 1140080 799592 291740 1121792 40 16 26 18  0  0
48 81 361680 2761460 1669264 171991764    0    0 1164304 842584 301845 1153868 41 16 27 16  0  0
20 36 361680 2752744 1669264 171997448    0    0 1151904 822100 303015 1167349 41 17 27 15  0  0
11 112 361680 2740600 1669264 172003128    0    0 1124656 845196 302894 1182088 41 17 26 15  0  0
23 57 361680 2733740 1669264 172008752    0    0 1203024 861956 309475 1207515 43 18 25 14  0  0
53 75 361680 2732476 1669264 172014548    0    0 1189200 845864 306244 1177133 42 17 27 14  0  0
53 56 361680 2721196 1669264 172020424    0    0 1160336 835488 306673 1225696 43 18 25 14  0  0
procs -----------memory---------- ---swap-- -----io---- -system-- -------cpu-------
 r  b   swpd   free   buff  cache   si   so    bi    bo   in   cs us sy id wa st gu
28 59 361680 2718048 1669264 172026096    0    0 1208128 875048 306755 1173890 42 17 26 15  0  0
22 91 361680 2722752 1669264 172032036    0    0 1205040 855864 307355 1184362 43 17 25 15  0  0
30 87 361680 2693820 1669264 172037876    0    0 1176960 836272 306393 1202332 43 17 26 14  0  0
29 93 361680 2677144 1669264 172043572    0    0 1167440 835484 304999 1178291 42 17 26 14  0  0
34 79 361680 2665708 1669264 172049252    0    0 1128896 814052 297063 1148463 40 17 28 15  0  0
34 54 361680 2655676 1669272 172054700    0    0 1139216 832172 299921 1167622 41 17 27 16  0  0
22 103 361680 2649164 1669272 172060328    0    0 1173184 826576 297082 1138632 41 16 26 17  0  0
44 74 361680 2638612 1669272 172065984    0    0 1111696 812580 292783 1128039 40 16 27 18  0  0
24 75 361680 2633652 1669272 172071660    0    0 1196912 856976 297428 1134917 41 16 25 18  0  0
28 97 361680 3131940 1669272 171584576    0    0 1187344 833980 298014 1148573 41 17 26 16  0  0
91 48 361680 3149188 1669276 171588700    0    0 1167072 855876 306112 1184998 42 17 26 15  0  0
44 56 361680 3157160 1669276 171594276    0    0 1180032 860452 306617 1196611 43 17 26 14  0  0
76 40 361680 3162272 1669276 171599828    0    0 1180608 855836 303931 1163289 41 17 27 15  0  0
57 29 361680 3157708 1669280 171605520    0    0 1182004 854884 307696 1192201 43 17 25 15  0  0
29 82 361680 3152288 1669280 171611080    0    0 1202560 850960 300433 1147625 42 16 25 17  0  0
60 55 361680 3141100 1669280 171616652    0    0 1146848 814140 293009 1126801 40 16 26 18  0  0
67 60 361680 3140272 1669280 171622272    0    0 1208416 859744 301633 1161918 42 16 25 17  0  0
25 33 361680 3129876 1669280 171628092    0    0 1202896 845784 302858 1187587 43 17 26 15  0  0
15 11 361680 3126856 1669280 171633664    0    0 1149360 835080 299056 1153545 41 17 27 16  0  0
75 49 361680 3121844 1669280 171639116    0    0 1158512 823344 297708 1132297 41 16 27 16  0  0
85 27 361680 3115192 1669288 171644724    0    0 1150160 844148 299282 1145715 41 16 27 16  0  0
procs -----------memory---------- ---swap-- -----io---- -system-- -------cpu-------
 r  b   swpd   free   buff  cache   si   so    bi    bo   in   cs us sy id wa st gu
36 20 361680 3107400 1669288 171650356    0    0 1156096 814628 298517 1182757 42 17 25 16  0  0
21 19 361680 3099336 1669288 171655860    0    0 1167088 840876 292705 1110628 40 16 26 18  0  0
19 26 361680 3095728 1669288 171661572    0    0 1144416 814204 293870 1149899 41 16 25 18  0  0
 3  0 361680 3064680 1669288 171667156    0    0 1138752 818620 291424 1111702 40 16 26 18  0  0
63 17 361680 3043648 1669296 171672448    0    0 1131312 808248 289917 1111202 39 16 30 15  0  0
28 19 361680 3062856 1669296 171678260    0    0 1163456 800004 284260 1077979 39 15 26 20  0  0
29 19 361680 3092044 1669296 171683832    0    0 1137744 809172 284593 1082985 39 15 27 20  0  0
52 75 361680 3079188 1669296 171689596    0    0 1161904 818856 293544 1131191 40 16 25 18  0  0
31 21 361680 3078976 1669296 171695116    0    0 1145856 814912 296275 1140169 41 16 25 18  0  0
20 20 361680 3069656 1669300 171700680    0    0 1203792 837624 292899 1113219 41 16 25 19  0  0
93 41 361680 3063068 1669300 171706664    0    0 1202784 839784 291901 1098443 40 15 24 20  0  0
97 39 361680 3058992 1669300 171712416    0    0 1123664 807508 290356 1113204 39 16 28 17  0  0
21 16 361680 3054196 1669300 171717900    0    0 1197072 839920 293574 1126774 40 16 24 19  0  0
75 54 361680 3047588 1669300 171723860    0    0 1188064 825908 293841 1123405 40 16 25 18  0  0
60 64 361680 3043728 1669304 171729624    0    0 1194484 838584 294034 1132242 41 16 24 19  0  0
79 25 361680 3033752 1669304 171735380    0    0 1155248 828308 291523 1111688 40 16 25 20  0  0
66  5 361680 3027516 1669304 171741080    0    0 1194896 818712 295487 1147307 41 16 24 19  0  0
73 46 361680 3019172 1669304 171747028    0    0 1154736 801596 284389 1074090 39 15 26 20  0  0
72 33 361680 3014388 1669304 171752668    0    0 1166512 795996 285221 1106060 40 15 25 20  0  0
82 40 361680 3007112 1669304 171758448    0    0 1152848 827964 296689 1127428 40 16 26 17  0  0
62  9 361680 3003848 1669304 171764132    0    0 1221872 853112 297148 1128882 41 16 24 18  0  0
procs -----------memory---------- ---swap-- -----io---- -system-- -------cpu-------
 r  b   swpd   free   buff  cache   si   so    bi    bo   in   cs us sy id wa st gu
63 50 361680 2996180 1669304 171770092    0    0 1166400 836280 294044 1123791 40 16 25 19  0  0
23 16 361680 2993616 1669308 171775792    0    0 1172416 844016 300985 1167798 42 17 25 17  0  0
46 19 361680 2989520 1669308 171781492    0    0 1156048 851504 303291 1175613 41 17 26 15  0  0
54 12 361680 2980632 1669312 171787412    0    0 1218240 858032 305156 1177137 42 17 25 16  0  0
38 16 361680 2979128 1669312 171793308    0    0 1180864 850688 305802 1201656 43 17 25 15  0  0
96 15 361680 2978628 1669312 171799012    0    0 1185648 849720 304099 1175635 42 17 26 16  0  0
39  5 361680 2974212 1669312 171804916    0    0 1167600 841636 302367 1169552 42 17 26 16  0  0
22 19 361680 2967640 1669312 171810456    0    0 1169680 839956 298625 1143196 41 16 27 16  0  0
64 50 361680 2965636 1669320 171816316    0    0 1184160 822844 295235 1137892 41 16 25 18  0  0
18 16 361680 2956652 1669320 171822164    0    0 1193808 855028 299040 1153469 42 16 25 17  0  0
50 13 361680 2951472 1669320 171827996    0    0 1179296 851144 304581 1190219 42 16 25 16  0  0
52 12 361680 2945112 1669320 171833772    0    0 1177952 848144 302078 1164958 42 16 26 16  0  0
20 15 361680 2943996 1669320 171839524    0    0 1140640 826236 294855 1130368 39 16 26 18  0  0
26 22 361680 2917600 1669324 171845148    0    0 1190352 854116 304669 1171600 42 17 25 16  0  0
76 27 361680 2911428 1669324 171850908    0    0 1193824 853872 302469 1149523 41 17 27 15  0  0
30 25 361680 2903812 1669324 171856760    0    0 1197552 858372 303896 1163302 42 16 26 16  0  0
91 30 361680 2897528 1669324 171862640    0    0 1210480 854948 305162 1183525 43 17 25 16  0  0
102 12 361680 2890092 1669328 171868568    0    0 1187316 861168 301190 1161362 42 17 25 17  0  0
66 57 361680 2887168 1669332 171874308    0    0 1182000 853552 302566 1164502 42 17 26 16  0  0
20 23 361680 2878960 1669332 171880208    0    0 1201152 856232 297650 1146990 42 16 24 18  0  0
21 17 361680 2876188 1669332 171885896    0    0 1181888 842104 293646 1121419 41 16 25 18  0  0
procs -----------memory---------- ---swap-- -----io---- -system-- -------cpu-------
 r  b   swpd   free   buff  cache   si   so    bi    bo   in   cs us sy id wa st gu
27  3 361680 2872400 1669332 171891888    0    0 1197472 856816 303083 1168150 42 16 26 16  0  0
77 50 361680 2865316 1669332 171897676    0    0 1171888 872668 303318 1164428 41 17 26 16  0  0
37 19 361680 2860640 1669336 171903292    0    0 1163216 852568 303284 1194949 42 17 25 16  0  0
69 65 361680 2852804 1669336 171908996    0    0 1166304 848348 300682 1171110 41 17 25 17  0  0
77 48 361680 2847248 1669336 171914728    0    0 1226800 880216 302134 1169998 43 17 23 17  0  0
43 17 361680 2840700 1669336 171920716    0    0 1192096 862812 304597 1183729 42 17 24 16  0  0
85 42 361680 2835384 1669336 171926524    0    0 1164896 853460 302638 1172484 42 17 26 16  0  0
85 10 361680 2829400 1669344 171932244    0    0 1181840 855804 304463 1186655 42 17 25 16  0  0
17 18 361680 2824652 1669344 171937984    0    0 1149184 850340 300768 1164788 41 17 27 16  0  0
69 59 361680 2798116 1669344 171943528    0    0 1150592 835456 295404 1150634 41 16 27 16  0  0
75 57 361680 2790336 1669344 171949092    0    0 1201152 852280 292645 1116716 42 16 24 19  0  0
62 12 361680 2785012 1669344 171955020    0    0 1229680 877384 300857 1155076 42 16 24 18  0  0
71 49 361680 2780428 1669348 171960972    0    0 1180480 870160 303027 1175890 42 17 25 16  0  0
94 15 361680 2773220 1669348 171966752    0    0 1217344 883660 304123 1174883 42 17 24 17  0  0
49 14 361680 2769604 1669348 171972648    0    0 1179920 864192 304645 1201120 43 17 24 16  0  0
53  9 361680 2762380 1669348 171978540    0    0 1170496 847484 300342 1154495 41 17 26 17  0  0
62 56 361680 2756472 1669348 171984244    0    0 1129664 842492 299403 1169858 41 17 27 16  0  0
32 29 361680 2750380 1669352 171989692    0    0 1207472 869780 303378 1177802 43 17 25 16  0  0
16 21 361680 2745688 1669352 171995620    0    0 1193312 875000 303455 1161582 42 17 26 16  0  0
39  9 361680 2739728 1669356 172001432    0    0 1206740 864536 304836 1181832 43 17 25 16  0  0
10 22 361680 2731276 1669356 172007304    0    0 1179776 858772 300392 1152257 41 16 26 17  0  0
procs -----------memory---------- ---swap-- -----io---- -system-- -------cpu-------
 r  b   swpd   free   buff  cache   si   so    bi    bo   in   cs us sy id wa st gu
66 55 361680 2711516 1669356 172013036    0    0 1174976 823520 293426 1127051 41 16 26 18  0  0
67 55 361680 2704796 1669360 172018936    0    0 1238208 870628 300547 1160616 43 17 23 17  0  0
74 40 361680 2695540 1669360 172024928    0    0 1173552 851988 306496 1197045 42 17 25 16  0  0
45 13 361680 2692476 1669360 172030732    0    0 1184176 868152 302641 1168116 41 17 25 16  0  0
93 41 361680 2669300 1669360 172036548    0    0 1192224 859024 302920 1175648 42 17 26 16  0  0
26 17 361680 2652476 1669360 172042384    0    0 1180752 851968 299735 1137490 41 16 27 17  0  0
97 18 361680 2644588 1669364 172047960    0    0 1137072 837760 303980 1191134 42 17 26 15  0  0
15 19 361680 2633612 1669364 172053544    0    0 1174160 856140 302515 1166500 41 17 27 15  0  0
15 26 361680 2626412 1669364 172059256    0    0 1170544 848040 303489 1180512 42 17 26 15  0  0
12 23 361680 2971412 1669364 171719864    0    0 1205184 855236 304002 1161231 42 17 25 16  0  0
72 57 361680 2987636 1669364 171724872    0    0 1146272 838344 300775 1160570 41 17 27 16  0  0
35 21 361680 2995088 1669364 171730336    0    0 1174016 828768 292010 1119146 40 16 26 18  0  0
71 35 361680 2993364 1669364 171736032    0    0 1162912 822784 296145 1152902 41 17 25 18  0  0
55 15 361680 2988320 1669364 171741432    0    0 1149488 831872 302185 1167080 41 17 26 15  0  0
74 54 361680 2981988 1669364 171746888    0    0 1237808 896688 307471 1184047 43 17 24 17  0  0
45 24 361680 2978672 1669364 171752828    0    0 1173200 852320 300318 1152439 41 17 25 17  0  0
61 61 361680 2972456 1669364 171758416    0    0 1170080 857860 302303 1151143 41 17 26 16  0  0
20 27 361680 2966864 1669364 171764024    0    0 1184944 866244 301268 1142715 41 16 25 18  0  0
95  6 361680 2961240 1669364 171769608    0    0 1242640 876276 303699 1156403 42 17 25 16  0  0
56  9 361680 2957152 1669364 171775552    0    0 1218368 870604 304431 1176256 43 17 24 16  0  0
43  9 361680 2947592 1669364 171781372    0    0 1180432 865008 304012 1183138 42 17 25 16  0  0
procs -----------memory---------- ---swap-- -----io---- -system-- -------cpu-------
 r  b   swpd   free   buff  cache   si   so    bi    bo   in   cs us sy id wa st gu
69 28 361680 2940848 1669372 171786940    0    0 1175444 851264 303399 1178950 42 17 25 16  0  0
77 56 361680 2931412 1669372 171792492    0    0 1142160 805972 295900 1148227 40 17 27 16  0  0
13 15 361680 2931944 1669372 171797936    0    0 1168784 824556 293516 1135071 41 16 25 19  0  0
23 18 361680 2923580 1669372 171803600    0    0 1161504 851136 299711 1163757 41 16 27 16  0  0
31 16 361680 2919352 1669372 171809232    0    0 1197760 851756 305542 1189952 42 17 25 15  0  0
10  7 361680 2907452 1669376 171815032    0    0 1191440 863256 301063 1155328 41 16 26 17  0  0
87  8 361680 2900996 1669376 171820888    0    0 1224304 875376 305480 1177724 43 17 24 16  0  0
20 10 361680 2895324 1669376 171826864    0    0 1177824 857668 300117 1153649 41 16 26 17  0  0
102 37 361680 2889640 1669376 171832520    0    0 1196832 858120 304232 1179257 42 16 25 16  0  0
88  7 361680 2884208 1669376 171838512    0    0 1224992 866160 305998 1181724 43 17 25 16  0  0
26 22 361680 2878580 1669380 171844300    0    0 1235264 891984 305576 1177880 43 17 24 16  0  0
75 52 361680 2871800 1669380 171850440    0    0 1172816 862972 304174 1194499 42 17 26 15  0  0
23 33 361680 2865772 1669380 171856140    0    0 1172144 847576 302160 1163718 42 17 26 16  0  0
47 62 361680 2804144 1669380 171861820    0    0 1108304 778180 280566 1057893 38 15 30 17  0  0
18 22 361680 2784932 1669380 171867308    0    0 1194336 850468 295176 1132590 41 16 25 18  0  0
108  7 361680 2819296 1669388 171873072    0    0 1206224 861652 304206 1160371 42 16 26 16  0  0
29 24 361680 2831052 1669388 171878944    0    0 1181072 858628 304331 1174818 42 17 26 15  0  0
12 21 361680 2849652 1669388 171884836    0    0 1212064 875808 305981 1187467 43 17 24 16  0  0
54 29 361680 2848016 1669388 171890564    0    0 1182240 867272 302621 1156936 41 16 27 16  0  0
74 56 361680 2840584 1669392 171896556    0    0 1171056 850760 300054 1144849 41 16 27 16  0  0
21 22 361680 2836000 1669392 171902216    0    0 1228576 874768 304408 1162664 42 17 25 16  0  0
procs -----------memory---------- ---swap-- -----io---- -system-- -------cpu-------
 r  b   swpd   free   buff  cache   si   so    bi    bo   in   cs us sy id wa st gu
44 25 361680 2825340 1669392 171908188    0    0 1195264 867788 303313 1169901 42 17 25 16  0  0
38 11 361680 2822612 1669392 171914192    0    0 1192272 862076 302988 1167267 42 17 26 15  0  0
18 23 361680 2817308 1669392 171919996    0    0 1173904 850496 304731 1176870 42 17 25 16  0  0
14 23 361680 2813164 1669404 171925848    0    0 1163924 829816 294152 1116582 40 16 26 18  0  0
26 19 361680 2807524 1669404 171931584    0    0 1183504 828548 293718 1127271 41 16 25 18  0  0
24 13 361680 2790692 1669404 171937308    0    0 1123824 835988 302541 1181734 41 17 27 15  0  0
 9 28 361680 2767736 1669404 171942832    0    0 1180160 850312 303853 1178084 42 17 25 16  0  0
78 31 361680 2752392 1669404 171948600    0    0 1153296 846704 301666 1159333 41 17 27 16  0  0
13 26 361680 2742112 1669404 171954156    0    0 1182816 855348 303391 1178573 42 17 26 16  0  0
30 17 361680 2731648 1669404 171959992    0    0 1215232 874396 305929 1188724 43 17 24 16  0  0
91 36 361680 2717544 1669404 171966068    0    0 1208944 878704 305630 1173767 42 17 26 16  0  0
25 21 361680 2717624 1669404 171971896    0    0 1184176 859324 306190 1182879 42 17 27 14  0  0
33 23 361680 2707360 1669404 171977688    0    0 1215840 893584 307256 1193053 43 17 25 15  0  0
69 15 361680 2702480 1669408 171983556    0    0 1140000 839452 304262 1180136 41 17 27 14  0  0
23 21 361680 2695608 1669408 171989304    0    0 1200464 845740 298977 1155994 42 17 24 17  0  0
27 22 361680 2690600 1669408 171995208    0    0 1199328 848176 297155 1125100 41 16 25 18  0  0
16 27 361680 2682152 1669408 172000972    0    0 1218416 872364 307059 1187368 43 17 24 15  0  0
85 44 361680 2674112 1669408 172006880    0    0 1168528 859676 302952 1166689 41 16 27 15  0  0
70 64 361680 2665716 1669412 172012644    0    0 1195616 872404 307308 1182236 43 17 26 15  0  0
46  1 361680 2657484 1669412 172018576    0    0 1186848 842824 305066 1173457 42 17 26 15  0  0
94 35 361680 2651264 1669412 172024380    0    0 1198480 872500 305278 1168470 42 17 26 16  0  0
procs -----------memory---------- ---swap-- -----io---- -system-- -------cpu-------
 r  b   swpd   free   buff  cache   si   so    bi    bo   in   cs us sy id wa st gu
16 26 361680 2645380 1669412 172030136    0    0 1177568 858404 303226 1175593 42 17 26 16  0  0
92 36 361680 2637956 1669412 172036028    0    0 1211616 878560 308433 1187279 42 17 25 15  0  0
21 12 361680 2631084 1669412 172041896    0    0 1166128 851348 305391 1190184 42 17 25 15  0  0
29 12 361680 2978324 1669412 171703456    0    0 1159936 851968 305464 1180911 42 17 26 15  0  0
18 21 361680 2979424 1669412 171707940    0    0 1185248 854580 298808 1144976 41 16 25 18  0  0
60 61 361680 3005712 1669416 171713504    0    0 1164260 809464 283098 1067138 39 14 26 21  0  0
75 13 361680 3009104 1669416 171719064    0    0 1209728 826624 290263 1111448 41 15 24 20  0  0
20 16 361680 3010468 1669420 171724756    0    0 1172400 839412 293162 1114770 41 15 26 18  0  0
49 25 361680 3001316 1669420 171730348    0    0 1153488 818736 294086 1125102 40 16 27 17  0  0
37  6 361680 2999072 1669420 171736052    0    0 1178864 833224 293897 1109803 40 16 25 19  0  0
60  7 361680 2993848 1669420 171741492    0    0 1143936 817004 292712 1126989 40 16 26 18  0  0
44 24 361680 2988648 1669420 171746880    0    0 1167856 847368 294416 1127244 40 16 26 18  0  0
74 23 361680 2980360 1669428 171752596    0    0 1175360 827532 292605 1119816 40 16 25 19  0  0
60 46 361680 2977220 1669428 171758220    0    0 1156208 834892 294113 1131066 40 16 26 19  0  0
64 18 361680 2971116 1669428 171763648    0    0 1176688 833872 295226 1119769 41 16 26 18  0  0
20 10 361680 2965176 1669428 171769268    0    0 1169888 835856 290215 1110111 40 16 25 20  0  0
98 30 361680 2957056 1669428 171774872    0    0 1178016 811764 285509 1087731 40 15 25 20  0  0
73  9 361680 2948960 1669432 171780620    0    0 1152128 815568 287187 1095296 39 15 25 20  0  0
73 11 361680 2942348 1669432 171786320    0    0 1184976 843768 296191 1145964 41 16 24 19  0  0
22 22 361680 2935584 1669432 171792004    0    0 1154192 830112 289932 1111487 40 15 26 19  0  0
19 15 361680 2930572 1669432 171797740    0    0 1197424 868852 300868 1140253 41 16 26 17  0  0
procs -----------memory---------- ---swap-- -----io---- -system-- -------cpu-------
 r  b   swpd   free   buff  cache   si   so    bi    bo   in   cs us sy id wa st gu
67 10 361680 2926976 1669432 171803472    0    0 1156096 837900 304240 1189511 42 17 26 15  0  0
69 62 361680 2921720 1669432 171809096    0    0 1171504 856892 302272 1166876 42 16 26 16  0  0
38 38 361680 2919504 1669432 171814812    0    0 1190320 858416 302686 1168597 42 17 26 16  0  0
95 46 361680 2916148 1669432 171820668    0    0 1178960 867204 303379 1181508 42 17 26 15  0  0
31 21 361680 2905704 1669432 171826492    0    0 1199120 874772 302984 1172248 42 17 25 17  0  0
29 24 361680 2900188 1669444 171832364    0    0 1219104 861996 305822 1185475 43 17 24 17  0  0
19 27 361680 2894284 1669444 171838232    0    0 1175568 836700 293993 1134314 41 16 24 19  0  0
28 27 361680 2886728 1669444 171843944    0    0 1165760 826036 292684 1124036 40 16 26 18  0  0
34 17 361680 2882064 1669448 171849648    0    0 1190964 852332 304035 1187394 42 17 24 17  0  0
60 57 361680 2859760 1669448 171855544    0    0 1197904 863796 301906 1166256 42 17 26 16  0  0
61 37 361680 2822328 1669448 171861536    0    0 1243632 894616 307128 1173216 43 17 23 17  0  0
62 10 361680 2810860 1669456 171867480    0    0 1229920 881360 305215 1172099 42 17 24 17  0  0
60 15 361680 2800708 1669456 171873436    0    0 1162352 850156 301830 1171975 41 17 26 15  0  0
40  9 361680 2790088 1669456 171879208    0    0 1216640 866308 303349 1191729 43 17 24 17  0  0
30 10 361680 2782448 1669456 171885092    0    0 1182848 860704 300851 1166646 41 16 25 17  0  0
55  9 361680 2776572 1669456 171890952    0    0 1216544 875868 303167 1161321 42 16 25 17  0  0
28 21 361680 2770356 1669460 171896816    0    0 1172624 852456 302489 1175521 42 17 26 16  0  0
73 56 361680 2763788 1669460 171902508    0    0 1207488 862116 305526 1180454 42 17 24 16  0  0
38  5 361680 2756560 1669460 171908392    0    0 1163456 840624 300448 1178393 42 17 26 16  0  0
33 19 361680 2751608 1669460 171914128    0    0 1178544 843592 298532 1154091 41 17 26 17  0  0
22 22 361680 2743392 1669460 171919840    0    0 1152384 857664 298328 1148971 41 16 26 17  0  0
procs -----------memory---------- ---swap-- -----io---- -system-- -------cpu-------
 r  b   swpd   free   buff  cache   si   so    bi    bo   in   cs us sy id wa st gu
20 18 361680 2735904 1669464 171925480    0    0 1196928 855684 298820 1136983 41 16 26 17  0  0
25 28 361680 2728592 1669464 171931260    0    0 1181680 844136 297882 1156666 41 17 24 18  0  0
