procs -----------memory---------- ---swap-- -----io---- -system-- -------cpu-------
 r  b   swpd   free   buff  cache   si   so    bi    bo   in   cs us sy id wa st gu
 6  3 360656 3518804 1698908 183598432    5   10 24045 30094 8738    4  3  0 96  0  0  0
104  1 360656 3479052 1698908 183598472    0    0 84608 243732 105024 74387 95  1  4  0  0  0
129  0 360656 3480332 1698908 183598484    0    0 83504 230572 154596 56603 97  1  1  0  0  0
130  1 360656 3475704 1698908 183598504    0    0 96176 135800 98919 50971 98  1  1  0  0  0
94  0 360656 3467952 1698912 183598532    0    0 86704 152404 134582 51837 98  1  1  0  0  0
100  1 360656 3449652 1698912 183598536    0    0 83248 130884 105532 46644 98  1  1  0  0  0
82  4 360656 3191840 1698912 183599088    0    0 371392 169876 475188 1044682 41 33 24  2  0  0
69  7 360656 3173220 1698912 183600356    0    0 507408 347164 300641 1568004 40 34 24  2  0  0
 6  2 360656 3154016 1698912 183601388    0    0 515392 173612 292537 1470404 39 32 26  3  0  0
67  5 360656 3139060 1698916 183602684    0    0 474640 316496 275530 1331134 33 28 36  3  0  0
49  1 360656 3134392 1698916 183603648    0    0 494320 306080 278272 1359216 34 29 34  3  0  0
56 20 360656 3123284 1698916 183605024    0    0 497360 322520 280168 1360074 35 29 33  3  0  0
10  0 360656 3113692 1698916 183606280    0    0 489360 328732 275302 1324932 34 28 35  3  0  0
50 14 360656 3110272 1698916 183607296    0    0 476256 317608 277139 1355988 34 29 34  3  0  0
21 14 360656 3105672 1698920 183608628    0    0 496912 320404 281027 1364959 35 29 34  3  0  0
 6  1 360656 3109940 1698920 183609884    0    0 485960 322832 278699 1335661 35 29 34  3  0  0
62  2 360656 3111788 1698920 183610888    0    0 500192 322804 281454 1348524 35 29 34  3  0  0
119  8 360656 3100744 1698920 183612212    0    0 487456 318576 278974 1345185 34 29 34  3  0  0
35  2 360656 3096728 1698920 183613488    0    0 487376 321192 280584 1346288 34 29 35  3  0  0
14 34 360656 3099512 1698928 183614416    0    0 491312 321052 277133 1328957 34 28 35  3  0  0
57  7 360656 3104888 1698928 183615768    0    0 492880 314644 277857 1329546 34 28 35  3  0  0
procs -----------memory---------- ---swap-- -----io---- -system-- -------cpu-------
 r  b   swpd   free   buff  cache   si   so    bi    bo   in   cs us sy id wa st gu
81 10 360656 3110764 1698928 183616760    0    0 469104 309864 277301 1332881 34 29 35  2  0  0
70  4 360656 3116440 1698928 183618020    0    0 489376 303656 285721 1356438 35 29 34  2  0  0
41 10 360656 3118788 1698928 183619324    0    0 509328 314048 281240 1328044 35 28 35  3  0  0
70  5 360656 3121032 1698928 183620296    0    0 475584 293828 282990 1348529 34 29 34  2  0  0
51  3 360656 3119060 1698928 183621552    0    0 478912 291532 277743 1336173 34 28 35  2  0  0
87 13 360656 3121932 1698928 183622864    0    0 490704 302284 279300 1335962 34 29 34  3  0  0
35  4 360656 3115160 1698928 183623888    0    0 495040 307624 281853 1320692 34 28 35  3  0  0
88 15 360656 3109872 1698936 183625196    0    0 483280 297680 280067 1332530 34 29 34  2  0  0
123  6 360656 3103028 1698940 183626376    0    0 480528 294048 282760 1339692 34 30 33  2  0  0
18  0 360656 3096756 1698940 183627408    0    0 479888 302248 280225 1329030 35 28 34  3  0  0
88  5 360656 3099428 1698940 183628724    0    0 502288 310428 282245 1330646 35 28 34  3  0  0
 7  2 360656 3093504 1698940 183629764    0    0 504064 313560 280167 1309918 34 28 35  3  0  0
57  2 360656 3095952 1698940 183631060    0    0 495376 302924 286288 1345660 35 28 35  3  0  0
45 14 360656 3101716 1698948 183632372    0    0 485440 306396 281901 1331207 35 28 34  3  0  0
65 17 360656 3103532 1698948 183633396    0    0 498448 306444 289804 1336057 35 28 34  3  0  0
41  9 360656 3095584 1698948 183634700    0    0 481296 306960 281531 1315677 34 29 35  3  0  0
40 16 360656 3093656 1698948 183635968    0    0 498112 301668 284713 1324481 34 28 34  3  0  0
33  1 360656 3101740 1698948 183636992    0    0 495856 308788 284219 1326437 35 28 34  3  0  0
41  2 360656 3092980 1698956 183638332    0    0 510528 311068 283719 1319187 35 27 35  3  0  0
81  5 360656 3097192 1698956 183639360    0    0 488432 304028 285566 1325064 34 30 34  2  0  0
55  1 360656 3104044 1698956 183640632    0    0 483584 308636 291190 1341273 35 29 34  3  0  0
procs -----------memory---------- ---swap-- -----io---- -system-- -------cpu-------
 r  b   swpd   free   buff  cache   si   so    bi    bo   in   cs us sy id wa st gu
68  2 360656 3100840 1698956 183641996    0    0 482672 304952 286160 1339687 35 29 33  2  0  0
 1  1 360656 3100572 1698956 183643024    0    0 507424 314572 293447 1326487 35 29 34  3  0  0
19 10 360656 3102360 1698960 183644404    0    0 496016 304948 286376 1333853 35 29 34  2  0  0
61  2 360656 3101664 1698960 183645672    0    0 477344 298152 292122 1352771 35 29 34  2  0  0
107  8 360656 3103644 1698960 183646664    0    0 489680 310548 284538 1319982 35 29 34  2  0  0
67 17 360656 3100692 1698960 183648012    0    0 495120 302708 290255 1345694 35 29 34  3  0  0
66  3 360656 3104268 1698960 183649296    0    0 495280 309780 288108 1326683 35 29 34  2  0  0
107  3 360656 3103076 1698968 183650396    0    0 484960 297976 287308 1345958 35 29 33  2  0  0
 2  0 360656 3108108 1698968 183651792    0    0 496336 317320 286887 1320820 35 29 34  3  0  0
67  5 360656 3109052 1698968 183652776    0    0 504016 307688 290998 1346013 35 29 33  3  0  0
49  2 360656 3108836 1698968 183654216    0    0 503104 318852 289612 1330038 36 28 34  3  0  0
63  6 360656 3111308 1698968 183655588    0    0 504784 312232 289293 1337748 36 29 33  3  0  0
86  9 360656 3114168 1698976 183656644    0    0 494752 325464 286687 1301283 34 28 35  3  0  0
64  5 360656 3114524 1698976 183657992    0    0 482752 309108 288391 1337869 34 30 33  2  0  0
31 24 360656 3111728 1698976 183659252    0    0 490944 315464 288395 1322657 35 29 34  3  0  0
 4  1 360656 3115012 1698976 183660372    0    0 486416 320548 289032 1318515 35 28 34  3  0  0
90  3 360656 3113224 1698976 183661680    0    0 485136 308772 288711 1329099 35 29 34  2  0  0
41  1 360656 3113788 1698980 183662844    0    0 480352 304336 289127 1327556 35 28 34  2  0  0
47  7 360656 3111996 1698984 183663944    0    0 474532 300184 288663 1344809 35 30 33  2  0  0
88  5 360656 3109988 1698984 183665224    0    0 478976 310168 286112 1323465 35 29 34  2  0  0
32  7 360656 3104616 1698984 183666284    0    0 486720 311712 285567 1306805 35 28 34  3  0  0
procs -----------memory---------- ---swap-- -----io---- -system-- -------cpu-------
 r  b   swpd   free   buff  cache   si   so    bi    bo   in   cs us sy id wa st gu
63  4 360656 3101544 1698984 183667580    0    0 480784 307328 290473 1323466 34 29 35  2  0  0
67  4 360656 3101888 1698988 183668844    0    0 484800 308416 292389 1327342 35 28 34  3  0  0
55 14 360656 3096928 1698988 183669904    0    0 466976 302972 286120 1327854 34 29 34  3  0  0
61 10 360656 3101004 1698988 183671236    0    0 497216 320516 291675 1321880 35 28 35  3  0  0
10  0 360656 3100252 1698988 183672424    0    0 481664 307504 285601 1325045 35 29 34  2  0  0
 9  1 360656 3096136 1698988 183673524    0    0 497696 314716 288450 1322475 34 29 34  3  0  0
35  2 360656 3095384 1698996 183674852    0    0 491792 321724 285138 1308396 34 28 35  3  0  0
83  4 360656 3094896 1698996 183676084    0    0 497936 317708 287633 1312140 35 28 34  3  0  0
45  5 360656 3091368 1698996 183677252    0    0 496800 307768 288439 1324352 35 29 33  3  0  0
83  4 360656 3092124 1698996 183678448    0    0 473664 303788 278132 1270789 33 28 36  3  0  0
46  4 360656 3088772 1698996 183679520    0    0 484464 306648 289722 1330518 35 29 33  3  0  0
53 15 360656 3086884 1698996 183680808    0    0 481312 310176 290513 1332160 35 30 34  2  0  0
61  2 360656 3090456 1699000 183682032    0    0 483648 316412 286872 1308846 35 29 34  2  0  0
36  1 360656 3090780 1699000 183683132    0    0 477536 307864 292503 1340021 35 29 34  2  0  0
74  7 360656 3089632 1699000 183684432    0    0 487184 315688 288380 1314104 35 29 34  3  0  0
 5  0 360656 3084348 1699000 183685588    0    0 479296 312288 293104 1332199 35 29 33  2  0  0
99 12 360656 3084600 1699000 183686724    0    0 483568 313064 288303 1320143 34 29 34  2  0  0
74 11 360656 3086204 1699000 183688036    0    0 497504 307920 300096 1353854 35 29 33  3  0  0
58 18 360656 3110104 1699004 183689212    0    0 472400 312252 290518 1324479 35 29 34  2  0  0
80  4 360656 3111888 1699004 183690436    0    0 502992 311580 289081 1325224 34 29 34  3  0  0
 4  0 360656 3112108 1699004 183691624    0    0 471712 308148 288344 1319627 35 29 34  2  0  0
procs -----------memory---------- ---swap-- -----io---- -system-- -------cpu-------
 r  b   swpd   free   buff  cache   si   so    bi    bo   in   cs us sy id wa st gu
 3  1 360656 3110336 1699004 183692672    0    0 478384 300364 292341 1347019 35 30 33  2  0  0
 3  2 360656 3107248 1699008 183694008    0    0 487360 321672 292425 1320358 35 28 34  3  0  0
28 18 360656 3113212 1699008 183695192    0    0 483408 304044 287748 1328866 35 29 33  3  0  0
 4  0 360656 3111140 1699008 183696376    0    0 483488 312868 292160 1325795 35 27 35  2  0  0
22  6 360656 3111972 1699008 183697560    0    0 475920 305092 284958 1319432 34 29 34  2  0  0
105 15 360656 3110476 1699008 183698744    0    0 475968 304560 288330 1328301 34 29 34  2  0  0
85  8 360656 3110128 1699016 183699924    0    0 491696 310188 286883 1321970 34 29 34  3  0  0
 5  1 360656 3109748 1699016 183701136    0    0 478768 301492 293935 1348919 35 30 33  2  0  0
64  3 360656 3110540 1699016 183702272    0    0 466944 301312 286381 1321909 34 30 34  2  0  0
 8  0 360656 3108832 1699016 183703476    0    0 483552 314336 295001 1329402 34 29 34  2  0  0
72  1 360656 3107540 1699016 183704728    0    0 486032 311564 289503 1332942 35 29 33  3  0  0
 4  2 360656 3104196 1699024 183705892    0    0 493712 318784 288038 1314718 35 28 34  3  0  0
60  2 360656 3101292 1699024 183707128    0    0 486736 309700 289177 1333766 36 28 34  2  0  0
16  2 360656 3098480 1699024 183708352    0    0 477296 312560 286729 1321457 34 29 34  3  0  0
76  7 360656 3099764 1699024 183709488    0    0 478096 308140 286563 1335552 35 29 34  3  0  0
90 14 360656 3099128 1699024 183710680    0    0 476192 315012 286496 1314274 34 29 35  2  0  0
58  5 360656 3095460 1699032 183711848    0    0 486496 308808 295016 1337817 35 29 34  2  0  0
 5  0 360656 3093080 1699032 183713056    0    0 472224 298840 286529 1334636 35 29 33  2  0  0
72  4 360656 3093104 1699032 183714300    0    0 486688 303536 290830 1333920 35 30 33  3  0  0
30  1 360656 3091160 1699032 183715468    0    0 479552 323336 286591 1299386 34 29 35  3  0  0
57 10 360656 3092272 1699032 183716712    0    0 498688 309044 293192 1332550 35 28 33  3  0  0
procs -----------memory---------- ---swap-- -----io---- -system-- -------cpu-------
 r  b   swpd   free   buff  cache   si   so    bi    bo   in   cs us sy id wa st gu
88  2 360656 3096268 1699040 183717904    0    0 484432 309360 288935 1327360 34 29 34  3  0  0
 4  2 360656 3094184 1699040 183719068    0    0 479824 314444 288995 1324511 34 30 34  3  0  0
37  1 360656 3091060 1699040 183720352    0    0 497296 318652 292897 1315046 34 29 34  3  0  0
98  7 360656 3088632 1699040 183721480    0    0 471232 303444 287903 1334868 35 29 34  2  0  0
103  5 360656 3085900 1699040 183722660    0    0 481280 303880 291395 1333667 35 28 34  2  0  0
112  2 360656 3085056 1699048 183723852    0    0 476592 305976 287499 1333707 35 29 34  2  0  0
24  3 360656 3083000 1699048 183725020    0    0 479536 303284 293713 1343122 35 29 34  2  0  0
84  1 360656 3079464 1699048 183726248    0    0 480544 309820 289525 1321622 35 29 34  3  0  0
83  4 360656 3074160 1699048 183727412    0    0 489712 315868 286333 1312798 34 29 34  3  0  0
78  9 360656 3070244 1699048 183728632    0    0 478752 309936 291545 1335954 34 29 34  2  0  0
38 14 360656 3068756 1699056 183729804    0    0 472432 303696 286856 1327661 35 29 34  2  0  0
84 13 360656 3068856 1699056 183731040    0    0 485888 319212 292057 1324943 35 28 35  2  0  0
66 13 360656 3070244 1699056 183732232    0    0 491296 309196 288236 1333698 35 29 34  2  0  0
67  9 360656 3065044 1699056 183733396    0    0 469936 300576 290268 1336032 34 30 34  2  0  0
22  2 360656 3067520 1699056 183734632    0    0 490240 314760 286345 1313743 34 29 34  3  0  0
67  6 360656 3065716 1699064 183735768    0    0 485056 304640 292893 1338004 34 30 33  3  0  0
99 20 360656 3067384 1699064 183737032    0    0 496800 314396 288647 1325868 34 29 34  3  0  0
49 21 360656 3068480 1699064 183738204    0    0 483024 312376 286742 1324089 35 29 34  3  0  0
 9  2 360656 3064452 1699064 183739372    0    0 464992 301800 289926 1341611 35 29 34  2  0  0
 4  0 360656 3065976 1699064 183740492    0    0 471712 302332 288336 1337330 35 30 33  2  0  0
107 13 360656 3063844 1699072 183741712    0    0 483344 316188 288813 1312069 34 30 34  2  0  0
procs -----------memory---------- ---swap-- -----io---- -system-- -------cpu-------
 r  b   swpd   free   buff  cache   si   so    bi    bo   in   cs us sy id wa st gu
62  6 360656 3064332 1699072 183742888    0    0 473136 307496 286280 1327347 34 28 35  2  0  0
50  0 360656 3060204 1699072 183744132    0    0 482112 308056 286544 1331055 35 29 34  2  0  0
96  6 360656 3059800 1699072 183745304    0    0 475616 311212 291310 1330875 34 29 34  2  0  0
 4  0 360656 3055836 1699072 183746516    0    0 490688 313052 288754 1325387 35 29 34  2  0  0
104  6 360656 3057720 1699080 183747660    0    0 467744 300184 291233 1345439 35 29 34  2  0  0
66  2 360656 3058024 1699080 183748860    0    0 465104 304316 287332 1328873 35 29 34  2  0  0
21  5 360656 3057864 1699080 183749960    0    0 461712 291712 287401 1355545 35 30 33  2  0  0
62  4 360656 3055720 1699080 183751188    0    0 480256 313492 290295 1330887 35 29 34  2  0  0
120  6 360656 3049928 1699080 183752320    0    0 480304 306132 288387 1335334 35 29 33  2  0  0
48  3 360656 3047004 1699088 183753588    0    0 491792 317924 290877 1321741 35 28 34  2  0  0
69  2 360656 3046540 1699088 183754776    0    0 475440 307200 285881 1341296 35 29 33  2  0  0
34  8 360656 3038936 1699088 183755972    0    0 489664 309712 293462 1334840 35 29 33  3  0  0
102  4 360656 3037536 1699092 183757128    0    0 471600 307388 283961 1318229 34 29 34  3  0  0
52  7 360656 3036684 1699092 183758308    0    0 491728 307120 287784 1327004 35 29 33  3  0  0
16  2 360656 3035140 1699096 183759552    0    0 484544 317132 287702 1321457 35 28 34  3  0  0
62  1 360656 3034644 1699096 183760760    0    0 488608 317276 288235 1322131 34 28 35  3  0  0
 5  0 360656 3035576 1699096 183761920    0    0 471184 314516 283142 1310824 34 29 35  2  0  0
54  8 360656 3037008 1699096 183763096    0    0 483408 303408 286418 1337465 35 29 34  2  0  0
92  5 360656 3035564 1699096 183764300    0    0 484880 313996 288014 1326216 35 29 33  3  0  0
48  3 360656 3036916 1699104 183765480    0    0 471808 300508 291042 1346384 35 29 34  2  0  0
115  3 360656 3034164 1699104 183766676    0    0 487904 309788 289492 1332358 35 29 33  3  0  0
procs -----------memory---------- ---swap-- -----io---- -system-- -------cpu-------
 r  b   swpd   free   buff  cache   si   so    bi    bo   in   cs us sy id wa st gu
94  2 360656 3033540 1699104 183767840    0    0 468208 298348 286609 1341367 35 29 34  2  0  0
42  2 360656 3032444 1699104 183769056    0    0 481024 312532 286026 1317418 34 29 35  2  0  0
 4  0 360656 3027124 1699104 183770208    0    0 473504 303996 293284 1337175 35 30 33  2  0  0
79 20 360656 3028744 1699108 183771428    0    0 489904 308196 289206 1325997 34 29 34  2  0  0
 1  3 360656 3025044 1699108 183772604    0    0 479296 304572 287352 1333924 35 30 33  3  0  0
 4  4 360656 3025620 1699108 183773808    0    0 485488 308624 285890 1330617 35 28 34  3  0  0
25  5 360656 3028672 1699108 183774948    0    0 478576 298420 285194 1333365 34 30 33  3  0  0
 2  4 360656 3020480 1699108 183776184    0    0 470992 306004 287899 1327142 35 29 33  3  0  0
38  3 360656 3017932 1699108 183777340    0    0 466240 305508 284674 1324370 34 29 34  2  0  0
58  5 360656 3012656 1699108 183778504    0    0 476016 309380 285351 1324127 34 30 34  3  0  0
71  9 360656 3015460 1699108 183779696    0    0 487712 324556 284636 1300843 34 28 35  3  0  0
74  0 360656 3014296 1699108 183780896    0    0 475984 296116 291315 1350529 35 29 33  2  0  0
 4  0 360656 3011948 1699112 183782048    0    0 477616 309868 285916 1324819 35 29 34  2  0  0
26  1 360656 3010980 1699112 183783288    0    0 508624 315440 295731 1339862 35 29 33  3  0  0
94 17 360656 3012372 1699112 183784472    0    0 472768 304092 286227 1326195 35 29 34  2  0  0
50  9 360656 3010296 1699112 183785644    0    0 465968 300240 285666 1333871 35 29 33  2  0  0
73  0 360656 3008856 1699112 183786816    0    0 475616 304976 286707 1331080 35 29 34  2  0  0
 4  2 360656 3005156 1699112 183787964    0    0 480800 304164 290725 1334381 35 29 34  2  0  0
69 11 360656 3006544 1699112 183789204    0    0 487664 321848 283925 1301291 34 28 35  3  0  0
95  9 360656 3008644 1699112 183790340    0    0 475504 295920 291770 1357013 35 31 32  2  0  0
94  1 360656 3009300 1699112 183791664    0    0 482240 312260 288295 1325678 34 29 34  2  0  0
procs -----------memory---------- ---swap-- -----io---- -system-- -------cpu-------
 r  b   swpd   free   buff  cache   si   so    bi    bo   in   cs us sy id wa st gu
 3  1 360656 3007920 1699112 183792828    0    0 483344 306096 290059 1347621 35 29 34  3  0  0
32  4 360656 3009276 1699116 183794060    0    0 494656 317324 290215 1323597 35 28 34  3  0  0
55 13 360656 3008928 1699116 183795200    0    0 467616 299084 285318 1334332 35 30 34  2  0  0
12  2 360656 3002180 1699116 183796424    0    0 479616 309844 288853 1334925 34 29 34  2  0  0
 2  0 360656 2997700 1699116 183797580    0    0 473376 306124 283193 1328133 34 29 34  2  0  0
113  6 360656 2995700 1699116 183798812    0    0 490240 306332 286479 1331157 36 28 33  3  0  0
81  6 360656 2997760 1699120 183799960    0    0 471072 312804 284111 1320786 34 29 34  2  0  0
47  0 360656 2996392 1699124 183801120    0    0 478308 306912 290046 1344545 35 30 33  2  0  0
51  6 360656 2995240 1699124 183802332    0    0 483856 307988 285943 1321808 35 29 34  2  0  0
16  1 360656 2991088 1699124 183803552    0    0 474336 304448 288276 1338826 35 29 33  2  0  0
26  7 360656 2987864 1699124 183804724    0    0 489408 315864 287172 1321150 35 28 35  2  0  0
33  0 360656 2986708 1699124 183805960    0    0 487216 313392 290133 1327939 35 28 34  2  0  0
13  0 360656 2988824 1699132 183807152    0    0 480176 304008 286314 1342364 35 29 34  2  0  0
 4  0 360656 2989744 1699132 183808340    0    0 480656 310676 288194 1334203 35 29 33  2  0  0
88  6 360656 2986056 1699132 183809560    0    0 489776 314532 286926 1312136 35 29 34  2  0  0
95  7 360656 2983672 1699132 183810736    0    0 474864 301732 286084 1338343 36 28 34  2  0  0
83  7 360656 2982288 1699132 183811900    0    0 471392 313532 283480 1316022 34 29 35  2  0  0
75 21 360656 2982492 1699140 183813116    0    0 481184 308616 287652 1332306 35 29 34  3  0  0
45 10 360656 2979772 1699140 183814300    0    0 487872 313836 287132 1327524 35 28 34  3  0  0
24  4 360656 2975684 1699140 183815500    0    0 488320 306040 286857 1333305 35 29 34  3  0  0
23  6 360656 2974116 1699140 183816712    0    0 497952 313904 295994 1332669 35 29 34  3  0  0
procs -----------memory---------- ---swap-- -----io---- -system-- -------cpu-------
 r  b   swpd   free   buff  cache   si   so    bi    bo   in   cs us sy id wa st gu
 8  3 360656 2968748 1699140 183817940    0    0 477680 311328 285706 1330299 35 29 34  3  0  0
69  3 360656 2968388 1699148 183819092    0    0 471840 297740 292511 1356080 35 30 33  2  0  0
40  3 360656 2964116 1699148 183820212    0    0 467216 303212 286869 1330991 35 30 34  2  0  0
73  7 360656 2961324 1699148 183821404    0    0 495952 310976 295207 1345587 35 29 33  2  0  0
 5  0 360656 2953240 1699148 183822600    0    0 472656 309536 287084 1323959 35 29 34  2  0  0
100 17 360656 2937500 1699156 183823828    0    0 483664 312376 288045 1317253 35 29 34  2  0  0
47  1 360656 2890244 1699156 183825992    0    0 466756 311688 279015 1305921 35 28 35  2  0  0
79 20 360656 2820500 1699164 183840924    0    0 474360 306756 279487 1302644 36 28 34  2  0  0
66  2 360656 2844580 1699176 183845936    0    0 486948 312568 284993 1315837 35 28 34  2  0  0
79  4 360656 2841624 1699176 183847080    0    0 469520 310892 285827 1320528 35 29 34  2  0  0
24 10 360656 2815608 1699184 183852472    0    0 480524 314180 279053 1306898 35 29 34  2  0  0
 3  0 360656 2814228 1699184 183853536    0    0 468544 296896 284738 1328075 34 30 33  2  0  0
41  9 360656 2819744 1699184 183854800    0    0 499936 312488 290019 1323118 35 28 34  3  0  0
 4  1 360656 2796028 1699184 183855976    0    0 470624 310588 282949 1321204 35 29 34  3  0  0
61  4 360656 2817976 1699184 183857220    0    0 497840 316732 291554 1326619 35 29 34  3  0  0
33  7 360656 2817056 1699184 183858368    0    0 481648 307160 287000 1323594 35 29 34  2  0  0
 3  0 360656 2820960 1699184 183859544    0    0 477072 304548 286143 1325368 35 29 34  2  0  0
66  6 360656 2820728 1699184 183860784    0    0 489104 311800 286972 1322192 35 29 33  3  0  0
44  4 360656 2824404 1699184 183861980    0    0 482304 304392 291410 1333702 35 29 33  3  0  0
67  7 360656 2806864 1699184 183863376    0    0 468560 310816 282004 1307577 35 28 35  2  0  0
54 14 360656 2811476 1699188 183864292    0    0 465776 301216 285564 1347018 35 30 33  2  0  0
procs -----------memory---------- ---swap-- -----io---- -system-- -------cpu-------
 r  b   swpd   free   buff  cache   si   so    bi    bo   in   cs us sy id wa st gu
59  9 360656 2816664 1699188 183865464    0    0 478320 310988 291876 1334481 35 28 34  3  0  0
57  3 360656 2818484 1699188 183866632    0    0 487216 315200 287376 1324969 35 29 34  2  0  0
87 13 360656 2816784 1699188 183867792    0    0 475472 301132 286427 1333569 35 30 33  2  0  0
23  6 360656 2819552 1699188 183868988    0    0 486560 313364 286573 1320682 35 29 34  2  0  0
55 11 360656 2828904 1699196 183870208    0    0 493328 317924 289237 1326331 35 29 33  3  0  0
46  0 360656 2833200 1699196 183871420    0    0 474256 303880 291890 1340682 35 29 33  2  0  0
47  1 360656 2829448 1699196 183872568    0    0 479008 315412 285927 1322308 35 29 34  2  0  0
104  4 360656 2804556 1699196 183873776    0    0 481856 304508 286893 1334689 35 29 33  2  0  0
76  9 360656 2818608 1699196 183874988    0    0 454320 294756 278380 1316912 35 29 34  2  0  0
74  8 360656 2821976 1699200 183876184    0    0 484288 312000 285918 1325996 35 29 34  2  0  0
22  0 360656 2825436 1699200 183877320    0    0 484976 306804 284026 1324874 35 29 33  3  0  0
61  1 360656 2815396 1699200 183878556    0    0 486896 307828 289524 1339235 35 29 33  3  0  0
29  8 360656 2817096 1699200 183879728    0    0 482576 309316 285335 1329029 34 29 34  2  0  0
56  3 360656 2813072 1699200 183880868    0    0 475504 307788 286807 1332191 35 30 33  2  0  0
56  7 360656 2816900 1699204 183882080    0    0 492912 317792 287018 1321514 34 29 34  2  0  0
79  5 360656 2815056 1699204 183883304    0    0 485248 306544 287784 1347575 35 30 33  3  0  0
65  4 360656 2815196 1699204 183884476    0    0 471008 315924 287249 1328324 34 29 34  2  0  0
 5  2 360656 2816488 1699204 183885608    0    0 476064 303364 289535 1347850 36 29 32  2  0  0
 1  1 360656 2818780 1699204 183886820    0    0 476112 314428 286404 1320588 34 29 34  2  0  0
31  3 360656 2814288 1699212 183888012    0    0 485376 306140 286857 1338979 35 29 33  2  0  0
 3  0 360656 2820908 1699212 183889232    0    0 495008 321452 288306 1318932 34 29 34  3  0  0
procs -----------memory---------- ---swap-- -----io---- -system-- -------cpu-------
 r  b   swpd   free   buff  cache   si   so    bi    bo   in   cs us sy id wa st gu
101 23 360656 2859572 1699212 183886568    0    0 480416 312168 291081 1333638 35 29 34  2  0  0
53  6 360656 2855140 1699212 183887848    0    0 492992 317064 291725 1329654 35 29 34  2  0  0
 5  0 360656 2856808 1699212 183889064    0    0 494544 311716 287633 1321526 34 29 34  3  0  0
57  2 360656 2853708 1699224 183890232    0    0 485744 310084 286095 1325282 35 28 34  2  0  0
49  2 360656 2854616 1699224 183891396    0    0 466608 305968 285260 1326517 34 30 34  2  0  0
48  3 360656 2843296 1699224 183892556    0    0 479888 307116 284629 1329613 35 28 34  3  0  0
 6  1 360656 2731924 1699224 183956368    0    0 535740 309960 280978 1310226 35 28 34  2  0  0
33 12 360656 2930956 1699200 183699696    0    0 575976 327796 281305 1336069 36 29 33  2  0  0
38 16 360656 2999576 1699124 183582568    0    0 483168 394496 280035 1304840 36 28 34  3  0  0
26  8 360656 3094728 1699124 183583400    0    0 468096 304716 282559 1326344 34 29 34  3  0  0
65 12 360656 3095800 1699124 183584564    0    0 477216 306044 289208 1332779 35 29 34  2  0  0
 1  1 360656 3098464 1699124 183585672    0    0 462544 296148 286434 1348540 35 30 33  2  0  0
14 13 360656 3106232 1699124 183586820    0    0 482752 307496 288598 1334608 35 29 34  2  0  0
79  5 360656 3108824 1699124 183587964    0    0 476144 302028 287273 1332565 35 30 33  2  0  0
 7  1 360656 3113824 1699132 183589096    0    0 475792 308264 285359 1330908 35 29 34  2  0  0
 2  0 360656 3118328 1699132 183590280    0    0 476736 312464 285596 1318361 34 29 35  2  0  0
18  0 360656 3118204 1699132 183591396    0    0 484960 301280 288394 1344083 35 29 33  2  0  0
33  6 360656 3116972 1699132 183592500    0    0 469664 307684 285773 1329154 34 30 34  2  0  0
 2  0 360656 3118828 1699132 183593680    0    0 479264 307352 292155 1338032 36 29 33  2  0  0
92 10 360656 3123444 1699136 183594836    0    0 478352 305956 286884 1328851 35 30 33  2  0  0
69 16 360656 3129160 1699136 183595980    0    0 482560 304572 291484 1339707 35 29 34  2  0  0
procs -----------memory---------- ---swap-- -----io---- -system-- -------cpu-------
 r  b   swpd   free   buff  cache   si   so    bi    bo   in   cs us sy id wa st gu
29 10 360656 3132276 1699136 183597160    0    0 481936 317936 286713 1318712 35 28 34  2  0  0
61  4 360656 3128792 1699136 183598344    0    0 487232 313308 288531 1332963 35 29 34  2  0  0
60  1 360656 3125776 1699136 183599476    0    0 483328 317880 289691 1323352 34 29 34  2  0  0
 4  1 360656 3127080 1699144 183600640    0    0 486656 306144 286304 1324102 35 29 33  3  0  0
 6  0 360656 3128504 1699144 183601856    0    0 499248 320204 287622 1314918 35 28 34  3  0  0
76  7 360656 3125764 1699144 183602988    0    0 480224 308548 287488 1326226 34 30 34  2  0  0
81 12 360656 3128268 1699144 183604172    0    0 485744 305836 288440 1333742 35 29 34  2  0  0
81  3 360656 3133440 1699144 183605336    0    0 485024 315352 287432 1328760 35 29 34  2  0  0
33  2 360656 3136144 1699152 183606528    0    0 498016 314840 291170 1329648 35 29 34  3  0  0
60  4 360656 3134268 1699152 183607672    0    0 468048 309236 285979 1323764 35 28 35  2  0  0
58 17 360656 3134220 1699152 183608848    0    0 483888 305992 287984 1336783 36 29 33  2  0  0
35  5 360656 3134748 1699152 183609992    0    0 481424 309552 287066 1321858 35 29 34  2  0  0
28  2 360656 3132136 1699152 183611164    0    0 480608 311364 283540 1317260 35 28 35  3  0  0
 2  0 360656 3133084 1699160 183612316    0    0 474336 303568 290025 1338489 35 29 33  2  0  0
95  9 360656 3138152 1699160 183613452    0    0 482000 309680 286462 1326560 35 28 34  2  0  0
97 15 360656 3133072 1699160 183614560    0    0 469396 302976 292136 1344210 34 30 34  2  0  0
22  2 360656 3135796 1699160 183615788    0    0 478848 306212 285582 1327651 34 29 34  2  0  0
 6  2 360656 3109764 1699404 183616844    0    0 477992 308116 287592 1327849 35 29 33  3  0  0
28  4 360656 3104416 1699412 183619720    0    0 487380 306352 292630 1336719 36 28 34  2  0  0
37 14 360656 3122620 1699412 183620592    0    0 478464 309500 285092 1322015 35 29 34  2  0  0
80  0 360656 3121784 1699412 183621784    0    0 492640 308008 291311 1333528 35 28 33  3  0  0
procs -----------memory---------- ---swap-- -----io---- -system-- -------cpu-------
 r  b   swpd   free   buff  cache   si   so    bi    bo   in   cs us sy id wa st gu
100 17 360656 3125000 1699412 183622936    0    0 481888 314660 284445 1316745 34 29 34  3  0  0
 4  0 360656 3124080 1699412 183624148    0    0 487024 304516 290665 1336738 35 29 34  3  0  0
57  5 360656 3123404 1699424 183625372    0    0 492704 309636 286118 1316208 34 29 34  3  0  0
84  5 360656 3122308 1699424 183626560    0    0 488256 305440 287145 1324715 35 30 33  3  0  0
52  6 360656 3123104 1699424 183627728    0    0 480624 307376 285143 1318384 34 29 34  3  0  0
 4  0 360656 3119104 1699424 183628940    0    0 495152 319004 291966 1318232 34 28 35  3  0  0
 3  0 360656 3118196 1699424 183630180    0    0 474272 302580 283157 1320530 35 28 34  3  0  0
89 12 360656 3117988 1699432 183631360    0    0 484368 300548 287467 1332160 35 29 33  3  0  0
 1  0 360656 3119344 1699432 183632536    0    0 477760 308276 287225 1307602 35 29 34  3  0  0
41  6 360656 3119232 1699432 183633692    0    0 498224 304152 293843 1329072 35 29 33  3  0  0
49 13 360656 3117972 1699432 183634916    0    0 475792 312812 285990 1305505 34 29 34  3  0  0
60  7 360656 3119092 1699432 183636104    0    0 472208 299128 288986 1341647 35 30 33  3  0  0
92  7 360656 3117452 1699444 183637332    0    0 509424 315924 292796 1322292 36 28 34  3  0  0
74  2 360656 3119128 1699444 183638548    0    0 487248 306620 285884 1323325 35 29 33  3  0  0
51 26 360656 3118652 1699444 183639776    0    0 501200 319560 289353 1314557 35 28 34  3  0  0
 3  0 360656 3092688 1699444 183641156    0    0 473952 309448 283678 1316767 35 28 34  3  0  0
20 13 360656 3093668 1699444 183642188    0    0 474128 294744 286425 1340894 35 29 33  3  0  0
95 11 360656 3094132 1699460 183643420    0    0 493396 310436 287470 1323875 35 29 33  3  0  0
48  7 360656 3095104 1699460 183644576    0    0 474448 297352 293852 1346798 36 30 32  2  0  0
 5  1 360656 3098196 1699460 183645772    0    0 479408 315404 286416 1321103 34 29 35  3  0  0
41  8 360656 3104384 1699460 183646936    0    0 474336 308048 282123 1314694 34 30 34  3  0  0
procs -----------memory---------- ---swap-- -----io---- -system-- -------cpu-------
 r  b   swpd   free   buff  cache   si   so    bi    bo   in   cs us sy id wa st gu
117  4 360656 3101024 1699460 183648112    0    0 475856 305688 285819 1323658 35 29 34  2  0  0
58  9 360656 3103580 1699464 183649332    0    0 491760 321376 286166 1313500 35 28 35  3  0  0
 2  1 360656 3105624 1699464 183650516    0    0 480400 306424 289070 1329306 35 29 34  2  0  0
75 22 360656 3108312 1699464 183651672    0    0 466176 301632 286434 1336172 35 30 33  2  0  0
 5  0 360656 3106808 1699464 183652840    0    0 482528 311324 287613 1326117 35 29 34  3  0  0
100  6 360656 3103720 1699464 183654056    0    0 472864 307812 285579 1316619 35 29 34  2  0  0
46  3 360656 3102528 1699468 183655272    0    0 488128 310040 292795 1330700 35 29 34  2  0  0
53  8 360656 3103572 1699468 183656472    0    0 471344 306512 284955 1327964 34 29 34  2  0  0
72  3 360656 3102600 1699468 183657624    0    0 477936 306540 286219 1325331 35 29 33  3  0  0
75 19 360656 3090016 1699468 183658804    0    0 475200 311068 282647 1312799 35 28 34  3  0  0
 8  1 360656 3092584 1699468 183659984    0    0 486048 313420 289624 1328933 34 29 34  3  0  0
34  1 360656 3089116 1699480 183661200    0    0 490912 308860 287489 1316773 34 29 34  3  0  0
60  1 360656 3089256 1699480 183662424    0    0 485040 305148 293989 1336942 35 29 34  3  0  0
68  9 360656 3089240 1699480 183663572    0    0 481536 308508 290939 1330064 35 29 34  2  0  0
55 19 360656 3089684 1699480 183664816    0    0 476704 309080 286505 1322384 35 29 33  3  0  0
107  9 360656 3090996 1699480 183666040    0    0 489536 297216 288412 1344149 35 29 33  3  0  0
 7  1 360656 3087704 1699488 183667168    0    0 453504 307708 281557 1314778 33 30 35  2  0  0
47 16 360656 3088900 1699488 183668300    0    0 474912 301648 290393 1346057 34 30 33  2  0  0
96  6 360656 3085852 1699488 183669492    0    0 469040 301752 285927 1333104 35 29 34  2  0  0
55  3 360656 3083164 1699488 183670668    0    0 488672 307236 293892 1339187 35 29 34  3  0  0
73  2 360656 3083304 1699488 183671912    0    0 480656 316616 284835 1317816 35 28 34  3  0  0
procs -----------memory---------- ---swap-- -----io---- -system-- -------cpu-------
 r  b   swpd   free   buff  cache   si   so    bi    bo   in   cs us sy id wa st gu
85 18 360656 3080044 1699492 183673036    0    0 474448 300256 286644 1335052 34 30 33  2  0  0
 2  0 360656 3077528 1699492 183674264    0    0 479696 309780 286081 1325499 35 29 34  2  0  0
59 12 360656 3076016 1699492 183675436    0    0 476496 304116 290329 1330428 34 30 34  2  0  0
 2  0 360656 3062024 1699492 183676824    0    0 474240 308708 286432 1328711 35 29 34  2  0  0
100  3 360656 3062012 1699492 183677740    0    0 479248 299168 285514 1336665 35 29 33  3  0  0
14  1 360656 3064300 1699504 183678980    0    0 498832 323480 290090 1310590 35 29 34  3  0  0
27 21 360656 3064496 1699504 183680164    0    0 474560 300180 286089 1339303 34 30 33  2  0  0
39 15 360656 3063800 1699504 183681360    0    0 471968 301508 287402 1332649 35 29 34  2  0  0
73 19 360656 3060860 1699504 183682468    0    0 462112 308144 284294 1313093 34 29 34  2  0  0
33 18 360656 3062008 1699504 183683720    0    0 501584 303952 287498 1332565 35 29 33  3  0  0
90  2 360656 3060824 1699512 183684892    0    0 482080 309428 286250 1318305 35 29 34  3  0  0
31  4 360656 3062376 1699512 183686108    0    0 490816 315168 291360 1321501 35 29 34  3  0  0
 4  0 360656 3065336 1699512 183687280    0    0 463536 309524 284523 1311444 35 29 34  2  0  0
41  5 360656 3060520 1699512 183688440    0    0 486144 301016 293041 1349245 36 29 33  2  0  0
53  1 360656 3062556 1699512 183689632    0    0 476464 307784 285169 1322610 34 29 34  2  0  0
79 12 360656 3063192 1699512 183690764    0    0 472544 305016 289792 1334645 35 29 34  2  0  0
53  2 360656 3058956 1699520 183692016    0    0 479616 306156 287852 1333064 35 29 34  2  0  0
52  6 360656 3056088 1699520 183693180    0    0 488368 310812 286755 1322857 35 29 34  3  0  0
88  4 360656 3054492 1699520 183694448    0    0 489120 304620 286713 1335854 35 29 33  2  0  0
 5  1 360656 3052796 1699520 183695652    0    0 479968 315096 285890 1322568 35 29 34  2  0  0
41 14 360656 3052684 1699520 183696820    0    0 489248 316484 289984 1325263 35 29 34  2  0  0
procs -----------memory---------- ---swap-- -----io---- -system-- -------cpu-------
 r  b   swpd   free   buff  cache   si   so    bi    bo   in   cs us sy id wa st gu
59 16 360656 3051968 1699528 183697988    0    0 466304 297608 287365 1345837 35 30 33  2  0  0
78 15 360656 3053992 1699528 183699172    0    0 490800 316236 289440 1321977 35 29 34  3  0  0
113 11 360656 3053796 1699528 183700368    0    0 472832 312428 285182 1324802 34 29 34  2  0  0
29 10 360656 3052548 1699528 183701624    0    0 496784 317724 287655 1318731 35 28 34  2  0  0
45  7 360656 3047604 1699528 183702900    0    0 492448 314340 288567 1332691 35 29 34  2  0  0
 2  0 360656 3046388 1699536 183704096    0    0 488080 325520 286594 1303402 35 28 35  2  0  0
70  3 360656 3046132 1699536 183705356    0    0 493376 318312 286248 1320168 34 28 35  3  0  0
40  9 360656 3047556 1699536 183706592    0    0 493120 319304 285356 1321115 34 28 35  3  0  0
45  5 360656 3045452 1699536 183707832    0    0 495824 313312 287542 1327105 35 29 33  3  0  0
48 16 360656 3043780 1699536 183709012    0    0 476992 311564 285405 1330165 34 29 34  2  0  0
35  0 360656 3044116 1699544 183710248    0    0 487424 311328 286597 1317328 35 28 35  2  0  0
78  8 360656 3042712 1699544 183711448    0    0 482384 315864 286107 1319249 35 28 35  3  0  0
18  1 360656 3039140 1699544 183712700    0    0 503024 314248 288875 1325627 35 29 34  3  0  0
80  3 360656 3035912 1699544 183713920    0    0 480592 307772 287182 1331572 35 29 33  2  0  0
32  1 360656 3036144 1699544 183715128    0    0 483072 308020 286048 1324424 35 29 33  3  0  0
71  1 360656 3037252 1699552 183716368    0    0 495584 313844 287178 1322953 34 29 34  3  0  0
77  5 360656 3033276 1699552 183717552    0    0 465904 307148 284374 1323795 34 30 34  2  0  0
108 10 360656 3034160 1699552 183718768    0    0 498544 305360 287063 1327855 35 29 34  3  0  0
 5  0 360656 3032088 1699552 183719928    0    0 467184 307500 285746 1325612 35 29 34  2  0  0
36  7 360656 3028488 1699552 183721116    0    0 490816 306364 287320 1338312 35 29 34  3  0  0
 3  0 360656 3027596 1699560 183722316    0    0 471600 309260 284956 1313320 34 30 34  2  0  0
procs -----------memory---------- ---swap-- -----io---- -system-- -------cpu-------
 r  b   swpd   free   buff  cache   si   so    bi    bo   in   cs us sy id wa st gu
37 14 360656 3026512 1699560 183723508    0    0 492800 308036 289507 1331053 35 29 33  3  0  0
 4  0 360656 3032020 1699560 183724716    0    0 497920 309364 288504 1325144 35 28 34  3  0  0
55  4 360656 3031140 1699560 183725896    0    0 473344 304256 286521 1331868 34 29 34  3  0  0
35 10 360656 3030104 1699560 183727164    0    0 498512 323412 289108 1317116 34 28 35  3  0  0
100 11 360656 3001332 1699568 183728340    0    0 483216 307712 289009 1332643 34 29 34  2  0  0
59 34 360656 2999700 1699568 183729508    0    0 479616 319352 286870 1315333 34 28 35  3  0  0
 4  0 360656 2998128 1699568 183730724    0    0 488608 307616 287900 1333072 35 28 34  3  0  0
19  9 360656 2995156 1699568 183731900    0    0 488224 312032 290399 1335555 34 29 35  3  0  0
77  5 360656 2994364 1699568 183733108    0    0 479520 313380 285590 1320420 35 29 34  3  0  0
40  8 360656 2999004 1699568 183734308    0    0 494672 309664 296369 1354570 35 29 33  3  0  0
 3  0 360656 3003132 1699568 183735512    0    0 470064 314844 284099 1318691 34 29 34  2  0  0
107 20 360656 2997704 1699568 183736652    0    0 478736 298548 295096 1358902 35 29 34  2  0  0
86  8 360656 2995752 1699568 183737860    0    0 485008 311984 291984 1333448 35 29 33  2  0  0
97 15 360656 2997792 1699568 183739064    0    0 474960 310840 284952 1320947 35 29 34  2  0  0
18  0 360656 2996256 1699576 183740224    0    0 479600 307684 287579 1331691 35 30 33  2  0  0
 6  2 360656 2995628 1699576 183741428    0    0 468528 306248 284998 1334425 35 29 34  2  0  0
 6  0 360656 2996572 1699576 183742596    0    0 485696 306936 288996 1336874 34 29 34  3  0  0
23  2 360656 3000412 1699576 183743744    0    0 474272 306600 287348 1333475 34 30 34  2  0  0
64  5 360656 2995552 1699576 183744940    0    0 479136 314516 291730 1335076 34 29 34  3  0  0
88 13 360656 2998396 1699576 183746140    0    0 484208 310468 286826 1328837 35 29 33  2  0  0
57  2 360656 2994292 1699576 183747272    0    0 463968 304768 291026 1335958 35 30 33  2  0  0
procs -----------memory---------- ---swap-- -----io---- -system-- -------cpu-------
 r  b   swpd   free   buff  cache   si   so    bi    bo   in   cs us sy id wa st gu
19  0 360656 2993548 1699576 183748484    0    0 484160 309040 289346 1327905 35 29 33  2  0  0
30  2 360656 2994896 1699576 183749612    0    0 467216 299388 288266 1333531 35 30 33  2  0  0
 2  0 360656 2990008 1699576 183750864    0    0 495664 321588 290002 1320632 35 29 33  3  0  0
42  1 360656 2992568 1699580 183751984    0    0 475200 297392 291814 1345291 35 30 32  2  0  0
 8  0 360656 2989020 1699580 183753188    0    0 477536 309208 289975 1330761 34 29 34  2  0  0
102 18 360656 2986552 1699580 183754352    0    0 474896 301820 285030 1333235 34 30 33  2  0  0
25  7 360656 2980580 1699580 183755556    0    0 487248 305132 287815 1324531 35 29 34  2  0  0
 5  0 360656 2977260 1699580 183756724    0    0 471024 309652 285514 1326774 35 29 34  2  0  0
41  7 360656 2979656 1699588 183757908    0    0 481696 305460 288971 1334112 35 30 34  2  0  0
70 14 360656 2979476 1699588 183759124    0    0 478784 311160 283365 1316541 35 28 34  3  0  0
44  0 360656 2977384 1699588 183760248    0    0 470880 303812 286831 1335777 35 29 34  2  0  0
104  9 360656 2975364 1699588 183761456    0    0 495336 320872 284235 1310050 34 28 35  3  0  0
49  2 360656 2977640 1699588 183762672    0    0 483920 309848 288905 1330168 34 30 33  2  0  0
 3  0 360656 2973876 1699596 183763900    0    0 489440 315148 288211 1333019 35 30 33  3  0  0
27  2 360656 2971124 1699596 183765028    0    0 472752 305372 285103 1325724 35 29 34  2  0  0
 5  0 360656 2972092 1699596 183766260    0    0 487680 317712 288950 1319405 35 28 34  3  0  0
91 11 360656 2971848 1699596 183767408    0    0 472608 302940 286570 1330538 35 29 33  3  0  0
32 12 360656 2971012 1699596 183768604    0    0 483984 311448 287925 1324322 34 29 34  3  0  0
121  3 360656 2965584 1699604 183769768    0    0 470496 310932 284701 1320349 34 29 34  2  0  0
72  3 360656 2967468 1699604 183770940    0    0 477472 308396 291891 1338652 35 29 33  2  0  0
46  1 360656 2963504 1699604 183772156    0    0 472880 304180 285228 1332460 35 29 34  2  0  0
procs -----------memory---------- ---swap-- -----io---- -system-- -------cpu-------
 r  b   swpd   free   buff  cache   si   so    bi    bo   in   cs us sy id wa st gu
105 15 360656 2964892 1699604 183773272    0    0 463840 300636 284398 1333273 34 30 33  2  0  0
40  0 360656 2965520 1699604 183774508    0    0 481792 304104 287620 1337829 35 29 34  2  0  0
14  0 360656 2963300 1699608 183775640    0    0 479504 306392 291043 1338750 34 29 34  2  0  0
73  7 360656 2961172 1699608 183776796    0    0 472704 302596 286348 1331957 35 29 33  2  0  0
 5  0 360656 2961136 1699608 183777980    0    0 490400 305516 287665 1333751 35 29 34  2  0  0
65  1 360656 2961356 1699612 183779184    0    0 493796 311556 287108 1325264 35 29 33  3  0  0
32  6 360656 2960336 1699612 183780404    0    0 486960 313500 293501 1332302 35 29 34  3  0  0
66  0 360656 2954964 1699616 183781624    0    0 478192 318276 285343 1312850 34 29 34  2  0  0
69 12 360656 2950016 1699616 183782812    0    0 462128 300240 289922 1334919 34 30 34  2  0  0
39  3 360656 2950304 1699616 183784028    0    0 471312 305768 288228 1341194 35 30 33  2  0  0
79  1 360656 2950512 1699616 183785148    0    0 486064 309972 288492 1323994 35 29 33  3  0  0
 3  1 360656 2949352 1699616 183786380    0    0 477904 317240 286157 1317650 35 28 34  2  0  0
104 16 360656 2945312 1699620 183787588    0    0 478240 307376 285063 1326442 35 29 34  2  0  0
99 19 360656 2940872 1699620 183788720    0    0 482752 305752 287544 1326844 35 29 34  2  0  0
76  1 360656 2940432 1699620 183789936    0    0 487376 309036 287383 1330472 35 29 33  3  0  0
39  3 360656 2941932 1699620 183791128    0    0 485728 311360 288870 1320843 35 28 35  2  0  0
77  8 360656 2937348 1699620 183792296    0    0 476448 300576 286669 1331663 35 29 34  2  0  0
86  8 360656 2935736 1699628 183793468    0    0 470352 303976 286997 1331489 35 29 34  2  0  0
76  0 360656 2935732 1699628 183794616    0    0 463264 307448 286182 1329800 34 30 34  2  0  0
 7  1 360656 2931500 1699628 183795784    0    0 490080 313824 287942 1331286 35 29 33  3  0  0
71  5 360656 2933536 1699628 183796988    0    0 478288 311644 286775 1327133 35 29 33  2  0  0
procs -----------memory---------- ---swap-- -----io---- -system-- -------cpu-------
 r  b   swpd   free   buff  cache   si   so    bi    bo   in   cs us sy id wa st gu
77  4 360656 2929796 1699628 183798224    0    0 495600 316976 287889 1329880 35 29 34  3  0  0
53  5 360656 2930332 1699632 183799396    0    0 474864 313500 284672 1321289 34 29 34  2  0  0
93 12 360656 2931084 1699632 183800588    0    0 475728 308980 290283 1324434 35 29 34  2  0  0
19  8 360656 2926864 1699632 183801760    0    0 470448 297452 287000 1336264 35 30 33  2  0  0
72  8 360656 2923368 1699632 183802924    0    0 469968 308616 288114 1326118 34 29 34  2  0  0
63  7 360656 2917916 1699632 183804100    0    0 483360 307124 288150 1329890 35 30 33  2  0  0
62  9 360656 2917552 1699632 183805284    0    0 491792 309712 291710 1329513 34 29 34  3  0  0
 7  5 360656 2916456 1699632 183806536    0    0 494480 318068 292359 1323982 35 29 33  3  0  0
49  2 360656 2915680 1699632 183807712    0    0 479168 305268 285740 1330148 35 29 34  2  0  0
54  8 360656 2915704 1699632 183808912    0    0 475472 306768 286967 1335161 35 30 33  3  0  0
 8  0 360656 2913804 1699632 183810084    0    0 467744 307224 283931 1326498 34 30 34  2  0  0
 2  1 360656 2909716 1699632 183811268    0    0 474784 306716 286807 1330512 34 30 34  2  0  0
49  1 360656 2908400 1699632 183812520    0    0 478608 305164 286947 1326506 35 29 34  2  0  0
44  4 360656 2907964 1699632 183813680    0    0 480096 307508 288975 1332795 35 29 33  3  0  0
 5  0 360656 2905264 1699632 183814864    0    0 487936 306096 287629 1342428 35 29 33  3  0  0
60  2 360656 2909840 1699632 183816080    0    0 500448 321904 287564 1306066 34 28 35  3  0  0
109  1 360656 2909576 1699632 183817296    0    0 473808 308304 286596 1326172 35 29 34  2  0  0
99  8 360656 2907172 1699640 183818448    0    0 500720 320112 292780 1332091 35 28 34  3  0  0
61  3 360656 2905752 1699640 183819648    0    0 466000 303272 285507 1323290 35 29 34  2  0  0
40  2 360656 2904736 1699640 183820812    0    0 484768 309872 292231 1340303 35 30 33  3  0  0
57 21 360656 2904660 1699640 183822104    0    0 493936 319412 286246 1314526 35 29 34  3  0  0
procs -----------memory---------- ---swap-- -----io---- -system-- -------cpu-------
 r  b   swpd   free   buff  cache   si   so    bi    bo   in   cs us sy id wa st gu
 4  0 360656 2906264 1699640 183823244    0    0 483056 316308 292288 1334520 34 29 34  3  0  0
83 16 360656 2906208 1699648 183824480    0    0 477808 312872 289797 1334725 35 29 34  2  0  0
74  3 360656 2902576 1699648 183825644    0    0 476336 307788 288464 1339284 35 29 33  2  0  0
51  9 360656 2898832 1699648 183826856    0    0 492112 311728 288518 1320508 35 29 33  2  0  0
74 12 360656 2895880 1699648 183828044    0    0 463792 300620 285964 1330967 35 29 34  2  0  0
79  1 360656 2895216 1699648 183829160    0    0 469728 302788 286515 1330749 35 29 34  2  0  0
35  5 360656 2894440 1699656 183830356    0    0 478496 308568 286623 1326076 34 30 34  2  0  0
25  3 360656 2890600 1699656 183831560    0    0 489312 310560 288325 1332042 35 29 34  3  0  0
44  2 360656 2889456 1699656 183832788    0    0 488352 315504 289589 1322523 35 29 34  3  0  0
53  2 360656 2890844 1699656 183833952    0    0 479184 303420 288862 1343570 35 30 33  2  0  0
51 12 360656 2889324 1699656 183835168    0    0 481216 319172 288184 1310210 35 28 35  2  0  0
110 15 360656 2887536 1699668 183836380    0    0 470416 307040 286287 1329708 35 29 34  2  0  0
 1  3 360656 2886320 1699668 183837604    0    0 494592 315404 295715 1339207 35 28 34  3  0  0
51 11 360656 2888900 1699688 183838804    0    0 481344 309812 288446 1315970 35 29 34  2  0  0
68  4 360656 2885280 1699688 183839988    0    0 481808 303760 293684 1345657 34 30 34  2  0  0
108 12 360656 2881108 1699688 183841244    0    0 483872 311628 294021 1337288 35 30 33  2  0  0
62  1 360656 2881204 1699688 183842388    0    0 491440 309676 288748 1327832 34 30 33  2  0  0
88 13 360656 2878660 1699688 183843624    0    0 465648 304668 285487 1330705 35 29 34  2  0  0
83  5 360656 2877400 1699696 183844820    0    0 486192 311312 285875 1322431 35 29 33  2  0  0
65  3 360656 2880588 1699696 183845976    0    0 479968 302124 291624 1345338 35 29 33  2  0  0
28 14 360656 2877460 1699696 183847216    0    0 483648 317592 285232 1309932 34 29 35  3  0  0
procs -----------memory---------- ---swap-- -----io---- -system-- -------cpu-------
 r  b   swpd   free   buff  cache   si   so    bi    bo   in   cs us sy id wa st gu
42  0 360656 2881456 1699696 183848400    0    0 493856 309988 291633 1336586 35 30 33  3  0  0
25  2 360656 2875164 1699696 183849576    0    0 479184 316100 289708 1324326 34 29 34  3  0  0
61  8 360656 2870392 1699704 183850764    0    0 477056 308788 288844 1323445 35 30 34  2  0  0
106  6 360656 2869068 1699704 183851940    0    0 492480 321240 290398 1329483 35 29 34  3  0  0
23  5 360656 2866540 1699704 183853120    0    0 462016 299696 285837 1326903 35 30 33  2  0  0
 4  0 360656 2869356 1699704 183854228    0    0 473040 304864 288525 1338148 35 29 34  2  0  0
43  0 360656 2870460 1699704 183855396    0    0 456672 303676 287581 1328971 35 30 33  2  0  0
78 13 360656 2868644 1699708 183856604    0    0 507520 318644 296745 1340374 35 30 33  3  0  0
 3  0 360656 2870704 1699708 183857840    0    0 482848 310528 284726 1312429 34 29 34  3  0  0
52 22 360656 2853180 1699712 183859032    0    0 483540 311932 284403 1311469 34 28 35  3  0  0
77 12 360656 2808744 1699712 183860780    0    0 467856 308736 280337 1317154 35 28 35  2  0  0
50  0 360656 2762960 1699712 183862092    0    0 454944 296972 278581 1317856 35 29 33  2  0  0
76  3 360656 2755056 1699712 183863056    0    0 482256 305432 287141 1330064 35 29 34  2  0  0
 9  0 360656 2731036 1699712 183864268    0    0 471152 311316 285077 1318578 35 29 34  2  0  0
39  4 360656 2733536 1699724 183865492    0    0 478848 306224 284450 1317710 35 28 34  2  0  0
50  1 360656 2734360 1699724 183866604    0    0 477024 302592 287398 1331999 34 31 33  2  0  0
79  5 360656 2742696 1699724 183867804    0    0 474928 302692 291580 1341171 35 29 33  2  0  0
28 17 360656 2711340 1699724 183868952    0    0 464320 299840 283256 1326709 35 30 33  2  0  0
59  3 360656 2740620 1699724 183870080    0    0 467376 305680 283460 1322279 35 29 34  2  0  0
67  1 360656 2737748 1699728 183871256    0    0 482624 311508 286234 1330363 35 29 34  3  0  0
75  7 360656 2732436 1700004 183872668    0    0 479936 306672 289209 1334957 35 28 34  2  0  0
procs -----------memory---------- ---swap-- -----io---- -system-- -------cpu-------
 r  b   swpd   free   buff  cache   si   so    bi    bo   in   cs us sy id wa st gu
44  4 360656 2732336 1700544 183873840    0    0 487108 316116 284603 1314952 35 29 34  2  0  0
67  7 360656 2735728 1700544 183875016    0    0 480656 309808 288192 1342732 35 29 33  2  0  0
76 12 360656 2722608 1700544 183876812    0    0 469216 311596 276809 1306768 35 29 34  3  0  0
77 21 360656 2729328 1700544 183877468    0    0 510720 312564 296738 1343900 35 30 33  3  0  0
69  9 360656 2726608 1700544 183878684    0    0 463952 311468 283267 1314846 34 29 34  2  0  0
59 13 360656 2727272 1700548 183879820    0    0 476368 300768 293644 1354584 35 30 33  2  0  0
 4  1 360656 2726016 1700548 183881052    0    0 466368 306000 285298 1325875 35 29 34  2  0  0
71  6 360656 2727656 1700548 183882204    0    0 476320 303864 285556 1334072 35 29 34  2  0  0
77 11 360656 2725672 1700548 183883368    0    0 484064 308220 287930 1332930 34 30 34  2  0  0
37  0 360656 2725120 1700548 183884596    0    0 479648 310504 285466 1327311 34 29 34  3  0  0
88  3 360656 2723828 1700548 183885804    0    0 504736 316968 286181 1314656 35 28 34  3  0  0
67  1 360656 2713144 1700680 183886848    0    0 479232 307452 288388 1332603 35 29 34  2  0  0
109 15 360656 2711672 1700944 183888276    0    0 483400 317164 282295 1299305 35 28 35  3  0  0
46  1 360656 2712000 1700944 183889440    0    0 477728 308296 285406 1332001 34 30 34  2  0  0
89  3 360656 2717492 1700944 183890648    0    0 481984 318988 283473 1315780 34 29 35  3  0  0
 4  0 360656 2715272 1700952 183891772    0    0 463776 301132 285966 1347478 35 30 33  2  0  0
103  4 360656 2718888 1700952 183892920    0    0 474784 303924 294652 1350338 34 29 34  2  0  0
41  7 360656 2716564 1700952 183894148    0    0 489072 307872 287329 1331050 35 29 33  2  0  0
 3  0 360656 2728988 1700952 183895284    0    0 478304 310572 290048 1336029 35 29 34  3  0  0
 4  0 360656 2725588 1700952 183896496    0    0 490336 312256 290496 1339000 35 29 34  2  0  0
16  0 360656 2725956 1700960 183897668    0    0 464976 302228 286883 1335879 34 30 34  2  0  0
procs -----------memory---------- ---swap-- -----io---- -system-- -------cpu-------
 r  b   swpd   free   buff  cache   si   so    bi    bo   in   cs us sy id wa st gu
 5  0 360656 2728864 1700960 183898840    0    0 486032 312984 287656 1327173 35 29 34  2  0  0
22  9 360656 2727900 1700960 183900020    0    0 473376 310512 288526 1331203 35 29 34  2  0  0
67  6 360656 2727812 1700960 183901208    0    0 497984 320604 290766 1327364 35 29 34  3  0  0
70  4 360656 2723344 1700960 183902456    0    0 467680 307208 283114 1320498 34 30 34  2  0  0
67  3 360656 2759268 1700968 183903452    0    0 475680 303208 293096 1347501 35 29 34  2  0  0
54 18 360656 2765672 1700968 183904484    0    0 471680 307732 285495 1331556 34 29 34  2  0  0
67  1 360656 2772744 1700968 183905644    0    0 468704 304428 284706 1333164 35 29 34  2  0  0
37  4 360656 2773336 1700968 183906816    0    0 476768 313352 286368 1326676 35 29 34  2  0  0
 1  5 360656 2771440 1700968 183907988    0    0 476720 303128 289908 1346926 35 29 34  2  0  0
76  8 360656 2765120 1700968 183909160    0    0 482096 310600 287055 1325257 35 29 34  2  0  0
75  3 360656 2725572 1701320 183910552    0    0 476256 303404 285275 1327066 35 29 33  2  0  0
79  7 360656 2698092 1701320 183911996    0    0 475040 306536 285156 1319819 36 28 34  2  0  0
49  2 360656 2694196 1701320 183913056    0    0 469504 318712 282952 1315132 34 29 35  2  0  0
66 27 360656 2658556 1701320 183914324    0    0 471088 300596 283618 1336173 35 29 33  2  0  0
76  1 360656 2692252 1701328 183915428    0    0 470944 304908 283527 1331536 35 29 33  2  0  0
105  1 360656 2689812 1701328 183916580    0    0 475552 304324 289037 1342851 35 29 33  2  0  0
75  5 360656 2666660 1701332 183917776    0    0 489012 315172 283554 1319758 35 28 34  3  0  0
50  6 360656 2700528 1701332 183918976    0    0 477168 305780 282265 1318647 34 30 33  3  0  0
 4  1 360656 2702036 1701332 183920108    0    0 478656 311448 284961 1322155 34 30 34  2  0  0
69  3 360656 2702108 1701336 183921264    0    0 487376 309844 289222 1330504 34 29 34  2  0  0
36  1 360656 2705120 1701336 183922456    0    0 485920 315212 287013 1323751 35 29 34  2  0  0
procs -----------memory---------- ---swap-- -----io---- -system-- -------cpu-------
 r  b   swpd   free   buff  cache   si   so    bi    bo   in   cs us sy id wa st gu
68  7 360656 2710604 1701336 183923604    0    0 466272 301564 288455 1346386 34 31 33  2  0  0
 2  0 360656 2685832 1701336 183924936    0    0 480624 312456 283197 1310648 35 29 33  3  0  0
72  2 360656 2682652 1701336 183926044    0    0 477904 294816 286459 1345882 35 30 33  3  0  0
45  9 360656 2684172 1701344 183927280    0    0 492128 315492 289050 1322730 35 29 34  3  0  0
59  8 360656 2685372 1701344 183928428    0    0 478704 305496 285481 1328072 34 30 34  2  0  0
57  6 360656 2685356 1701344 183929584    0    0 478624 318452 287423 1312470 34 28 35  3  0  0
76  9 360656 2682324 1701344 183930796    0    0 469808 305548 284865 1326116 35 29 34  2  0  0
 5  0 360656 2645300 1701344 183931928    0    0 489664 304036 274957 1231699 32 26 39  3  0  0
35 15 360656 2648368 1701352 183933124    0    0 482320 307844 292155 1340364 35 28 34  2  0  0
107  5 360656 2645384 1701352 183934260    0    0 454880 305568 287593 1327302 34 30 34  2  0  0
90  9 360912 2957872 1701164 183590892    0    4 478304 319688 284493 1311752 35 28 34  3  0  0
46  1 360912 2977324 1701164 183591620    0    0 469184 310024 282881 1312447 35 29 34  2  0  0
75  8 360912 2982744 1701164 183592804    0    0 483072 308220 293052 1344749 35 30 33  2  0  0
 5  0 360912 2985340 1701168 183594004    0    0 479552 309984 285786 1317030 35 29 34  2  0  0
49  3 360912 2988088 1701168 183595100    0    0 485488 305492 289688 1339361 35 30 33  2  0  0
44  5 360912 2986312 1701168 183596312    0    0 473440 301624 285345 1330164 35 29 34  2  0  0
73  4 360912 2990624 1701168 183597440    0    0 478624 307112 289907 1332761 35 29 34  2  0  0
 4  0 360912 3050272 1701172 183598624    0    0 475744 317268 287643 1308497 35 29 34  2  0  0
82 11 360912 3055508 1701176 183599756    0    0 484224 305428 287646 1331678 34 30 33  3  0  0
82  5 360912 3051704 1701176 183600916    0    0 482864 311524 287914 1318623 34 29 34  2  0  0
79 16 360912 3054580 1701176 183602044    0    0 479056 312208 286456 1328491 34 29 34  3  0  0
procs -----------memory---------- ---swap-- -----io---- -system-- -------cpu-------
 r  b   swpd   free   buff  cache   si   so    bi    bo   in   cs us sy id wa st gu
43  2 360912 3059816 1701176 183603220    0    0 483664 308216 286299 1319828 35 30 33  2  0  0
41  0 360912 3060572 1701176 183604348    0    0 469856 307556 284585 1321463 34 30 34  2  0  0
 3  0 360912 3108860 1701184 183605524    0    0 497696 312876 290204 1330171 35 29 33  3  0  0
87  9 360912 3104908 1701184 183606420    0    0 471104 310200 282704 1319178 35 29 34  2  0  0
45  4 360912 3108120 1701184 183607580    0    0 475664 310192 285608 1326632 34 29 34  2  0  0
18 32 360912 3108416 1701184 183608692    0    0 469664 301824 285631 1338403 35 30 33  2  0  0
81  6 360912 3106040 1701184 183609876    0    0 480304 313048 285352 1320056 35 29 34  2  0  0
 3  0 360912 3109212 1701192 183610984    0    0 482912 308436 288815 1335597 35 29 34  2  0  0
61  4 360912 3073892 1701192 183612516    0    0 495248 316168 286707 1316420 36 28 34  3  0  0
52  2 360912 3029908 1701192 183613496    0    0 466656 305532 278733 1315088 35 29 33  2  0  0
92 11 360912 3033920 1701192 183614808    0    0 482784 314360 285784 1324322 35 29 34  2  0  0
54  1 360912 2999292 1701192 183615988    0    0 481040 308648 284501 1331037 36 28 33  3  0  0
68 14 360912 3027708 1701200 183617116    0    0 462224 301384 281919 1329714 35 29 34  2  0  0
44  6 360912 3038728 1701200 183618284    0    0 488432 312236 288878 1328963 34 30 34  2  0  0
88  2 360912 3041796 1701200 183619408    0    0 481008 309156 283417 1320451 34 29 34  3  0  0
34  1 360912 2993032 1701200 183620592    0    0 482128 301628 280978 1318035 35 29 33  3  0  0
53  2 360912 3007832 1701200 183621732    0    0 460944 308632 282245 1315822 34 29 34  2  0  0
55  1 360912 3012180 1701208 183622860    0    0 477712 301948 288307 1342478 35 29 34  2  0  0
43  3 360912 3013136 1701208 183624012    0    0 473776 307432 287238 1325724 34 30 33  2  0  0
84  6 360912 3016232 1701208 183625136    0    0 482336 309460 289713 1330995 35 29 34  2  0  0
51  5 360912 3021364 1701208 183626300    0    0 487648 315192 286731 1316037 34 29 34  2  0  0
procs -----------memory---------- ---swap-- -----io---- -system-- -------cpu-------
 r  b   swpd   free   buff  cache   si   so    bi    bo   in   cs us sy id wa st gu
39 16 360912 3013496 1701208 183627336    0    0 465984 308976 280260 1307850 35 29 34  2  0  0
57  3 360912 3022812 1701216 183628516    0    0 478000 310220 286460 1328856 35 30 33  2  0  0
 1  1 360912 3032704 1701216 183629692    0    0 469264 307268 294294 1343121 35 29 34  2  0  0
53  4 360912 3032056 1701216 183630832    0    0 480160 305224 286989 1332545 35 29 34  2  0  0
39 12 360912 3035788 1701216 183631960    0    0 475824 303484 289908 1345002 35 29 33  2  0  0
51  9 360912 3040540 1701216 183633128    0    0 480352 309584 285946 1328975 35 29 33  3  0  0
 3  0 360912 3038712 1701224 183634252    0    0 476096 307808 285969 1330470 34 29 34  2  0  0
 3  1 360912 3039220 1701224 183635448    0    0 469984 317788 284761 1309237 34 29 35  2  0  0
39 14 360912 3042544 1701224 183636592    0    0 481952 309552 287588 1327188 35 29 34  2  0  0
86  9 360912 3004516 1701224 183637736    0    0 479936 304036 284955 1326255 36 29 33  2  0  0
92  4 360912 3017828 1701224 183638896    0    0 474256 306728 285437 1323050 35 29 34  2  0  0
116  4 360912 3020244 1701232 183640036    0    0 490768 307596 289933 1338127 35 29 34  2  0  0
89  3 360912 3022032 1701232 183641188    0    0 474768 308640 286350 1327200 35 29 34  3  0  0
79  1 360912 3027240 1701232 183642348    0    0 486112 309660 287523 1323731 35 29 33  2  0  0
76  9 360912 3028620 1701232 183643480    0    0 471792 303552 284532 1332776 34 29 34  2  0  0
 2  0 360912 3028756 1701232 183644656    0    0 477184 310240 289584 1331495 35 28 34  2  0  0
56 20 360912 3034268 1701232 183645776    0    0 469792 307560 285686 1332032 35 29 34  2  0  0
118  3 360912 3036532 1701232 183646920    0    0 488384 310964 285957 1330439 35 29 33  3  0  0
99 12 360912 3036108 1701232 183648092    0    0 465424 305652 283399 1325262 34 29 34  2  0  0
 5  4 360912 3035452 1701232 183649244    0    0 492832 307928 290439 1341394 35 29 33  3  0  0
100  6 360912 3039036 1701232 183650440    0    0 487808 314460 288454 1321595 35 28 34  3  0  0
procs -----------memory---------- ---swap-- -----io---- -system-- -------cpu-------
 r  b   swpd   free   buff  cache   si   so    bi    bo   in   cs us sy id wa st gu
36  6 360912 3039848 1701240 183651560    0    0 482656 318068 287827 1319757 34 29 34  3  0  0
34  6 360912 3043412 1701240 183652768    0    0 487488 315140 286590 1320857 34 29 34  3  0  0
42  3 360912 3083192 1701240 183653608    0    0 492384 310868 291065 1336854 35 29 33  3  0  0
59  2 360912 3083316 1701240 183654788    0    0 475616 311580 286960 1325811 35 29 34  2  0  0
56  3 360912 3086148 1701240 183655964    0    0 477024 310756 285710 1322543 34 29 34  2  0  0
115  4 360912 3084724 1701248 183657164    0    0 476096 305392 286859 1339591 35 30 33  2  0  0
106 15 360912 3082368 1701248 183658364    0    0 492160 320288 286197 1321748 34 29 34  3  0  0
48  4 360912 3052000 1701248 183659768    0    0 476912 308892 284708 1316201 35 29 34  3  0  0
51  1 360912 2979028 1701248 183661212    0    0 475216 306612 278857 1307916 35 29 34  3  0  0
53  3 360912 2998108 1701248 183662504    0    0 492272 311504 287097 1323339 35 29 34  3  0  0
79  9 360912 2996636 1701252 183663696    0    0 475424 311628 286657 1326244 34 30 33  2  0  0
 4  0 360912 2955660 1701252 183664860    0    0 473120 311404 287489 1333067 35 29 34  2  0  0
69  8 360912 2977712 1701252 183666092    0    0 474192 299308 285136 1331912 35 30 33  2  0  0
63  5 360912 2980832 1701252 183667248    0    0 480464 308216 289301 1330505 34 29 34  2  0  0
 5  2 360912 2984760 1701252 183668392    0    0 465504 305444 285064 1336787 34 30 34  2  0  0
101  4 360912 2948468 1701256 183669744    0    0 477968 300068 290561 1336076 35 30 33  2  0  0
33  4 360912 2963544 1701256 183670792    0    0 466288 308184 284882 1321415 35 29 34  2  0  0
44  3 360912 2974176 1701256 183671928    0    0 467312 299304 286336 1337175 35 30 33  2  0  0
60  1 360912 2976716 1701256 183673124    0    0 486352 314712 286634 1317028 35 29 34  2  0  0
85  7 360912 2978576 1701256 183674260    0    0 461248 302552 285894 1338204 35 30 33  2  0  0
101 10 360912 2973976 1701260 183675436    0    0 464112 312024 284774 1324035 35 29 34  2  0  0
procs -----------memory---------- ---swap-- -----io---- -system-- -------cpu-------
 r  b   swpd   free   buff  cache   si   so    bi    bo   in   cs us sy id wa st gu
 3  1 360912 2946432 1701260 183676636    0    0 468272 300732 279094 1311202 35 29 34  2  0  0
45  6 360912 2948316 1701260 183677784    0    0 479136 305072 292018 1342843 35 30 33  2  0  0
124  9 360912 2958732 1701260 183678940    0    0 479408 314884 285793 1318892 34 29 34  2  0  0
31  1 360912 2959848 1701260 183680068    0    0 471696 306556 284549 1325923 35 29 34  2  0  0
47  3 360912 2962420 1701268 183681228    0    0 476208 308268 284932 1328026 35 29 34  2  0  0
58 14 360912 2962840 1701268 183682424    0    0 468672 304304 291181 1346373 35 29 33  2  0  0
33  4 360912 2964368 1701268 183683632    0    0 480304 309264 286786 1336158 35 30 33  2  0  0
43  2 360912 2966816 1701268 183684804    0    0 476432 302180 293212 1352869 35 30 33  2  0  0
77  3 360912 2969524 1701268 183685992    0    0 486672 313156 285626 1317668 35 29 34  2  0  0
31  6 360912 2941876 1701268 183687172    0    0 474160 298952 286444 1338284 35 29 33  2  0  0
79  2 360912 2937952 1701268 183688352    0    0 480048 313900 292573 1327501 35 29 33  2  0  0
 4  0 360912 2939060 1701268 183689548    0    0 472640 304392 285595 1331533 34 30 34  2  0  0
67  4 360912 2949856 1701268 183690688    0    0 480112 301680 287855 1341035 35 29 34  2  0  0
33  4 360912 2959628 1701268 183691896    0    0 474496 307584 285122 1323374 35 29 34  2  0  0
41  7 360912 2966924 1701268 183693052    0    0 485888 307524 287563 1332036 35 29 33  2  0  0
113 11 360912 2966628 1701268 183694260    0    0 477136 318028 283914 1305878 34 28 35  2  0  0
48  2 360912 2967720 1701268 183695392    0    0 463104 302532 286227 1326971 34 29 34  2  0  0
64  2 360912 2970048 1701268 183696548    0    0 483392 308840 286439 1335761 34 30 34  2  0  0
28  4 360912 2970480 1701268 183697760    0    0 471424 311500 286072 1321751 34 29 34  2  0  0
117  7 360912 2972768 1701276 183698952    0    0 492592 317132 287324 1327869 35 29 34  3  0  0
42  6 360912 2969560 1701276 183700192    0    0 482432 311048 286860 1333702 35 29 34  2  0  0
procs -----------memory---------- ---swap-- -----io---- -system-- -------cpu-------
 r  b   swpd   free   buff  cache   si   so    bi    bo   in   cs us sy id wa st gu
66  5 360912 2967704 1701276 183701368    0    0 484864 311160 284186 1317802 35 29 34  3  0  0
17  4 360912 2968960 1701276 183702596    0    0 483344 308336 287648 1333123 35 29 33  2  0  0
72  3 360912 3006648 1701276 183703812    0    0 490080 314200 286021 1318551 35 29 34  3  0  0
51  1 360912 2920400 1701288 183738044    0    0 532672 321972 284361 1312436 36 28 33  3  0  0
102 11 360912 2793184 1701288 183817048    0    0 499012 339316 283115 1308131 36 28 34  2  0  0
72  4 360912 2822832 1701300 183761668    0    0 509736 408692 284480 1308270 36 28 34  3  0  0
68  4 360912 2813944 1701300 183762896    0    0 465520 305880 281195 1311325 35 29 34  2  0  0
60  9 360912 2821436 1701300 183764064    0    0 483104 313184 284761 1315671 35 28 35  2  0  0
37  2 360912 2822160 1701308 183765184    0    0 466336 295524 279262 1319749 35 30 33  2  0  0
61  5 360912 2825316 1701308 183766304    0    0 477360 309136 289330 1337409 34 29 34  2  0  0
75  6 360912 2830628 1701308 183767516    0    0 478480 311564 284170 1314567 34 29 35  2  0  0
71  3 360912 2787356 1701308 183768624    0    0 476288 305632 286140 1329133 36 28 34  2  0  0
66  5 360912 2807484 1701308 183769752    0    0 485424 311740 289591 1330923 35 29 34  2  0  0
53  1 360912 2815748 1701312 183770956    0    0 478560 316152 284056 1317868 35 29 34  2  0  0
45  6 360912 2825832 1701312 183772088    0    0 510608 312484 287669 1328892 36 28 33  3  0  0
59  4 360912 2831088 1701312 183773304    0    0 467456 309640 282462 1320430 35 29 34  2  0  0
86  8 360912 2790072 1701312 183774420    0    0 458640 297412 283393 1332749 35 30 32  2  0  0
83  1 360912 2809608 1701312 183775552    0    0 470320 304472 281214 1315415 34 29 34  2  0  0
60  6 360912 2812784 1701312 183776680    0    0 477776 309712 295505 1343069 35 29 34  2  0  0
 4  0 360912 2815032 1701312 183777868    0    0 480048 312772 285498 1320688 34 29 34  2  0  0
50  4 360912 2816992 1701312 183779000    0    0 483568 304864 286313 1330799 35 29 34  2  0  0
procs -----------memory---------- ---swap-- -----io---- -system-- -------cpu-------
 r  b   swpd   free   buff  cache   si   so    bi    bo   in   cs us sy id wa st gu
47  2 360912 2821796 1701312 183780160    0    0 480416 311480 283351 1312397 34 29 34  3  0  0
 4  0 360912 2825312 1701312 183781308    0    0 467728 300076 284333 1320864 35 29 34  2  0  0
38  0 360912 2830588 1701316 183782476    0    0 507152 315696 289675 1330312 35 29 33  3  0  0
55  8 360912 2839832 1701316 183783664    0    0 471504 308744 287702 1324524 34 29 34  2  0  0
90  4 360912 2836244 1701316 183784792    0    0 475632 304248 291972 1349067 34 30 34  2  0  0
25 14 360912 2815700 1701316 183785996    0    0 474944 306780 280768 1309518 35 29 34  2  0  0
100  6 360912 2816240 1701316 183787076    0    0 469280 294248 285868 1339762 35 30 33  2  0  0
74  2 360912 2818332 1701324 183788248    0    0 470176 307584 284468 1320946 34 29 34  2  0  0
 5  3 360912 2820692 1701324 183789364    0    0 467904 307808 285024 1326259 34 29 34  2  0  0
 6  0 360912 2825408 1701324 183790500    0    0 477552 310888 288770 1326110 35 29 34  2  0  0
89  4 360912 2826392 1701324 183791576    0    0 464144 296736 285295 1343047 34 30 34  2  0  0
74 10 360912 2825552 1701324 183792752    0    0 482768 310816 291090 1326879 35 28 34  2  0  0
71  3 360912 2824312 1701332 183793872    0    0 463072 303104 284887 1327189 35 30 33  2  0  0
73  3 360912 2829968 1701332 183795028    0    0 491808 309772 291284 1330140 35 29 33  3  0  0
20  0 360912 2832040 1701332 183796192    0    0 474880 304984 287776 1330613 35 29 33  2  0  0
60  4 360912 2831240 1701332 183797296    0    0 477472 306560 287720 1328882 34 30 34  2  0  0
35  1 360912 2829212 1701332 183798444    0    0 448720 299708 284194 1325361 34 30 34  2  0  0
50  4 360912 2831240 1701332 183799524    0    0 480256 310016 287315 1324051 35 29 34  3  0  0
90  4 360912 2923564 1701332 183800404    0    0 468272 300880 285047 1336501 34 29 34  2  0  0
 7  0 360912 2924444 1701332 183801524    0    0 476736 299572 288478 1340817 35 30 33  2  0  0
73  2 360912 2921276 1701332 183802668    0    0 483936 310168 287147 1323842 35 29 34  2  0  0
procs -----------memory---------- ---swap-- -----io---- -system-- -------cpu-------
 r  b   swpd   free   buff  cache   si   so    bi    bo   in   cs us sy id wa st gu
86  6 360912 2919336 1701332 183803820    0    0 491024 312096 291637 1332393 35 29 34  3  0  0
44  2 360912 2920536 1701336 183805028    0    0 468224 304720 284908 1326357 34 29 34  2  0  0
31  5 360912 2900448 1701336 183806152    0    0 479648 314032 285015 1321998 35 29 34  2  0  0
51  1 360912 2831136 1701336 183807584    0    0 461376 299376 279271 1320013 35 29 33  2  0  0
42  1 360912 2860040 1701336 183808668    0    0 470976 303660 283800 1319516 34 30 33  2  0  0
56 12 360912 2864312 1701336 183809840    0    0 469024 309352 283280 1323346 34 30 34  2  0  0
81  2 360912 2830716 1701340 183811416    0    0 464832 304168 279369 1324572 36 29 33  2  0  0
 5  0 360912 2846388 1701340 183812048    0    0 469184 309112 282392 1326858 34 29 34  2  0  0
37  2 360912 2849296 1701340 183813188    0    0 485584 302020 289427 1340780 35 29 33  2  0  0
53  4 360912 2826208 1701340 183814384    0    0 487888 310572 284220 1317951 35 29 34  2  0  0
36  2 360912 2826064 1701340 183815504    0    0 479008 310604 280633 1314099 35 29 34  2  0  0
29 26 360912 2824304 1701340 183816644    0    0 484112 309920 285425 1320353 35 29 34  3  0  0
37  0 360912 2830136 1701340 183817828    0    0 498304 313400 289571 1325161 35 29 34  3  0  0
50  1 360912 2831648 1701340 183819020    0    0 484368 309360 287610 1321016 34 29 33  3  0  0
17 24 360912 2836212 1701340 183820176    0    0 494992 311008 288053 1326458 35 29 33  3  0  0
54  3 360912 2798008 1701340 183821368    0    0 479808 308396 281816 1311208 35 28 34  3  0  0
57  8 360912 2824376 1701352 183822488    0    0 470768 308900 280166 1318806 34 29 34  3  0  0
55  5 360912 2829548 1701352 183823696    0    0 482256 317068 285075 1315136 35 29 34  2  0  0
57  2 360912 2833440 1701352 183824804    0    0 478752 308980 286933 1329180 34 30 34  2  0  0
10  0 360912 2835888 1701352 183825968    0    0 481376 308600 285799 1323069 35 28 35  2  0  0
25  2 360912 2839480 1701352 183827140    0    0 460848 298656 286152 1336983 35 29 34  2  0  0
procs -----------memory---------- ---swap-- -----io---- -system-- -------cpu-------
 r  b   swpd   free   buff  cache   si   so    bi    bo   in   cs us sy id wa st gu
59  2 360912 2839656 1701356 183828260    0    0 505008 315964 293860 1339674 36 28 33  3  0  0
 4  0 360912 2838688 1701356 183829480    0    0 472560 307816 284966 1325390 34 30 34  2  0  0
42  1 360912 2850324 1701356 183830648    0    0 497728 317472 291249 1328289 35 28 34  3  0  0
29  2 360912 2851400 1701356 183831844    0    0 479136 307804 287373 1320348 34 29 34  2  0  0
23 31 360912 2831472 1701356 183833256    0    0 465568 303564 283080 1320361 36 29 33  2  0  0
27 22 360912 2840852 1701356 183834144    0    0 488704 312064 283203 1303387 35 28 34  3  0  0
 1  3 360912 2842688 1701356 183835300    0    0 490976 315824 291956 1330546 34 29 34  3  0  0
71  3 360912 2840740 1701356 183836468    0    0 475632 309432 285313 1322306 35 28 35  2  0  0
103  5 360912 2845276 1701356 183837616    0    0 487968 313232 290365 1328131 35 29 34  2  0  0
93  7 360912 2845020 1701356 183838808    0    0 475360 309120 283095 1325496 34 29 34  2  0  0
35  0 360912 2852012 1701360 183839936    0    0 487632 312348 294396 1337797 34 29 34  3  0  0
20  1 360912 2850824 1701360 183841136    0    0 472368 307248 284768 1329451 34 29 35  2  0  0
31  0 360912 2849300 1701360 183842308    0    0 485744 308456 287030 1329754 35 29 34  2  0  0
15  0 360912 2845904 1701360 183843540    0    0 472016 310772 284210 1319589 34 29 34  2  0  0
51  4 360912 2845132 1701360 183844712    0    0 481536 300468 291283 1353545 35 30 33  2  0  0
65  3 360912 2843580 1701368 183845896    0    0 469888 315300 287298 1319158 34 29 34  2  0  0
37 16 360912 2842784 1701368 183847064    0    0 490048 311912 285538 1326321 35 29 34  3  0  0
 4  0 360912 2878320 1701368 183848264    0    0 489504 317608 286538 1320239 34 29 34  3  0  0
61  0 360912 2873720 1701368 183849096    0    0 469152 305112 282412 1319575 34 29 34  2  0  0
11 32 360912 2869596 1701368 183850292    0    0 490640 312432 286901 1333708 35 30 33  3  0  0
59  6 360912 2868564 1701368 183851440    0    0 472320 304604 288445 1332096 34 29 34  2  0  0
procs -----------memory---------- ---swap-- -----io---- -system-- -------cpu-------
 r  b   swpd   free   buff  cache   si   so    bi    bo   in   cs us sy id wa st gu
46  7 360912 2866504 1701368 183852608    0    0 476656 310480 290786 1333864 35 28 34  3  0  0
27  5 360912 2865876 1701368 183853836    0    0 469280 297264 285486 1326831 35 29 33  2  0  0
77  4 360912 2820016 1701500 183855176    0    0 483108 312572 285037 1320270 35 29 34  2  0  0
52  2 360912 2782104 1701500 183856772    0    0 460784 302204 277670 1310467 36 28 34  2  0  0
77  2 360912 2778476 1701508 183857656    0    0 474048 303664 288460 1341241 35 30 33  2  0  0
53 10 360912 2777104 1701508 183858852    0    0 467168 304852 284570 1324674 35 30 34  2  0  0
47  4 360912 2760044 1701508 183860020    0    0 478976 298780 283020 1320232 36 29 33  3  0  0
68  4 360912 2757776 1701508 183861160    0    0 472048 306848 284381 1330500 34 29 34  3  0  0
39  3 360912 2761604 1701508 183862308    0    0 467712 288172 290536 1344887 35 30 32  2  0  0
49  4 360912 2736380 1701512 183863468    0    0 459024 303972 282552 1320991 35 29 34  2  0  0
63  8 360912 2757992 1701512 183864656    0    0 474240 305492 280721 1318458 35 29 34  2  0  0
38 27 360912 2759680 1701512 183865812    0    0 460032 310120 283495 1328353 35 29 34  2  0  0
16  8 360912 2765308 1701512 183866968    0    0 489024 313252 291086 1333675 35 28 34  3  0  0
58 11 360912 2767088 1701512 183868144    0    0 474736 304452 287298 1328833 35 30 34  2  0  0
29 29 360912 2766020 1701512 183869304    0    0 477280 305740 287082 1338999 35 29 34  2  0  0
79 17 360912 2731704 1701512 183870484    0    0 473536 305840 281212 1311857 35 28 34  2  0  0
38  1 360912 2752768 1701512 183871652    0    0 461904 291472 283266 1338301 35 30 33  2  0  0
34  0 360912 2761328 1701512 183872848    0    0 484544 293356 284174 1312024 34 28 35  2  0  0
16 43 360912 2762336 1701512 183874044    0    0 494848 337076 286192 1326507 34 29 34  3  0  0
53 18 360912 2762348 1701520 183875240    0    0 492368 309988 283631 1313236 35 28 34  3  0  0
62 13 360912 2765040 1701520 183876412    0    0 479136 299840 282622 1313295 34 29 34  3  0  0
procs -----------memory---------- ---swap-- -----io---- -system-- -------cpu-------
 r  b   swpd   free   buff  cache   si   so    bi    bo   in   cs us sy id wa st gu
33  7 360912 2766840 1701520 183877600    0    0 471760 312916 285429 1328538 34 29 34  2  0  0
95 12 360912 2770440 1701520 183878808    0    0 475696 303736 287247 1328921 35 29 34  2  0  0
 4  0 360912 2771848 1701520 183880000    0    0 484400 317144 290815 1328888 35 29 34  2  0  0
92  5 360912 2776712 1701528 183881188    0    0 469376 289476 283356 1317962 35 28 35  2  0  0
88 10 360912 2730540 1701528 183882324    0    0 483600 317248 283580 1314777 35 28 34  2  0  0
36  2 360912 2762928 1701528 183883560    0    0 468448 306860 283639 1313896 35 30 34  2  0  0
59  3 360912 2767328 1701528 183884748    0    0 477808 284900 290965 1329768 34 28 35  2  0  0
30  4 360912 2765428 1701528 183885880    0    0 466384 317312 286620 1349841 35 30 33  2  0  0
67  3 360912 2761560 1701528 183887044    0    0 485360 303756 288286 1329742 34 29 34  2  0  0
69 17 360912 2766268 1701528 183888280    0    0 483488 318388 285418 1323164 35 28 34  2  0  0
66  4 360912 2771028 1701528 183889392    0    0 477584 285724 290795 1337191 34 29 34  2  0  0
37  2 360912 2772256 1701528 183890608    0    0 475328 321556 287259 1333295 34 29 34  2  0  0
33  3 360912 2780384 1701528 183891792    0    0 471888 311584 288147 1334752 35 29 34  2  0  0
28 10 360912 2783788 1701528 183892968    0    0 485360 296296 286692 1319242 34 29 34  3  0  0
62  1 360912 2786640 1701528 183894144    0    0 485936 318956 286147 1319141 34 29 34  3  0  0
68  2 360912 2791816 1701528 183895372    0    0 490880 329196 291380 1327918 35 28 34  3  0  0
100 10 360912 2791880 1701532 183896520    0    0 473492 306628 282618 1323485 34 29 34  2  0  0
72  8 360912 2789208 1701532 183897720    0    0 472768 312192 285986 1332360 35 30 34  2  0  0
27 11 360912 2833276 1701536 183898588    0    0 475712 299960 283495 1322442 35 28 34  2  0  0
45 16 360912 2831156 1701548 183899788    0    0 498720 304488 295347 1343578 35 30 33  3  0  0
103 19 360912 2832524 1701548 183901032    0    0 488416 310008 287772 1312692 34 28 35  3  0  0
procs -----------memory---------- ---swap-- -----io---- -system-- -------cpu-------
 r  b   swpd   free   buff  cache   si   so    bi    bo   in   cs us sy id wa st gu
54  3 360912 2832764 1701548 183902256    0    0 469456 315292 284544 1331013 34 30 34  2  0  0
29 13 360912 2833328 1701548 183903416    0    0 488288 301348 284452 1308024 34 29 34  2  0  0
63  7 360912 2811708 1701548 183904572    0    0 470256 306764 282055 1319958 35 29 33  2  0  0
103  2 360912 2738112 1701548 183906064    0    0 479600 309600 285764 1323521 36 29 33  2  0  0
25  3 360912 2758456 1701548 183907272    0    0 476208 292284 280248 1301265 34 29 35  2  0  0
33 12 360912 2758000 1701548 183908432    0    0 482320 302768 289818 1334925 35 29 33  3  0  0
38  2 360912 2742008 1701548 183909868    0    0 476000 326144 280823 1310215 36 29 33  3  0  0
50 10 360912 2745132 1701548 183910848    0    0 482704 295728 288182 1322002 34 29 35  2  0  0
30 14 360912 2747176 1701552 183911976    0    0 462864 322848 286680 1339235 35 30 33  2  0  0
84  7 360912 2709092 1701552 183913148    0    0 480736 300352 284781 1322565 35 29 34  2  0  0
57  3 360912 2739584 1701552 183914428    0    0 477584 319332 283662 1324644 35 29 33  2  0  0
83  6 360912 2742196 1701552 183915572    0    0 487808 287016 288821 1320927 34 29 34  3  0  0
43  0 360912 2745736 1701552 183916784    0    0 493392 325616 287108 1329077 34 30 33  3  0  0
34  3 360912 2747928 1701552 183917976    0    0 491888 304888 292387 1336373 35 29 34  3  0  0
56  4 360912 2748564 1701552 183919160    0    0 478800 301524 285408 1316811 34 29 34  3  0  0
63  3 360912 2707644 1701552 183920412    0    0 466816 306096 282511 1322978 36 29 33  2  0  0
52  9 360912 2728088 1701552 183921544    0    0 474832 312432 285270 1328226 35 29 34  2  0  0
105  9 360912 2733684 1701552 183922692    0    0 498240 310860 294175 1332846 35 29 34  3  0  0
57  5 360912 2731748 1701560 183923924    0    0 479744 306476 286073 1318888 34 29 34  2  0  0
64  9 360912 2736592 1701560 183925124    0    0 470416 307420 286759 1335478 35 30 33  2  0  0
50  5 360912 2738624 1701560 183926296    0    0 479648 298876 287761 1325611 35 29 34  2  0  0
procs -----------memory---------- ---swap-- -----io---- -system-- -------cpu-------
 r  b   swpd   free   buff  cache   si   so    bi    bo   in   cs us sy id wa st gu
92  4 360912 2736508 1701560 183927464    0    0 466000 302860 283858 1323323 34 29 34  2  0  0
60  1 360912 2744672 1701560 183928644    0    0 480448 309536 290036 1340558 35 29 34  2  0  0
76 13 360912 2745372 1701564 183929828    0    0 481104 302308 284618 1320870 35 29 34  2  0  0
41 10 360912 2706920 1701564 183930952    0    0 464656 306088 283685 1331207 36 29 33  2  0  0
31  7 360912 2717852 1701564 183932156    0    0 479984 314892 280788 1314504 35 28 34  2  0  0
84 11 360912 2722300 1701564 183933312    0    0 471056 300572 283877 1329721 36 29 33  2  0  0
77  3 360912 2720452 1701564 183934524    0    0 475648 308228 285319 1319395 34 29 35  2  0  0
104  5 360912 2717456 1701564 183935628    0    0 472608 305360 287224 1334922 35 30 33  2  0  0
97 13 360912 2715284 1701564 183936808    0    0 469376 309992 283668 1322277 35 29 34  2  0  0
41 11 360912 2717612 1701564 183937972    0    0 473184 293176 284913 1333832 35 30 33  2  0  0
79  9 360912 2714376 1701564 183939176    0    0 482528 295792 283685 1312895 35 29 34  3  0  0
37  7 360912 2712948 1701564 183940380    0    0 491200 327844 288658 1329081 35 29 33  3  0  0
95  2 360912 2716040 1701568 183941564    0    0 474800 301140 283951 1320255 34 29 34  2  0  0
26 14 360912 2722536 1701568 183942760    0    0 475536 307028 284923 1332165 34 30 33  3  0  0
61 11 360912 2725172 1701568 183943940    0    0 481648 322276 285008 1321010 34 29 34  2  0  0
47 10 360912 2725512 1701568 183945108    0    0 473728 310492 286928 1322989 34 30 33  2  0  0
68  2 360912 2726196 1701568 183946260    0    0 468464 297872 283645 1329088 34 30 34  2  0  0
88  1 360912 2750148 1701576 183947120    0    0 480896 297388 281967 1319176 34 29 34  3  0  0
62  3 360912 2684700 1701576 183948600    0    0 480080 333716 285315 1312481 36 28 34  2  0  0
37  3 360912 2696152 1701576 183949748    0    0 479328 272248 278862 1304482 35 28 35  2  0  0
63  7 360912 2671608 1701576 183950944    0    0 476704 329484 285253 1319258 35 29 33  2  0  0
procs -----------memory---------- ---swap-- -----io---- -system-- -------cpu-------
 r  b   swpd   free   buff  cache   si   so    bi    bo   in   cs us sy id wa st gu
73 31 360912 2677516 1701576 183952296    0    0 485392 312212 283212 1313134 35 29 34  3  0  0
88  5 360912 2683308 1701584 183953384    0    0 488000 314572 286547 1324226 35 29 34  2  0  0
26 11 360912 2645196 1701584 183954580    0    0 476624 303620 283171 1318972 35 28 34  2  0  0
56  3 360912 2650576 1701584 183955808    0    0 465296 297160 282108 1327645 35 30 33  2  0  0
27 17 360912 2649720 1701584 183956944    0    0 486560 306868 283733 1314016 35 29 34  3  0  0
99  3 360912 2649644 1701584 183958128    0    0 479232 305552 287883 1339320 35 30 32  3  0  0
108 11 360912 2646880 1701592 183959304    0    0 473344 289416 285629 1326289 34 29 34  2  0  0
85  4 360912 2633020 1701592 183960472    0    0 476384 310368 284329 1320852 34 29 34  2  0  0
77  6 360912 2992484 1700600 183619404    0    0 461872 318016 278495 1323413 35 29 34  2  0  0
104 13 360912 2988352 1700600 183620484    0    0 484384 298916 285670 1327933 35 30 34  2  0  0
49 11 360912 2991428 1700600 183621656    0    0 481344 314296 293480 1350799 35 30 33  2  0  0
69  8 360912 2993836 1700604 183622896    0    0 487376 322632 287307 1320476 35 28 35  2  0  0
32 26 360912 2991528 1700604 183624004    0    0 476000 298484 285822 1337512 35 29 33  2  0  0
83  6 360912 2994936 1700604 183625128    0    0 480336 291836 283202 1325868 34 28 35  2  0  0
74  4 360912 2997560 1700604 183626292    0    0 471776 301328 287758 1343505 34 29 34  2  0  0
98 27 360912 3002036 1700604 183627428    0    0 487392 328412 290250 1336397 34 29 34  2  0  0
46 19 360912 3009904 1700604 183628604    0    0 487920 316624 288098 1342462 35 30 33  3  0  0
58  3 360912 2979952 1700604 183629892    0    0 470176 295508 281155 1313844 35 28 34  2  0  0
87  7 360912 2976832 1700604 183630892    0    0 474592 316612 285257 1324382 34 30 34  2  0  0
57  6 360912 2992180 1700604 183632040    0    0 483744 290412 291137 1339071 35 29 34  3  0  0
108 21 360912 3006032 1700604 183633224    0    0 476112 310864 283873 1330446 34 29 34  2  0  0
procs -----------memory---------- ---swap-- -----io---- -system-- -------cpu-------
 r  b   swpd   free   buff  cache   si   so    bi    bo   in   cs us sy id wa st gu
57  6 360912 3016636 1700608 183634352    0    0 489872 312092 289440 1331430 35 29 33  2  0  0
64  7 360912 3017344 1700608 183635556    0    0 486544 312824 283183 1323449 35 28 34  3  0  0
114  4 360912 3022296 1700608 183636720    0    0 487456 314164 291884 1333707 34 29 34  3  0  0
45 22 360912 3021176 1700608 183637868    0    0 475360 298420 285542 1317728 34 29 35  2  0  0
57  1 360912 3027344 1700608 183639008    0    0 482240 308100 286866 1327194 35 29 34  2  0  0
47  4 360912 3005716 1700612 183640132    0    0 475936 322492 286022 1328707 35 30 33  2  0  0
76 13 360912 3007676 1700612 183641332    0    0 483536 312992 292032 1337726 35 29 34  2  0  0
78  8 360912 3006964 1700612 183642476    0    0 462576 303528 284155 1326741 34 29 34  2  0  0
73  5 360912 3008248 1700612 183643620    0    0 477776 291644 293554 1347694 35 29 34  2  0  0
81 12 360912 3047228 1700612 183644440    0    0 471856 304196 285342 1324850 35 29 34  2  0  0
75  3 360912 3045916 1700612 183645564    0    0 476816 304768 285916 1336017 34 29 34  2  0  0
25 31 360912 3047628 1700612 183646736    0    0 484256 299944 286845 1327829 35 29 34  2  0  0
 4  0 360912 3047168 1700612 183647880    0    0 472624 309012 284589 1318214 34 29 34  3  0  0
 7  4 360912 3053012 1700612 183649052    0    0 483664 316780 288707 1315745 35 28 35  2  0  0
72  2 360912 3033184 1700612 183650168    0    0 471008 305372 282817 1318996 35 29 34  2  0  0
 8  3 360912 2959940 1700620 183651624    0    0 474224 304544 287258 1326604 36 28 34  2  0  0
85  8 360912 2969844 1700620 183652792    0    0 466352 303300 280736 1315016 34 29 34  3  0  0
75  4 360912 2970060 1700620 183653892    0    0 491504 304836 286047 1325653 35 30 33  3  0  0
32 17 360912 2935896 1700620 183655100    0    0 474656 303852 281208 1314698 36 29 33  2  0  0
30  3 360912 2944072 1700620 183656220    0    0 451280 299108 282463 1325736 35 30 34  2  0  0
 6  1 360912 2954732 1700628 183657328    0    0 500304 318548 286894 1327818 35 29 34  3  0  0
procs -----------memory---------- ---swap-- -----io---- -system-- -------cpu-------
 r  b   swpd   free   buff  cache   si   so    bi    bo   in   cs us sy id wa st gu
13 21 360912 2964948 1700628 183658552    0    0 479088 307524 283519 1321705 34 29 34  3  0  0
63 24 360912 2944288 1700628 183659696    0    0 476112 307116 282467 1311957 35 29 33  2  0  0
29  7 360912 2947772 1700628 183660860    0    0 468592 307956 284296 1320849 34 30 34  2  0  0
84  9 360912 2947464 1700628 183662004    0    0 473536 309440 286849 1325454 35 29 34  2  0  0
88 10 360912 2951424 1700640 183663088    0    0 463264 307260 284873 1329073 34 29 34  2  0  0
 6  2 360912 2954980 1700640 183664272    0    0 476352 300712 289268 1334476 35 29 34  2  0  0
24 27 360912 2920216 1700640 183665364    0    0 481424 301464 286066 1335049 35 29 33  2  0  0
 9  2 360912 2946752 1700640 183666524    0    0 471616 309600 286981 1316132 35 29 34  2  0  0
 5  1 360912 2948540 1700640 183667696    0    0 482192 314548 288293 1327701 35 29 34  2  0  0
13  7 360912 2951596 1700640 183668844    0    0 490432 304320 285266 1333624 35 29 34  3  0  0
 3  0 360912 2954264 1700648 183670004    0    0 486496 306836 290656 1333528 35 29 34  2  0  0
85 18 360912 2957352 1700648 183671164    0    0 467088 303380 287256 1324831 35 30 33  2  0  0
 2  0 360912 2964656 1700648 183672296    0    0 479056 309012 286141 1318852 35 29 34  2  0  0
74 26 360912 2968720 1700648 183673444    0    0 460128 305916 286652 1327891 35 29 34  2  0  0
 7  4 360912 2971872 1700648 183674564    0    0 482096 293116 288605 1347364 35 29 32  3  0  0
17 21 360912 2971792 1700648 183675764    0    0 485632 305152 286231 1319964 35 29 34  3  0  0
39  7 360912 2934088 1700648 183676908    0    0 472320 309092 283361 1314280 35 29 34  2  0  0
16  0 360912 2951068 1700648 183678112    0    0 473776 307028 282144 1309484 35 29 34  2  0  0
 4  0 360912 2957768 1700648 183679232    0    0 482432 313848 284099 1320829 34 29 34  3  0  0
10 12 360912 2963464 1700648 183680388    0    0 501840 319124 286782 1313716 35 29 34  3  0  0
31  2 360912 2970140 1700656 183681552    0    0 466672 306556 285767 1338602 34 30 33  2  0  0
procs -----------memory---------- ---swap-- -----io---- -system-- -------cpu-------
 r  b   swpd   free   buff  cache   si   so    bi    bo   in   cs us sy id wa st gu
81  3 360912 2979748 1700656 183682724    0    0 480640 310792 285161 1334454 34 29 34  2  0  0
97  7 360912 2980440 1700656 183683864    0    0 467024 301740 282707 1334361 34 30 34  2  0  0
47  5 360912 2988168 1700656 183684988    0    0 488672 315240 289075 1326570 34 29 35  2  0  0
25 21 360912 2986716 1700656 183686188    0    0 491536 304076 285283 1338983 35 29 33  2  0  0
14  0 360912 2984052 1700664 183687296    0    0 475072 303116 282205 1328249 35 29 33  3  0  0
59  3 360912 2981220 1700664 183688520    0    0 488528 308140 285582 1334733 35 29 33  3  0  0
56  3 360912 2980016 1700668 183689664    0    0 492440 309464 283452 1324152 34 29 33  3  0  0
72 20 360912 2979184 1700668 183690884    0    0 481488 319496 279865 1305047 34 28 35  3  0  0
 5  0 360912 2981496 1700668 183692040    0    0 497824 300684 290390 1336191 35 29 33  3  0  0
52  5 360912 3021768 1700672 183693092    0    0 477920 308284 284992 1326670 35 29 34  3  0  0
34  3 360912 3023556 1700672 183694072    0    0 482432 302888 288284 1342630 34 30 33  3  0  0
50  7 360912 3021556 1700672 183695260    0    0 480192 312876 287017 1318193 35 29 33  3  0  0
75  7 360912 3019528 1700672 183696376    0    0 474000 303376 283370 1330269 35 30 33  3  0  0
34  1 360912 3019528 1700672 183697544    0    0 484304 301872 285368 1318462 35 29 33  3  0  0
49 43 360912 3004532 1700680 183698704    0    0 470352 304212 282489 1325442 35 29 33  3  0  0
34 12 360912 2923896 1700680 183700104    0    0 475280 301708 278586 1313322 36 28 33  3  0  0
28  3 360912 2939368 1700680 183701348    0    0 489792 303076 280997 1306301 35 28 33  3  0  0
48  4 360912 2938976 1700680 183702612    0    0 492976 311696 286570 1322427 35 29 33  3  0  0
50  1 360912 2910904 1700680 183704152    0    0 479088 304864 276953 1301224 35 29 33  3  0  0
98  5 360912 2908624 1700688 183705056    0    0 504704 313960 281865 1306378 35 28 34  3  0  0
75  4 360912 2913464 1700688 183706280    0    0 484160 321256 286106 1319259 34 29 33  3  0  0
procs -----------memory---------- ---swap-- -----io---- -system-- -------cpu-------
 r  b   swpd   free   buff  cache   si   so    bi    bo   in   cs us sy id wa st gu
84  5 360912 2870252 1700688 183707468    0    0 471648 311184 279063 1313708 35 29 34  2  0  0
55  3 360912 2892872 1700688 183708600    0    0 474576 304312 281788 1319387 34 30 34  2  0  0
76  6 360912 2899392 1700688 183709712    0    0 467904 302072 284429 1336487 35 30 34  2  0  0
36 17 360912 2901656 1700696 183710908    0    0 477520 306364 284501 1336536 35 29 33  2  0  0
69  0 360912 2907996 1700696 183712104    0    0 490848 321820 284697 1308769 34 29 35  3  0  0
97  8 360912 2883704 1700696 183713276    0    0 484304 304612 282721 1316611 35 29 33  3  0  0
25  1 360912 2900604 1700696 183714424    0    0 483984 301592 281232 1322394 35 29 33  3  0  0
 2  0 360912 2903404 1700696 183715760    0    0 495136 315848 289888 1323035 34 29 34  3  0  0
 7  1 360912 2901080 1700708 183716920    0    0 480976 309220 285696 1331971 35 29 34  2  0  0
13  6 360912 2901024 1700708 183718172    0    0 479520 304136 292576 1349555 36 29 33  2  0  0
65  3 360912 2904740 1700708 183719316    0    0 487392 320724 284956 1309633 35 27 35  3  0  0
85 10 360912 2916896 1700708 183720488    0    0 482464 308256 288583 1329817 34 29 34  3  0  0
104  4 360912 2921704 1700708 183721696    0    0 481440 310232 286219 1318031 35 29 34  2  0  0
 5  1 360912 2921568 1700716 183722892    0    0 496320 314700 289067 1326703 35 29 33  3  0  0
29 21 360912 2922012 1700716 183724128    0    0 479056 308288 287702 1327020 35 29 33  2  0  0
37  9 360912 2874244 1700716 183725312    0    0 492720 319764 282301 1303222 35 28 34  3  0  0
58  3 360912 2882828 1700716 183726456    0    0 473552 308848 285418 1327643 35 29 33  2  0  0
53  5 360912 2888032 1700716 183727636    0    0 465920 307868 291484 1346454 34 29 34  2  0  0
 4  1 360912 2893072 1700716 183728792    0    0 473856 306108 289613 1332766 35 29 34  2  0  0
86  8 360912 2894592 1700716 183729976    0    0 471840 303060 286523 1333425 34 30 33  2  0  0
26  4 360912 2897708 1700716 183731144    0    0 482016 313004 284009 1305489 35 28 35  2  0  0
procs -----------memory---------- ---swap-- -----io---- -system-- -------cpu-------
 r  b   swpd   free   buff  cache   si   so    bi    bo   in   cs us sy id wa st gu
38 21 360912 2900968 1700716 183732352    0    0 493904 315544 286193 1328690 35 29 34  2  0  0
 3  1 360912 2899724 1700716 183733556    0    0 494464 310432 298041 1343811 35 28 34  3  0  0
