procs -----------memory---------- ---swap-- -----io---- -system-- -------cpu-------
 r  b   swpd   free   buff  cache   si   so    bi    bo   in   cs us sy id wa st gu
 4  0 361680 13735768 1661000 162604300    5   10 23495 29682 8556    4  3  0 96  0  0  0
10  7 361680 13666760 1661008 162604696    0    0 159568 370384 116354 154401 15  2 80  3  0  0
12  6 361680 13661024 1661008 162607268    0    0 519856 335920 153601 409863 10  3 80  7  0  0
14  4 361680 13656024 1661008 162609744    0    0 523680 394168 188713 466571 11  4 78  8  0  0
10  9 361680 13642592 1661008 162612380    0    0 525232 395168 189115 464226 11  4 78  8  0  0
 3  2 361680 13639124 1661008 162615316    0    0 521712 398548 188282 462240 11  3 78  8  0  0
 6  0 361680 13638888 1661016 162617596    0    0 529188 392888 189609 469290 11  4 78  8  0  0
14  5 361680 13633828 1661016 162620268    0    0 524560 396728 188960 465794 11  3 78  8  0  0
14  5 361680 13633932 1661016 162623124    0    0 524064 393732 187523 465240 11  4 78  8  0  0
10  8 361680 13629100 1661016 162625376    0    0 511984 395420 185788 452629 11  3 78  8  0  0
16  3 361680 13630948 1661016 162627944    0    0 510736 384960 183113 444900 10  3 78  8  0  0
13  6 361680 13632340 1661016 162630708    0    0 504480 369488 182215 444507 11  3 78  8  0  0
19  2 361680 13627976 1661016 162633180    0    0 508352 376160 182904 446533 11  3 78  8  0  0
13  6 361680 13625412 1661016 162635688    0    0 521264 387692 187184 459002 11  3 78  8  0  0
13  5 361680 13626664 1661016 162638240    0    0 522288 389788 186931 460706 11  3 78  8  0  0
 4  2 361680 13624336 1661016 162640812    0    0 520784 386344 187623 458343 11  3 78  8  0  0
17  4 361680 13623740 1661016 162643616    0    0 521872 391720 188756 461762 11  4 78  8  0  0
 6  1 361680 13624616 1661016 162645828    0    0 511648 421408 187864 457646 11  4 78  8  0  0
11  7 361680 13621052 1661016 162648692    0    0 509760 418168 187781 449749 11  3 78  7  0  0
12  7 361680 13620332 1661016 162651220    0    0 508752 424136 187782 455174 11  3 78  7  0  0
10  8 361680 13619508 1661016 162653720    0    0 510960 428964 188643 457552 11  3 78  7  0  0
procs -----------memory---------- ---swap-- -----io---- -system-- -------cpu-------
 r  b   swpd   free   buff  cache   si   so    bi    bo   in   cs us sy id wa st gu
14  5 361680 13611744 1661020 162656360    0    0 512560 424060 189120 459993 11  3 78  7  0  0
15  5 361680 13606188 1661020 162658992    0    0 512336 424664 187987 455988 11  3 78  7  0  0
14  0 361680 13610932 1661020 162661332    0    0 505984 429408 187406 453193 11  3 79  7  0  0
 8  0 361680 13605972 1661020 162664060    0    0 512336 423248 187774 456483 11  4 78  7  0  0
10  8 361680 13601592 1661020 162666420    0    0 511440 430604 188601 456274 11  3 79  7  0  0
14  4 361680 13606900 1661020 162668980    0    0 504592 404152 185503 445970 11  3 78  8  0  0
13  9 361680 13604988 1661020 162671364    0    0 496080 411568 184826 441757 11  3 78  8  0  0
12  6 361680 13600244 1661020 162673812    0    0 497328 418244 183829 440008 10  3 79  8  0  0
11  8 361680 13596532 1661020 162676440    0    0 501040 442528 186808 446664 11  3 78  8  0  0
10  9 361680 13600864 1661020 162679004    0    0 507344 443024 187008 450929 11  3 79  7  0  0
 9  1 361680 13595868 1661020 162681532    0    0 510032 446604 188709 454237 11  3 78  7  0  0
 5  1 361680 13595484 1661020 162684164    0    0 503136 461524 188951 453609 10  4 79  7  0  0
16  4 361680 13589392 1661020 162686536    0    0 503984 441656 187475 450993 11  4 78  7  0  0
10  7 361680 13591892 1661020 162689020    0    0 497920 463564 188267 447016 11  3 79  7  0  0
13  5 361680 13585084 1661020 162691620    0    0 499648 449224 188108 450709 11  4 79  7  0  0
14  4 361680 13585764 1661024 162693820    0    0 496352 431104 185354 445227 10  3 79  8  0  0
12  6 361680 13578936 1661024 162696632    0    0 490992 438272 184624 439996 10  3 78  8  0  0
12  6 361680 13575564 1661024 162698960    0    0 488208 440292 184531 435203 10  3 78  8  0  0
 2  2 361680 13569184 1661024 162701328    0    0 500784 439644 185886 449273 11  3 79  7  0  0
12  6 361680 13572368 1661024 162703980    0    0 499856 447224 188239 449402 11  3 79  7  0  0
13  5 361680 13566904 1661028 162706456    0    0 494112 465704 186848 446054 11  3 79  7  0  0
procs -----------memory---------- ---swap-- -----io---- -system-- -------cpu-------
 r  b   swpd   free   buff  cache   si   so    bi    bo   in   cs us sy id wa st gu
 4  0 361680 13567960 1661028 162708848    0    0 503136 448484 188789 453126 11  3 78  7  0  0
 5  5 361680 13565964 1661028 162711496    0    0 499376 454612 186234 445884 11  3 79  7  0  0
 5  1 361680 13566256 1661028 162713932    0    0 503040 441464 187620 452109 11  3 79  7  0  0
15  5 361680 13566708 1661028 162716472    0    0 500320 454192 187085 444814 11  3 78  7  0  0
10  8 361680 13566032 1661028 162718920    0    0 507552 440768 187552 453055 11  4 78  7  0  0
13  5 361680 13565032 1661028 162721308    0    0 507440 456136 188286 452152 10  3 79  7  0  0
18  2 361680 13559204 1661028 162724120    0    0 504544 442556 184974 444294 11  3 79  7  0  0
15  6 361680 13558540 1661028 162726652    0    0 506032 450480 187332 453001 11  3 79  7  0  0
11  9 361680 13557956 1661028 162729008    0    0 510224 442960 187041 449882 11  3 79  7  0  0
17  3 361680 13557576 1661028 162731668    0    0 504416 445808 186682 449316 11  3 79  7  0  0
 4  0 361680 13551248 1661028 162734124    0    0 487072 433452 183520 436832 10  3 79  8  0  0
10  8 361680 13554132 1661028 162736476    0    0 492224 427928 182870 435066 10  3 79  8  0  0
 4  0 361680 13540192 1661028 162738976    0    0 491056 428268 183175 435166 10  3 79  8  0  0
11  7 361680 13534176 1661028 162741180    0    0 509424 436972 185041 450542 10  3 79  7  0  0
12  7 361680 13536244 1661032 162744036    0    0 507552 448868 186794 449860 10  3 79  7  0  0
12  6 361680 13533528 1661032 162746580    0    0 506976 441504 186456 447569 11  3 79  7  0  0
12  5 361680 13532440 1661032 162748916    0    0 497760 445612 185732 444107 11  3 79  7  0  0
14  5 361680 13525128 1661036 162751496    0    0 502580 441080 185960 445428 11  3 79  7  0  0
10  7 361680 13523308 1661036 162754040    0    0 507968 442560 186215 449237 11  3 79  7  0  0
 8 10 361680 13521932 1661044 162756652    0    0 514544 445348 187135 453056 10  3 79  8  0  0
 4  0 361680 13518684 1661044 162759052    0    0 496192 442484 183769 438245 10  3 79  8  0  0
procs -----------memory---------- ---swap-- -----io---- -system-- -------cpu-------
 r  b   swpd   free   buff  cache   si   so    bi    bo   in   cs us sy id wa st gu
15  4 361680 13517868 1661044 162761536    0    0 492800 434088 182584 436160 10  3 79  8  0  0
10  7 361680 13516116 1661044 162763920    0    0 484368 417032 180047 428881 10  3 78  8  0  0
10  9 361680 13511164 1661044 162766360    0    0 491904 429196 182029 434803 10  3 79  8  0  0
12  6 361680 13511716 1661052 162768612    0    0 490560 416836 183593 434536 10  3 79  8  0  0
 7 11 361680 13510968 1661052 162771196    0    0 490384 438584 183370 432769 10  3 79  8  0  0
12  7 361680 13506936 1661052 162773640    0    0 489568 434728 183076 435567 10  3 79  8  0  0
13  7 361680 13504056 1661052 162776096    0    0 497584 435032 184815 443801 10  3 79  8  0  0
18  0 361680 13496464 1661052 162778628    0    0 492464 442836 184845 438495 10  3 79  8  0  0
10  8 361680 13493100 1661056 162781044    0    0 488720 424692 182284 432987 10  3 79  8  0  0
 3  1 361680 13488224 1661056 162783508    0    0 483696 449860 183005 433074 10  3 79  8  0  0
19  3 361680 13491856 1661056 162785956    0    0 492928 439616 184111 437967 10  3 79  8  0  0
 6  1 361680 13484828 1661056 162788488    0    0 496064 432308 183941 438110 10  3 78  8  0  0
11  8 361680 13481480 1661056 162790828    0    0 488128 440044 183520 435590 10  3 79  8  0  0
14  7 361680 13476152 1661056 162793212    0    0 484688 434584 181894 431326 10  3 79  8  0  0
10  7 361680 13474288 1661056 162795684    0    0 486464 438556 183219 435535 10  3 79  8  0  0
10  8 361680 13467552 1661056 162798244    0    0 491680 438772 184236 438704 10  3 79  8  0  0
11  8 361680 13465444 1661056 162800608    0    0 493712 440396 185074 441351 10  3 79  8  0  0
 8  0 361680 13463016 1661056 162803124    0    0 493536 435256 183559 438639 10  3 79  8  0  0
11  7 361680 13458308 1661060 162805548    0    0 490128 452820 183733 434653 10  3 79  8  0  0
10  8 361680 13453892 1661060 162808008    0    0 500304 437352 183928 441910 11  3 78  8  0  0
13  6 361680 13452404 1661060 162810464    0    0 496544 445600 185123 439328 10  3 78  8  0  0
procs -----------memory---------- ---swap-- -----io---- -system-- -------cpu-------
 r  b   swpd   free   buff  cache   si   so    bi    bo   in   cs us sy id wa st gu
11  7 361680 13453016 1661060 162812876    0    0 494688 434436 183299 439480 10  3 78  8  0  0
12  8 361680 13453976 1661060 162815280    0    0 489168 437956 183447 433046 10  3 79  8  0  0
13  7 361680 13451580 1661064 162817672    0    0 487152 434672 182735 433473 11  3 78  8  0  0
 9  9 361680 13453160 1661064 162820040    0    0 479424 431800 180738 427529 10  3 79  8  0  0
 7 11 361680 13451136 1661064 162822472    0    0 481024 434340 181443 428228 10  3 79  8  0  0
13  6 361680 13446980 1661064 162824892    0    0 480912 430528 180822 427203 10  3 79  8  0  0
11  8 361680 13442816 1661064 162827284    0    0 489856 431232 182013 433637 10  3 79  8  0  0
12  7 361680 13444228 1661068 162829844    0    0 499392 447936 185725 443623 10  3 79  7  0  0
11  6 361680 13445264 1661068 162832248    0    0 503504 443000 185366 443016 11  3 78  8  0  0
 8 10 361680 13437716 1661068 162834780    0    0 494720 444676 184855 440173 11  3 79  7  0  0
 9  8 361680 13432700 1661068 162837240    0    0 499728 441560 185097 441106 10  3 79  7  0  0
 4  2 361680 13410584 1661068 162839620    0    0 492896 442876 184493 436915 10  3 79  7  0  0
14  4 361680 13407132 1661076 162842132    0    0 491600 447808 185373 438217 10  3 79  7  0  0
 9  9 361680 13404956 1661076 162844680    0    0 502000 445672 185952 444880 11  3 78  7  0  0
11  6 361680 13401748 1661076 162847176    0    0 500416 440628 185026 443761 10  3 79  8  0  0
11  7 361680 13397588 1661076 162849564    0    0 499632 444068 184147 440169 10  3 79  8  0  0
15  4 361680 13395908 1661076 162852096    0    0 505664 445336 185672 448155 11  3 78  8  0  0
14  5 361680 13396344 1661080 162854532    0    0 500256 447124 186833 447539 11  3 78  7  0  0
14  8 361680 13392436 1661080 162857120    0    0 505056 455552 188061 450784 10  3 79  8  0  0
11  9 361680 13391576 1661080 162859568    0    0 500560 447172 187200 446385 10  4 79  8  0  0
12  6 361680 13390736 1661080 162862012    0    0 497376 442240 186904 443612 11  3 79  7  0  0
procs -----------memory---------- ---swap-- -----io---- -system-- -------cpu-------
 r  b   swpd   free   buff  cache   si   so    bi    bo   in   cs us sy id wa st gu
14  5 361680 13386344 1661080 162864584    0    0 494624 447496 186685 443247 11  3 79  7  0  0
10  9 361680 13385336 1661080 162866924    0    0 500528 445816 186892 448188 11  3 79  8  0  0
14  5 361680 13386220 1661080 162869436    0    0 499136 450192 187418 444811 11  3 78  7  0  0
14  7 361680 13387316 1661080 162871920    0    0 504816 447424 187076 449348 10  3 79  8  0  0
 9  9 361680 13382828 1661080 162874376    0    0 494976 456108 185441 444720 10  3 79  7  0  0
18  2 361680 13378768 1661080 162876888    0    0 490864 434604 182630 437494 11  3 78  8  0  0
 8 10 361680 13380852 1661084 162879364    0    0 491072 442520 183591 437023 10  3 79  8  0  0
12  6 361680 13377260 1661084 162881700    0    0 488272 438336 183018 432177 10  3 79  8  0  0
11  8 361680 13377772 1661084 162884204    0    0 479808 433772 181537 428656 10  3 79  8  0  0
14  4 361680 13371172 1661084 162886584    0    0 484336 437736 182581 431643 10  3 79  8  0  0
12  6 361680 13369980 1661088 162888812    0    0 489748 429536 181555 432000 10  3 79  8  0  0
10  9 361680 13365160 1661096 162891504    0    0 499440 443660 185461 444574 10  3 79  8  0  0
10  9 361680 13366444 1661096 162893944    0    0 502272 455468 186543 445813 10  3 79  8  0  0
12  8 361680 13360440 1661096 162896424    0    0 499152 451968 187311 450268 10  3 79  8  0  0
 6  0 361680 13353660 1661096 162898888    0    0 500208 446620 187020 450595 10  3 79  8  0  0
13  7 361680 13356876 1661096 162901344    0    0 497808 452636 187413 447215 11  3 79  7  0  0
12  7 361680 13352772 1661104 162903936    0    0 499280 454652 186169 447218 10  3 79  8  0  0
11  7 361680 13324568 1661104 162906332    0    0 495280 445744 185852 446510 10  3 79  8  0  0
 5 13 361680 13319620 1661104 162908844    0    0 506064 444172 187464 453405 11  3 78  8  0  0
11  7 361680 13316932 1661104 162911312    0    0 492992 445796 185533 443316 10  3 79  8  0  0
11  6 361680 13312912 1661104 162913732    0    0 497392 456020 186368 445860 10  3 79  8  0  0
procs -----------memory---------- ---swap-- -----io---- -system-- -------cpu-------
 r  b   swpd   free   buff  cache   si   so    bi    bo   in   cs us sy id wa st gu
13  5 361680 13310124 1661112 162916176    0    0 496320 447144 186316 446841 10  3 79  7  0  0
12  7 361680 13303776 1661112 162918632    0    0 496848 449768 185195 443402 11  3 79  8  0  0
15  5 361680 13298816 1661112 162921160    0    0 496800 455956 187811 447677 10  3 79  8  0  0
15  3 361680 13292180 1661112 162923692    0    0 499344 447080 186603 447773 10  3 79  7  0  0
 8  1 361680 13289172 1661112 162926216    0    0 497808 459016 187958 447688 11  3 79  8  0  0
 9 10 361680 13286200 1661116 162928644    0    0 498288 451936 187432 443678 11  3 79  7  0  0
14  4 361680 13282840 1661116 162931076    0    0 495856 451224 186975 442109 10  3 79  7  0  0
 5  2 361680 13283584 1661116 162933556    0    0 501184 452160 187791 449250 10  3 79  7  0  0
 9 10 361680 13281428 1661116 162936100    0    0 500448 456208 188705 451464 10  3 79  7  0  0
10  8 361680 13279448 1661116 162938600    0    0 503456 453776 188357 450047 11  3 79  8  0  0
15  5 361680 13279168 1661120 162941100    0    0 504016 451460 186784 450325 11  3 78  8  0  0
12  7 361680 13276268 1661120 162943672    0    0 497232 459240 187433 447337 11  3 79  7  0  0
11  8 361680 13276164 1661120 162946004    0    0 487360 438528 184511 437845 10  3 79  8  0  0
 9  9 361680 13270408 1661120 162948404    0    0 482592 436328 182853 433871 10  3 79  8  0  0
11  8 361680 13269744 1661120 162950892    0    0 487888 436676 184066 435713 10  3 79  8  0  0
10  8 361680 13268628 1661128 162953156    0    0 493872 442244 185570 442409 10  3 79  8  0  0
14  6 361680 13262136 1661128 162955752    0    0 497840 453704 188272 447031 10  3 79  8  0  0
13  6 361680 13257148 1661128 162958248    0    0 498672 451648 187505 447700 10  3 79  7  0  0
13  6 361680 13257432 1661128 162960580    0    0 499360 450740 187227 450173 11  3 79  7  0  0
12  6 361680 13256184 1661128 162963180    0    0 501328 454024 188015 450824 11  3 78  8  0  0
 5  1 361680 13257944 1661136 162965668    0    0 502608 456668 186946 449254 11  4 78  8  0  0
procs -----------memory---------- ---swap-- -----io---- -system-- -------cpu-------
 r  b   swpd   free   buff  cache   si   so    bi    bo   in   cs us sy id wa st gu
14  4 361680 13255824 1661136 162968184    0    0 500944 446972 187623 450326 11  3 79  7  0  0
15  7 361680 13255696 1661136 162970740    0    0 507296 450068 187880 451366 10  3 78  8  0  0
12  6 361680 13252708 1661136 162973208    0    0 498960 454728 185925 447190 11  3 78  8  0  0
11  6 361680 13251716 1661136 162975660    0    0 494192 449552 187009 446060 11  3 78  7  0  0
12  6 361680 13245064 1661136 162978128    0    0 501504 445384 187602 451951 11  3 78  8  0  0
12  6 361680 13240308 1661136 162980580    0    0 501056 461888 187354 448323 10  4 78  8  0  0
15  4 361680 13236240 1661136 162983224    0    0 509184 444812 188942 456504 11  4 78  8  0  0
14  7 361680 13236428 1661136 162985692    0    0 501360 460360 187461 450366 10  3 79  8  0  0
 9 11 361680 13233732 1661136 162988076    0    0 505936 460752 188380 454134 10  3 78  8  0  0
15  5 361680 13229112 1661144 162990788    0    0 503392 451696 188588 452627 10  3 79  7  0  0
11  8 361680 13225336 1661144 162993104    0    0 506064 457728 188877 455931 11  3 78  8  0  0
14  7 361680 13220364 1661144 162995764    0    0 501184 457656 188094 454168 11  3 78  7  0  0
13  6 361680 13219980 1661144 162998160    0    0 505376 456596 188169 452245 11  3 78  8  0  0
14  5 361680 13213240 1661144 163000820    0    0 505200 450716 188349 455817 10  3 79  8  0  0
 8 12 361680 13209664 1661152 163003272    0    0 503248 460352 187932 450311 10  3 79  8  0  0
14  5 361680 13210468 1661152 163005784    0    0 499312 455988 186281 448531 11  3 78  7  0  0
17  4 361680 13207044 1661152 163008076    0    0 495952 445864 186717 443477 10  3 78  8  0  0
13  6 361680 13210648 1661152 163010608    0    0 484848 441088 183358 432181 10  3 79  8  0  0
11  8 361680 13205964 1661152 163013076    0    0 492144 430376 184788 441550 10  3 79  8  0  0
11  8 361680 13203928 1661156 163015552    0    0 477616 449172 182759 430102 10  3 79  8  0  0
11  7 361680 13206316 1661156 163017944    0    0 503536 454744 188742 455747 11  3 78  8  0  0
procs -----------memory---------- ---swap-- -----io---- -system-- -------cpu-------
 r  b   swpd   free   buff  cache   si   so    bi    bo   in   cs us sy id wa st gu
15  5 361680 13202564 1661156 163020508    0    0 506384 454884 188631 451311 10  3 79  8  0  0
10  8 361680 13200884 1661160 163022960    0    0 502596 456428 187921 450428 10  3 79  8  0  0
10  8 361680 13199324 1661160 163025464    0    0 503808 455004 187547 453065 11  3 79  8  0  0
15  6 361680 13195756 1661164 163027976    0    0 504016 456332 188495 451623 10  3 79  8  0  0
11  7 361680 13195844 1661164 163030428    0    0 498624 458292 187104 446756 10  3 79  7  0  0
13  5 361680 13191460 1661164 163032896    0    0 499248 442768 185489 443653 10  3 79  7  0  0
10  7 361680 13189312 1661164 163035396    0    0 497584 452268 186470 447493 11  3 78  8  0  0
11  7 361680 13184172 1661164 163037888    0    0 501136 454968 187127 449253 11  3 79  8  0  0
10  8 361680 13184236 1661172 163040392    0    0 500432 451172 187978 451607 10  3 79  8  0  0
15  7 361680 13185112 1661172 163042884    0    0 501024 451684 186907 449501 10  3 79  7  0  0
12  7 361680 13183444 1661172 163045444    0    0 499344 455404 187513 449726 11  3 78  7  0  0
10  8 361680 13180232 1661172 163047792    0    0 501808 453348 187496 453465 10  3 79  8  0  0
14  4 361680 13179572 1661172 163050444    0    0 506976 448836 188669 455038 10  4 79  8  0  0
10  8 361680 13178484 1661176 163052916    0    0 502192 462856 188779 453516 11  3 79  8  0  0
11  6 361680 13175356 1661176 163055508    0    0 507808 456204 188812 458275 10  4 79  8  0  0
12  7 361680 13173924 1661176 163057964    0    0 505120 461896 188270 448833 10  3 79  8  0  0
13  5 361680 13169588 1661176 163060460    0    0 506464 456204 189614 457077 10  3 79  8  0  0
10  8 361680 13167440 1661176 163062984    0    0 504448 456688 188305 450473 11  3 78  8  0  0
 4  1 361680 13160576 1661184 163065560    0    0 502656 439344 187836 449272 11  3 78  7  0  0
12  7 361680 13156312 1661184 163067940    0    0 494128 455368 188152 445424 11  3 79  7  0  0
14  5 361680 13153008 1661184 163070476    0    0 496528 453404 187363 443676 10  3 79  8  0  0
procs -----------memory---------- ---swap-- -----io---- -system-- -------cpu-------
 r  b   swpd   free   buff  cache   si   so    bi    bo   in   cs us sy id wa st gu
 5  1 361680 13154600 1661184 163072916    0    0 481328 431704 183084 433911 10  3 78  8  0  0
18  3 361680 13152496 1661184 163075288    0    0 489632 429504 183938 437277 10  3 78  8  0  0
10  8 361680 13150796 1661188 163077844    0    0 485744 454452 185272 437343 10  3 78  8  0  0
10  9 361680 13148972 1661188 163080288    0    0 503360 450200 188178 449151 10  3 78  8  0  0
 6 12 361680 13147584 1661188 163082828    0    0 501408 455020 188377 449168 10  3 79  8  0  0
13  7 361680 13142436 1661188 163085300    0    0 503520 458336 189006 454566 10  3 79  8  0  0
11  5 361680 13141412 1661188 163087724    0    0 504928 463424 189961 453006 11  3 78  8  0  0
 9  9 361680 13138344 1661192 163090232    0    0 499888 448476 188289 450349 11  3 78  8  0  0
12  6 361680 13132264 1661192 163092728    0    0 499072 459332 187615 448515 10  3 79  7  0  0
11  7 361680 13129744 1661192 163095212    0    0 496368 451520 187501 446697 10  3 79  7  0  0
 5  1 361680 13122188 1661192 163097680    0    0 492960 449680 187099 445371 10  3 79  8  0  0
14  5 361680 13116336 1661192 163100188    0    0 499776 451184 188639 450037 11  3 79  8  0  0
12  6 361680 13117116 1661196 163102772    0    0 503824 453464 188735 452091 10  3 79  8  0  0
13  5 361680 13072344 1661196 163105104    0    0 477056 434288 183602 426205 10  3 79  7  0  0
11  8 361680 13069416 1661196 163107596    0    0 504016 461508 188870 448971 10  3 78  8  0  0
11  6 361680 13074248 1661196 163110124    0    0 507888 448212 187356 449625 10  3 79  8  0  0
13  6 361680 13069100 1661196 163112504    0    0 502816 452492 186815 446256 11  3 79  7  0  0
14  6 361680 13068676 1661212 163115024    0    0 501312 457324 187853 447534 10  3 79  8  0  0
12  8 361680 13120284 1661216 163117520    0    0 500592 448676 187944 450229 10  4 79  7  0  0
16  3 361680 13121536 1661216 163120080    0    0 504224 458320 188550 451254 10  3 79  8  0  0
 6 12 361680 13116816 1661216 163122620    0    0 502800 453996 188415 452920 10  3 79  8  0  0
procs -----------memory---------- ---swap-- -----io---- -system-- -------cpu-------
 r  b   swpd   free   buff  cache   si   so    bi    bo   in   cs us sy id wa st gu
12  5 361680 13116884 1661216 163125088    0    0 501552 454656 186504 445426 10  3 79  7  0  0
14  4 361680 13116568 1661220 163127560    0    0 502064 450172 187954 451660 11  3 79  8  0  0
11  7 361680 13110372 1661220 163130016    0    0 501872 456024 188071 450207 10  3 79  7  0  0
10  8 361680 13110332 1661220 163132440    0    0 503856 452792 188087 451583 10  3 79  8  0  0
11  8 361680 13112760 1661220 163134952    0    0 482944 449172 184784 437468 10  3 79  8  0  0
12  6 361680 13111428 1661220 163137384    0    0 494096 436404 184758 442260 10  3 79  8  0  0
 8  0 361680 13108816 1661220 163139768    0    0 488608 428744 184292 436327 10  3 79  8  0  0
 8 11 361680 13105212 1661220 163142292    0    0 492832 460300 187783 445075 10  3 79  7  0  0
13  6 361680 13103384 1661220 163144732    0    0 495984 447460 186856 448769 10  3 79  7  0  0
11  7 361680 13103088 1661220 163147224    0    0 498064 456344 187446 448279 10  3 79  7  0  0
11  7 361680 13101256 1661220 163149736    0    0 493920 450260 187013 445549 11  3 79  7  0  0
15  4 361680 13100200 1661220 163152184    0    0 493888 449156 187017 446279 10  3 79  7  0  0
14  4 361680 13099784 1661220 163154700    0    0 502624 441404 188233 452460 10  3 79  8  0  0
14  5 361680 13099620 1661220 163157312    0    0 496656 462824 187820 451046 10  3 79  7  0  0
 2  1 361680 13099064 1661224 163159592    0    0 497860 446040 186854 447606 10  3 79  8  0  0
12  6 361680 13095876 1661224 163162256    0    0 501600 449396 188219 448163 10  3 79  8  0  0
13  5 361680 13090604 1661224 163164692    0    0 496880 448888 187068 445975 11  3 79  7  0  0
10  8 361680 13087288 1661224 163167204    0    0 503344 463544 188904 448685 10  3 79  8  0  0
13  6 361680 13082012 1661224 163169700    0    0 510528 452648 189571 457253 11  3 78  8  0  0
11  7 361680 13076124 1661224 163172284    0    0 506160 461472 189136 452409 11  3 78  8  0  0
13  5 361680 13072136 1661224 163174840    0    0 503568 450792 188553 453066 10  4 79  7  0  0
procs -----------memory---------- ---swap-- -----io---- -system-- -------cpu-------
 r  b   swpd   free   buff  cache   si   so    bi    bo   in   cs us sy id wa st gu
 4  0 361680 13072932 1661232 163177336    0    0 505488 446868 187185 451293 11  3 78  8  0  0
13  5 361680 13066296 1661232 163179820    0    0 501712 461404 188798 453923 11  3 79  7  0  0
12  7 361680 13061592 1661232 163182392    0    0 502688 455152 188658 453517 11  3 78  8  0  0
15  6 361680 13062576 1661232 163184832    0    0 496048 450912 188214 447686 10  3 79  7  0  0
 9  9 361680 13058812 1661232 163187352    0    0 505040 453328 188508 452016 10  3 79  8  0  0
13  6 361680 13056264 1661240 163189852    0    0 499248 464276 188656 451436 11  3 78  8  0  0
14  5 361680 13054796 1661240 163192360    0    0 507440 451672 188952 453534 11  3 79  8  0  0
14  4 361680 13051304 1661240 163194884    0    0 507104 457788 189412 455110 11  3 78  8  0  0
10  8 361680 13048732 1661240 163197272    0    0 482320 448748 184755 432865 10  3 79  8  0  0
14  5 361680 13048400 1661240 163199432    0    0 480160 432212 181918 428617 10  3 79  8  0  0
11  7 361680 13044844 1661248 163201960    0    0 478656 420148 181460 426298 10  3 79  8  0  0
12  6 361680 13040716 1661248 163204424    0    0 483104 445800 183618 435136 10  3 79  8  0  0
13  5 361680 13039360 1661248 163206928    0    0 492144 443412 185265 438131 10  3 79  8  0  0
11  7 361680 13031596 1661248 163209336    0    0 493920 441076 185671 442077 10  3 79  8  0  0
11  7 361680 13027524 1661248 163211740    0    0 494960 447216 185968 441407 10  3 79  8  0  0
14  6 361680 13025384 1661252 163214232    0    0 488704 440896 185751 442112 10  3 79  8  0  0
12  6 361680 13022940 1661252 163216584    0    0 489616 440836 185432 440399 10  3 79  8  0  0
13  5 361680 13019948 1661252 163219068    0    0 486736 439612 184420 436095 10  3 79  8  0  0
12  7 361680 13015952 1661252 163221564    0    0 489264 453824 186630 442894 10  3 78  8  0  0
10  8 361680 13014056 1661252 163224124    0    0 490496 445232 185756 445919 10  3 79  8  0  0
 9  9 361680 13010216 1661260 163226540    0    0 488032 440232 185599 441548 10  3 79  8  0  0
procs -----------memory---------- ---swap-- -----io---- -system-- -------cpu-------
 r  b   swpd   free   buff  cache   si   so    bi    bo   in   cs us sy id wa st gu
10 11 361680 13007924 1661260 163228956    0    0 490928 445076 186512 444748 11  4 79  7  0  0
10  8 361680 13002780 1661260 163231308    0    0 505040 456648 189049 452826 10  3 78  8  0  0
 9  8 361680 13003048 1661260 163233912    0    0 503840 457032 188973 455729 10  3 78  8  0  0
14  6 361680 13004536 1661260 163236416    0    0 504992 451408 188419 452474 11  3 78  8  0  0
13  7 361680 13004704 1661264 163238828    0    0 498400 461176 188679 450113 11  3 78  8  0  0
17  3 361680 13004084 1661264 163241400    0    0 498624 457312 188936 452054 10  3 79  8  0  0
14  5 361680 13001288 1661264 163243856    0    0 500192 446156 187054 447000 11  3 79  8  0  0
11  8 361680 13000396 1661264 163246376    0    0 499264 450708 188480 448875 11  3 79  7  0  0
13  0 361680 12979584 1661264 163248764    0    0 493184 458948 185861 442688 10  3 79  7  0  0
11  8 361680 12974616 1661264 163251340    0    0 500128 450628 187595 446144 11  3 79  7  0  0
16  5 361680 12968912 1661264 163253836    0    0 499296 449516 188045 449894 10  3 79  7  0  0
 7 11 361680 12963760 1661264 163256168    0    0 499120 451908 187846 448550 11  3 79  7  0  0
18  4 361680 12959384 1661264 163258664    0    0 492272 451972 186392 444381 10  3 79  8  0  0
10  8 361680 12958972 1661264 163261136    0    0 485664 435832 184184 435452 10  3 79  8  0  0
14  4 361680 12952396 1661264 163263564    0    0 487152 441272 184067 434846 10  3 79  8  0  0
12  7 361680 12950844 1661264 163265948    0    0 489504 437580 185162 439047 10  3 79  8  0  0
10  8 361680 12951180 1661264 163268524    0    0 501776 458868 188389 453062 10  3 79  8  0  0
10  8 361680 12948032 1661264 163270956    0    0 503648 448876 188484 452509 10  4 78  8  0  0
17  2 361680 12944652 1661264 163273484    0    0 506992 451908 188037 451601 10  3 79  8  0  0
13  6 361680 12943648 1661264 163275972    0    0 500016 458228 187614 448053 10  3 79  8  0  0
12  7 361680 12949500 1661268 163278500    0    0 501056 452708 188436 453267 10  3 79  8  0  0
procs -----------memory---------- ---swap-- -----io---- -system-- -------cpu-------
 r  b   swpd   free   buff  cache   si   so    bi    bo   in   cs us sy id wa st gu
12  6 361680 12945816 1661268 163280832    0    0 494592 447220 187183 446462 10  3 79  7  0  0
16  5 361680 12941200 1661268 163283388    0    0 501520 452400 188427 449897 10  3 79  8  0  0
10  8 361680 12937040 1661268 163285880    0    0 501136 458352 188217 447747 11  3 78  8  0  0
11  8 361680 12934432 1661268 163288408    0    0 501120 450708 187698 451945 10  3 79  8  0  0
11  6 361680 12932904 1661268 163290828    0    0 505136 456328 189153 452184 11  4 78  8  0  0
17  3 361680 12927296 1661268 163293268    0    0 499888 456344 188733 450933 10  3 79  7  0  0
 8  9 361680 12923312 1661272 163295772    0    0 496676 451924 186419 445675 10  3 79  7  0  0
12  8 361680 12923392 1661272 163298252    0    0 500608 452820 188067 448601 11  3 79  7  0  0
11  7 361680 12919908 1661272 163300808    0    0 501552 448348 187190 445685 10  3 79  7  0  0
12  5 361680 12917428 1661272 163303060    0    0 505088 449960 188166 450399 11  3 78  8  0  0
13  5 361680 12917364 1661272 163305720    0    0 497920 454016 186416 448181 11  3 79  7  0  0
12  6 361680 12916744 1661272 163308244    0    0 505008 450812 186151 448918 11  4 78  8  0  0
11  7 361680 12914292 1661272 163310692    0    0 508896 449408 186802 450921 10  3 79  8  0  0
 8 10 361680 12915244 1661272 163313252    0    0 499552 458232 186661 447160 11  3 78  8  0  0
10  7 361680 12911756 1661276 163315680    0    0 505968 453620 188533 453494 11  3 78  8  0  0
16  5 361680 12913704 1661276 163318236    0    0 501296 456936 187044 451035 10  3 79  7  0  0
14  7 361680 12911624 1661276 163320836    0    0 499088 448384 187427 446763 10  3 79  8  0  0
14  4 361680 12912496 1661276 163323228    0    0 485776 440504 184841 435151 10  3 79  8  0  0
17  4 361680 12909336 1661276 163325592    0    0 483840 440488 183238 435332 10  3 78  8  0  0
16  2 361680 12906192 1661276 163328100    0    0 491696 442216 185477 437921 10  3 79  8  0  0
12  6 361680 12903900 1661276 163330624    0    0 499520 457432 188099 449966 10  3 79  8  0  0
procs -----------memory---------- ---swap-- -----io---- -system-- -------cpu-------
 r  b   swpd   free   buff  cache   si   so    bi    bo   in   cs us sy id wa st gu
14  4 361680 12902280 1661276 163333108    0    0 501600 449148 188121 449539 11  3 79  8  0  0
10  8 361680 12899800 1661276 163335576    0    0 507264 453784 188335 451576 11  3 78  8  0  0
11  7 361680 12900788 1661276 163338052    0    0 504000 456780 188728 449160 11  3 79  8  0  0
10  8 361680 12895696 1661276 163340576    0    0 500048 457624 188612 452862 11  3 78  8  0  0
13  5 361680 12895988 1661276 163343060    0    0 500064 457280 187924 448531 11  3 78  8  0  0
10  9 361680 12896900 1661276 163345308    0    0 493728 448808 185222 444626 11  3 79  7  0  0
13  7 361680 12894096 1661276 163347948    0    0 505760 449268 187362 451601 11  3 78  8  0  0
11  7 361680 12887712 1661276 163350456    0    0 503664 457708 188517 454739 10  3 78  8  0  0
14  5 361680 12888164 1661280 163353052    0    0 507520 458596 188666 457980 11  3 78  8  0  0
13  6 361680 12888488 1661280 163355516    0    0 501824 468880 188514 451462 10  3 79  8  0  0
10  8 361680 12885348 1661280 163358068    0    0 505168 447028 187859 454135 11  3 79  8  0  0
18  4 361680 12886104 1661280 163360516    0    0 499392 462084 188126 450218 10  3 79  7  0  0
14  4 361680 12885428 1661280 163363024    0    0 500960 451768 188222 449458 11  3 79  7  0  0
11  9 361680 12878960 1661284 163365576    0    0 504496 452372 188942 451111 11  3 79  8  0  0
16  2 361680 12880684 1661284 163368052    0    0 501088 461084 187529 448760 10  3 79  7  0  0
12  7 361680 12874948 1661284 163370576    0    0 505680 448392 187578 451493 10  3 79  8  0  0
12  6 361680 12874276 1661284 163373068    0    0 500576 457616 187777 449489 11  3 79  7  0  0
15  4 361680 12873600 1661284 163375492    0    0 503936 452396 187824 451953 11  3 78  8  0  0
12  7 361680 12871748 1661288 163378012    0    0 498064 459404 188720 452141 11  3 78  7  0  0
11  5 361680 12873352 1661288 163380532    0    0 504208 445808 186790 449278 11  3 79  7  0  0
13  7 361680 12868112 1661288 163382988    0    0 489568 450468 185972 439170 10  3 79  7  0  0
procs -----------memory---------- ---swap-- -----io---- -system-- -------cpu-------
 r  b   swpd   free   buff  cache   si   so    bi    bo   in   cs us sy id wa st gu
10  8 361680 12863380 1661288 163385356    0    0 487184 421152 184429 434429 10  3 78  8  0  0
 5  2 361680 12865416 1661288 163387812    0    0 483808 451608 183092 430886 10  3 79  8  0  0
 3  1 361680 12858776 1661296 163390012    0    0 487440 443188 183950 437276 10  3 79  8  0  0
10  9 361680 12856248 1661296 163392612    0    0 495776 451748 185012 447111 10  3 79  7  0  0
10  7 361680 12854552 1661296 163395152    0    0 500560 454960 185619 448469 10  3 79  8  0  0
11  7 361680 12850448 1661296 163397608    0    0 503664 452176 186372 450987 10  3 79  8  0  0
12  6 361680 12850380 1661296 163400132    0    0 500816 454432 185261 446532 11  3 79  7  0  0
16  3 361680 12847708 1661300 163402624    0    0 502304 457348 186341 451562 11  3 79  8  0  0
13  5 361680 12844608 1661300 163405156    0    0 502000 453508 186939 449108 11  3 79  8  0  0
 8 10 361680 12839576 1661300 163407576    0    0 493600 458368 186299 444533 10  3 79  8  0  0
12  5 361680 12833484 1661300 163410060    0    0 498896 448776 185825 450484 11  3 79  7  0  0
16  4 361680 12828516 1661300 163412652    0    0 502576 457788 187115 452102 11  3 78  8  0  0
 8 10 361680 12829400 1661300 163415060    0    0 504512 458076 186265 453479 10  3 79  8  0  0
13  6 361680 12828864 1661300 163417584    0    0 510128 465384 189110 457228 11  3 78  8  0  0
10  9 361680 12827876 1661300 163420088    0    0 507856 454584 186482 454838 11  3 79  8  0  0
14  5 361680 12828672 1661300 163422588    0    0 504624 463772 187864 451119 11  3 78  8  0  0
13  5 361680 12826952 1661300 163425056    0    0 507584 452760 188132 455702 10  3 79  8  0  0
13  7 361680 12821668 1661304 163427580    0    0 504576 465092 188675 457186 11  3 79  8  0  0
13  7 361680 12815968 1661308 163430108    0    0 500772 455320 187764 451818 11  3 78  7  0  0
16  5 361680 12814392 1661308 163432544    0    0 503648 458492 187759 453345 11  3 79  8  0  0
11  7 361680 12808132 1661308 163435084    0    0 505296 456540 186628 452751 10  3 79  8  0  0
procs -----------memory---------- ---swap-- -----io---- -system-- -------cpu-------
 r  b   swpd   free   buff  cache   si   so    bi    bo   in   cs us sy id wa st gu
10  9 361680 12803056 1661308 163437624    0    0 501232 458328 187248 453521 10  3 79  8  0  0
 9  7 361680 12801384 1661316 163440196    0    0 506544 453928 187851 452185 10  3 79  8  0  0
13  5 361680 12797980 1661316 163442660    0    0 494144 457964 186923 445701 11  3 78  7  0  0
12  6 361680 12798128 1661316 163445100    0    0 493072 440708 185382 440373 10  3 79  8  0  0
15  4 361680 12775968 1661316 163447584    0    0 478368 441808 182884 430449 10  3 79  8  0  0
10  7 361680 12770064 1661316 163449908    0    0 483232 439200 183371 435240 10  3 79  8  0  0
19  5 361680 12767972 1661320 163452308    0    0 503776 443020 187127 451076 10  3 79  8  0  0
16  4 361680 12767280 1661320 163454852    0    0 494784 458356 186033 443415 10  3 79  7  0  0
12  6 361680 12766448 1661320 163457280    0    0 502832 453564 187563 451653 10  3 79  8  0  0
13  6 361680 12764476 1661320 163459840    0    0 499808 444112 186566 447174 11  3 79  7  0  0
 9  9 361680 12760972 1661320 163462328    0    0 496560 457772 187092 447756 11  3 79  7  0  0
10  8 361680 12757864 1661320 163464864    0    0 492672 444848 185272 442188 11  3 79  7  0  0
13  7 361680 12751808 1661320 163467248    0    0 501120 451300 187423 448440 10  3 79  8  0  0
12  7 361680 12747884 1661320 163469704    0    0 497328 445756 185651 443888 11  3 78  7  0  0
10  7 361680 12743980 1661320 163472276    0    0 497392 453604 185965 444028 10  3 79  7  0  0
11  6 361680 12742472 1661320 163474596    0    0 508944 447412 187932 451515 10  3 79  8  0  0
11 10 361680 12743528 1661324 163477256    0    0 510608 455928 188339 458270 10  3 78  8  0  0
 9  9 361680 12739108 1661324 163479784    0    0 506384 458736 187728 451260 10  3 79  8  0  0
14  6 361680 12740684 1661324 163482248    0    0 502544 454088 187427 449871 10  3 79  8  0  0
14  5 361680 12735568 1661324 163484596    0    0 503088 459828 187931 447535 10  3 79  8  0  0
12  5 361680 12730640 1661324 163487260    0    0 503024 447760 188101 453650 11  3 79  7  0  0
procs -----------memory---------- ---swap-- -----io---- -system-- -------cpu-------
 r  b   swpd   free   buff  cache   si   so    bi    bo   in   cs us sy id wa st gu
11  7 361680 12725948 1661328 163489688    0    0 500176 447968 188029 447093 11  3 79  7  0  0
11  7 361680 12727796 1661328 163492256    0    0 498624 454328 187815 450059 11  3 78  7  0  0
10  7 361680 12726568 1661328 163494760    0    0 499744 447592 186995 445586 11  3 79  7  0  0
12  8 361680 12723640 1661328 163497076    0    0 505104 457276 188328 453261 10  3 79  8  0  0
11  7 361680 12721112 1661328 163499736    0    0 505472 454696 188335 451092 10  3 79  8  0  0
10  8 361680 12720184 1661332 163502112    0    0 504048 452544 187636 451329 11  3 78  8  0  0
13  5 361680 12713776 1661332 163504784    0    0 500096 457352 187272 450433 11  3 79  7  0  0
 5  0 361680 12715272 1661332 163507196    0    0 496272 436924 183991 437773 10  3 79  8  0  0
 7  0 361680 12715204 1661332 163509640    0    0 493104 441716 183823 438842 10  3 78  8  0  0
12  9 361680 12712768 1661332 163512044    0    0 482288 445836 182406 428040 10  3 79  8  0  0
 9  8 361680 12709252 1661332 163514480    0    0 490704 443508 184889 439497 10  3 79  8  0  0
16  4 361680 12707560 1661332 163516996    0    0 501776 448432 187512 447372 11  3 79  7  0  0
12  7 361680 12702860 1661332 163519504    0    0 498992 447892 186225 445711 10  3 79  7  0  0
 7  2 361680 12697300 1661332 163521956    0    0 502944 443276 186347 453202 11  3 78  8  0  0
13  9 361680 12696308 1661332 163524520    0    0 506080 449960 186986 448719 10  3 79  8  0  0
12  7 361680 12697508 1661336 163527116    0    0 499616 458992 188268 449475 10  3 79  8  0  0
14  5 361680 12693704 1661336 163529420    0    0 503168 452724 185690 447413 10  4 78  8  0  0
11  7 361680 12691288 1661336 163532016    0    0 500144 442908 186084 446563 11  3 79  7  0  0
 4  2 361680 12687160 1661336 163534532    0    0 501040 448240 187483 450836 11  3 78  7  0  0
12  6 361680 12679348 1661336 163537036    0    0 500400 453020 187666 449381 10  3 79  7  0  0
12  6 361680 12676892 1661340 163539532    0    0 498784 450584 186329 443728 11  3 79  7  0  0
procs -----------memory---------- ---swap-- -----io---- -system-- -------cpu-------
 r  b   swpd   free   buff  cache   si   so    bi    bo   in   cs us sy id wa st gu
13  5 361680 12672760 1661340 163541964    0    0 493840 447220 184318 438833 11  3 79  7  0  0
 8 11 361680 12669828 1661340 163544436    0    0 499664 443308 185116 443929 11  3 79  7  0  0
13  5 361680 12673408 1661340 163546956    0    0 500032 454920 187277 446985 10  3 79  8  0  0
 5  4 361680 12670632 1661340 163549444    0    0 499808 457744 188551 450718 10  4 78  7  0  0
12  6 361680 12670908 1661344 163551972    0    0 501648 449132 187967 447661 11  3 79  7  0  0
13  7 361680 12668456 1661344 163554440    0    0 496064 452872 185998 446078 10  3 79  7  0  0
14  5 361680 12661580 1661344 163556944    0    0 499520 456084 186936 446042 10  3 79  8  0  0
12  6 361680 12662456 1661344 163559460    0    0 500496 441336 185025 446242 10  3 79  7  0  0
14  5 361680 12662604 1661344 163561832    0    0 502896 453952 187236 448565 11  3 78  8  0  0
11  7 361680 12659932 1661348 163564396    0    0 506816 456132 187389 450737 11  3 78  8  0  0
 8 10 361680 12653968 1661352 163566940    0    0 506708 453804 186720 448728 11  3 79  8  0  0
13  5 361680 12649752 1661352 163569388    0    0 497952 441688 184085 439217 10  3 79  8  0  0
10  9 361680 12656012 1661352 163571792    0    0 484016 438272 182402 427684 10  3 79  8  0  0
 9  7 361680 12652204 1661352 163574256    0    0 489440 443396 183190 434390 10  3 79  8  0  0
 9  9 361680 12651720 1661352 163576592    0    0 494976 433460 182770 438404 10  3 79  8  0  0
11  7 361680 12652728 1661352 163579140    0    0 506480 455392 186722 450192 10  4 78  8  0  0
15  4 361680 12649564 1661352 163581664    0    0 503200 449184 185439 445522 10  3 79  8  0  0
 4  1 361680 12643480 1661352 163584204    0    0 507936 445312 186308 451837 11  3 78  8  0  0
14  5 361680 12644628 1661352 163586676    0    0 496752 458912 185017 442009 11  3 79  7  0  0
13  7 361680 12638376 1661352 163589184    0    0 503120 436520 185064 446659 11  4 78  7  0  0
13  9 361680 12635528 1661352 163591632    0    0 494256 462352 185620 440242 10  3 79  7  0  0
procs -----------memory---------- ---swap-- -----io---- -system-- -------cpu-------
 r  b   swpd   free   buff  cache   si   so    bi    bo   in   cs us sy id wa st gu
11  7 361680 12632704 1661352 163594156    0    0 504256 446256 187587 449340 10  3 79  8  0  0
11  7 361680 12628020 1661352 163596588    0    0 498160 461340 186694 445028 11  3 78  8  0  0
10  8 361680 12624680 1661352 163598992    0    0 503232 447524 186704 447380 11  3 78  8  0  0
13  6 361680 12621712 1661352 163601584    0    0 498192 453004 186340 450346 11  4 78  7  0  0
10  8 361680 12621372 1661352 163604124    0    0 502800 453136 185237 444840 11  3 78  8  0  0
 8 11 361680 12614952 1661352 163606668    0    0 506272 440856 185088 446398 11  3 79  7  0  0
17  2 361680 12610360 1661352 163609124    0    0 502880 456548 186191 446668 11  4 78  8  0  0
12  7 361680 12608832 1661352 163611636    0    0 502176 441476 185926 450376 10  3 79  8  0  0
13  5 361680 12603608 1661352 163614156    0    0 492432 458924 185875 442081 11  3 79  7  0  0
16  4 361680 12606228 1661352 163616480    0    0 503168 453708 186965 450044 11  3 78  7  0  0
 6 12 361680 12602036 1661352 163619100    0    0 501696 450020 185356 446690 11  4 78  8  0  0
14  6 361680 12599904 1661352 163621672    0    0 504800 448144 185276 443886 11  3 79  8  0  0
 3  8 361680 12592280 1661352 163624140    0    0 503824 455156 185325 443467 11  4 78  8  0  0
15  7 361680 12593856 1661356 163626548    0    0 501536 443480 183641 438715 10  3 79  7  0  0
13  5 361680 12590348 1661356 163629052    0    0 501920 448588 184917 446566 11  3 79  8  0  0
 7  1 361680 12592308 1661356 163631556    0    0 498000 451252 184931 442091 10  3 79  8  0  0
13  4 361680 12591424 1661356 163634016    0    0 485808 433428 182131 432718 10  3 79  8  0  0
10  7 361680 12586228 1661356 163636364    0    0 489056 422544 181655 433098 10  3 79  8  0  0
10  8 361680 12581828 1661360 163638760    0    0 485200 445464 182991 432442 10  3 79  8  0  0
13  6 361680 12582848 1661360 163641288    0    0 507648 452208 186408 451892 11  3 78  8  0  0
11  7 361680 12580720 1661360 163643784    0    0 498944 450656 183911 442317 11  3 78  8  0  0
procs -----------memory---------- ---swap-- -----io---- -system-- -------cpu-------
 r  b   swpd   free   buff  cache   si   so    bi    bo   in   cs us sy id wa st gu
 6  0 361680 12575068 1661360 163646248    0    0 498080 441976 184361 446145 10  4 79  7  0  0
 8 11 361680 12528568 1661360 163648504    0    0 481728 429876 178952 426460 10  3 80  7  0  0
10  9 361680 12526348 1661360 163651124    0    0 499360 461768 186975 449748 11  3 79  7  0  0
10  9 361680 12523728 1661360 163653516    0    0 503344 447644 186818 449686 11  3 78  8  0  0
13  5 361680 12519272 1661360 163656060    0    0 504576 442868 185666 449254 11  3 78  8  0  0
15  5 361680 12521124 1661360 163658536    0    0 495616 456884 184696 442717 11  3 79  7  0  0
19  3 361680 12579616 1661364 163660980    0    0 499056 452976 186311 451093 11  3 78  7  0  0
12  6 361680 12577916 1661364 163663564    0    0 499952 456996 185056 446195 11  3 79  7  0  0
12  5 361680 12578812 1661364 163666028    0    0 497840 451228 186072 445860 11  3 79  7  0  0
11  7 361680 12573680 1661364 163668516    0    0 499488 450784 185768 446392 11  3 79  7  0  0
11  6 361680 12571892 1661364 163671024    0    0 502704 446664 184889 446384 10  3 79  8  0  0
14  5 361680 12565672 1661364 163673532    0    0 501520 449896 185793 448712 11  4 78  7  0  0
11  7 361680 12561528 1661364 163675980    0    0 502192 445576 185066 447719 11  3 78  7  0  0
16  4 361680 12560164 1661364 163678516    0    0 501968 450276 185727 448808 10  4 79  7  0  0
11  7 361680 12558116 1661364 163681020    0    0 501856 450572 186486 450057 11  3 79  7  0  0
10  8 361680 12553864 1661364 163683548    0    0 502448 460112 187661 450472 10  3 79  7  0  0
11  7 361680 12552528 1661364 163686032    0    0 499472 456556 188258 452390 11  3 79  7  0  0
 7 10 361680 12547512 1661364 163688412    0    0 505824 452448 188205 452145 11  3 79  7  0  0
14  6 361680 12546828 1661364 163690992    0    0 505088 452628 187311 453076 11  3 79  7  0  0
13  4 361680 12546524 1661364 163693516    0    0 506160 456004 189496 453109 11  4 78  7  0  0
 7 10 361680 12542068 1661364 163695916    0    0 487504 446692 184768 436738 10  3 79  8  0  0
procs -----------memory---------- ---swap-- -----io---- -system-- -------cpu-------
 r  b   swpd   free   buff  cache   si   so    bi    bo   in   cs us sy id wa st gu
14  4 361680 12544996 1661364 163698532    0    0 496768 425444 184190 439561 10  3 79  8  0  0
11  7 361680 12543624 1661368 163700904    0    0 489296 455228 185028 438823 10  3 79  8  0  0
13  5 361680 12542960 1661372 163703428    0    0 500068 454100 188161 447601 10  4 79  7  0  0
11  7 361680 12547768 1661372 163705904    0    0 500464 451884 186998 446628 11  3 79  7  0  0
 6  2 361680 12542068 1661372 163708284    0    0 501200 449640 186551 446883 11  3 79  7  0  0
12  6 361680 12536756 1661372 163710892    0    0 503184 455516 187343 451769 11  3 79  7  0  0
19  3 361680 12537388 1661376 163713336    0    0 504784 453816 186852 448147 10  3 79  7  0  0
12  6 361680 12539064 1661376 163715852    0    0 504128 457784 188440 454402 11  3 79  7  0  0
12  5 361680 12531904 1661376 163718332    0    0 507568 459360 189616 457129 11  3 79  7  0  0
 8 10 361680 12532276 1661376 163720824    0    0 505296 458632 189380 455725 11  3 79  7  0  0
13  5 361680 12531248 1661376 163723428    0    0 504592 448908 187141 447917 11  4 79  7  0  0
10  8 361680 12528644 1661376 163725880    0    0 506656 458408 187809 451438 11  3 79  7  0  0
14  6 361680 12525884 1661376 163728412    0    0 506416 444356 187906 448791 11  3 79  7  0  0
 9  3 361680 12518548 1661376 163730916    0    0 496016 467776 188793 449422 11  3 79  7  0  0
15  5 361680 12514872 1661376 163733436    0    0 502032 458708 189183 450194 11  3 78  7  0  0
 6  1 361680 12510784 1661376 163735900    0    0 502320 458744 188878 451870 11  3 78  7  0  0
12  7 361680 12506872 1661376 163738380    0    0 505008 450844 188399 453501 10  3 79  7  0  0
12  7 361680 12502324 1661376 163740864    0    0 504544 458052 188887 453492 11  3 79  7  0  0
 7  0 361680 12499392 1661376 163743380    0    0 503856 465800 189936 453045 11  3 79  7  0  0
 8 11 361680 12500204 1661376 163745872    0    0 504624 450744 189347 455224 10  3 79  7  0  0
15  4 361680 12493928 1661376 163748332    0    0 500272 462060 187910 448639 11  3 79  7  0  0
procs -----------memory---------- ---swap-- -----io---- -system-- -------cpu-------
 r  b   swpd   free   buff  cache   si   so    bi    bo   in   cs us sy id wa st gu
 9  9 361680 12491424 1661376 163750852    0    0 501536 449692 186677 447941 11  3 79  7  0  0
12  6 361680 12489720 1661376 163753432    0    0 506528 460656 189066 453476 11  3 79  7  0  0
 7  2 361680 12489716 1661376 163755884    0    0 496512 441272 185319 443136 10  3 79  8  0  0
 8  0 361680 12489132 1661376 163758372    0    0 487184 447072 184507 436617 10  3 79  8  0  0
 9  9 361680 12484400 1661376 163760800    0    0 486016 436736 183097 433308 10  3 79  8  0  0
14  5 361680 12486704 1661376 163763280    0    0 500864 460332 186623 448232 10  3 79  7  0  0
17  2 361680 12485232 1661376 163765760    0    0 503216 455828 187618 454918 11  3 79  7  0  0
10  7 361680 12480128 1661376 163768216    0    0 496976 452520 187388 447746 11  3 79  7  0  0
11  7 361680 12478956 1661376 163770724    0    0 501536 450660 187377 450162 11  3 79  7  0  0
14  4 361680 12471636 1661376 163773228    0    0 506240 454620 188127 452951 11  4 78  7  0  0
10  9 361680 12470520 1661380 163775748    0    0 509136 464092 188949 456672 11  3 79  7  0  0
11  7 361680 12471288 1661380 163778276    0    0 511184 455032 190018 458765 11  3 78  8  0  0
14  5 361680 12473064 1661380 163780808    0    0 507632 459624 189971 457542 10  3 79  7  0  0
13  5 361680 12466720 1661380 163783312    0    0 502928 459352 188764 451072 11  3 79  7  0  0
11  8 361680 12466732 1661380 163785840    0    0 509920 459356 190050 457900 11  3 79  7  0  0
 3  0 361680 12461340 1661380 163788340    0    0 506624 461160 188846 452542 11  4 78  7  0  0
15  3 361680 12451712 1661380 163790836    0    0 500944 438276 186402 447160 11  3 79  7  0  0
16  6 361680 12449640 1661380 163793292    0    0 503456 468880 189311 453107 11  3 79  7  0  0
12  7 361680 12445132 1661380 163795808    0    0 506384 455592 189475 456484 11  3 79  7  0  0
15  4 361680 12441364 1661380 163798384    0    0 504208 462336 189226 452714 11  3 79  7  0  0
16  5 361680 12440132 1661380 163800840    0    0 507664 457960 189795 456438 10  3 79  7  0  0
procs -----------memory---------- ---swap-- -----io---- -system-- -------cpu-------
 r  b   swpd   free   buff  cache   si   so    bi    bo   in   cs us sy id wa st gu
12  7 361680 12440228 1661380 163803384    0    0 501376 463672 189130 451815 11  3 79  7  0  0
16  5 361680 12434460 1661380 163805916    0    0 507248 454880 189529 456528 11  3 79  7  0  0
13  7 361680 12426368 1661380 163808444    0    0 511936 455500 189131 456987 11  3 79  7  0  0
13  6 361680 12423200 1661380 163810936    0    0 502944 464656 188960 453803 11  3 79  7  0  0
11  8 361680 12418944 1661384 163813492    0    0 503712 454296 188796 453423 10  4 79  7  0  0
 9  8 361680 12418728 1661384 163815916    0    0 497680 455668 187429 445778 10  3 78  8  0  0
10  8 361680 12414272 1661384 163818472    0    0 491120 442732 185150 441757 10  3 79  8  0  0
11  7 361680 12411784 1661384 163820908    0    0 493680 450240 185791 442803 10  3 79  8  0  0
11  7 361680 12411176 1661384 163823416    0    0 497872 444800 186215 446623 10  3 79  7  0  0
 9  0 361680 12408448 1661384 163825916    0    0 502704 464416 188601 453448 11  3 79  7  0  0
15  3 361680 12403980 1661384 163828456    0    0 504528 457372 188457 452994 11  3 79  7  0  0
10  9 361680 12399128 1661384 163830924    0    0 498304 454612 187230 448299 11  3 79  7  0  0
12  7 361680 12396988 1661384 163833352    0    0 509552 448716 189431 459179 11  3 78  8  0  0
13  5 361680 12394076 1661384 163835920    0    0 509664 463500 189394 456184 10  4 79  8  0  0
11  7 361680 12387128 1661392 163838408    0    0 504692 463736 188688 455350 11  3 79  7  0  0
15  4 361680 12382900 1661392 163840928    0    0 503168 454212 188535 455464 11  3 79  7  0  0
15  5 361680 12385148 1661392 163843428    0    0 507632 459548 189286 457429 11  3 78  7  0  0
10  6 361680 12380568 1661392 163845936    0    0 507472 450092 188820 452739 11  3 78  7  0  0
15  5 361680 12384040 1661392 163848320    0    0 505472 450516 187608 452683 10  3 79  7  0  0
15  3 361680 12383524 1661392 163850972    0    0 503264 457772 189324 453910 11  3 79  7  0  0
10  6 361680 12376892 1661392 163853480    0    0 504512 465344 188911 452783 10  3 79  7  0  0
procs -----------memory---------- ---swap-- -----io---- -system-- -------cpu-------
 r  b   swpd   free   buff  cache   si   so    bi    bo   in   cs us sy id wa st gu
12  7 361680 12378784 1661392 163855996    0    0 506512 452144 188117 450887 11  3 79  7  0  0
10  8 361680 12376064 1661392 163858528    0    0 506240 454180 187280 451094 10  3 79  7  0  0
15  8 361680 12372568 1661396 163861036    0    0 504512 453524 188420 453732 11  3 78  7  0  0
12  6 361680 12370436 1661396 163863516    0    0 499296 458080 187559 452251 11  3 79  7  0  0
10  8 361680 12366216 1661396 163866104    0    0 504208 458064 187533 450808 10  4 79  7  0  0
11  7 361680 12361352 1661396 163868572    0    0 508272 450144 188086 450162 11  3 79  7  0  0
10  8 361680 12361100 1661396 163871068    0    0 504640 463212 189002 456097 10  4 79  7  0  0
13  6 361680 12355660 1661396 163873608    0    0 503760 455520 188678 449939 11  3 79  7  0  0
14  6 361680 12352580 1661396 163876020    0    0 508032 452692 188722 452421 11  3 79  7  0  0
12  7 361680 12347244 1661396 163878560    0    0 499424 452552 186482 446269 10  3 79  8  0  0
15  5 361680 12346868 1661396 163880992    0    0 489696 443580 184659 439943 10  3 79  8  0  0
16  3 361680 12342960 1661396 163883460    0    0 491136 439976 184059 436011 10  3 79  8  0  0
10  9 361680 12339776 1661396 163885892    0    0 499264 444388 186154 444067 10  3 79  8  0  0
14  4 361680 12342668 1661396 163888376    0    0 499488 465676 187070 449179 11  3 79  7  0  0
11  8 361680 12342760 1661396 163890824    0    0 505712 453856 187631 454146 11  3 79  7  0  0
 8  9 361680 12340348 1661396 163893348    0    0 503104 455936 187169 452599 11  4 79  7  0  0
13  5 361680 12331120 1661396 163895864    0    0 504640 456756 187665 453554 10  4 79  8  0  0
15  4 361680 12333508 1661396 163898416    0    0 510800 455880 187692 456282 11  3 78  8  0  0
10  9 361680 12328748 1661396 163900900    0    0 500832 462860 187214 453934 11  3 78  7  0  0
11  9 361680 12325184 1661396 163903268    0    0 498640 452732 187383 450778 11  4 78  7  0  0
 7 11 361680 12326288 1661396 163905920    0    0 498688 458496 187188 450849 10  3 79  7  0  0
procs -----------memory---------- ---swap-- -----io---- -system-- -------cpu-------
 r  b   swpd   free   buff  cache   si   so    bi    bo   in   cs us sy id wa st gu
10  6 361680 12324396 1661396 163908420    0    0 496352 439476 185662 441855 10  3 78  8  0  0
 9 11 361680 12325016 1661400 163910864    0    0 491328 443976 184208 439151 10  3 79  8  0  0
16  5 361680 12320300 1661400 163913300    0    0 490496 445776 184172 436616 10  3 79  8  0  0
13  5 361680 12318936 1661400 163915744    0    0 508272 455400 188678 455690 11  4 78  7  0  0
13  5 361680 12314792 1661400 163918320    0    0 504784 461784 188703 451506 10  4 79  7  0  0
15  3 361680 12308000 1661400 163920784    0    0 502768 451344 186696 452290 11  3 79  7  0  0
13  5 361680 12304360 1661408 163923300    0    0 506736 459236 187662 454535 10  4 79  7  0  0
12  8 361680 12282880 1661408 163925828    0    0 492208 452236 185609 443197 10  3 79  7  0  0
14  6 361680 12287576 1661408 163928244    0    0 507472 459640 188508 453950 11  4 79  7  0  0
15  5 361680 12285828 1661408 163930852    0    0 505280 460200 189156 455707 11  3 79  7  0  0
11  7 361680 12289464 1661408 163933352    0    0 500384 453304 188158 450749 11  3 78  7  0  0
12  6 361680 12289556 1661412 163935800    0    0 502896 456696 188412 451405 11  3 79  7  0  0
 8 10 361680 12284680 1661412 163938332    0    0 505248 454608 188727 453285 11  3 79  7  0  0
15  6 361680 12285828 1661412 163940892    0    0 497920 449288 186878 443949 11  3 78  8  0  0
 9  9 361680 12282944 1661412 163943324    0    0 487024 445480 184101 436175 10  3 79  8  0  0
 6 13 361680 12279540 1661412 163945748    0    0 493856 444380 185444 443688 10  3 78  8  0  0
 6  0 361680 12274564 1661420 163948232    0    0 506544 449376 187410 455208 11  3 78  8  0  0
13  5 361680 12269540 1661420 163950744    0    0 509504 449948 188527 455958 10  3 79  7  0  0
13  6 361680 12269356 1661420 163953312    0    0 506896 463884 188070 455862 10  3 79  8  0  0
12  8 361680 12271752 1661420 163955740    0    0 504256 445340 186961 449625 10  4 79  7  0  0
11  7 361680 12270224 1661420 163958312    0    0 504064 452856 187934 452971 11  3 78  7  0  0
procs -----------memory---------- ---swap-- -----io---- -system-- -------cpu-------
 r  b   swpd   free   buff  cache   si   so    bi    bo   in   cs us sy id wa st gu
12  7 361680 12262888 1661424 163960832    0    0 502768 459900 188788 452048 10  3 79  7  0  0
14  4 361680 12262400 1661424 163963356    0    0 506208 457412 189841 454995 11  4 79  7  0  0
12  7 361680 12260440 1661424 163965928    0    0 504272 455252 188780 451237 11  3 79  7  0  0
13  5 361680 12257892 1661424 163968380    0    0 506576 459576 189332 456074 10  3 79  7  0  0
15  5 361680 12259596 1661424 163970848    0    0 490048 447556 184631 436790 10  3 79  8  0  0
11  8 361680 12256648 1661432 163973284    0    0 486040 440832 183751 436067 10  3 79  8  0  0
14  5 361680 12250708 1661432 163975784    0    0 495328 446688 185699 445837 10  3 78  8  0  0
12  6 361680 12250384 1661432 163978268    0    0 511344 457632 188294 454397 11  3 79  7  0  0
 5  2 361680 12247840 1661432 163980780    0    0 510688 464940 189981 457720 11  4 78  8  0  0
 7  0 361680 12242792 1661432 163983288    0    0 508720 460648 189438 456661 11  3 79  7  0  0
16  5 361680 12241588 1661432 163985852    0    0 502528 459488 188554 450836 11  4 78  7  0  0
15  4 361680 12235464 1661436 163988252    0    0 500480 447760 188190 450510 11  3 78  8  0  0
 8 10 361680 12236796 1661436 163990676    0    0 480960 447756 183985 435156 10  3 79  8  0  0
14  5 361680 12230832 1661436 163993140    0    0 486176 442536 183972 437436 10  3 79  8  0  0
13  4 361680 12225964 1661436 163995536    0    0 484256 440832 184181 435130 10  3 79  8  0  0
 3  4 361680 12222888 1661436 163997948    0    0 489360 440400 184364 440304 10  3 78  8  0  0
14  5 361680 12217688 1661440 164000352    0    0 483120 445792 184770 435998 10  3 79  8  0  0
13  5 361680 12216336 1661440 164002740    0    0 486816 448328 184573 437215 10  3 79  8  0  0
 8 11 361680 12210896 1661440 164005164    0    0 487840 437880 184659 434558 10  3 79  8  0  0
 9 10 361680 12204872 1661440 164007592    0    0 484144 442292 184439 434903 10  3 79  8  0  0
12  7 361680 12198220 1661440 164010092    0    0 492704 452508 186366 442988 10  3 79  8  0  0
procs -----------memory---------- ---swap-- -----io---- -system-- -------cpu-------
 r  b   swpd   free   buff  cache   si   so    bi    bo   in   cs us sy id wa st gu
19  3 361680 12199948 1661440 164012568    0    0 488832 437688 184579 439758 10  3 78  8  0  0
13  5 361680 12203324 1661440 164014804    0    0 484928 440064 184917 439537 10  3 78  8  0  0
13  7 361680 12203676 1661440 164017376    0    0 487856 443952 184271 439256 10  3 79  8  0  0
14  4 361680 12200332 1661440 164019796    0    0 482832 443332 183222 429589 10  3 79  8  0  0
 9  7 361680 12197996 1661444 164022060    0    0 494048 434000 184133 442097 10  3 78  8  0  0
10  8 361680 12191212 1661444 164024648    0    0 486064 446892 183700 436222 10  3 79  8  0  0
14  6 361680 12189568 1661444 164027096    0    0 486960 439116 183962 437903 10  3 79  8  0  0
11  8 361680 12184568 1661444 164029444    0    0 490464 445416 184517 438073 10  3 79  8  0  0
13  6 361680 12182660 1661444 164031940    0    0 484400 437432 183067 433295 10  3 79  8  0  0
18  5 361680 12181812 1661452 164034208    0    0 481056 430284 181603 423661 10  3 79  8  0  0
13  5 361680 12174476 1661452 164036584    0    0 478112 429488 181395 424989 10  3 79  8  0  0
 2  3 361680 12173476 1661452 164038976    0    0 476832 430656 181693 428301 10  3 79  8  0  0
13  7 361680 12169008 1661452 164041400    0    0 487904 440692 184276 437695 10  3 79  8  0  0
11  8 361680 12164908 1661452 164043792    0    0 492928 445620 185607 443521 10  3 79  8  0  0
15  4 361680 12163764 1661456 164046216    0    0 485232 442160 183890 435838 10  3 79  8  0  0
 8 11 361680 12168812 1661456 164048684    0    0 489632 433436 183679 436359 10  3 78  8  0  0
11  6 361680 12164264 1661456 164051096    0    0 491024 447156 184275 438435 10  3 79  8  0  0
11  9 361680 12168412 1661456 164053448    0    0 494128 440744 184562 440638 10  3 79  8  0  0
11  7 361680 12166264 1661456 164056028    0    0 487312 436388 181589 432352 10  3 79  8  0  0
10  8 361680 12160780 1661460 164058492    0    0 485488 444904 184474 438993 10  3 79  8  0  0
12  8 361680 12160276 1661460 164060940    0    0 490720 431788 183831 438436 10  3 79  8  0  0
procs -----------memory---------- ---swap-- -----io---- -system-- -------cpu-------
 r  b   swpd   free   buff  cache   si   so    bi    bo   in   cs us sy id wa st gu
13  7 361680 12154444 1661460 164063352    0    0 501376 448700 186785 447885 10  3 79  8  0  0
14  5 361680 12157340 1661460 164065892    0    0 502592 445856 187032 450209 10  3 79  8  0  0
12  6 361680 12155288 1661460 164068380    0    0 498800 449020 187146 447765 10  3 79  8  0  0
15  4 361680 12150588 1661464 164070812    0    0 500048 450448 186502 447616 11  3 78  8  0  0
12  8 361680 12152440 1661464 164073364    0    0 498304 450888 184867 444255 11  3 78  8  0  0
11  8 361680 12148548 1661464 164075804    0    0 492704 460472 186812 440698 10  3 79  7  0  0
12  6 361680 12144468 1661464 164078296    0    0 500272 448252 186067 447503 10  3 79  8  0  0
15  5 361680 12137888 1661464 164080660    0    0 496560 446892 184712 445963 10  3 79  8  0  0
11  7 361680 12139480 1661464 164083224    0    0 491552 446704 184733 439688 10  3 79  8  0  0
15  5 361680 12135404 1661464 164085644    0    0 500320 451432 187910 449836 11  3 78  8  0  0
13  5 361680 12130036 1661464 164088136    0    0 498688 448884 186912 448175 11  3 79  7  0  0
14  9 361680 12126464 1661464 164090628    0    0 497632 448948 185890 443648 10  3 79  8  0  0
13  9 361680 12122576 1661464 164093100    0    0 495472 454724 186192 444014 10  3 79  7  0  0
13  6 361680 12122444 1661468 164095604    0    0 490672 439828 183352 437557 10  3 79  8  0  0
13  5 361680 12122680 1661468 164097956    0    0 484512 435728 183106 431743 10  3 79  8  0  0
 9  9 361680 12119792 1661468 164100228    0    0 484608 444816 184861 436278 10  3 79  8  0  0
14  3 361680 12118620 1661468 164102744    0    0 500624 440400 186129 445158 10  3 78  8  0  0
11  7 361680 12114840 1661468 164105320    0    0 500384 453516 187655 448890 10  3 79  8  0  0
11  7 361680 12108392 1661476 164107824    0    0 503056 451240 187767 446917 10  3 79  8  0  0
13  6 361680 12110676 1661480 164110360    0    0 504180 450788 187407 447143 11  3 78  8  0  0
12  6 361680 12110092 1661480 164112872    0    0 504368 452816 187244 448653 11  3 79  8  0  0
procs -----------memory---------- ---swap-- -----io---- -system-- -------cpu-------
 r  b   swpd   free   buff  cache   si   so    bi    bo   in   cs us sy id wa st gu
12  6 361680 12109904 1661480 164115304    0    0 507120 456416 187772 449966 10  3 79  8  0  0
14  4 361680 12103180 1661480 164117916    0    0 498016 451596 187687 451383 11  3 79  7  0  0
16  3 361680 12105508 1661488 164120340    0    0 498208 451672 186326 445365 11  3 79  7  0  0
10  9 361680 12101276 1661488 164122856    0    0 500320 460068 187980 449894 11  3 79  7  0  0
 6 13 361680 12095936 1661488 164125344    0    0 498368 450432 187319 445815 10  3 79  7  0  0
 7 11 361680 12093204 1661488 164127832    0    0 501808 454400 187925 454120 11  3 79  7  0  0
 9  5 361680 12087736 1661488 164130332    0    0 497712 464188 188140 448042 11  3 78  7  0  0
12  6 361680 12085084 1661488 164132840    0    0 505040 454824 189487 454122 11  3 78  8  0  0
18  3 361680 12083652 1661488 164135340    0    0 504928 455148 189703 453831 11  4 78  8  0  0
10 10 361680 12083524 1661488 164137820    0    0 501776 446400 186905 447630 10  4 78  8  0  0
10  8 361680 12083988 1661488 164140336    0    0 499456 452192 187984 450505 11  3 79  7  0  0
 4  3 361680 12080956 1661488 164142800    0    0 497680 455392 187629 446448 10  4 79  7  0  0
14  7 361680 12079880 1661492 164145224    0    0 493664 442948 186163 441886 10  3 79  8  0  0
14  6 361680 12078724 1661492 164147704    0    0 495184 448516 186430 445771 11  3 79  7  0  0
10  8 361680 12076944 1661492 164150188    0    0 498224 456608 186958 447200 11  3 79  7  0  0
16  4 361680 12071108 1661492 164152672    0    0 499808 439484 185831 446801 11  3 78  7  0  0
14  6 361680 12071176 1661492 164155148    0    0 498896 450672 187269 449763 11  3 79  7  0  0
14  6 361680 12071076 1661496 164157620    0    0 495424 451852 187642 448229 11  3 78  8  0  0
11  6 361680 12064428 1661496 164160048    0    0 488656 436936 184011 435351 10  3 79  8  0  0
11  8 361680 12062336 1661496 164162436    0    0 488272 442276 183400 435217 10  3 79  8  0  0
 3  0 361680 12059248 1661496 164164884    0    0 486896 450268 185375 438002 10  3 79  8  0  0
procs -----------memory---------- ---swap-- -----io---- -system-- -------cpu-------
 r  b   swpd   free   buff  cache   si   so    bi    bo   in   cs us sy id wa st gu
11  7 361680 12054640 1661496 164167384    0    0 494752 448996 187150 449232 11  3 79  7  0  0
12  5 361680 12051464 1661504 164169868    0    0 507376 451900 187683 455227 10  3 79  8  0  0
12  6 361680 12049412 1661504 164172444    0    0 503120 453304 189047 453597 11  3 78  8  0  0
10  8 361680 12048640 1661504 164174920    0    0 498928 455992 187139 448077 11  3 79  8  0  0
12  7 361680 12046280 1661504 164177408    0    0 497376 444448 187019 444825 11  3 78  7  0  0
12  6 361680 12048508 1661504 164179912    0    0 502544 457352 187918 451183 10  3 79  7  0  0
12  8 361680 12046672 1661504 164182372    0    0 499536 461612 188508 451709 10  3 79  7  0  0
13  6 361680 12043708 1661508 164184916    0    0 504304 442144 187054 453999 11  3 79  8  0  0
13  7 361680 12044912 1661508 164187404    0    0 498576 451872 186643 446569 10  3 79  7  0  0
10  8 361680 12044936 1661508 164189820    0    0 497808 461664 187072 444791 11  3 79  7  0  0
13  5 361680 12005528 1661508 164192252    0    0 472736 418412 181313 427111 10  3 80  7  0  0
15  4 361680 12002672 1661508 164194772    0    0 502096 451480 187930 449659 11  3 79  8  0  0
12  6 361680 12000776 1661512 164197256    0    0 496032 461720 186980 442601 11  3 78  7  0  0
10  8 361680 12000248 1661512 164199836    0    0 506384 439840 187365 453038 11  3 78  8  0  0
13  5 361680 12022436 1661516 164202284    0    0 502608 454012 187886 449686 10  3 79  8  0  0
 2  1 361680 12018108 1661516 164204812    0    0 499792 454748 186835 450500 11  3 78  7  0  0
15  5 361680 12019144 1661516 164207336    0    0 494368 448088 186012 443694 10  3 79  8  0  0
 5  0 361680 12012960 1661520 164209740    0    0 493536 449060 185335 440606 10  3 79  8  0  0
17  5 361680 12017384 1661520 164212248    0    0 500224 451912 187915 449598 10  3 79  7  0  0
 6  0 361680 12010856 1661520 164214752    0    0 496624 455300 188154 450198 11  3 79  7  0  0
11  7 361680 12008064 1661520 164217160    0    0 498752 451952 187370 448465 11  3 79  8  0  0
procs -----------memory---------- ---swap-- -----io---- -system-- -------cpu-------
 r  b   swpd   free   buff  cache   si   so    bi    bo   in   cs us sy id wa st gu
13  5 361680 12001384 1661520 164219708    0    0 493648 463344 187725 446058 10  3 79  7  0  0
10 10 361680 11995588 1661524 164222224    0    0 494544 427488 184300 440099 10  3 78  8  0  0
11  5 361680 12003880 1661524 164224572    0    0 478288 431732 181410 425248 10  3 79  8  0  0
10  8 361680 11997708 1661524 164227036    0    0 484336 435676 182764 429912 10  3 78  8  0  0
12  7 361680 11992372 1661524 164229448    0    0 492080 436516 183336 435046 10  3 79  8  0  0
11  8 361680 11989800 1661524 164231888    0    0 490224 440020 183646 434831 10  3 79  8  0  0
 8 11 361680 11983284 1661528 164234300    0    0 488560 437840 183816 436822 10  3 79  8  0  0
13  7 361680 11985412 1661528 164236680    0    0 483440 443264 183156 433943 10  3 78  8  0  0
 7  1 361680 11978792 1661528 164239180    0    0 501040 455660 186943 449639 11  3 78  7  0  0
14  5 361680 11976832 1661528 164241600    0    0 505872 447536 186482 451835 10  3 79  8  0  0
12  6 361680 11976972 1661528 164244160    0    0 503040 451016 186017 446688 11  3 78  8  0  0
17  2 361680 11973584 1661536 164246612    0    0 496596 453556 185908 446332 11  4 78  7  0  0
 4  0 361680 11972544 1661536 164249148    0    0 496832 444888 184245 444396 10  3 79  7  0  0
12  7 361680 11969256 1661536 164251564    0    0 500928 464676 188349 453630 10  3 79  8  0  0
10  8 361680 11963104 1661536 164254080    0    0 504096 455352 187839 454231 11  3 79  7  0  0
16  4 361680 11959132 1661536 164256604    0    0 504064 467720 187098 456788 10  3 79  8  0  0
15  4 361680 11958264 1661536 164259084    0    0 506320 446632 186625 457602 10  3 79  8  0  0
13  5 361680 11953044 1661536 164261660    0    0 503328 458540 186972 455688 11  4 78  8  0  0
12  6 361680 11956284 1661536 164264104    0    0 501152 457180 183439 443271 11  3 78  8  0  0
15  4 361680 11956152 1661536 164266612    0    0 507296 435388 182777 444800 11  3 78  8  0  0
13  5 361680 11957172 1661536 164269112    0    0 494800 444032 180797 431740 10  3 79  8  0  0
procs -----------memory---------- ---swap-- -----io---- -system-- -------cpu-------
 r  b   swpd   free   buff  cache   si   so    bi    bo   in   cs us sy id wa st gu
11  6 361680 11954108 1661544 164271504    0    0 497520 439548 181588 438827 11  3 78  8  0  0
14  4 361680 11950716 1661544 164274088    0    0 499040 439752 181600 437498 10  3 79  8  0  0
12  8 361680 11943652 1661544 164276500    0    0 502704 447404 184056 442597 11  3 79  8  0  0
13  6 361680 11938216 1661544 164279028    0    0 503264 464356 187925 452598 11  3 79  8  0  0
15  5 361680 11941176 1661544 164281468    0    0 507056 461432 188725 452852 11  3 78  8  0  0
11  6 361680 11935396 1661544 164283960    0    0 498768 454348 187145 450748 10  3 78  8  0  0
12  8 361680 11937320 1661544 164286528    0    0 488512 442420 184207 439428 10  3 79  8  0  0
15  4 361680 11931464 1661544 164288908    0    0 490752 451228 185028 439565 10  3 79  8  0  0
18  3 361680 11930360 1661544 164291392    0    0 487664 447600 184072 442226 10  3 79  8  0  0
 9  9 361680 11924688 1661544 164293856    0    0 504544 451812 185593 448866 10  3 79  7  0  0
 4  1 361680 11920248 1661548 164296360    0    0 503088 460516 187447 454388 10  3 79  8  0  0
 4  2 361680 11916048 1661548 164298836    0    0 506160 462780 188452 450500 11  4 78  8  0  0
14  6 361680 11910488 1661548 164301396    0    0 499856 472688 189154 455612 11  3 79  8  0  0
11  8 361680 11910652 1661548 164303824    0    0 507856 457968 189447 458955 11  3 78  8  0  0
 6  0 361680 11910896 1661548 164306332    0    0 503104 461224 188413 451947 11  3 79  7  0  0
 6  2 361680 11908224 1661548 164308992    0    0 505456 455008 188947 454086 11  3 78  8  0  0
 4  4 361680 11906596 1661548 164311408    0    0 501168 468136 188522 452964 11  3 79  8  0  0
11  7 361680 11907316 1661548 164313912    0    0 507120 464432 189695 460240 11  3 78  8  0  0
11  7 361680 11906416 1661548 164316360    0    0 511200 456228 188053 456672 10  3 79  8  0  0
11  8 361680 11903656 1661548 164318772    0    0 500656 460112 187653 453592 11  3 79  7  0  0
14  5 361680 11895440 1661552 164321412    0    0 501456 458688 188355 453489 11  3 79  8  0  0
procs -----------memory---------- ---swap-- -----io---- -system-- -------cpu-------
 r  b   swpd   free   buff  cache   si   so    bi    bo   in   cs us sy id wa st gu
 5  1 361680 11891604 1661552 164323880    0    0 500208 469980 188655 453186 11  3 79  8  0  0
10 10 361680 11887376 1661552 164326420    0    0 499152 460760 187792 452577 11  3 78  8  0  0
 9  9 361680 11885884 1661552 164328880    0    0 498800 462344 187251 446510 11  4 78  8  0  0
13  5 361680 11881492 1661552 164331368    0    0 499488 461264 187370 452092 11  3 79  8  0  0
 3  1 361680 11879344 1661552 164333848    0    0 503424 446416 187785 454702 11  3 78  8  0  0
14  5 361680 11877412 1661552 164336360    0    0 500608 456336 186743 448053 10  3 79  7  0  0
15  3 361680 11872636 1661552 164338804    0    0 507936 460708 188581 454398 11  3 79  8  0  0
14  5 361680 11874684 1661552 164341376    0    0 502960 473568 188681 455172 10  3 79  8  0  0
10  8 361680 11868536 1661552 164343864    0    0 509136 456880 188759 454972 11  3 78  8  0  0
14  4 361680 11868312 1661552 164346340    0    0 499600 441648 186176 448336 11  3 78  8  0  0
13  9 361680 11862008 1661552 164348820    0    0 489840 453924 184433 439567 10  3 78  8  0  0
13  8 361680 11860792 1661552 164351340    0    0 486576 458144 183992 437446 10  3 79  8  0  0
 5  0 361680 11862024 1661552 164353760    0    0 494704 443348 186075 448383 10  3 79  8  0  0
13  7 361680 11858952 1661552 164356296    0    0 497808 472244 187673 453217 10  3 79  7  0  0
 1  4 361680 11854084 1661552 164358712    0    0 503424 447560 187627 454385 11  3 78  8  0  0
 7  0 361680 11850680 1661552 164361236    0    0 494352 465544 186807 449628 11  3 79  7  0  0
11  8 361680 11845408 1661552 164363700    0    0 500128 465472 187019 450837 10  3 79  7  0  0
14  4 361680 11840724 1661552 164366200    0    0 505984 449952 189383 460057 11  3 78  8  0  0
14  6 361680 11840800 1661552 164368800    0    0 497328 468132 187365 450396 11  3 79  7  0  0
13  5 361680 11837092 1661556 164371252    0    0 507312 451904 187817 456173 11  3 79  8  0  0
12  7 361680 11832472 1661556 164373776    0    0 499472 461844 187551 449775 11  3 78  7  0  0
procs -----------memory---------- ---swap-- -----io---- -system-- -------cpu-------
 r  b   swpd   free   buff  cache   si   so    bi    bo   in   cs us sy id wa st gu
12  5 361680 11829864 1661556 164376248    0    0 504464 455956 187860 451771 11  3 79  8  0  0
14  6 361680 11829196 1661556 164378752    0    0 496032 460844 187445 449705 10  3 79  7  0  0
12  5 361680 11822236 1661560 164381252    0    0 501588 455124 187461 450187 11  3 78  7  0  0
13  6 361680 11817780 1661560 164383724    0    0 502400 455548 187264 451230 11  3 79  8  0  0
 7 11 361680 11813268 1661560 164386180    0    0 504736 459064 187154 450188 11  3 79  8  0  0
15  4 361680 11809152 1661560 164388732    0    0 499632 463588 186669 446662 11  3 79  7  0  0
 8 10 361680 11809292 1661560 164391004    0    0 500672 447364 186880 453408 11  3 79  8  0  0
13  6 361680 11809608 1661560 164393568    0    0 493504 463820 186199 446808 10  3 79  7  0  0
15  4 361680 11808732 1661564 164396060    0    0 503120 448772 187845 452213 11  3 78  8  0  0
 8  2 361680 11810220 1661564 164398560    0    0 499888 467192 187920 448675 11  4 78  8  0  0
16  2 361680 11806100 1661564 164401076    0    0 501696 440052 186848 452928 11  4 78  8  0  0
13  5 361680 11802384 1661564 164403552    0    0 500304 471100 187067 449011 11  3 79  8  0  0
16  3 361680 11799268 1661564 164405968    0    0 500784 445812 187701 454322 11  3 79  7  0  0
14  3 361680 11797816 1661564 164408524    0    0 496624 461260 186896 449424 11  3 79  8  0  0
11  7 361680 11794852 1661564 164410976    0    0 489456 447800 183982 441078 10  3 79  8  0  0
13  5 361680 11792528 1661564 164413364    0    0 490176 437740 184016 439896 11  3 78  8  0  0
12  5 361680 11786860 1661564 164415832    0    0 479856 448704 182147 434873 10  3 79  8  0  0
 7  1 361680 11781180 1661564 164418292    0    0 501072 467064 187515 450908 11  3 79  8  0  0
17  6 361680 11782708 1661572 164420760    0    0 507008 466592 188532 459314 11  3 79  7  0  0
14  6 361680 11779788 1661572 164423232    0    0 504144 460108 188010 455449 11  3 79  7  0  0
 9 10 361680 11778528 1661572 164425748    0    0 504496 459232 188107 457970 11  3 78  7  0  0
procs -----------memory---------- ---swap-- -----io---- -system-- -------cpu-------
 r  b   swpd   free   buff  cache   si   so    bi    bo   in   cs us sy id wa st gu
 5  3 361680 11773484 1661572 164428264    0    0 509200 457156 189188 457417 11  4 78  7  0  0
 9 10 361680 11769184 1661572 164430860    0    0 507760 464292 189229 459600 11  3 79  7  0  0
12  6 361680 11769420 1661572 164433292    0    0 502128 468204 188207 452741 11  3 79  7  0  0
14  4 361680 11765968 1661572 164435880    0    0 513888 459132 190582 466113 11  3 78  8  0  0
10  7 361680 11765604 1661572 164438344    0    0 507936 476348 189028 454178 11  3 79  7  0  0
11  8 361680 11763484 1661572 164440880    0    0 509312 460156 188916 457188 11  3 79  7  0  0
10  8 361680 11762088 1661572 164443408    0    0 511504 449912 188237 454804 11  3 78  8  0  0
13  5 361680 11761916 1661576 164445896    0    0 505072 467524 188409 452512 11  3 79  7  0  0
10  8 361680 11760324 1661576 164448472    0    0 504528 470228 189990 454094 11  3 78  7  0  0
10  3 361680 11758168 1661576 164451012    0    0 505440 465912 190628 456385 11  3 78  7  0  0
18  3 361680 11758604 1661576 164453524    0    0 509904 454900 189614 457549 11  3 78  7  0  0
14  5 361680 11755220 1661576 164456020    0    0 508480 476916 190057 458597 11  3 78  7  0  0
17  4 361680 11748016 1661576 164458644    0    0 508064 466028 189807 459471 11  3 78  7  0  0
 7  0 361680 11745696 1661576 164461136    0    0 506368 465028 189517 454256 11  3 78  8  0  0
12  8 361680 11745584 1661576 164463660    0    0 508224 466008 189781 457596 11  4 78  7  0  0
11  9 361680 11742864 1661576 164466216    0    0 504128 459908 188998 454406 11  3 79  7  0  0
13  5 361680 11740008 1661576 164468652    0    0 495792 455656 186776 447203 11  3 79  7  0  0
 7  0 361680 11740288 1661576 164470900    0    0 510000 451896 187514 454665 11  3 78  7  0  0
 5  1 361680 11734904 1661576 164473616    0    0 502544 451556 186191 449410 10  3 78  8  0  0
14  6 361680 11735372 1661576 164476076    0    0 490416 440340 183726 435646 10  3 79  8  0  0
16  5 361680 11730820 1661576 164478476    0    0 489232 455740 184435 437173 10  3 79  8  0  0
procs -----------memory---------- ---swap-- -----io---- -system-- -------cpu-------
 r  b   swpd   free   buff  cache   si   so    bi    bo   in   cs us sy id wa st gu
12  7 361680 11728652 1661576 164480944    0    0 506688 467044 189031 455951 11  3 79  7  0  0
11  7 361680 11727520 1661576 164483480    0    0 504832 458544 188136 451400 11  3 79  7  0  0
11  8 361680 11724300 1661576 164485968    0    0 511584 462512 189891 461388 11  3 79  8  0  0
16  3 361680 11720968 1661576 164488488    0    0 513456 463256 190724 458299 11  3 78  8  0  0
16  4 361680 11718160 1661576 164491052    0    0 505520 463280 187374 451138 11  3 78  7  0  0
13  7 361680 11716004 1661576 164493528    0    0 509824 457564 186916 452554 11  3 79  8  0  0
 7  5 361680 11709188 1661576 164496084    0    0 506240 472264 189023 452159 11  3 78  7  0  0
12  7 361680 11703160 1661576 164498724    0    0 514432 451324 190298 458195 11  3 78  8  0  0
17  4 361680 11695624 1661576 164501212    0    0 504752 469736 189223 455107 11  3 79  7  0  0
12  7 361680 11693532 1661576 164503764    0    0 505824 468300 188458 458802 11  3 78  7  0  0
12  7 361680 11691324 1661584 164506280    0    0 503088 458964 187778 452115 11  3 79  7  0  0
 6  0 361680 11691076 1661584 164508804    0    0 507792 458756 188690 459787 11  3 79  7  0  0
11  8 361680 11683960 1661584 164511276    0    0 505696 469064 188078 453853 10  3 79  7  0  0
 4  2 361680 11681436 1661584 164513800    0    0 507120 456016 187784 451698 11  3 79  7  0  0
11  6 361680 11682324 1661588 164516320    0    0 505956 461160 189078 454132 10  3 79  7  0  0
 9  9 361680 11680124 1661592 164518812    0    0 511904 465364 189124 457222 11  3 79  7  0  0
14  4 361680 11678652 1661592 164521380    0    0 511696 466424 189983 456887 11  3 78  8  0  0
11  9 361680 11676652 1661592 164523940    0    0 497616 458736 189098 454563 11  4 78  7  0  0
14  4 361680 11672072 1661592 164526404    0    0 499696 464000 189033 454187 11  3 79  7  0  0
16  7 361680 11674332 1661592 164528916    0    0 502528 466200 189107 458449 11  3 79  7  0  0
15  7 361680 11667384 1661596 164531444    0    0 499968 463696 188358 453283 11  3 79  7  0  0
procs -----------memory---------- ---swap-- -----io---- -system-- -------cpu-------
 r  b   swpd   free   buff  cache   si   so    bi    bo   in   cs us sy id wa st gu
 2  2 361680 11639244 1661596 164533944    0    0 499472 444080 186717 446634 10  3 79  8  0  0
 8 11 361680 11635820 1661596 164536360    0    0 487264 462260 185154 438316 10  3 79  8  0  0
 8  9 361680 11632936 1661596 164538880    0    0 495856 444132 187047 445742 10  3 78  8  0  0
11  7 361680 11635560 1661596 164541284    0    0 499824 455800 188213 448250 11  3 79  8  0  0
13  5 361680 11631556 1661596 164543808    0    0 504944 468180 191042 456474 11  3 78  7  0  0
14  6 361680 11627848 1661596 164546304    0    0 501824 459784 188716 451332 11  3 78  7  0  0
12  6 361680 11629448 1661596 164548840    0    0 506176 462676 189763 458224 11  3 78  7  0  0
12  6 361680 11627408 1661596 164551340    0    0 501312 462484 188545 454048 11  3 78  7  0  0
11  7 361680 11621852 1661596 164553788    0    0 504944 466172 190093 456740 11  3 78  7  0  0
 4  0 361680 11620440 1661600 164556268    0    0 503456 459404 190205 456465 11  3 78  7  0  0
12  6 361680 11619696 1661600 164558796    0    0 503072 471360 189900 455270 11  3 79  7  0  0
13  5 361680 11615516 1661600 164561384    0    0 508416 467736 190577 458977 11  3 78  7  0  0
 7 12 361680 11616024 1661600 164563888    0    0 503312 467692 190218 458952 11  3 79  7  0  0
11  7 361680 11609996 1661600 164566416    0    0 508448 461948 188400 457059 11  3 79  7  0  0
13  7 361680 11610912 1661600 164568916    0    0 507344 475056 189403 456788 11  3 79  7  0  0
12  5 361680 11606332 1661600 164571468    0    0 507952 462704 189105 456076 11  3 79  7  0  0
12  7 361680 11603756 1661600 164574020    0    0 512528 460516 189009 457839 11  3 78  7  0  0
12  6 361680 11603072 1661600 164576540    0    0 507392 459896 189178 453462 11  3 78  7  0  0
 8 10 361680 11599880 1661600 164579024    0    0 500544 456888 187347 451917 11  3 79  7  0  0
11  7 361680 11601100 1661604 164581552    0    0 509792 458504 189290 460306 11  3 78  8  0  0
14  6 361680 11598016 1661604 164584040    0    0 502848 461560 188252 452418 10  3 79  7  0  0
procs -----------memory---------- ---swap-- -----io---- -system-- -------cpu-------
 r  b   swpd   free   buff  cache   si   so    bi    bo   in   cs us sy id wa st gu
10  9 361680 11592296 1661604 164586516    0    0 508160 463744 190391 458410 11  3 78  8  0  0
13  6 361680 11572240 1661604 164589120    0    0 504624 470824 189466 459663 11  4 78  7  0  0
12  7 361680 11561444 1661604 164591744    0    0 511088 457032 189279 458818 11  4 78  8  0  0
14  2 361680 11557360 1661612 164594308    0    0 504112 470692 188575 452807 11  3 78  8  0  0
17  5 361680 11555688 1661612 164596872    0    0 495408 437640 183907 443597 10  3 79  8  0  0
16  6 361680 11557588 1661612 164599180    0    0 494272 443736 185038 446319 10  3 78  8  0  0
15  5 361680 11554232 1661612 164601696    0    0 489808 456828 184476 444764 10  3 79  8  0  0
12  6 361680 11552084 1661612 164604244    0    0 505232 466544 189777 456902 11  3 79  7  0  0
 8 10 361680 11554140 1661620 164606684    0    0 504480 459840 188794 452934 11  3 79  7  0  0
15  4 361680 11549440 1661620 164609168    0    0 502000 462016 189009 453622 11  3 79  7  0  0
15  5 361680 11545752 1661620 164611656    0    0 508592 456492 188915 458744 11  3 79  7  0  0
13  5 361680 11541036 1661620 164614228    0    0 499504 456284 187916 453578 11  3 79  7  0  0
12  8 361680 11539188 1661620 164616708    0    0 502176 465984 188869 457066 11  3 79  7  0  0
 5  0 361680 11539856 1661628 164619212    0    0 506352 460788 189401 457105 11  3 78  7  0  0
13  6 361680 11537288 1661628 164621660    0    0 503136 463124 187948 452048 11  3 79  7  0  0
11  7 361680 11537916 1661628 164624188    0    0 510208 461260 188538 454774 11  3 78  7  0  0
12  7 361680 11536240 1661628 164626724    0    0 508816 463700 188600 455928 11  3 78  8  0  0
12  7 361680 11533704 1661628 164629372    0    0 506800 461920 189062 456575 11  3 78  7  0  0
11  7 361680 11531144 1661632 164631872    0    0 508528 461760 188776 457222 11  3 78  7  0  0
12  6 361680 11525612 1661632 164634420    0    0 504800 471352 188473 455630 11  3 78  7  0  0
12  8 361680 11523548 1661632 164636940    0    0 504624 460516 188842 453419 11  3 78  7  0  0
procs -----------memory---------- ---swap-- -----io---- -system-- -------cpu-------
 r  b   swpd   free   buff  cache   si   so    bi    bo   in   cs us sy id wa st gu
12  6 361680 11523896 1661632 164639332    0    0 506176 463604 188883 454681 11  3 78  7  0  0
13  8 361680 11518272 1661632 164641856    0    0 506992 464720 189208 455300 11  3 78  7  0  0
11  7 361680 11522156 1661636 164644396    0    0 509232 459796 188685 456854 11  3 79  7  0  0
12  6 361680 11519452 1661636 164646952    0    0 509056 463840 188654 452832 11  3 78  8  0  0
13  6 361680 11515392 1661636 164649392    0    0 509056 455480 188006 452735 11  4 78  7  0  0
13  6 361680 11511016 1661640 164651968    0    0 503828 460568 187469 450779 10  3 79  7  0  0
 8 11 361680 11510276 1661640 164654460    0    0 507296 453888 188080 452523 11  3 79  7  0  0
14  7 361680 11510820 1661648 164656980    0    0 505344 473128 189266 455087 11  4 78  8  0  0
14  7 361680 11509092 1661648 164659536    0    0 495920 449296 185943 446207 10  3 78  8  0  0
11  6 361680 11507044 1661648 164662036    0    0 494848 440860 184859 439096 10  3 79  8  0  0
13  7 361680 11503160 1661648 164664512    0    0 490832 448064 183934 435512 10  3 79  8  0  0
15  6 361680 11498860 1661648 164666960    0    0 506304 460132 187372 450905 11  4 78  7  0  0
15  6 361680 11499840 1661652 164669412    0    0 502304 456808 188053 450307 11  3 79  7  0  0
14  5 361680 11496344 1661652 164671888    0    0 506736 456652 188622 451473 11  3 79  7  0  0
10  8 361680 11493128 1661652 164674424    0    0 507504 453092 187485 452147 11  4 79  7  0  0
 6  0 361680 11488276 1661652 164676952    0    0 511680 460240 187846 454625 11  3 78  8  0  0
 9  8 361680 11492508 1661652 164679564    0    0 506592 457208 186172 447047 11  3 79  7  0  0
 9  9 361680 11486836 1661656 164681968    0    0 508448 454548 188843 455042 11  4 78  7  0  0
12  7 361680 11481616 1661656 164684508    0    0 505184 464780 188604 452680 11  3 78  7  0  0
10  8 361680 11476772 1661656 164687032    0    0 506480 458296 188529 452327 11  3 79  7  0  0
11  6 361680 11477588 1661656 164689564    0    0 502496 435208 186002 446481 11  4 78  7  0  0
procs -----------memory---------- ---swap-- -----io---- -system-- -------cpu-------
 r  b   swpd   free   buff  cache   si   so    bi    bo   in   cs us sy id wa st gu
 8 11 361680 11477172 1661656 164692072    0    0 504480 461400 187434 446237 11  4 78  7  0  0
16  3 361680 11476036 1661660 164694472    0    0 505232 456924 188438 449261 11  3 78  7  0  0
12  6 361680 11472932 1661660 164697024    0    0 504064 456296 188244 450117 11  3 78  7  0  0
16  3 361680 11475896 1661660 164699484    0    0 501888 460312 187712 449274 10  3 79  7  0  0
12  7 361680 11474716 1661660 164701980    0    0 502448 441668 186367 447927 11  3 78  7  0  0
11  8 361680 11470856 1661660 164704508    0    0 503792 460200 187379 448248 11  3 79  7  0  0
 9  9 361680 11467708 1661664 164707012    0    0 505296 453264 186146 446496 11  3 79  7  0  0
11  7 361680 11466056 1661664 164709536    0    0 503520 453896 186299 449754 11  3 78  7  0  0
12  7 361680 11462860 1661664 164711824    0    0 502096 457752 186115 446588 11  3 79  7  0  0
14  5 361680 11462796 1661664 164714524    0    0 500736 451956 186471 445650 11  3 79  7  0  0
18  2 361680 11461420 1661664 164717012    0    0 509248 450972 186595 452476 11  3 78  7  0  0
 6  2 361680 11456752 1661672 164719460    0    0 509248 462500 189013 455350 11  3 78  8  0  0
12  6 361680 11451336 1661672 164722012    0    0 494672 462476 186597 444835 10  3 79  8  0  0
12  6 361680 11449096 1661672 164724372    0    0 490320 451476 184627 442659 10  3 79  8  0  0
13  5 361680 11442476 1661672 164726928    0    0 488016 446536 183279 441723 10  3 78  8  0  0
 7 11 361680 11438100 1661672 164729280    0    0 502768 457388 187030 450546 11  3 78  7  0  0
12 10 361680 11439012 1661676 164731820    0    0 501664 464540 187938 451786 11  3 79  7  0  0
10  7 361680 11396320 1661676 164734380    0    0 474576 430240 181748 427927 10  3 80  7  0  0
 9  9 361680 11397736 1661676 164736640    0    0 507456 468480 188801 455069 11  3 78  8  0  0
14  7 361680 11394336 1661676 164739044    0    0 505888 464148 187500 451934 11  3 78  7  0  0
17  3 361680 11396716 1661676 164741720    0    0 506512 458432 188340 453361 11  3 78  7  0  0
procs -----------memory---------- ---swap-- -----io---- -system-- -------cpu-------
 r  b   swpd   free   buff  cache   si   so    bi    bo   in   cs us sy id wa st gu
15  3 361680 11396156 1661684 164744096    0    0 511088 472680 190243 456125 11  3 78  8  0  0
14  5 361680 11450068 1661688 164746696    0    0 507552 452968 188403 452950 11  3 79  7  0  0
16  2 361680 11449472 1661688 164749240    0    0 510640 469456 189655 456163 11  3 78  7  0  0
17  2 361680 11445248 1661688 164751768    0    0 507520 474464 189699 457287 11  3 78  7  0  0
15  4 361680 11437908 1661688 164754344    0    0 513344 462712 190305 461243 11  3 78  8  0  0
16  5 361680 11439360 1661696 164756848    0    0 508912 467992 188873 456260 11  3 78  7  0  0
11  7 361680 11437608 1661696 164759332    0    0 510080 461084 189672 459215 11  3 78  8  0  0
11  7 361680 11434400 1661696 164761908    0    0 511360 462024 188739 456403 11  3 78  8  0  0
12  6 361680 11429316 1661696 164764432    0    0 509984 461496 188963 454447 11  3 78  8  0  0
12  6 361680 11423604 1661696 164767068    0    0 508896 459352 187442 453623 11  3 78  7  0  0
14  5 361680 11423684 1661700 164769496    0    0 506832 458912 187980 453984 11  3 78  7  0  0
11  8 361680 11420884 1661700 164771856    0    0 498176 462740 186984 448490 11  3 79  7  0  0
11  7 361680 11421864 1661700 164774388    0    0 503328 460820 187667 446546 11  3 78  7  0  0
13  6 361680 11418156 1661700 164776996    0    0 508048 460472 188040 453877 11  3 79  7  0  0
11  6 361680 11419500 1661700 164779512    0    0 510544 458904 187477 454974 11  3 78  7  0  0
11  7 361680 11411856 1661708 164782056    0    0 508736 465540 187937 454738 11  3 78  7  0  0
13  6 361680 11411740 1661708 164784644    0    0 503792 440328 186509 449076 11  3 78  8  0  0
14  6 361680 11413940 1661708 164787044    0    0 494816 455680 184122 439596 10  3 79  8  0  0
11  7 361680 11412284 1661712 164789468    0    0 492244 448632 183609 436801 10  3 78  8  0  0
13  4 361680 11407756 1661712 164792000    0    0 500160 452000 183608 440123 10  3 79  8  0  0
13  5 361680 11405524 1661716 164794492    0    0 511744 466692 189540 457913 11  3 78  8  0  0
procs -----------memory---------- ---swap-- -----io---- -system-- -------cpu-------
 r  b   swpd   free   buff  cache   si   so    bi    bo   in   cs us sy id wa st gu
12  7 361680 11406544 1661716 164796812    0    0 502864 459884 187534 453513 11  3 78  7  0  0
 7  0 361680 11405944 1661716 164799492    0    0 508096 459876 188169 456935 11  3 78  7  0  0
15  4 361680 11400864 1661716 164801960    0    0 503952 460384 186962 449675 11  3 78  7  0  0
14  8 361680 11401336 1661716 164804516    0    0 510880 448612 187658 454892 11  3 78  7  0  0
17  5 361680 11396712 1661716 164806956    0    0 506528 454588 187441 451158 11  3 79  7  0  0
11  8 361680 11391100 1661716 164809520    0    0 507264 470344 188433 452970 11  3 78  7  0  0
11  7 361680 11385748 1661716 164812052    0    0 509344 463768 188602 458014 11  4 78  7  0  0
 8  9 361680 11387332 1661716 164814548    0    0 509296 458792 187058 453124 11  3 79  7  0  0
 8  8 361680 11381284 1661716 164817180    0    0 509792 468088 188604 455948 11  3 78  8  0  0
11  7 361680 11373628 1661720 164819676    0    0 506944 468368 189207 455491 11  3 78  7  0  0
12  6 361680 11372420 1661720 164822280    0    0 511104 456008 188115 453038 11  3 78  7  0  0
15  4 361680 11367240 1661720 164824752    0    0 507120 463816 188848 455689 11  4 78  8  0  0
13  6 361680 11365964 1661720 164827252    0    0 505520 466300 189695 453666 11  3 78  7  0  0
13  7 361680 11370144 1661720 164829840    0    0 504736 463924 188933 455563 11  3 78  8  0  0
11  7 361680 11372088 1661724 164832356    0    0 503232 467540 188960 452996 11  3 79  7  0  0
 9 10 361680 11369980 1661724 164834796    0    0 504480 460788 188693 456573 11  3 79  7  0  0
 7 12 361680 11365548 1661724 164837272    0    0 512080 469240 190205 457581 11  3 78  8  0  0
14  5 361680 11366592 1661724 164839820    0    0 511024 468340 188134 454553 11  3 78  7  0  0
14  5 361680 11363496 1661724 164842400    0    0 509440 455980 188866 458222 11  3 79  7  0  0
