procs -----------memory---------- ---swap-- -----io---- -system-- -------cpu-------
 r  b   swpd   free   buff  cache   si   so    bi    bo   in   cs us sy id wa st gu
 4  1 361680 4568196 1676448 167548240    5   10 23812 29928 8657    4  3  0 96  0  0  0
190  0 361680 4406036 1676448 167548272    0    0 65120 289308 106845 94559 93  2  5  0  0  0
173  0 361680 4384136 1676448 167548296    0    0 57632 290072 102806 60376 98  1  1  0  0  0
160  1 361680 4378388 1676448 167548308    0    0 60208 310864 103616 62388 97  1  1  0  0  0
162  1 361680 4331424 1676452 167548320    0    0 56080 326648 203213 67196 96  2  3  0  0  0
145  1 361680 4315548 1676452 167548348    0    0 67120 316652 115972 63988 97  1  2  0  0  0
186  2 361680 4286652 1676452 167548368    0    0 46208 309360 104395 62492 97  1  1  0  0  0
170  1 361680 4255920 1676452 167548388    0    0 60320 325076 105680 63141 97  1  1  0  0  0
118  1 361680 4228172 1676452 167548412    0    0 52464 318392 157315 64672 96  1  3  0  0  0
218  1 361680 4211184 1676456 167548424    0    0 57952 308476 113730 65802 98  1  1  0  0  0
146  0 361680 4189516 1676456 167548448    0    0 64304 305104 107623 64527 98  1  1  0  0  0
135  1 361680 4167492 1676456 167548472    0    0 57872 324828 107368 62875 97  1  2  0  0  0
178  1 361680 4138524 1676456 167548488    0    0 65808 321804 108628 63896 97  1  1  0  0  0
191  0 361680 4137104 1676456 167548536    0    0 63888 298552 103942 62387 98  1  1  0  0  0
99  1 361680 4114588 1676456 167548548    0    0 66272 312716 105237 63622 97  1  2  0  0  0
125  1 361680 4101268 1676456 167548596    0    0 63824 301900 104929 61507 97  1  1  0  0  0
169  1 361680 4097340 1676456 167548620    0    0 63760 278344 104706 63394 97  1  2  0  0  0
178  2 361680 4073756 1676456 167548640    0    0 61648 239436 100786 57132 98  1  1  0  0  0
205  1 361680 4042884 1676456 167548656    0    0 63856 278512 103598 60497 97  1  1  0  0  0
169  0 361680 4017912 1676456 167548672    0    0 65776 261796 103660 60207 98  1  1  0  0  0
139  2 361680 3999236 1676456 167548692    0    0 58096 291808 110708 62914 97  1  2  0  0  0
procs -----------memory---------- ---swap-- -----io---- -system-- -------cpu-------
 r  b   swpd   free   buff  cache   si   so    bi    bo   in   cs us sy id wa st gu
121  0 361680 3967620 1676456 167548712    0    0 69664 271456 116429 60786 97  1  2  0  0  0
55  0 361680 3942004 1676456 167548736    0    0 71888 294820 127123 64800 96  1  2  0  0  0
111 11 361680 3389660 1676456 167548756    0    0 142224 374372 1231081 580480 22 65 12  1  0  0
118  3 361680 3225200 1676456 167549784    0    0 291792 369564 271713 1613217 34 42 22  1  0  0
227  0 361680 3190460 1676456 167551032    0    0 256528 270612 285592 1630571 34 43 22  1  0  0
174 33 361680 3175120 1676456 167552548    0    0 349280 268956 300610 1638619 37 40 21  2  0  0
61  1 361680 3148672 1676456 167554000    0    0 276416 241576 283938 1631739 35 42 22  1  0  0
96  6 361680 3114716 1676460 167555440    0    0 319264 234880 282954 1627009 36 41 21  1  0  0
83  8 361680 3096952 1676464 167556720    0    0 272256 218368 282663 1632894 34 43 21  1  0  0
55  2 361680 3081640 1676464 167558012    0    0 313216 229960 289873 1642886 36 42 21  1  0  0
92 10 361680 3065576 1676464 167559548    0    0 272432 209008 280006 1625041 34 43 22  1  0  0
11  2 361680 3056432 1676464 167560744    0    0 262000 198560 280731 1631978 34 44 21  1  0  0
51  6 361680 3048152 1676464 167561996    0    0 269536 188304 279057 1633306 35 43 21  1  0  0
181  4 361680 3030780 1676472 167563412    0    0 302944 179608 281616 1636866 35 43 21  1  0  0
159  7 361680 3013572 1676472 167564648    0    0 258672 192876 281735 1626107 34 43 22  1  0  0
46  7 361680 2998852 1676472 167565892    0    0 259408 191960 281256 1629170 34 43 22  1  0  0
49  1 361680 2980684 1676472 167567068    0    0 241312 191836 288962 1637639 34 44 21  1  0  0
46  1 361680 2956252 1676472 167568532    0    0 315648 196724 286369 1633103 36 43 21  1  0  0
54  1 361680 2937140 1676476 167569720    0    0 257120 195616 280884 1614881 34 44 21  1  0  0
55  1 361680 2925616 1676476 167571076    0    0 295248 191684 277395 1625815 34 43 22  1  0  0
10  1 361680 2917120 1676476 167572484    0    0 300624 198432 283768 1621610 34 43 21  1  0  0
procs -----------memory---------- ---swap-- -----io---- -system-- -------cpu-------
 r  b   swpd   free   buff  cache   si   so    bi    bo   in   cs us sy id wa st gu
42 38 361680 2904724 1676476 167573760    0    0 278896 212068 281395 1622138 35 43 21  1  0  0
122  1 361680 2886344 1676476 167575112    0    0 307776 241820 285861 1593647 34 42 22  2  0  0
55  9 361680 2871688 1676480 167576876    0    0 361488 294124 296740 1611608 36 41 22  2  0  0
29 11 361680 2848120 1676480 167578724    0    0 393600 292476 289848 1591020 36 40 22  2  0  0
54  0 361680 2829616 1676484 167580424    0    0 352772 280240 283422 1578164 34 41 22  2  0  0
143  0 361680 2815676 1676484 167582148    0    0 364704 270144 287090 1594850 35 40 22  2  0  0
33 13 361680 2795332 1676484 167583968    0    0 373632 274356 279614 1560356 35 40 22  2  0  0
94  0 361680 2777236 1676488 167585632    0    0 361760 265176 279797 1564827 35 40 22  2  0  0
82  4 361680 2756964 1676488 167587256    0    0 362144 277912 285294 1570111 35 40 23  3  0  0
118  0 361680 2744956 1676488 167588984    0    0 353536 263824 282466 1564587 35 40 23  2  0  0
141  1 361680 2726200 1676488 167590736    0    0 387776 275556 283957 1565284 35 40 22  3  0  0
60  5 361680 2714068 1676488 167592616    0    0 413184 283000 287673 1573438 37 37 23  3  0  0
49  2 361680 2702312 1676492 167594424    0    0 390608 269680 284534 1570056 36 40 22  2  0  0
118  2 361680 2691284 1676492 167596212    0    0 372768 275172 284994 1579926 35 42 21  2  0  0
29  0 361680 2687128 1676492 167597772    0    0 330976 261152 282160 1584527 35 41 22  2  0  0
42  3 361680 2675976 1676492 167599680    0    0 406768 284708 287841 1571223 36 40 21  3  0  0
155  3 361680 2669200 1676492 167601384    0    0 360496 278916 284602 1557711 36 40 22  2  0  0
30  3 361680 2653872 1676496 167603204    0    0 376736 277088 290046 1568787 36 41 21  2  0  0
87 12 361680 2643488 1676496 167605000    0    0 372400 269688 293833 1570692 35 41 22  2  0  0
66  1 361680 2633796 1676496 167606844    0    0 396288 293816 309139 1608784 37 39 22  2  0  0
49  8 361680 2626656 1676496 167608348    0    0 298304 243412 293276 1607842 35 43 21  2  0  0
procs -----------memory---------- ---swap-- -----io---- -system-- -------cpu-------
 r  b   swpd   free   buff  cache   si   so    bi    bo   in   cs us sy id wa st gu
93  1 361680 2972288 1676248 167269328    0    0 407024 295540 299419 1587024 36 39 22  3  0  0
74 32 361680 2963428 1676248 167270872    0    0 358464 273092 294176 1605320 36 41 21  2  0  0
34  6 361680 2950980 1676248 167272748    0    0 385120 284224 289602 1589197 36 41 21  2  0  0
57  3 361680 2943140 1676248 167274388    0    0 353824 274040 286392 1585297 35 42 21  2  0  0
25  1 361680 2947732 1676248 167276096    0    0 372272 284588 283801 1573211 35 41 21  3  0  0
112  2 361680 2910212 1676248 167278080    0    0 428448 288628 289817 1576822 37 40 21  2  0  0
49  8 361680 2913280 1676252 167279868    0    0 366736 274872 292367 1619773 36 41 21  2  0  0
34  5 361680 2916200 1676252 167281440    0    0 334096 267524 284885 1573910 35 42 21  2  0  0
18  0 361680 2937880 1676252 167283060    0    0 389728 288652 284125 1558186 35 38 24  3  0  0
78  5 361680 2945620 1676252 167284708    0    0 317344 255404 284195 1579062 35 41 22  2  0  0
136  1 361680 2943624 1676252 167286332    0    0 369792 298240 289822 1582745 35 41 22  2  0  0
30  6 361680 2949796 1676264 167287692    0    0 291888 253212 283301 1580067 34 41 23  2  0  0
93  5 361680 3006564 1676264 167289396    0    0 341680 271804 289145 1579821 35 41 22  2  0  0
94  3 361680 3001012 1676264 167290956    0    0 371408 286120 287123 1553230 35 39 23  2  0  0
289  0 361680 2997480 1676264 167292764    0    0 448416 316064 295798 1592149 38 38 21  3  0  0
119  2 361680 2994360 1676264 167294748    0    0 353136 282120 289458 1568776 35 42 21  2  0  0
39  1 361680 2994124 1676264 167296412    0    0 367744 282476 293707 1578440 36 40 22  2  0  0
87  8 361680 2994612 1676264 167298084    0    0 363232 280992 284934 1564226 35 41 22  2  0  0
70 11 361680 2992188 1676264 167299808    0    0 359520 282532 284235 1552004 35 40 22  3  0  0
45  1 361680 2989460 1676264 167301184    0    0 331840 266548 282364 1557437 35 41 22  2  0  0
134  3 361680 2988512 1676264 167302924    0    0 367312 292676 286728 1578522 35 40 22  3  0  0
procs -----------memory---------- ---swap-- -----io---- -system-- -------cpu-------
 r  b   swpd   free   buff  cache   si   so    bi    bo   in   cs us sy id wa st gu
206  0 361680 2985684 1676272 167304500    0    0 344352 279296 286220 1583724 35 40 22  2  0  0
58  9 361680 2981676 1676272 167306260    0    0 381520 294056 288021 1583347 36 38 23  2  0  0
28  1 361680 2983428 1676272 167308104    0    0 388288 304940 298118 1595354 36 40 21  2  0  0
66 44 361680 2979180 1676272 167309608    0    0 342240 286476 295708 1591020 36 39 23  2  0  0
58 11 361680 2979580 1676272 167311624    0    0 409696 299132 288845 1584687 36 40 21  3  0  0
108  1 361680 2977736 1676280 167313452    0    0 375984 293912 287915 1579295 35 41 21  2  0  0
55  2 361680 2979576 1676280 167315072    0    0 397296 300096 284627 1580986 36 39 23  3  0  0
166  2 361680 2976220 1676284 167316864    0    0 407632 329248 285738 1561660 36 39 23  3  0  0
27  3 361680 2978460 1676284 167318580    0    0 326816 274252 292406 1591102 35 41 22  2  0  0
54  1 361680 2975892 1676284 167320516    0    0 443520 311752 295453 1576597 37 39 22  3  0  0
 4  7 361680 2966320 1676284 167322252    0    0 348928 285800 287458 1562717 35 42 21  2  0  0
34  3 361680 2964648 1676284 167323840    0    0 353392 289268 283887 1550271 34 41 23  2  0  0
128  1 361680 2964024 1676284 167325480    0    0 379136 298488 290337 1557841 35 39 23  3  0  0
59  8 361680 2963376 1676284 167327220    0    0 359344 282552 286547 1571838 35 41 22  2  0  0
43  5 361680 2960308 1676284 167329112    0    0 394368 304276 286234 1566990 35 40 22  3  0  0
46  3 361680 2959056 1676288 167330756    0    0 367872 297944 284353 1545501 35 40 23  2  0  0
35  0 361680 2954276 1676288 167332580    0    0 387264 286252 284007 1551233 35 41 21  3  0  0
102  3 361680 2954884 1676292 167334240    0    0 409204 311184 284294 1533495 35 38 24  3  0  0
11  7 361680 2950524 1676292 167336108    0    0 386960 296968 289431 1581080 35 40 22  2  0  0
39  1 361680 2946628 1676292 167337720    0    0 354288 284404 294903 1594710 35 42 22  2  0  0
16  1 361680 2945720 1676304 167339524    0    0 375856 293548 287760 1567511 35 40 22  3  0  0
procs -----------memory---------- ---swap-- -----io---- -system-- -------cpu-------
 r  b   swpd   free   buff  cache   si   so    bi    bo   in   cs us sy id wa st gu
59  1 361680 2945052 1676304 167341332    0    0 354560 278896 282439 1559878 35 40 23  2  0  0
65  5 361680 2941452 1676304 167343088    0    0 415264 309416 292384 1571939 36 40 21  3  0  0
45  0 361680 2938200 1676304 167344812    0    0 364928 287852 282337 1560956 35 41 22  3  0  0
 9  1 361680 2938172 1676304 167346548    0    0 373792 279388 280379 1550800 35 40 22  3  0  0
154  0 361680 2933680 1676308 167348280    0    0 417296 336696 281802 1532604 35 39 23  3  0  0
22 21 361680 2927176 1676308 167350284    0    0 393264 327956 284861 1535084 36 39 23  2  0  0
24  0 361680 2926364 1676308 167352264    0    0 397296 355404 286301 1527289 34 39 23  3  0  0
139  0 361680 2917680 1676308 167354136    0    0 426480 364580 286719 1541768 36 38 23  3  0  0
148  0 361680 2913640 1676308 167356016    0    0 362880 316772 285384 1553743 36 39 23  3  0  0
41  6 361680 2913924 1676308 167357896    0    0 425920 369068 293577 1542212 35 39 22  4  0  0
 3  0 361680 2909440 1676308 167359608    0    0 360096 328508 285324 1543808 34 40 23  3  0  0
118 13 361680 2910132 1676308 167361436    0    0 393232 338652 284389 1554433 35 38 24  3  0  0
14  0 361680 2911064 1676308 167363184    0    0 396592 358544 288918 1534470 35 38 24  3  0  0
70  6 361680 2906852 1676308 167365128    0    0 378224 324116 283460 1556952 35 40 22  3  0  0
18  1 361680 2904460 1676316 167367180    0    0 440352 368552 286584 1544259 35 39 22  4  0  0
72  1 361680 2905816 1676316 167369036    0    0 406864 334548 284572 1543964 35 38 24  3  0  0
132  1 361680 2901044 1676316 167371116    0    0 447456 364388 283343 1521729 35 38 23  4  0  0
46  3 361680 2897044 1676316 167373056    0    0 376672 338668 285094 1545407 34 40 22  3  0  0
171  1 361680 2896328 1676316 167375092    0    0 519248 396672 290243 1519883 37 36 24  4  0  0
111  2 361680 2894828 1676320 167377660    0    0 432688 358312 289003 1560313 36 38 23  3  0  0
32  8 361680 2890796 1676320 167379480    0    0 404592 365508 290034 1533708 35 38 24  3  0  0
procs -----------memory---------- ---swap-- -----io---- -system-- -------cpu-------
 r  b   swpd   free   buff  cache   si   so    bi    bo   in   cs us sy id wa st gu
66  0 361680 2887836 1676320 167381372    0    0 376768 322576 284317 1527422 34 39 23  3  0  0
20  0 361680 2884752 1676320 167383176    0    0 438016 379788 288391 1540325 35 39 22  4  0  0
16  4 361680 2883044 1676320 167385460    0    0 450416 366272 296021 1547895 37 36 24  3  0  0
94  5 361680 2884028 1676332 167387372    0    0 378352 328380 285925 1540915 35 40 23  3  0  0
39  4 361680 2883216 1676332 167389100    0    0 394176 346200 284392 1524461 34 38 24  4  0  0
45 18 361680 2883372 1676332 167391160    0    0 445552 374648 293529 1534033 36 38 23  4  0  0
96  8 361680 2879512 1676332 167393292    0    0 442080 367884 294445 1551560 36 38 23  3  0  0
75  2 361680 2873576 1676332 167395132    0    0 396704 350504 286088 1528278 35 38 24  3  0  0
95  0 361680 2874668 1676344 167397200    0    0 450308 384876 291982 1548032 36 37 23  4  0  0
79  0 361680 2872340 1676344 167399304    0    0 446848 366940 287015 1513607 35 38 23  4  0  0
67  5 361680 2871188 1676344 167401112    0    0 397008 341052 290695 1532195 34 38 24  3  0  0
60  1 361680 2870776 1676344 167403016    0    0 392960 364180 290041 1533700 34 38 24  4  0  0
42  2 361680 2867828 1676344 167405224    0    0 439712 353124 287747 1537976 36 39 22  4  0  0
48  7 361680 2870336 1676352 167407088    0    0 401248 344792 284338 1525024 35 38 24  3  0  0
91  6 361680 2869284 1676352 167408808    0    0 350480 318276 284188 1525526 34 40 23  3  0  0
72  2 361680 2866800 1676352 167410624    0    0 412720 356084 285355 1512855 34 39 24  4  0  0
 7  4 361680 2862460 1676352 167412728    0    0 412000 359428 287236 1547078 35 39 23  4  0  0
90  1 361680 2857040 1676352 167414624    0    0 418624 372152 296742 1535881 36 38 24  3  0  0
32 21 361680 2854800 1676356 167416640    0    0 427168 353540 290028 1533961 35 39 23  4  0  0
57  1 361680 2853436 1676356 167418556    0    0 395952 348008 283202 1501953 34 38 24  4  0  0
26 31 361680 2837132 1676356 167420504    0    0 453456 368512 286659 1526850 36 38 22  4  0  0
procs -----------memory---------- ---swap-- -----io---- -system-- -------cpu-------
 r  b   swpd   free   buff  cache   si   so    bi    bo   in   cs us sy id wa st gu
60  3 361680 2836232 1676356 167422624    0    0 451056 380048 285748 1507707 35 38 23  4  0  0
52  1 361680 2835200 1676356 167424464    0    0 373920 335652 284399 1538545 35 39 24  3  0  0
30 32 361680 2835224 1676356 167426356    0    0 468336 369012 290555 1529565 36 36 24  4  0  0
65 59 361680 2830368 1676356 167428640    0    0 425056 379996 283319 1507503 35 37 24  4  0  0
24  2 361680 2824840 1676356 167430800    0    0 406832 345408 286415 1524618 34 39 23  3  0  0
67  3 361680 2822608 1676356 167432832    0    0 458544 382276 293812 1562187 36 37 22  5  0  0
68  0 361680 2818360 1676356 167434628    0    0 366096 326576 284606 1524295 34 39 23  4  0  0
169  0 361680 2795948 1676356 167436556    0    0 430240 360516 286950 1526663 36 37 23  4  0  0
90  2 361680 2793284 1676356 167438448    0    0 361248 328140 282108 1536441 34 40 22  4  0  0
20 43 361680 2782424 1676356 167440256    0    0 429424 367080 281535 1509282 34 38 24  4  0  0
65  1 361680 2776924 1676356 167442520    0    0 456112 374828 288285 1529980 36 38 22  4  0  0
15  1 361680 2772244 1676356 167444452    0    0 367184 320992 286237 1551829 35 39 22  3  0  0
48  5 361680 2768448 1676360 167446304    0    0 405488 372764 284859 1513267 35 37 24  3  0  0
30  1 361680 2764916 1676360 167448224    0    0 426272 360360 284182 1512553 35 37 24  4  0  0
54 28 361680 2761324 1676360 167450184    0    0 430784 364928 291575 1514831 35 37 24  4  0  0
60 16 361680 2763000 1676360 167452212    0    0 437216 368332 288182 1518762 35 38 24  3  0  0
14 24 361680 2750412 1676360 167454068    0    0 393888 344472 289168 1530090 35 39 23  4  0  0
63  8 361680 2746632 1676364 167456144    0    0 413040 359740 285631 1518151 34 38 24  4  0  0
93  3 361680 2745436 1676364 167458020    0    0 384896 330236 279157 1534095 34 39 23  3  0  0
171  0 361680 2740480 1676364 167460028    0    0 451392 372296 289317 1538333 35 37 24  4  0  0
10  2 361680 2735424 1676368 167462104    0    0 439540 388372 280515 1497230 34 37 25  4  0  0
procs -----------memory---------- ---swap-- -----io---- -system-- -------cpu-------
 r  b   swpd   free   buff  cache   si   so    bi    bo   in   cs us sy id wa st gu
106  1 361680 2735656 1676368 167463968    0    0 370816 325668 282001 1546755 34 40 23  3  0  0
45  2 361680 2734704 1676372 167465872    0    0 417168 366276 282879 1531353 36 37 24  4  0  0
17  6 361680 2733896 1676372 167467604    0    0 350544 314800 291657 1546737 34 41 22  3  0  0
175  1 361680 2727948 1676372 167469480    0    0 394720 351096 285898 1509430 35 38 24  4  0  0
127 10 361680 2725888 1676372 167471316    0    0 431728 363596 282057 1498925 35 36 23  5  0  0
61  3 361680 2721664 1676380 167473472    0    0 442336 367232 286100 1502172 36 37 23  4  0  0
78 26 361680 2723228 1676388 167475348    0    0 420176 358736 283382 1510451 35 37 23  4  0  0
184  4 361680 2719016 1676388 167477360    0    0 387664 349280 282890 1509332 34 39 23  4  0  0
53  4 361680 2718192 1676388 167479284    0    0 430720 374936 287558 1502987 34 38 24  4  0  0
32 21 361680 2715900 1676388 167481368    0    0 419792 363972 293702 1543762 35 40 22  4  0  0
134  4 361680 2716668 1676388 167483324    0    0 422144 356636 285488 1515342 35 38 24  4  0  0
20 22 361680 2718712 1676396 167485244    0    0 417536 364420 287165 1522729 35 38 24  3  0  0
107  5 361680 2716868 1676396 167487116    0    0 364480 333428 283704 1517357 34 39 23  4  0  0
15  7 361680 2712532 1676396 167488992    0    0 389344 345108 284450 1531710 35 39 24  3  0  0
112  0 361680 2712824 1676396 167490884    0    0 425888 372748 288066 1530738 35 39 22  4  0  0
79  2 361680 2708144 1676396 167492760    0    0 397728 335644 288076 1536057 35 39 22  3  0  0
45  2 361680 2708496 1676396 167494948    0    0 488080 423484 293676 1518892 35 37 23  4  0  0
102  1 361680 2707872 1676396 167496988    0    0 394720 354056 290000 1547227 35 40 22  3  0  0
63 17 361680 2702612 1676396 167498996    0    0 474784 391972 286148 1520808 36 37 24  4  0  0
23 29 361680 2699464 1676396 167501076    0    0 413104 355696 289915 1553217 35 39 23  3  0  0
78 26 361680 2699228 1676396 167503264    0    0 482944 401128 292444 1533469 36 37 23  4  0  0
procs -----------memory---------- ---swap-- -----io---- -system-- -------cpu-------
 r  b   swpd   free   buff  cache   si   so    bi    bo   in   cs us sy id wa st gu
24  7 361680 2695788 1676404 167505348    0    0 391456 347760 287486 1523757 34 39 24  3  0  0
68  5 361680 2691628 1676404 167507256    0    0 442320 364316 292657 1527747 35 38 23  3  0  0
11  1 361680 2688224 1676404 167509172    0    0 399600 354112 285884 1514171 35 38 24  3  0  0
70  7 361680 2685428 1676404 167511060    0    0 393568 373608 284120 1506700 34 38 24  4  0  0
33 19 361680 2679524 1676404 167513104    0    0 425392 362752 285352 1512237 35 38 23  4  0  0
53  2 361680 2677160 1676404 167515036    0    0 395312 361080 286884 1515445 35 39 23  4  0  0
50  9 361680 2671332 1676404 167516912    0    0 409072 349268 287550 1532572 36 38 24  3  0  0
42  1 361680 2669900 1676404 167518784    0    0 391072 351100 286511 1520903 34 39 23  3  0  0
43 28 361680 2667696 1676404 167520684    0    0 420384 361064 290207 1540582 36 37 24  3  0  0
31 14 361680 2665296 1676404 167522672    0    0 437952 379308 287525 1523266 36 37 23  4  0  0
54 65 361680 2659736 1676404 167524844    0    0 455936 376776 294430 1511288 35 39 23  4  0  0
114  4 361680 2662152 1676408 167526836    0    0 374144 347112 290595 1525059 34 39 23  4  0  0
54 44 361680 2656788 1676412 167528972    0    0 447428 391136 283711 1484215 35 36 25  4  0  0
295  0 361680 2656392 1676412 167530736    0    0 385136 340340 282818 1505228 35 38 23  4  0  0
76  6 361680 2655148 1676412 167532712    0    0 430224 368940 290343 1536414 36 37 23  3  0  0
25  3 361680 2651360 1676424 167534684    0    0 392996 369952 286803 1528643 34 39 23  3  0  0
105  3 361680 2650080 1676424 167536628    0    0 438752 364148 298052 1541170 36 38 23  3  0  0
37 12 361680 2648596 1676424 167538832    0    0 458928 406572 299661 1537031 35 37 23  4  0  0
28  1 361680 2646828 1676424 167540864    0    0 407856 348112 286736 1530319 35 39 23  4  0  0
150  1 361680 2641448 1676424 167542600    0    0 420240 390380 285853 1494620 34 35 27  4  0  0
95  1 361680 2642028 1676428 167544652    0    0 420096 348568 288438 1529814 36 39 22  3  0  0
procs -----------memory---------- ---swap-- -----io---- -system-- -------cpu-------
 r  b   swpd   free   buff  cache   si   so    bi    bo   in   cs us sy id wa st gu
 8  5 361680 2637692 1676428 167546632    0    0 404320 380884 285768 1513995 35 37 25  3  0  0
61  1 361680 2635828 1676428 167548536    0    0 380736 320496 293450 1542449 34 40 22  3  0  0
100  5 361680 2633688 1676428 167550428    0    0 407248 366180 290281 1522520 35 38 24  3  0  0
133  3 361680 3106560 1676428 167059480    0    0 463248 365396 286341 1492209 35 37 24  4  0  0
67  7 361680 3106848 1676428 167060500    0    0 450432 387000 290397 1532096 36 38 23  4  0  0
118  0 361680 3116312 1676428 167062640    0    0 432448 358768 282568 1500825 35 37 25  3  0  0
98  4 361680 3114152 1676428 167064356    0    0 400672 376080 285211 1521764 34 39 23  3  0  0
84  4 361680 3125956 1676428 167066100    0    0 358496 337080 286301 1550475 34 40 23  3  0  0
32  1 361680 3135760 1676428 167067948    0    0 403872 361180 294001 1553429 35 38 24  3  0  0
49 37 361680 3139448 1676428 167069744    0    0 411184 366752 286235 1536559 35 38 23  3  0  0
86  1 361680 3145860 1676428 167071708    0    0 410576 343112 287739 1516699 35 38 23  3  0  0
43  4 361680 3150252 1676428 167073456    0    0 386672 360848 286946 1529468 35 38 24  3  0  0
128  1 361680 3150400 1676428 167075308    0    0 408832 339480 282200 1515490 34 38 24  4  0  0
72  2 361680 3149828 1676428 167077228    0    0 410400 341192 287029 1533690 34 39 22  4  0  0
91  3 361680 3154292 1676432 167079068    0    0 404112 365588 287643 1507368 35 38 24  3  0  0
205  0 361680 3152640 1676432 167081016    0    0 433600 413944 289851 1537261 35 38 23  4  0  0
28  7 361680 3151860 1676432 167083348    0    0 502592 399576 288693 1524726 36 37 22  4  0  0
103  2 361680 3148188 1676432 167085524    0    0 449856 355172 285360 1519733 35 37 24  4  0  0
74  1 361680 3140912 1676432 167087480    0    0 406016 373892 290927 1521808 35 39 23  4  0  0
193  0 361680 3138024 1676440 167089364    0    0 440144 354304 296215 1537192 35 38 23  4  0  0
127  4 361680 3125588 1676440 167091308    0    0 430224 355200 291807 1541882 36 38 23  3  0  0
procs -----------memory---------- ---swap-- -----io---- -system-- -------cpu-------
 r  b   swpd   free   buff  cache   si   so    bi    bo   in   cs us sy id wa st gu
60  0 361680 3119472 1676440 167093340    0    0 410032 360256 299673 1569918 36 39 23  3  0  0
146 15 361680 3110688 1676440 167095096    0    0 416704 364504 285790 1530923 36 37 24  3  0  0
45  6 361680 3105564 1676440 167097132    0    0 422944 404696 286372 1514863 35 38 23  3  0  0
62  1 361680 3106692 1676444 167099092    0    0 413232 342336 284330 1517182 35 38 23  4  0  0
15  3 361680 3109856 1676444 167100952    0    0 399904 353024 284040 1516648 34 38 24  4  0  0
33  6 361680 3117356 1676444 167102860    0    0 435776 377768 286926 1532659 35 38 24  4  0  0
29  1 361680 3115932 1676444 167104944    0    0 417968 353828 283670 1507673 35 38 24  3  0  0
100  2 361680 3105540 1676444 167106744    0    0 414896 353576 293392 1555517 36 38 23  3  0  0
27  0 361680 3102520 1676448 167108612    0    0 451456 375364 288471 1511794 35 38 23  4  0  0
124  3 361680 3094680 1676448 167110572    0    0 385120 345448 285162 1519633 34 40 23  4  0  0
33 25 361680 3091596 1676448 167112556    0    0 421040 379048 284544 1505858 34 38 24  4  0  0
44 15 361680 3094960 1676448 167114324    0    0 428560 368152 287859 1524206 35 38 23  4  0  0
54 10 361680 3100260 1676448 167116540    0    0 468816 404164 284987 1489756 35 37 24  4  0  0
33 31 361680 3091876 1676452 167118520    0    0 427440 329548 285796 1540253 35 38 23  4  0  0
71  1 361680 3087064 1676452 167120516    0    0 415232 367648 287581 1537396 35 39 23  4  0  0
66 13 361680 3084024 1676452 167122476    0    0 456640 386080 284716 1502196 35 37 24  4  0  0
98  5 361680 3052980 1676452 167124504    0    0 365856 342268 287169 1504786 34 39 24  3  0  0
13  3 361680 3042276 1676456 167126140    0    0 408852 373352 296744 1515769 35 39 23  4  0  0
53  2 361680 3039448 1676456 167127948    0    0 380304 348668 289057 1520742 34 38 25  4  0  0
191  3 361680 3045576 1676456 167129980    0    0 493424 398888 293949 1528538 36 37 24  4  0  0
26 20 361680 3049096 1676456 167132320    0    0 467728 380112 285902 1518079 36 36 23  4  0  0
procs -----------memory---------- ---swap-- -----io---- -system-- -------cpu-------
 r  b   swpd   free   buff  cache   si   so    bi    bo   in   cs us sy id wa st gu
130  3 361680 3055888 1676456 167134188    0    0 406208 364628 285754 1522644 35 38 23  4  0  0
61  2 361680 3047352 1676460 167136372    0    0 403712 356048 285071 1504405 34 38 24  3  0  0
12  4 361680 3040788 1676460 167138204    0    0 420592 375448 287225 1523560 35 38 23  4  0  0
38 50 361680 3034268 1676460 167140112    0    0 394016 342192 293772 1543537 34 39 23  3  0  0
19  0 361680 3026600 1676460 167141908    0    0 434160 377476 295909 1554697 36 37 24  3  0  0
28  6 361680 3032596 1676460 167144032    0    0 402288 360148 285840 1508417 34 39 23  4  0  0
52  1 361680 3033408 1676464 167145840    0    0 399920 349244 284664 1527001 35 39 23  4  0  0
25 37 361680 3034116 1676464 167147804    0    0 409216 348332 282218 1511331 35 38 23  4  0  0
27  1 361680 3039524 1676464 167149936    0    0 441104 383548 287315 1522678 36 37 23  4  0  0
124  4 361680 3046544 1676464 167151932    0    0 436832 368192 287124 1497489 34 39 23  4  0  0
49  1 361680 3048140 1676464 167153940    0    0 418304 362552 288906 1511088 34 38 25  3  0  0
48  4 361680 3048212 1676464 167155792    0    0 427040 362080 286210 1512689 35 39 23  4  0  0
69  3 361680 3051076 1676464 167157832    0    0 384384 353960 285499 1521522 34 39 24  3  0  0
32  9 361680 3050216 1676464 167159784    0    0 440112 369652 288934 1522286 35 39 23  4  0  0
56  0 361680 3046184 1676468 167161816    0    0 427284 390728 282437 1503998 34 37 24  4  0  0
11  0 361680 3041232 1676468 167163792    0    0 398224 349320 288936 1534442 35 39 23  4  0  0
38 26 361680 3038212 1676472 167165636    0    0 402576 359156 296214 1566803 36 38 23  4  0  0
243  0 361680 3034800 1676472 167167832    0    0 450848 374424 285503 1518567 35 39 23  4  0  0
65  3 361680 3034308 1676472 167169640    0    0 421200 376016 287672 1520626 36 36 25  3  0  0
41 33 361680 3034968 1676472 167171600    0    0 409088 355752 285482 1544365 35 39 23  3  0  0
121  0 361680 3034528 1676472 167173744    0    0 426896 366108 293126 1546528 35 39 22  4  0  0
procs -----------memory---------- ---swap-- -----io---- -system-- -------cpu-------
 r  b   swpd   free   buff  cache   si   so    bi    bo   in   cs us sy id wa st gu
96 16 361680 3032696 1676476 167175692    0    0 436256 384324 283823 1508831 35 37 24  4  0  0
149  0 361680 3028260 1676476 167177748    0    0 436832 369924 286043 1509789 35 39 23  4  0  0
87  1 361680 3022952 1676476 167179808    0    0 411616 357512 284206 1514370 35 39 23  4  0  0
35  4 361680 3015992 1676476 167181692    0    0 420224 362288 284109 1518166 35 39 23  4  0  0
56  2 361680 3017028 1676476 167183736    0    0 466320 386832 294595 1522342 35 37 24  4  0  0
37 33 361680 3011012 1676476 167185728    0    0 416464 360408 294720 1532380 35 38 24  3  0  0
137  0 361680 3001564 1676480 167187984    0    0 400176 352264 284311 1516606 35 38 23  4  0  0
10  3 361680 3004604 1676480 167189748    0    0 395712 358528 286162 1522725 34 39 23  3  0  0
35  4 361680 2997068 1676480 167191692    0    0 423472 364316 286835 1511604 35 37 24  3  0  0
38  4 361680 2991440 1676480 167193708    0    0 437520 378892 287426 1534354 35 39 22  4  0  0
64 14 361680 2986884 1676480 167195676    0    0 414912 363700 286072 1536636 35 38 23  3  0  0
63  3 361680 2986208 1676484 167197780    0    0 403520 341652 293056 1545244 35 39 23  4  0  0
12  0 361680 2978280 1676484 167199764    0    0 467136 394164 286566 1501911 36 36 24  4  0  0
60  1 361680 2973012 1676484 167202044    0    0 450256 359652 286219 1533855 36 37 23  4  0  0
77 17 361680 2975384 1676484 167204184    0    0 493552 394688 290933 1516105 37 35 25  3  0  0
124  3 361680 2981976 1676484 167206084    0    0 394800 345524 287988 1528439 35 39 23  3  0  0
111  3 361680 2973584 1676484 167208016    0    0 405312 355952 285360 1526595 34 39 23  4  0  0
 8  2 361680 2974060 1676484 167210032    0    0 443616 386864 281104 1480881 35 36 26  4  0  0
60  5 361680 2971532 1676484 167212056    0    0 436672 369464 288649 1514643 35 37 25  3  0  0
33  3 361680 2971768 1676484 167214040    0    0 415664 365684 297786 1546375 35 38 24  3  0  0
43  5 361680 2964440 1676484 167216024    0    0 371712 337728 296012 1551813 34 40 23  3  0  0
procs -----------memory---------- ---swap-- -----io---- -system-- -------cpu-------
 r  b   swpd   free   buff  cache   si   so    bi    bo   in   cs us sy id wa st gu
10  0 361680 2962552 1676488 167217848    0    0 408864 356864 284957 1512668 35 36 25  4  0  0
68  2 361680 2965348 1676488 167220004    0    0 461440 363856 284587 1507536 35 37 23  4  0  0
41  2 361680 2977104 1676488 167221960    0    0 408864 363408 284142 1522417 35 37 25  3  0  0
67 14 361680 2978316 1676488 167224016    0    0 439968 372216 285762 1497159 35 36 25  3  0  0
27  8 361680 2980904 1676488 167226036    0    0 515232 401180 284677 1495710 37 35 24  5  0  0
65  3 361680 2980040 1676488 167228720    0    0 489776 382984 286209 1490101 36 36 24  4  0  0
53  2 361680 2976616 1676488 167230872    0    0 474416 385196 281530 1490630 35 37 23  5  0  0
93  3 361680 2979132 1676488 167232796    0    0 355088 323420 277908 1496521 33 38 26  3  0  0
145 10 361680 2977316 1676492 167234528    0    0 417076 360664 282718 1507443 35 37 24  4  0  0
65  6 361680 2971444 1676492 167236508    0    0 444784 357176 283522 1488869 35 35 27  3  0  0
52  3 361680 2966080 1676492 167239028    0    0 471376 380864 286228 1485346 35 37 24  4  0  0
53  2 361680 2965156 1676492 167240884    0    0 448016 375956 282519 1502061 36 37 23  4  0  0
51  7 361680 2962232 1676492 167243124    0    0 448352 384264 283451 1506442 36 36 24  4  0  0
159  4 361680 2957188 1676492 167245148    0    0 426976 375612 285885 1510187 34 39 23  4  0  0
50  2 361680 2955060 1676492 167247332    0    0 457280 386052 283579 1494093 34 37 24  5  0  0
22 10 361680 2954620 1676492 167249568    0    0 462096 380264 284469 1495227 36 37 24  4  0  0
25  1 361680 2950064 1676492 167251756    0    0 433824 370788 287432 1504967 34 39 23  4  0  0
110  2 361680 2949296 1676492 167253688    0    0 411776 355608 285124 1503481 34 39 24  3  0  0
25 10 361680 2951216 1676492 167255688    0    0 465216 399296 285325 1494905 35 37 23  5  0  0
81  6 361680 2948624 1676492 167257568    0    0 394928 358984 278990 1486439 33 38 25  4  0  0
29 22 361680 2946868 1676492 167259596    0    0 459872 386048 281626 1493896 36 35 25  4  0  0
procs -----------memory---------- ---swap-- -----io---- -system-- -------cpu-------
 r  b   swpd   free   buff  cache   si   so    bi    bo   in   cs us sy id wa st gu
40  3 361680 2944676 1676492 167261792    0    0 368608 327424 282972 1519007 34 39 23  3  0  0
214  0 361680 2943284 1676492 167263616    0    0 442032 388356 287714 1517486 35 38 22  5  0  0
70  5 361680 2938332 1676492 167265556    0    0 413584 354404 286663 1531281 36 38 23  3  0  0
31 27 361680 2935284 1676492 167267548    0    0 430176 385184 286491 1522641 35 38 23  4  0  0
115  4 361680 2930616 1676492 167269800    0    0 459792 383352 284596 1493058 35 37 24  5  0  0
69  5 361680 2928400 1676492 167271876    0    0 461216 399248 288970 1525499 36 37 23  4  0  0
15  0 361680 2921456 1676492 167274108    0    0 451040 399028 285039 1506166 35 38 23  4  0  0
 7  0 361680 2920444 1676492 167276356    0    0 518896 421020 286229 1464720 36 33 26  4  0  0
96  2 361680 2916472 1676492 167278564    0    0 438128 378604 286914 1525339 35 39 23  4  0  0
50  1 361680 2919404 1676492 167280580    0    0 433584 364260 283199 1512994 35 36 25  4  0  0
143  2 361680 2913432 1676492 167282612    0    0 433488 374624 282401 1501471 35 37 24  4  0  0
46 20 361680 2911136 1676492 167284536    0    0 365632 338036 284047 1530629 34 39 24  3  0  0
266  0 361680 2905216 1676492 167286388    0    0 409328 373912 282187 1510638 34 37 25  4  0  0
101  1 361680 2905232 1676496 167288100    0    0 383296 331116 286809 1542156 35 38 24  3  0  0
23  1 361680 2904696 1676496 167290112    0    0 428656 369392 285075 1531765 35 38 23  4  0  0
121  9 361680 2901876 1676496 167292020    0    0 403280 378536 286434 1539286 35 37 24  4  0  0
78  5 361680 2900708 1676500 167293972    0    0 444404 374264 297019 1545818 36 38 23  4  0  0
60  2 361680 2894816 1676500 167296264    0    0 467168 390716 294767 1546120 37 36 24  3  0  0
11  3 361680 2899148 1676508 167298332    0    0 438080 372036 287007 1517181 35 37 24  3  0  0
41  3 361680 2892720 1676508 167300156    0    0 352624 323812 287165 1551259 35 39 23  3  0  0
44  2 361680 2888380 1676508 167302208    0    0 445760 379320 286441 1533206 36 37 23  4  0  0
procs -----------memory---------- ---swap-- -----io---- -system-- -------cpu-------
 r  b   swpd   free   buff  cache   si   so    bi    bo   in   cs us sy id wa st gu
89  3 361680 2889188 1676508 167304120    0    0 406080 363040 284913 1515959 34 38 24  4  0  0
68  3 361680 2891856 1676508 167306180    0    0 450800 402132 290036 1512815 35 38 23  4  0  0
77 35 361680 2884996 1676512 167308704    0    0 525920 414176 297349 1513756 36 36 23  4  0  0
48  3 361680 2879240 1676512 167310812    0    0 433920 378700 284577 1510270 36 37 24  4  0  0
45  0 361680 2869976 1676512 167312892    0    0 512768 411212 290538 1506186 36 36 23  5  0  0
93  1 361680 2863796 1676512 167315136    0    0 392064 340804 285019 1505971 34 39 24  3  0  0
27  1 361680 2860652 1676512 167317064    0    0 454880 389784 287169 1508094 35 37 24  4  0  0
41 25 361680 2852632 1676512 167319120    0    0 452960 381800 291394 1536736 37 37 23  3  0  0
118  5 361680 2852376 1676512 167321292    0    0 375184 354604 287030 1527176 35 39 23  3  0  0
100  0 361680 2852280 1676512 167323228    0    0 440224 361172 287927 1502191 35 38 24  4  0  0
21  1 361680 2817268 1676512 167325136    0    0 400352 344976 286864 1512194 35 38 25  3  0  0
98 58 361680 2822060 1676512 167327100    0    0 430208 399532 285966 1512351 35 37 24  4  0  0
87 13 361680 2822592 1676516 167329172    0    0 423936 342628 284231 1493597 35 38 24  4  0  0
36  1 361680 2819144 1676516 167331228    0    0 443440 402204 287018 1499012 35 38 23  4  0  0
160  1 361680 2815612 1676516 167333188    0    0 404496 348920 286753 1532699 35 39 22  4  0  0
46  2 361680 2875336 1676516 167335184    0    0 468592 412304 284883 1485487 35 36 25  4  0  0
121  5 361680 2873936 1676520 167337608    0    0 451024 356212 294641 1549720 35 38 23  4  0  0
102  4 361680 2873708 1676528 167339440    0    0 481840 415936 291114 1499601 36 35 25  4  0  0
78  3 361680 2869620 1676528 167341876    0    0 507472 402040 297564 1540715 37 36 23  4  0  0
70 12 361680 2864956 1676528 167344028    0    0 388112 358884 287313 1543200 34 39 23  3  0  0
296  0 361680 2867092 1676528 167345896    0    0 401040 360580 285736 1521628 35 38 24  3  0  0
procs -----------memory---------- ---swap-- -----io---- -system-- -------cpu-------
 r  b   swpd   free   buff  cache   si   so    bi    bo   in   cs us sy id wa st gu
29  4 361680 2865016 1676528 167347836    0    0 373712 355616 293778 1548334 34 40 23  3  0  0
51  0 361680 2860820 1676536 167349716    0    0 429328 350720 283778 1508525 35 37 24  3  0  0
230  2 361680 2857056 1676536 167351584    0    0 405472 362800 285237 1525804 34 39 23  4  0  0
262  0 361680 2856744 1676540 167353476    0    0 435876 405528 281522 1452890 34 35 27  3  0  0
119 31 361680 2854464 1676540 167355624    0    0 414864 300340 286167 1524214 35 37 25  3  0  0
36  2 361680 2854160 1676540 167357768    0    0 482592 412852 289690 1507595 36 37 24  4  0  0
168  0 361680 2851448 1676544 167359768    0    0 380496 360128 283352 1526622 34 38 24  3  0  0
39  1 361680 2850740 1676544 167361584    0    0 433888 359344 288362 1540951 34 40 22  4  0  0
53  0 361680 2849736 1676544 167363896    0    0 470880 398312 295149 1512216 36 37 23  4  0  0
85 13 361680 2850420 1676544 167365980    0    0 417024 359044 289574 1538849 35 39 22  4  0  0
53  0 361680 2847260 1676544 167368244    0    0 508080 414708 297712 1525838 37 36 23  4  0  0
64  0 361680 2845604 1676548 167370392    0    0 475168 387308 288520 1508710 36 36 25  4  0  0
38 24 361680 2844880 1676548 167372508    0    0 415856 389216 285965 1530354 35 37 24  4  0  0
245  2 361680 2841240 1676548 167374364    0    0 432496 383920 288926 1541675 35 38 23  3  0  0
39  2 361680 2841156 1676548 167376400    0    0 426240 365692 286618 1513772 35 38 24  3  0  0
68  4 361680 2834760 1676548 167378344    0    0 420448 370980 296425 1548905 35 39 23  3  0  0
89  1 361680 2831212 1676552 167380440    0    0 436000 375220 287441 1519852 35 38 23  4  0  0
76  2 361680 2825108 1676552 167382280    0    0 395376 345684 283709 1509039 34 38 25  3  0  0
47  4 361680 2823364 1676552 167384356    0    0 392080 359320 296054 1539540 35 39 23  3  0  0
84  1 361680 2824360 1676552 167386272    0    0 396864 351116 288513 1533320 35 39 22  3  0  0
79  6 361680 2817740 1676552 167388248    0    0 445504 404124 290808 1510508 36 35 25  4  0  0
procs -----------memory---------- ---swap-- -----io---- -system-- -------cpu-------
 r  b   swpd   free   buff  cache   si   so    bi    bo   in   cs us sy id wa st gu
111  1 361680 2814792 1676556 167390084    0    0 389328 337260 289653 1529605 35 39 23  3  0  0
20 15 361680 2814712 1676556 167391900    0    0 456928 393808 286141 1499392 35 36 25  4  0  0
17  3 361680 2813028 1676556 167394056    0    0 402848 353768 289207 1532614 35 38 24  3  0  0
55  0 361680 2812988 1676556 167396040    0    0 400208 355336 286234 1538943 35 39 23  4  0  0
92  0 361680 2809648 1676556 167397956    0    0 417728 350736 280973 1494579 35 37 25  3  0  0
168  2 361680 2808980 1676560 167399884    0    0 434048 377700 289610 1506855 35 37 24  4  0  0
69  7 361680 2808352 1676560 167401844    0    0 440816 375796 289728 1530795 36 37 24  3  0  0
25  1 361680 2803860 1676560 167403956    0    0 377024 339040 286583 1534358 34 40 22  3  0  0
42 20 361680 2794528 1676560 167405836    0    0 433536 384920 284160 1496837 35 37 24  4  0  0
276  1 361680 2792844 1676560 167407828    0    0 411568 368088 286900 1519551 35 39 22  4  0  0
134  1 361680 2793816 1676564 167409900    0    0 433152 364980 297775 1554737 36 38 23  3  0  0
66  1 361680 2794532 1676564 167411768    0    0 403120 366156 284141 1511191 34 39 23  4  0  0
 9  0 361680 2790324 1676564 167413616    0    0 399824 344468 284512 1507290 34 39 24  3  0  0
87  6 361680 2786796 1676564 167415728    0    0 395312 355348 291909 1544557 35 40 23  3  0  0
114  2 361680 2789480 1676564 167417544    0    0 436528 375024 285622 1521044 35 38 23  4  0  0
14 13 361680 2780140 1676564 167419608    0    0 426256 386704 290915 1501822 35 37 25  4  0  0
100  3 361680 2779164 1676568 167421736    0    0 435380 367316 295430 1536320 35 38 22  4  0  0
193  1 361680 2775552 1676568 167423748    0    0 434512 354344 285067 1497058 35 37 25  3  0  0
72  9 361680 2776564 1676568 167425712    0    0 421472 377184 286392 1525437 35 38 23  4  0  0
38  4 361680 2773640 1676568 167427936    0    0 443712 377984 292227 1529282 35 38 23  4  0  0
30 21 361680 2768284 1676572 167429972    0    0 447440 382836 289612 1544768 36 38 22  4  0  0
procs -----------memory---------- ---swap-- -----io---- -system-- -------cpu-------
 r  b   swpd   free   buff  cache   si   so    bi    bo   in   cs us sy id wa st gu
38  2 361680 2767416 1676572 167432048    0    0 399936 359312 282471 1506009 35 38 24  4  0  0
24 15 361680 2767700 1676572 167434004    0    0 453392 382948 286211 1524024 35 39 22  4  0  0
55  2 361680 2762088 1676572 167435992    0    0 455072 409556 283804 1517234 35 37 23  4  0  0
62 30 361680 2757708 1676572 167438332    0    0 457888 386768 287274 1518963 36 37 23  4  0  0
58 45 361680 2753720 1676580 167440520    0    0 516496 417608 288456 1493049 35 37 24  4  0  0
66  3 361680 2754636 1676580 167442800    0    0 441344 376664 283887 1498748 35 37 25  3  0  0
66 13 361680 2750416 1676580 167444864    0    0 431232 375700 287979 1529468 35 38 23  4  0  0
80  4 361680 2750140 1676580 167446860    0    0 401984 357868 285775 1525814 34 39 24  3  0  0
51  8 361680 2748360 1676580 167448776    0    0 455248 379796 288063 1513866 35 38 23  4  0  0
36 11 361680 2747212 1676580 167451068    0    0 498656 420356 285795 1488089 35 36 24  5  0  0
102  1 361680 2741836 1676584 167453284    0    0 433376 383432 281782 1500423 34 38 24  4  0  0
29  3 361680 2739808 1676584 167455220    0    0 398912 353904 283099 1511518 34 38 24  3  0  0
127  4 361680 2742520 1676584 167457116    0    0 367456 344980 284950 1528766 34 39 24  3  0  0
93  5 361680 2741380 1676584 167459056    0    0 490208 390548 295208 1556337 37 37 23  4  0  0
171  2 361680 2737024 1676584 167461416    0    0 445408 385696 284475 1500182 35 38 23  4  0  0
76  4 361680 2734512 1676588 167463416    0    0 417488 363576 285900 1525747 35 38 23  3  0  0
25  1 361680 2733796 1676588 167465188    0    0 423632 359608 288448 1525368 35 38 23  3  0  0
90  4 361680 2729500 1676588 167467392    0    0 454880 373880 298268 1538077 35 39 22  4  0  0
67 16 361680 2720584 1676588 167469588    0    0 458640 406312 287099 1503307 35 36 25  4  0  0
19  1 361680 2721788 1676588 167471488    0    0 406416 356836 287750 1538420 35 38 24  3  0  0
105  3 361680 2716296 1676592 167473568    0    0 416768 355832 286939 1543861 36 38 23  3  0  0
procs -----------memory---------- ---swap-- -----io---- -system-- -------cpu-------
 r  b   swpd   free   buff  cache   si   so    bi    bo   in   cs us sy id wa st gu
42 35 361680 2714048 1676592 167475348    0    0 384768 349848 292865 1542313 34 39 23  4  0  0
59 21 361680 2715388 1676592 167477380    0    0 440080 374052 291599 1509600 36 37 24  4  0  0
102  5 361680 2713368 1676592 167479388    0    0 397584 357164 284560 1518984 35 38 23  4  0  0
52  8 361680 2708344 1676592 167481236    0    0 373248 346108 284562 1518149 34 39 23  3  0  0
69  2 361680 2707348 1676600 167483124    0    0 432800 356692 289466 1544720 36 39 22  3  0  0
82  1 361680 2705340 1676600 167485068    0    0 395856 368676 282636 1501462 34 38 25  3  0  0
32 19 361680 2702168 1676600 167487012    0    0 450032 386660 286302 1502536 36 36 24  4  0  0
30 18 361680 2701880 1676604 167489028    0    0 436436 381204 288447 1519134 35 38 23  4  0  0
36  2 361680 2702100 1676604 167491176    0    0 448768 369200 284263 1487371 35 37 25  4  0  0
40  1 361680 2696880 1676608 167493276    0    0 433904 373292 288182 1531193 35 39 22  4  0  0
79  5 361680 2695884 1676608 167495236    0    0 425072 370200 289545 1500088 35 37 25  3  0  0
110 14 361680 2694160 1676608 167497400    0    0 451072 379484 289758 1528401 35 38 23  4  0  0
24  1 361680 2691492 1676608 167499424    0    0 487072 410980 292950 1522092 36 37 23  4  0  0
73  4 361680 2677596 1676608 167501888    0    0 484864 405616 291105 1519072 36 35 25  4  0  0
147  2 361680 2672272 1676616 167503832    0    0 362848 332632 280961 1512520 34 38 25  3  0  0
50  2 361680 2675368 1676616 167505592    0    0 456080 380028 289395 1515887 36 38 22  4  0  0
12  0 361680 2673336 1676616 167507864    0    0 402080 358188 289833 1529389 36 38 23  3  0  0
122 17 361680 2672916 1676616 167509748    0    0 390832 360832 285698 1519411 35 39 23  3  0  0
62  4 361680 2672528 1676616 167511640    0    0 451984 375888 285402 1503089 35 38 23  4  0  0
108  3 361680 2667724 1676620 167513840    0    0 472288 387880 285669 1501813 36 37 24  4  0  0
141  5 361680 2666556 1676620 167515888    0    0 372032 345264 283702 1519943 34 40 23  3  0  0
procs -----------memory---------- ---swap-- -----io---- -system-- -------cpu-------
 r  b   swpd   free   buff  cache   si   so    bi    bo   in   cs us sy id wa st gu
78  5 361680 2663028 1676620 167517772    0    0 406464 371884 281384 1490948 35 36 26  3  0  0
24  3 361680 2663132 1676620 167519652    0    0 416416 367104 284209 1518375 35 39 23  3  0  0
98  4 361680 2658144 1676620 167521548    0    0 379888 297812 284382 1518900 35 39 23  3  0  0
157  1 361680 2656976 1676624 167523364    0    0 424080 407576 287387 1507576 36 38 23  3  0  0
54  5 361680 2656048 1676624 167525564    0    0 436032 349580 287139 1503958 35 37 24  4  0  0
70  4 361680 2651832 1676624 167527640    0    0 440192 371924 288636 1505882 35 38 23  4  0  0
188  5 361680 2650752 1676624 167529616    0    0 438528 405404 288984 1507736 36 37 24  3  0  0
269  4 361680 2648740 1676624 167531608    0    0 362992 315584 282617 1519097 34 39 23  3  0  0
69 12 361680 2643260 1676628 167533248    0    0 440816 377412 284662 1502065 36 37 24  3  0  0
104  1 361680 2969720 1676628 167192260    0    0 508352 412672 292347 1511179 36 37 23  4  0  0
28 34 361680 2957532 1676628 167193200    0    0 448656 390896 288128 1511188 35 38 23  4  0  0
163  2 361680 2957928 1676628 167195344    0    0 436176 365260 289426 1527350 36 37 23  4  0  0
59  2 361680 2956832 1676628 167197300    0    0 458144 388548 287258 1512585 36 37 23  4  0  0
166  1 361680 2964264 1676632 167199408    0    0 402560 358396 286095 1519916 35 38 24  3  0  0
33  1 361680 2963332 1676632 167201296    0    0 452944 385096 288862 1500583 36 36 25  3  0  0
58  1 361680 2964700 1676632 167203392    0    0 428880 387532 295948 1542377 35 39 22  4  0  0
210  0 361680 2965624 1676632 167205452    0    0 472128 352524 285891 1491451 35 36 24  4  0  0
68  2 361680 2965124 1676632 167207344    0    0 417680 352780 291334 1533869 34 39 24  4  0  0
33 10 361680 2964680 1676636 167209468    0    0 472944 390404 294279 1517746 36 37 24  4  0  0
56 13 361680 2961136 1676640 167211596    0    0 403364 366172 287361 1521211 35 38 24  3  0  0
 8  0 361680 2955796 1676640 167213476    0    0 487600 404472 288357 1502495 35 37 24  4  0  0
procs -----------memory---------- ---swap-- -----io---- -system-- -------cpu-------
 r  b   swpd   free   buff  cache   si   so    bi    bo   in   cs us sy id wa st gu
42 18 361680 2954500 1676640 167215612    0    0 362800 337048 285076 1544997 34 40 23  3  0  0
42  1 361680 2953472 1676640 167217456    0    0 440736 378472 290473 1503127 35 36 25  3  0  0
75  2 361680 2953960 1676640 167219376    0    0 436528 373188 287784 1533478 35 38 23  4  0  0
129  0 361680 2949240 1676640 167221604    0    0 463152 417164 291439 1482666 35 36 25  4  0  0
71 10 361680 2945988 1676640 167223360    0    0 381088 342052 290549 1538243 35 39 24  3  0  0
216  0 361680 2948364 1676640 167225300    0    0 431856 360192 285028 1508825 35 38 24  3  0  0
73 18 361680 2946524 1676640 167227180    0    0 415248 362076 282582 1503835 35 39 24  3  0  0
29  2 361680 2946740 1676644 167229044    0    0 420512 373000 285491 1515955 34 39 23  4  0  0
28  4 361680 2942880 1676644 167231084    0    0 406480 361784 279019 1507545 35 37 24  3  0  0
11  2 361680 2943252 1676644 167232796    0    0 403072 353120 283554 1519754 34 38 24  4  0  0
41 21 361680 2942232 1676644 167234812    0    0 449712 402932 282505 1480754 35 37 24  4  0  0
19  1 361680 2941948 1676644 167236980    0    0 432048 353176 283648 1521903 35 39 22  4  0  0
58  5 361680 2940532 1676652 167238836    0    0 431008 383808 285307 1511593 35 38 23  4  0  0
31  1 361680 2935216 1676652 167240916    0    0 417872 347640 283294 1527342 35 37 24  3  0  0
81  0 361680 2935452 1676652 167242908    0    0 422576 371460 284104 1518094 34 38 23  5  0  0
27  0 361680 2930928 1676652 167244624    0    0 383216 327484 282070 1503935 35 37 25  3  0  0
10  2 361680 2930148 1676652 167246572    0    0 452224 382584 287316 1509530 35 38 22  5  0  0
196  1 361680 2930652 1676652 167248584    0    0 427024 377960 294720 1528362 35 37 25  3  0  0
114  1 361680 2927720 1676652 167250444    0    0 409632 347724 292005 1532010 36 38 24  3  0  0
227  0 361680 2924140 1676652 167252480    0    0 456544 395232 282610 1475911 35 36 26  4  0  0
92  0 361680 2901680 1676652 167254520    0    0 461920 381056 288005 1525193 35 38 23  4  0  0
procs -----------memory---------- ---swap-- -----io---- -system-- -------cpu-------
 r  b   swpd   free   buff  cache   si   so    bi    bo   in   cs us sy id wa st gu
52 28 361680 2898712 1676652 167256968    0    0 476768 402172 290040 1527729 36 37 23  4  0  0
80 11 361680 2896348 1676656 167259264    0    0 501248 413960 287242 1510261 35 38 23  4  0  0
21  2 361680 2896196 1676656 167261488    0    0 453312 366300 286996 1531041 35 38 23  3  0  0
21 13 361680 2897956 1676656 167263640    0    0 428496 371088 282084 1517633 35 38 23  4  0  0
19  0 361680 2894020 1676656 167265488    0    0 399056 358256 286354 1525069 35 38 24  3  0  0
123  8 361680 2892408 1676656 167267348    0    0 411872 363368 295624 1556225 34 39 22  4  0  0
32 30 361680 2892276 1676656 167269524    0    0 451856 409932 288010 1503431 35 37 25  4  0  0
26 21 361680 2890676 1676656 167271512    0    0 435024 373112 285976 1506095 35 38 24  4  0  0
152  0 361680 2890848 1676656 167273648    0    0 462000 381132 284069 1510012 35 37 24  4  0  0
43  3 361680 2888612 1676656 167275788    0    0 394224 360632 287744 1518522 35 38 24  3  0  0
57 10 361680 2881780 1676656 167277628    0    0 394368 360708 286753 1532504 35 39 22  4  0  0
50  1 361680 2881500 1676664 167279528    0    0 397876 352376 286711 1533286 35 40 22  4  0  0
142  1 361680 2879396 1676664 167281316    0    0 383376 357860 284509 1518780 34 38 24  3  0  0
84  3 361680 2872724 1676664 167283240    0    0 378576 341292 296481 1564784 35 40 22  3  0  0
49  6 361680 2871220 1676664 167285056    0    0 467536 412648 291706 1501717 34 37 25  4  0  0
11  8 361680 2872232 1676664 167287296    0    0 449632 385440 288571 1521499 36 37 25  3  0  0
58  1 361680 2869568 1676672 167289316    0    0 420272 377180 288082 1528054 35 39 23  4  0  0
47  2 361680 2863460 1676672 167291300    0    0 454592 365664 286914 1524635 36 37 24  3  0  0
107  3 361680 2858452 1676672 167293636    0    0 433312 380588 287867 1532354 35 38 23  4  0  0
18  1 361680 2852408 1676672 167295624    0    0 436256 380548 286900 1515468 36 38 23  4  0  0
75  0 361680 2851060 1676672 167297572    0    0 441504 360700 285965 1515310 35 38 23  4  0  0
procs -----------memory---------- ---swap-- -----io---- -system-- -------cpu-------
 r  b   swpd   free   buff  cache   si   so    bi    bo   in   cs us sy id wa st gu
89  7 361680 2849456 1676672 167299624    0    0 420784 383156 285157 1488947 34 36 26  4  0  0
48  2 361680 2846264 1676672 167301552    0    0 362256 332708 295058 1566789 35 39 23  3  0  0
176  1 361680 2845476 1676672 167303340    0    0 417936 364404 292087 1533927 35 37 24  3  0  0
50  4 361680 2842196 1676672 167305336    0    0 458384 388972 289876 1531311 37 37 24  3  0  0
56  8 361680 2839164 1676672 167307368    0    0 436864 361960 289855 1550902 36 38 22  4  0  0
34 27 361680 2836676 1676672 167309460    0    0 454880 396020 299579 1544664 35 38 23  4  0  0
53  1 361680 2832416 1676672 167311660    0    0 374304 342324 285542 1527501 34 39 23  3  0  0
52  6 361680 2833408 1676672 167313660    0    0 479936 390372 285675 1482795 35 36 25  4  0  0
18  0 361680 2830736 1676672 167315628    0    0 407808 370412 290270 1519430 35 37 25  3  0  0
23  0 361680 2824400 1676672 167317580    0    0 409744 368628 285076 1511695 35 38 23  4  0  0
82  3 361680 2822124 1676672 167319632    0    0 459872 375416 288215 1530508 36 38 23  4  0  0
148 11 361680 2799916 1676672 167321876    0    0 456560 393740 299508 1556337 36 38 23  4  0  0
207  1 361680 2797888 1676672 167323964    0    0 445728 376536 281698 1495575 35 37 24  4  0  0
29  3 361680 2796308 1676672 167325896    0    0 353968 335888 285364 1539965 34 39 24  3  0  0
37  3 361680 2791944 1676672 167327724    0    0 409072 359072 283357 1506726 35 38 24  3  0  0
190  9 361680 2793768 1676676 167329640    0    0 459776 390324 287923 1521676 36 38 23  4  0  0
33 14 361680 2788164 1676676 167331632    0    0 458352 386344 285304 1487118 35 37 25  4  0  0
14  2 361680 2786264 1676676 167333980    0    0 441024 372444 292512 1527776 36 38 24  3  0  0
47  7 361680 2783028 1676676 167336036    0    0 427952 367340 296863 1556998 35 38 23  4  0  0
53  8 361680 2788112 1676680 167337988    0    0 400708 354760 284134 1515595 34 38 25  3  0  0
199  0 361680 2782460 1676680 167339864    0    0 445168 372964 289918 1543478 36 38 22  4  0  0
procs -----------memory---------- ---swap-- -----io---- -system-- -------cpu-------
 r  b   swpd   free   buff  cache   si   so    bi    bo   in   cs us sy id wa st gu
166  0 361680 2776056 1676680 167341976    0    0 427904 374172 286435 1514556 36 37 24  3  0  0
33 27 361680 2770376 1676680 167343876    0    0 385488 350984 286307 1529402 35 38 24  3  0  0
68  2 361680 2770652 1676680 167345924    0    0 419696 345896 284415 1520754 35 37 24  4  0  0
51  4 361680 2769016 1676680 167347712    0    0 452352 392976 288813 1513318 35 37 24  4  0  0
31  0 361680 2770048 1676680 167349864    0    0 425648 361956 284718 1508358 35 38 24  3  0  0
13  6 361680 2767036 1676680 167351756    0    0 415712 362036 284248 1515860 35 38 24  4  0  0
148  1 361680 2768804 1676680 167353888    0    0 397744 359476 290407 1528383 34 38 24  3  0  0
175  4 361680 2763444 1676680 167355872    0    0 465312 346336 288713 1549252 36 38 22  4  0  0
38  5 361680 2759476 1676680 167357932    0    0 441760 379136 285805 1519977 36 37 23  4  0  0
113  2 361680 2755312 1676684 167359976    0    0 412832 353992 288555 1510500 35 38 24  3  0  0
63  9 361680 2755728 1676684 167362124    0    0 451088 386848 290680 1514793 35 37 23  4  0  0
43  6 361680 2753036 1676684 167364068    0    0 401232 351652 283300 1509222 34 39 24  3  0  0
29  8 361680 2750436 1676684 167365924    0    0 400928 381384 285471 1518831 34 39 23  4  0  0
88  3 361680 2752608 1676684 167367996    0    0 479312 388536 291796 1526741 37 36 23  4  0  0
18 13 361680 2755680 1676688 167370216    0    0 396224 341932 281068 1503059 34 38 25  3  0  0
49  1 361680 2754108 1676688 167371936    0    0 404672 354620 284211 1504165 35 38 24  3  0  0
52  2 361680 2750596 1676688 167373972    0    0 365448 336668 286089 1540021 34 40 23  3  0  0
22  0 361680 2750508 1676688 167375748    0    0 440032 378388 283599 1502055 35 37 24  4  0  0
51  0 361680 2748984 1676688 167377760    0    0 404352 358268 285277 1511136 34 38 24  3  0  0
43 19 361680 2746408 1676692 167379596    0    0 410656 363764 289319 1525926 35 39 22  4  0  0
52  6 361680 2747356 1676692 167381492    0    0 462000 409484 289765 1508151 35 36 24  4  0  0
procs -----------memory---------- ---swap-- -----io---- -system-- -------cpu-------
 r  b   swpd   free   buff  cache   si   so    bi    bo   in   cs us sy id wa st gu
31 20 361680 2746484 1676692 167383936    0    0 441264 386940 287924 1512086 35 38 24  4  0  0
275  1 361680 2745432 1676692 167386052    0    0 480848 396192 292190 1513863 35 36 24  4  0  0
77  0 361680 2744240 1676692 167388184    0    0 462976 389276 288355 1525326 36 37 23  4  0  0
70  7 361680 2738140 1676692 167390336    0    0 494928 398920 290526 1514476 36 36 24  4  0  0
104  0 361680 2735720 1676692 167392912    0    0 443632 379620 283698 1483601 34 37 25  3  0  0
37  5 361680 2734080 1676692 167394840    0    0 388992 348976 288050 1529237 35 39 22  3  0  0
36 25 361680 2730180 1676692 167396648    0    0 418240 371396 284999 1522283 35 39 23  4  0  0
10  1 361680 2729900 1676692 167398548    0    0 418464 387656 287233 1528798 35 37 24  4  0  0
202  0 361680 2730728 1676696 167400612    0    0 391584 338284 284451 1506031 34 38 25  3  0  0
50  2 361680 2725576 1676696 167402544    0    0 446448 388840 284028 1497913 35 36 25  4  0  0
169  4 361680 2721184 1676696 167404452    0    0 453488 376404 291635 1548930 36 38 23  4  0  0
29 24 361680 2717080 1676700 167406600    0    0 432052 374460 290302 1531161 36 37 24  4  0  0
55  7 361680 2713392 1676700 167408656    0    0 435360 368856 293818 1531827 36 37 24  3  0  0
34 14 361680 2711872 1676700 167410640    0    0 451360 388832 287791 1510597 34 39 22  5  0  0
151  0 361680 2707500 1676700 167412784    0    0 426048 378972 288870 1524136 36 37 24  4  0  0
110  0 361680 2705968 1676700 167414820    0    0 437968 368068 291051 1510941 35 38 23  4  0  0
101  3 361680 2703824 1676700 167417000    0    0 465856 393140 288052 1517126 36 36 24  3  0  0
61  1 361680 2700648 1676700 167419196    0    0 479728 401816 299539 1532558 36 37 23  4  0  0
45  7 361680 2700632 1676704 167421244    0    0 414816 363748 297052 1569104 36 37 24  3  0  0
23 17 361680 2697120 1676704 167423580    0    0 448928 379780 283876 1494113 35 37 25  4  0  0
56  4 361680 2697040 1676704 167425368    0    0 495696 412764 289807 1490361 36 36 24  4  0  0
procs -----------memory---------- ---swap-- -----io---- -system-- -------cpu-------
 r  b   swpd   free   buff  cache   si   so    bi    bo   in   cs us sy id wa st gu
79  6 361680 2693504 1676704 167427636    0    0 402544 356412 284553 1513157 35 37 24  4  0  0
34 33 361680 2687652 1676704 167429688    0    0 425392 383104 284790 1492971 35 38 24  4  0  0
66  2 361680 2685520 1676708 167431796    0    0 414064 362896 283765 1495541 35 38 24  4  0  0
70  7 361680 2684352 1676708 167433680    0    0 423296 363776 286883 1512345 35 38 23  3  0  0
75 11 361680 2682672 1676708 167435648    0    0 392832 355148 286569 1527095 34 39 24  3  0  0
109  2 361680 2678716 1676708 167437620    0    0 486368 403476 288992 1514973 36 37 23  4  0  0
35 24 361680 2678164 1676708 167439872    0    0 453184 392876 284096 1496641 35 37 24  4  0  0
36  5 361680 2680772 1676708 167441816    0    0 463808 382736 293013 1541983 37 38 22  4  0  0
90  3 361680 2676212 1676708 167444092    0    0 484832 406740 287137 1507156 36 36 24  4  0  0
83  2 361680 2677540 1676708 167446276    0    0 357744 329472 285606 1542430 34 40 23  3  0  0
32  4 361680 2677016 1676708 167448104    0    0 422384 385272 288725 1525014 35 38 24  4  0  0
22 34 361680 2674984 1676708 167450028    0    0 417760 372488 287200 1527320 35 37 23  4  0  0
12  2 361680 2671948 1676716 167452156    0    0 476336 394032 286048 1492285 36 35 25  4  0  0
22 19 361680 2670088 1676716 167454220    0    0 470928 387268 286110 1493682 36 35 25  3  0  0
170  3 361680 2667284 1676716 167456416    0    0 440304 386028 288240 1520438 35 38 23  4  0  0
43 11 361680 2665816 1676716 167458580    0    0 421088 366460 286009 1527344 35 37 24  3  0  0
196  2 361680 2661452 1676716 167460588    0    0 423056 359920 282349 1505819 35 39 23  4  0  0
19  2 361680 2661292 1676724 167462644    0    0 405904 365244 275117 1475270 34 35 27  3  0  0
70  0 361680 2660540 1676724 167464624    0    0 451728 382808 296339 1565590 36 37 22  4  0  0
30 26 361680 2652396 1676724 167466680    0    0 438368 374376 291423 1556620 36 37 23  3  0  0
14  0 361680 2638708 1676724 167468660    0    0 446480 389132 283952 1510129 35 37 24  4  0  0
procs -----------memory---------- ---swap-- -----io---- -system-- -------cpu-------
 r  b   swpd   free   buff  cache   si   so    bi    bo   in   cs us sy id wa st gu
37  0 361680 3119804 1676724 166978356    0    0 398640 349188 285235 1549960 35 39 23  3  0  0
26  1 361680 3116072 1676732 166978504    0    0 489488 401364 287596 1501112 36 35 25  3  0  0
90  7 361680 3114464 1676736 166980660    0    0 439204 384536 284990 1529979 35 39 22  4  0  0
35 28 361680 3110556 1676736 166982688    0    0 400720 352628 283293 1521855 34 38 24  3  0  0
27  0 361680 3114548 1676736 166984548    0    0 467632 416904 288157 1515439 36 36 23  4  0  0
38  1 361680 3118884 1676736 166986660    0    0 416432 368176 284125 1512444 35 37 25  3  0  0
135  1 361680 3127348 1676744 166988696    0    0 460944 394320 294326 1542621 36 38 22  4  0  0
34  0 361680 3127180 1676744 166990720    0    0 408592 362672 283944 1522104 35 39 23  4  0  0
98  2 361680 3129204 1676744 166992696    0    0 419264 368868 291365 1557661 36 37 23  3  0  0
38  7 361680 3125680 1676744 166994472    0    0 415280 359876 296174 1559969 34 40 22  4  0  0
258  1 361680 3127568 1676744 166996424    0    0 416544 377752 286873 1524263 34 38 24  3  0  0
69  4 361680 3127284 1676752 166998336    0    0 424880 361404 288978 1543914 36 37 24  3  0  0
12  0 361680 3121204 1676752 167000188    0    0 426240 391248 289856 1525393 35 39 23  3  0  0
26  1 361680 3123272 1676752 167002216    0    0 423648 361892 286108 1517128 36 38 23  4  0  0
 9  0 361680 3112180 1676752 167004128    0    0 407808 363212 283571 1514686 34 39 24  3  0  0
54 14 361680 3108244 1676752 167006036    0    0 418608 372572 284197 1511395 34 39 24  4  0  0
136  1 361680 3096420 1676756 167007912    0    0 441392 371076 284177 1504765 34 38 25  3  0  0
32 33 361680 3093848 1676756 167010012    0    0 449776 387420 286460 1540271 35 38 23  4  0  0
73  6 361680 3092636 1676756 167011984    0    0 373712 344236 284473 1547173 34 40 23  3  0  0
44 34 361680 3083952 1676756 167013772    0    0 422528 361632 285626 1524521 34 38 24  3  0  0
156  0 361680 3072244 1676756 167015720    0    0 405328 379044 284712 1510434 34 38 24  3  0  0
procs -----------memory---------- ---swap-- -----io---- -system-- -------cpu-------
 r  b   swpd   free   buff  cache   si   so    bi    bo   in   cs us sy id wa st gu
251  1 361680 3063532 1676756 167017612    0    0 429584 371628 284581 1507382 35 37 24  4  0  0
55  2 361680 3057900 1676756 167019536    0    0 408704 353172 283248 1505681 35 38 24  4  0  0
57  3 361680 3059724 1676756 167021380    0    0 407328 353216 282076 1511125 34 38 24  3  0  0
101  1 361680 3064648 1676756 167023184    0    0 432480 359100 288680 1533590 35 37 23  4  0  0
27  9 361680 3074368 1676760 167025212    0    0 408096 362392 290931 1531079 35 38 23  4  0  0
71  4 361680 3035348 1676760 167027220    0    0 478576 394372 288968 1485336 36 35 25  4  0  0
45  2 361680 3029760 1676760 167029244    0    0 423968 368412 293404 1551858 35 40 22  4  0  0
36  1 361680 3029088 1676760 167031368    0    0 496864 418504 290592 1496980 35 37 24  5  0  0
15  2 361680 3032896 1676760 167033500    0    0 400640 345352 283717 1507770 34 38 24  3  0  0
38  1 361680 3039600 1676768 167035400    0    0 426320 363836 290531 1504711 35 37 24  3  0  0
13  1 361680 3088900 1676768 167037248    0    0 463840 389752 290911 1515344 36 37 23  3  0  0
135  3 361680 3088548 1676768 167039360    0    0 401056 361288 284654 1524457 34 39 23  4  0  0
31 19 361680 3087084 1676768 167041532    0    0 459408 372604 297066 1532826 36 38 23  4  0  0
112  2 361680 3091628 1676768 167043392    0    0 396272 350692 286081 1508022 34 38 25  3  0  0
42 11 361680 3091056 1676772 167045192    0    0 386768 356024 286464 1540785 35 39 23  3  0  0
80 12 361680 3095492 1676776 167047108    0    0 458148 399252 285388 1510565 35 36 24  4  0  0
136  1 361680 3093312 1676776 167049080    0    0 417872 350180 284645 1513216 35 38 24  3  0  0
147 10 361680 3084508 1676776 167051136    0    0 459904 391768 285342 1512031 36 38 23  4  0  0
135  1 361680 3082760 1676776 167053460    0    0 411744 365660 293020 1535234 35 38 24  3  0  0
35  1 361680 3086172 1676784 167055280    0    0 407552 364756 293721 1543090 34 39 23  4  0  0
196  0 361680 3081448 1676784 167057188    0    0 472224 391556 294720 1568804 37 36 23  3  0  0
procs -----------memory---------- ---swap-- -----io---- -system-- -------cpu-------
 r  b   swpd   free   buff  cache   si   so    bi    bo   in   cs us sy id wa st gu
199  2 361680 3077868 1676784 167059280    0    0 380016 339112 285204 1529945 34 39 23  3  0  0
20  3 361680 3079752 1676784 167061088    0    0 405472 367880 278583 1475480 33 36 26  4  0  0
47  2 361680 3075348 1676788 167063040    0    0 430288 371816 285786 1531230 34 38 23  4  0  0
49  2 361680 3071760 1676792 167065176    0    0 380480 352696 284299 1541621 35 38 24  3  0  0
74  2 361680 3068132 1676792 167066876    0    0 374528 330056 283743 1529358 35 39 24  2  0  0
121  2 361680 3068636 1676792 167068632    0    0 441360 401644 287718 1501124 35 37 25  3  0  0
53 12 361680 3064196 1676792 167070844    0    0 487168 406408 287421 1509111 36 37 23  4  0  0
81 33 361680 3061580 1676792 167072972    0    0 446736 374576 285432 1514816 36 37 23  4  0  0
27 14 361680 3059336 1676796 167075092    0    0 380112 342224 287762 1542115 34 40 23  3  0  0
70 14 361680 3058044 1676796 167076796    0    0 373600 336032 284085 1536400 35 38 23  3  0  0
54 44 361680 3052732 1676796 167078700    0    0 408704 372320 284512 1535928 34 38 23  4  0  0
129  3 361680 3051048 1676796 167080572    0    0 426336 370820 295290 1538983 35 38 22  4  0  0
81 15 361680 3052480 1676796 167082736    0    0 477520 401924 284574 1484109 35 36 25  4  0  0
105  4 361680 3053112 1676800 167084716    0    0 449200 367984 298230 1555929 36 38 22  4  0  0
162  1 361680 3051572 1676800 167086844    0    0 379520 354332 294212 1538041 34 40 23  4  0  0
57 37 361680 3046236 1676800 167088856    0    0 473696 386568 290316 1506105 36 36 24  4  0  0
19  0 361680 3041704 1676800 167090996    0    0 401744 356188 284068 1513304 34 39 23  4  0  0
58  4 361680 3038912 1676800 167092828    0    0 432816 369744 288054 1514234 34 39 23  4  0  0
11  5 361680 3036412 1676800 167094872    0    0 374400 327300 283331 1529111 34 40 22  4  0  0
53 40 361680 3039020 1676804 167096700    0    0 403808 372524 280255 1506667 35 38 24  3  0  0
51  9 361680 3035816 1676804 167098588    0    0 420528 350448 281347 1485419 34 37 24  5  0  0
procs -----------memory---------- ---swap-- -----io---- -system-- -------cpu-------
 r  b   swpd   free   buff  cache   si   so    bi    bo   in   cs us sy id wa st gu
80  1 361680 3034736 1676804 167100580    0    0 425984 393432 295141 1542474 35 39 22  4  0  0
170  0 361680 3029824 1676804 167102636    0    0 404528 335252 294399 1530266 34 40 22  4  0  0
63 16 361680 3021396 1676804 167104480    0    0 430128 378844 285755 1508616 35 37 24  4  0  0
82 21 361680 3019204 1676804 167106488    0    0 404656 362624 289369 1558683 37 38 22  4  0  0
144 13 361680 3016320 1676804 167108432    0    0 405680 363216 291058 1534552 34 39 24  3  0  0
27  0 361680 3017948 1676804 167110364    0    0 430640 350096 284262 1504136 35 38 23  5  0  0
91  1 361680 3008924 1676808 167112460    0    0 487028 404368 295842 1521567 36 35 25  4  0  0
135  1 361680 3008896 1676808 167114524    0    0 388496 342784 281582 1494108 35 38 24  3  0  0
57  9 361680 3005900 1676808 167116420    0    0 410032 372032 292587 1528221 34 39 22  4  0  0
65  2 361680 3003224 1676808 167118360    0    0 416128 347112 290789 1520504 35 38 24  4  0  0
119  0 361680 2999972 1676808 167120304    0    0 401664 331196 284297 1523965 35 38 23  4  0  0
183  0 361680 2994636 1676808 167122108    0    0 388064 341748 286678 1511138 35 39 24  3  0  0
 6  0 361680 2984672 1676808 167123880    0    0 381824 351092 286322 1524812 35 38 24  2  0  0
27 12 361680 2977280 1676808 167125948    0    0 421568 370496 286868 1529019 36 37 24  4  0  0
59  7 361680 2970144 1676808 167127800    0    0 375488 326580 277697 1491781 34 37 26  3  0  0
43  7 361680 2963668 1676808 167129560    0    0 404144 350280 292595 1539554 35 39 22  4  0  0
 5  1 361680 2958076 1676808 167131460    0    0 438512 372240 286897 1501234 35 37 24  4  0  0
54 49 361680 2950436 1676808 167133488    0    0 402976 341212 289562 1528010 35 38 24  3  0  0
22 20 361680 2950636 1676808 167135400    0    0 460144 355900 284708 1494896 35 37 24  4  0  0
17  0 361680 2944140 1676808 167137632    0    0 389072 351092 288452 1515285 34 39 23  4  0  0
74  3 361680 2943224 1676808 167139376    0    0 404928 346020 293073 1523699 34 38 24  3  0  0
procs -----------memory---------- ---swap-- -----io---- -system-- -------cpu-------
 r  b   swpd   free   buff  cache   si   so    bi    bo   in   cs us sy id wa st gu
167  6 361680 2948256 1676808 167141368    0    0 486912 395552 291591 1531960 37 36 23  4  0  0
65  1 361680 2943528 1676812 167143700    0    0 429920 377496 290976 1515789 35 38 23  4  0  0
258  1 361680 2937496 1676812 167145804    0    0 446720 366732 289428 1500781 35 38 23  4  0  0
98  0 361680 2943624 1676812 167147880    0    0 436608 358832 284960 1508256 35 37 23  5  0  0
28 31 361680 2942984 1676812 167149940    0    0 422560 352652 281575 1498096 35 38 23  4  0  0
113  7 361680 2946508 1676812 167151852    0    0 512480 406016 294242 1534590 38 35 23  4  0  0
211  1 361680 2952848 1676812 167154336    0    0 417744 357124 285018 1498576 35 37 25  3  0  0
93 17 361680 2960612 1676812 167156292    0    0 426768 369436 286560 1516907 35 39 22  4  0  0
49  7 361680 2961944 1676812 167158224    0    0 424416 373404 288963 1526887 35 37 24  4  0  0
140  0 361680 2961376 1676812 167160240    0    0 377760 336740 287151 1531242 35 38 25  3  0  0
70  0 361680 2961536 1676812 167161996    0    0 401504 348276 283902 1511186 34 39 23  3  0  0
 6  0 361680 2956912 1676820 167163896    0    0 441680 367320 283782 1489588 35 37 25  3  0  0
276  2 361680 2952272 1676820 167165968    0    0 441952 377716 285097 1512482 35 38 23  4  0  0
 9  0 361680 2951800 1676820 167168128    0    0 400944 359820 285666 1510614 34 39 23  4  0  0
63  4 361680 2934824 1676820 167169980    0    0 422144 341420 282053 1513652 35 37 24  3  0  0
51 18 361680 2932396 1676820 167172020    0    0 407936 376560 290830 1514791 34 38 24  4  0  0
42  0 361680 2927844 1676824 167174020    0    0 389824 325112 287236 1539135 35 39 23  3  0  0
17 15 361680 2924808 1676828 167175844    0    0 433828 384524 283704 1507787 36 37 24  4  0  0
63  5 361680 2923552 1676828 167177840    0    0 420256 353840 282386 1501624 34 38 24  3  0  0
108  2 361680 2924048 1676828 167180020    0    0 435040 363156 285533 1507102 36 36 24  3  0  0
21  3 361680 2919160 1676828 167182020    0    0 511456 421364 288917 1480729 36 35 25  4  0  0
procs -----------memory---------- ---swap-- -----io---- -system-- -------cpu-------
 r  b   swpd   free   buff  cache   si   so    bi    bo   in   cs us sy id wa st gu
39  0 361680 2917488 1676828 167184472    0    0 470480 373908 281803 1491271 37 35 25  4  0  0
17  3 361680 2913480 1676828 167186668    0    0 498752 395956 289195 1518541 37 35 25  3  0  0
49  2 361680 2909604 1676828 167188940    0    0 440336 367940 282697 1492554 35 36 25  4  0  0
26  1 361680 2905664 1676828 167191172    0    0 447072 378572 286236 1526497 37 36 25  3  0  0
 8  2 361680 2907296 1676828 167193112    0    0 454272 373660 289869 1526635 37 35 25  2  0  0
38  5 361680 2906032 1676836 167195212    0    0 419264 371904 284470 1510247 35 36 25  3  0  0
87  8 361680 2907564 1676836 167197256    0    0 467552 378700 290937 1510420 36 37 23  4  0  0
46  6 361680 2906264 1676836 167199524    0    0 436736 376296 285516 1499790 36 37 24  3  0  0
115  9 361680 2904804 1676836 167201500    0    0 468240 380836 288918 1530258 36 37 22  4  0  0
 7  0 361680 2885820 1676836 167203788    0    0 455200 379888 280486 1483670 35 36 25  5  0  0
101  0 361680 2888320 1676844 167205872    0    0 460208 365416 285087 1500969 36 36 24  4  0  0
28  2 361680 2887012 1676844 167207972    0    0 418608 361356 284791 1522605 35 37 24  4  0  0
 8  1 361680 2883380 1676844 167210192    0    0 462368 396872 285723 1499209 36 36 25  4  0  0
52 16 361680 2880752 1676844 167212292    0    0 394848 357016 283732 1508647 35 38 24  4  0  0
106  3 361680 2874424 1676844 167214312    0    0 495840 404776 288897 1497103 36 36 24  4  0  0
152  6 361680 2871692 1676844 167216664    0    0 499216 407156 285526 1481411 36 36 24  4  0  0
165 15 361680 2868468 1676844 167218760    0    0 363072 344260 284345 1516735 33 41 23  3  0  0
101  0 361680 2870688 1676844 167220524    0    0 425616 363340 283084 1512640 35 38 23  4  0  0
144  1 361680 2871432 1676844 167222648    0    0 451104 382412 284920 1513480 35 36 25  4  0  0
78  2 361680 2867528 1676844 167224728    0    0 413776 350720 285067 1534217 35 39 22  4  0  0
123  0 361680 2868888 1676848 167226788    0    0 469664 415880 286414 1499055 36 35 25  4  0  0
procs -----------memory---------- ---swap-- -----io---- -system-- -------cpu-------
 r  b   swpd   free   buff  cache   si   so    bi    bo   in   cs us sy id wa st gu
42  1 361680 2866320 1676848 167228896    0    0 391072 352408 284554 1524940 34 40 23  4  0  0
43  5 361680 2864632 1676848 167230676    0    0 416224 360420 283470 1507128 35 37 24  4  0  0
30 14 361680 2863820 1676848 167232888    0    0 498448 397892 291218 1527770 37 37 23  4  0  0
147  2 361680 2862676 1676848 167235172    0    0 433392 363812 285305 1502330 35 38 24  3  0  0
33  1 361680 2857804 1676848 167237176    0    0 400128 354628 283880 1516332 34 38 24  4  0  0
147  2 361680 2855892 1676848 167239140    0    0 435264 370972 286443 1502964 35 37 24  4  0  0
129  2 361680 2850460 1676848 167241112    0    0 436032 384576 293303 1514952 34 38 24  4  0  0
47 15 361680 2852988 1676848 167243108    0    0 445536 382300 287052 1519447 35 38 22  4  0  0
55 32 361680 2849092 1676848 167245248    0    0 447024 378516 284833 1489332 35 37 24  4  0  0
68 13 361680 2846968 1676852 167247356    0    0 504160 403552 290289 1508935 36 36 23  5  0  0
31 23 361680 2847152 1676852 167249680    0    0 396704 366964 289327 1531112 35 38 23  4  0  0
68  3 361680 2844224 1676856 167251540    0    0 405348 358284 282956 1499385 34 39 24  3  0  0
26  9 361680 2838864 1676856 167253432    0    0 469280 384680 285510 1490134 35 38 23  4  0  0
51  2 361680 2840700 1676856 167255864    0    0 516992 406468 288840 1498613 36 37 22  4  0  0
39  3 361680 2832524 1676860 167258084    0    0 422048 383272 288242 1518403 34 37 25  4  0  0
215  0 361680 2831832 1676860 167260132    0    0 407408 358952 294854 1542960 35 38 23  4  0  0
22 13 361680 2831148 1676860 167262032    0    0 438304 371948 286867 1507434 35 38 23  4  0  0
64  7 361680 2827160 1676860 167264148    0    0 465168 382816 285608 1508733 35 39 22  4  0  0
64  7 361680 2826292 1676860 167266204    0    0 414096 361944 281871 1497887 35 37 24  4  0  0
56  0 361680 2822124 1676868 167268216    0    0 439200 372208 284961 1501103 34 39 23  4  0  0
100  0 361680 2815620 1676868 167270272    0    0 363632 329712 282065 1508352 34 39 25  2  0  0
procs -----------memory---------- ---swap-- -----io---- -system-- -------cpu-------
 r  b   swpd   free   buff  cache   si   so    bi    bo   in   cs us sy id wa st gu
50  7 361680 2820524 1676868 167272028    0    0 404208 360632 285797 1512081 34 39 23  4  0  0
100  1 361680 2819616 1676868 167274096    0    0 465712 400408 289414 1505136 35 37 24  4  0  0
88  4 361680 2815516 1676868 167276288    0    0 411456 359736 283969 1496188 34 37 25  3  0  0
152  0 361680 2810004 1676876 167278120    0    0 433712 378772 287149 1498288 35 38 24  4  0  0
32  3 361680 2812108 1676876 167280124    0    0 388256 340412 295664 1540943 35 39 23  3  0  0
43  9 361680 2810160 1676876 167282200    0    0 461472 384892 289321 1502585 35 37 25  4  0  0
60  9 361680 2806296 1676876 167284268    0    0 444608 375448 284999 1488388 35 38 24  4  0  0
158  2 361680 2801296 1676876 167286324    0    0 404128 367988 285724 1498499 34 39 24  4  0  0
53  3 361680 2795600 1676884 167288248    0    0 386384 329176 281082 1492978 34 38 25  3  0  0
82  2 361680 2792264 1676884 167290144    0    0 443792 390204 285402 1502018 35 38 22  5  0  0
15  0 361680 2791264 1676884 167292128    0    0 409888 375704 280479 1485268 34 38 25  4  0  0
87 24 361680 2790536 1676884 167294128    0    0 392080 358508 284896 1506444 34 40 23  3  0  0
27 15 361680 2787536 1676884 167296096    0    0 453952 378372 285752 1521526 35 38 23  4  0  0
183  0 361680 2786152 1676884 167298220    0    0 408560 352040 288670 1533072 35 38 24  3  0  0
14  0 361680 2782788 1676888 167300012    0    0 442016 378064 287962 1532981 35 38 22  4  0  0
55 17 361680 2782772 1676888 167302336    0    0 460144 392396 287761 1521485 35 38 23  4  0  0
146  0 361680 2763756 1676888 167304432    0    0 460192 389668 289659 1508879 36 37 24  4  0  0
63 17 361680 2761848 1676888 167306492    0    0 425040 384488 284515 1522377 35 38 23  4  0  0
22 18 361680 2760012 1676888 167308500    0    0 481712 384996 287525 1503437 36 36 25  4  0  0
49  1 361680 2756640 1676888 167310700    0    0 389792 349120 284016 1522584 35 39 23  4  0  0
78  0 361680 2754876 1676888 167312652    0    0 438480 385320 286518 1489535 35 38 23  4  0  0
procs -----------memory---------- ---swap-- -----io---- -system-- -------cpu-------
 r  b   swpd   free   buff  cache   si   so    bi    bo   in   cs us sy id wa st gu
45 31 361680 2753200 1676888 167314616    0    0 415888 351216 289436 1526976 36 38 23  3  0  0
31 12 361680 2748792 1676888 167316684    0    0 384608 350132 283173 1510486 34 39 24  3  0  0
19  0 361680 2746456 1676892 167318444    0    0 433972 366792 286186 1511073 35 38 23  4  0  0
115  1 361680 2744852 1676896 167320560    0    0 442640 373884 285003 1504620 36 37 23  4  0  0
54  7 361680 2742616 1676896 167322536    0    0 409424 352784 282514 1506844 34 39 23  5  0  0
122  3 361680 2742064 1676896 167324576    0    0 456096 390736 286168 1476624 35 36 26  4  0  0
13 20 361680 2740912 1676896 167326728    0    0 427536 378768 285509 1502590 35 37 25  3  0  0
72  5 361680 2739272 1676896 167328576    0    0 383664 340120 286536 1526040 34 40 23  3  0  0
122  1 361680 2738508 1676904 167330428    0    0 409408 356544 281396 1508437 35 37 24  4  0  0
56 10 361680 2737400 1676904 167332364    0    0 412448 367764 282453 1494407 34 36 26  3  0  0
112  5 361680 2735224 1676904 167334244    0    0 443920 359800 284165 1500776 35 37 24  3  0  0
72  9 361680 2730900 1676904 167336328    0    0 398144 356072 286642 1522882 35 40 22  3  0  0
13  3 361680 2731220 1676904 167338236    0    0 411488 371616 289079 1542433 35 38 24  3  0  0
43  0 361680 2730644 1676908 167340184    0    0 399632 359548 293903 1552852 35 38 24  3  0  0
44  5 361680 2727872 1676908 167342132    0    0 476976 401896 295474 1539634 36 37 23  4  0  0
46  4 361680 2724856 1676908 167344344    0    0 378384 359880 286756 1530031 35 38 24  3  0  0
25 30 361680 2722744 1676908 167346212    0    0 429760 362748 286250 1509781 35 39 23  3  0  0
53  1 361680 2719960 1676908 167348124    0    0 393776 347808 284383 1520341 34 40 23  4  0  0
55 51 361680 2713284 1676912 167350040    0    0 433584 371096 288382 1516285 36 37 23  4  0  0
32  1 361680 2716036 1676912 167352304    0    0 468000 398404 287721 1516792 36 38 22  4  0  0
105  1 361680 2714492 1676912 167354240    0    0 427632 386084 279092 1472734 34 37 25  4  0  0
procs -----------memory---------- ---swap-- -----io---- -system-- -------cpu-------
 r  b   swpd   free   buff  cache   si   so    bi    bo   in   cs us sy id wa st gu
30  0 361680 2713584 1676912 167356236    0    0 388800 353940 285730 1528622 34 39 23  4  0  0
209 10 361680 2715116 1676912 167358408    0    0 423520 366488 285006 1515377 35 37 24  4  0  0
117  3 361680 2714204 1676916 167360160    0    0 411120 350244 288495 1535580 35 38 24  3  0  0
44  0 361680 2714032 1676916 167362212    0    0 408384 364800 288751 1540232 36 39 23  3  0  0
44 12 361680 2713132 1676916 167364080    0    0 448592 387120 288656 1531190 35 38 23  4  0  0
76 33 361680 2711548 1676916 167366136    0    0 422736 357252 289242 1545574 36 38 23  3  0  0
80  1 361680 2710604 1676916 167368336    0    0 405696 357332 286637 1533556 35 38 23  3  0  0
160  4 361680 2688688 1676920 167370168    0    0 510816 403940 295809 1512485 36 36 24  4  0  0
54 10 361680 2683948 1676920 167372500    0    0 443312 403164 296695 1532929 36 37 23  4  0  0
121 10 361680 2684792 1676920 167374752    0    0 467536 369180 285865 1508389 35 38 23  4  0  0
49  8 361680 2682656 1676920 167376788    0    0 467264 351128 286113 1505764 36 36 24  4  0  0
76  4 361680 2679252 1676924 167378860    0    0 402244 362864 294635 1544563 34 40 22  4  0  0
64  1 361680 2671836 1676928 167380980    0    0 460080 384148 291251 1516232 35 37 23  4  0  0
45  0 361680 2670864 1676928 167382900    0    0 410080 357260 284179 1509412 35 38 24  3  0  0
75  2 361680 2667024 1676928 167384964    0    0 404784 361800 286936 1514385 35 38 23  3  0  0
209  4 361680 2664008 1676928 167386812    0    0 451136 419684 287625 1492547 36 37 23  4  0  0
44  5 361680 2660556 1676928 167389044    0    0 441808 369496 289431 1501959 35 38 23  4  0  0
178  0 361680 2659852 1676932 167391344    0    0 454880 391840 286147 1485874 35 36 24  4  0  0
35  2 361680 2656932 1676932 167393108    0    0 411920 368468 293693 1524826 35 39 23  3  0  0
55  4 361680 2657868 1676932 167395156    0    0 392400 331568 292487 1528244 34 39 23  3  0  0
49  5 361680 2653932 1676932 167397232    0    0 457008 371180 289985 1506179 36 36 24  3  0  0
procs -----------memory---------- ---swap-- -----io---- -system-- -------cpu-------
 r  b   swpd   free   buff  cache   si   so    bi    bo   in   cs us sy id wa st gu
34 28 361680 2649660 1676932 167399072    0    0 389920 349324 285507 1511446 34 39 24  4  0  0
188  0 361680 2651384 1676936 167400992    0    0 389248 329376 283125 1498964 34 38 25  3  0  0
48 11 361680 2649772 1676936 167403084    0    0 455664 381736 298105 1536456 36 37 24  3  0  0
172  0 361680 2645208 1676936 167404916    0    0 405664 371628 295151 1538482 35 39 22  4  0  0
45  4 361680 2645148 1676936 167406940    0    0 404288 351136 284181 1507271 35 38 24  4  0  0
130  1 361680 2646692 1676936 167408716    0    0 353728 333348 284755 1520536 34 40 23  3  0  0
44  0 361680 2644912 1676944 167410592    0    0 571136 456480 300293 1559656 39 34 22  4  0  0
97  3 361680 2639352 1676944 167413360    0    0 459328 381912 286828 1506297 35 37 24  4  0  0
94  6 361680 2638956 1676944 167415320    0    0 476800 399548 293670 1528218 36 37 22  4  0  0
33  2 361680 2634912 1676944 167417612    0    0 435360 367776 283034 1494981 34 38 24  4  0  0
94  8 361680 2630120 1676944 167419932    0    0 416480 378344 283415 1498532 35 37 24  4  0  0
74 16 361680 2968280 1676948 167079324    0    0 404096 351916 285715 1492439 35 37 25  3  0  0
77 30 361680 2969788 1676948 167080076    0    0 411696 369104 287803 1525157 35 38 23  3  0  0
56  1 361680 2969508 1676948 167082304    0    0 412160 365512 298577 1537668 36 39 22  3  0  0
64  4 361680 2968792 1676948 167083732    0    0 394752 359136 289871 1499915 34 38 25  3  0  0
188  2 361680 2967664 1676948 167085812    0    0 424752 375544 289111 1507464 34 39 23  4  0  0
43  8 361680 2968576 1676948 167087424    0    0 424608 375196 284981 1485915 35 38 24  4  0  0
160  0 361680 2968160 1676948 167089636    0    0 398992 345668 287015 1507434 35 39 23  4  0  0
175  0 361680 2961844 1676948 167091548    0    0 414880 376712 280340 1498260 35 37 24  4  0  0
93 14 361680 2961524 1676952 167093224    0    0 412948 358152 288082 1521641 34 39 23  3  0  0
21  0 361680 2960732 1676952 167095268    0    0 402560 347412 280351 1491500 34 37 25  3  0  0
procs -----------memory---------- ---swap-- -----io---- -system-- -------cpu-------
 r  b   swpd   free   buff  cache   si   so    bi    bo   in   cs us sy id wa st gu
183  0 361680 2960024 1676960 167097256    0    0 437376 376200 286755 1509527 35 38 23  4  0  0
132  1 361680 2957356 1676960 167099000    0    0 404560 361484 286098 1516935 35 38 24  3  0  0
83  1 361680 2954940 1676960 167101000    0    0 407664 364232 289026 1519494 34 39 22  4  0  0
83  2 361680 2954520 1676960 167103032    0    0 414288 370916 285096 1500078 34 38 25  3  0  0
68  2 361680 2953972 1676960 167104776    0    0 425904 361936 285109 1508659 35 38 24  4  0  0
54  3 361680 2945672 1676960 167106752    0    0 428192 370324 285860 1512192 35 38 23  4  0  0
95  4 361680 2939032 1676960 167108512    0    0 430144 385204 282677 1475309 35 37 26  3  0  0
38  0 361680 2938560 1676960 167110564    0    0 389616 346400 286314 1520058 34 40 23  4  0  0
 6  6 361680 2937492 1676960 167112552    0    0 463696 406528 289602 1503023 35 37 24  4  0  0
63  0 361680 2937980 1676960 167114284    0    0 444016 363060 286635 1510215 36 38 23  4  0  0
13  1 361680 2938084 1676968 167116472    0    0 405488 361020 287698 1500600 35 38 24  3  0  0
43 29 361680 2935940 1676968 167118672    0    0 395136 343376 291457 1534685 34 39 23  3  0  0
45  0 361680 2933776 1676968 167120100    0    0 409824 364104 284873 1502082 35 38 24  4  0  0
28 13 361680 2929744 1676968 167122340    0    0 480592 412120 290220 1495253 36 36 24  4  0  0
42  1 361680 2927220 1676968 167124556    0    0 453968 372104 299292 1532959 36 38 23  4  0  0
104  0 361680 2923736 1676972 167126532    0    0 486368 403476 292790 1511596 37 36 24  4  0  0
33 20 361680 2922872 1676972 167128712    0    0 380128 336980 284194 1544188 35 39 23  3  0  0
34 26 361680 2918976 1676972 167130232    0    0 453168 378840 292422 1521467 36 37 23  4  0  0
87  3 361680 2918644 1676972 167132424    0    0 376832 345500 295090 1544875 34 40 23  3  0  0
17  1 361680 2917360 1676972 167134420    0    0 423136 369604 286779 1518291 35 38 24  4  0  0
14 19 361680 2914580 1676980 167135952    0    0 444672 365144 287427 1513402 36 37 24  3  0  0
procs -----------memory---------- ---swap-- -----io---- -system-- -------cpu-------
 r  b   swpd   free   buff  cache   si   so    bi    bo   in   cs us sy id wa st gu
256  6 361680 2910036 1676980 167138096    0    0 381248 332296 287534 1529378 35 39 24  3  0  0
63 11 361680 2905608 1676980 167140336    0    0 493088 432916 291466 1521958 36 36 23  4  0  0
43  1 361680 2902964 1676980 167142144    0    0 362672 323872 280956 1523238 33 40 24  3  0  0
28  0 361680 2904188 1676980 167144076    0    0 447920 367168 283188 1495029 35 37 25  3  0  0
87  2 361680 2903296 1676984 167146224    0    0 433872 376180 286586 1540326 35 38 22  4  0  0
53 22 361680 2900304 1676984 167148032    0    0 588464 445244 303948 1542304 38 34 23  5  0  0
167  1 361680 2894768 1676984 167150980    0    0 412048 366212 293715 1545536 34 38 24  3  0  0
95  2 361680 2889940 1676984 167152632    0    0 506464 407932 287643 1509652 37 36 24  4  0  0
58  6 361680 2885532 1676984 167155124    0    0 465248 387832 291419 1530396 36 37 24  4  0  0
95  1 361680 2882244 1676992 167157464    0    0 420548 374916 285895 1507205 35 38 25  3  0  0
94  2 361680 2884012 1676992 167159088    0    0 414992 364552 282064 1497981 35 37 25  4  0  0
65  2 361680 2880632 1676992 167161104    0    0 396320 352468 283802 1511072 34 39 24  3  0  0
81  2 361680 2878304 1676992 167163176    0    0 401504 350164 285779 1528938 34 39 23  3  0  0
16  1 361680 2877748 1676992 167164836    0    0 396592 361728 281137 1502619 34 37 25  3  0  0
28  0 361680 2875016 1677000 167166844    0    0 401904 346268 287111 1522905 35 38 24  3  0  0
73  5 361680 2871788 1677000 167169048    0    0 433840 364112 291787 1548168 36 38 23  4  0  0
126  2 361680 2871732 1677000 167170752    0    0 439152 390620 291329 1557602 36 36 24  3  0  0
45  5 361680 2866744 1677000 167172888    0    0 396704 353788 287754 1535910 34 39 23  4  0  0
43  2 361680 2868480 1677000 167174508    0    0 421520 367356 295597 1550949 35 37 24  3  0  0
26  0 361680 2867800 1677004 167176576    0    0 410912 360652 295129 1527115 34 40 22  4  0  0
72  8 361680 2863380 1677004 167178860    0    0 434544 370536 287976 1522804 35 38 24  3  0  0
procs -----------memory---------- ---swap-- -----io---- -system-- -------cpu-------
 r  b   swpd   free   buff  cache   si   so    bi    bo   in   cs us sy id wa st gu
96  1 361680 2860792 1677004 167180524    0    0 392768 354404 284561 1506395 34 39 23  4  0  0
74  4 361680 2856548 1677004 167182540    0    0 436128 373084 291048 1504746 35 37 24  4  0  0
24  7 361680 2854832 1677004 167184800    0    0 420464 365276 289931 1517847 34 38 24  4  0  0
106  1 361680 2853336 1677012 167186412    0    0 432560 372028 288198 1521245 35 38 23  4  0  0
119  3 361680 2849664 1677012 167188660    0    0 423824 388620 288247 1506599 35 37 25  4  0  0
87  4 361680 2848712 1677012 167190772    0    0 388320 342136 285873 1520017 35 38 23  3  0  0
80  0 361680 2848300 1677012 167192320    0    0 482608 399772 289329 1519445 36 36 24  4  0  0
134  5 361680 2845632 1677012 167194700    0    0 408768 358108 284549 1505216 34 38 25  3  0  0
42  0 361680 2840332 1677016 167196428    0    0 472016 394952 287453 1514560 36 36 24  4  0  0
48 10 361680 2839860 1677016 167198816    0    0 427552 366064 286326 1531359 35 39 23  4  0  0
93  1 361680 2838672 1677016 167201248    0    0 516400 415652 295147 1505676 36 37 22  5  0  0
23  0 361680 2835104 1677016 167203112    0    0 474624 402376 291860 1514884 36 37 23  4  0  0
98  5 361680 2830400 1677016 167205372    0    0 401344 371772 286992 1534707 34 39 23  4  0  0
146  0 361680 2833368 1677016 167207676    0    0 482752 393212 287008 1508798 37 36 23  4  0  0
97  5 361680 2828984 1677016 167209608    0    0 470688 411632 291371 1509336 35 37 24  4  0  0
206  2 361680 2826512 1677016 167211840    0    0 398960 351132 285077 1519871 35 38 25  3  0  0
26 35 361680 2822688 1677016 167213872    0    0 415904 359308 291591 1562902 35 39 22  3  0  0
23  3 361680 2823840 1677016 167215612    0    0 492784 395508 286049 1491315 36 35 26  4  0  0
145  0 361680 2819332 1677016 167218104    0    0 462736 407904 291769 1518483 36 37 24  4  0  0
173 14 361680 2815992 1677020 167219932    0    0 415060 378620 279216 1466113 34 38 25  4  0  0
69  3 361680 2811012 1677020 167222100    0    0 383344 345920 287351 1524544 36 39 23  3  0  0
procs -----------memory---------- ---swap-- -----io---- -system-- -------cpu-------
 r  b   swpd   free   buff  cache   si   so    bi    bo   in   cs us sy id wa st gu
180  1 361680 2812020 1677020 167224068    0    0 395936 360504 283274 1498894 34 39 24  4  0  0
46  6 361680 2772964 1677020 167225612    0    0 381296 337100 286710 1532247 35 40 23  3  0  0
30  1 361680 2768612 1677020 167227736    0    0 482304 405428 300143 1551320 37 38 22  4  0  0
66  8 361680 2767568 1677020 167230048    0    0 443392 381184 294400 1510905 36 36 24  4  0  0
81  2 361680 2763960 1677020 167231864    0    0 435872 371564 296781 1537305 35 38 22  4  0  0
23  1 361680 2765272 1677020 167234112    0    0 382912 364588 284653 1502608 34 39 25  3  0  0
81  0 361680 2761132 1677020 167236116    0    0 393296 340644 286472 1531170 35 39 23  3  0  0
50  6 361680 2808860 1677024 167237672    0    0 411856 378244 280280 1488273 35 38 24  4  0  0
82  5 361680 2806452 1677024 167239764    0    0 402688 355916 283578 1511639 34 38 24  4  0  0
59 11 361680 2805552 1677024 167241356    0    0 422352 361520 285330 1497595 34 39 23  4  0  0
42 12 361680 2804108 1677024 167243484    0    0 383456 345192 284520 1501665 34 38 24  3  0  0
54  5 361680 2803936 1677024 167245600    0    0 408000 356752 286950 1533086 35 38 24  3  0  0
92  3 361680 2805960 1677024 167247144    0    0 424080 365360 289364 1539487 36 39 22  3  0  0
 8  0 361680 2806648 1677024 167249324    0    0 429072 371428 290929 1527505 35 37 24  3  0  0
74 36 361680 2804424 1677024 167251400    0    0 383792 357392 286407 1526323 35 39 23  4  0  0
110  8 361680 2803240 1677024 167252984    0    0 428592 383256 284352 1485343 35 37 25  4  0  0
87 28 361680 2801208 1677024 167255160    0    0 444320 362756 286314 1508634 36 38 23  4  0  0
166  0 361680 2801292 1677028 167257672    0    0 476080 400636 289757 1517850 36 36 23  4  0  0
68  3 361680 2796888 1677028 167259316    0    0 384144 343944 287889 1520582 35 38 24  3  0  0
43 17 361680 2798444 1677028 167261468    0    0 410880 368808 293993 1536569 35 38 23  4  0  0
57  1 361680 2797692 1677028 167262956    0    0 400928 353936 286135 1508371 35 37 25  3  0  0
procs -----------memory---------- ---swap-- -----io---- -system-- -------cpu-------
 r  b   swpd   free   buff  cache   si   so    bi    bo   in   cs us sy id wa st gu
35 47 361680 2794704 1677028 167264996    0    0 412672 351096 286292 1522319 34 40 23  3  0  0
11  0 361680 2792092 1677032 167267396    0    0 481248 401684 292929 1512079 36 37 24  4  0  0
79 11 361680 2788800 1677032 167269144    0    0 403216 354460 287402 1521078 34 39 23  4  0  0
75  3 361680 2783292 1677032 167271348    0    0 438912 400580 287683 1502983 36 36 24  4  0  0
67  0 361680 2781296 1677032 167273664    0    0 424912 355360 283819 1493770 35 38 24  4  0  0
101  3 361680 2779704 1677032 167275092    0    0 397456 363656 284909 1512278 35 38 24  3  0  0
228  2 361680 2778792 1677032 167277568    0    0 452848 374780 288146 1537936 36 38 22  4  0  0
41 32 361680 2751428 1677032 167279752    0    0 427488 374544 285806 1522000 34 38 24  3  0  0
199  0 361680 2745352 1677032 167281352    0    0 396912 357492 283976 1509689 35 38 24  4  0  0
76 30 361680 2735284 1677032 167283472    0    0 408928 359544 283703 1526963 35 39 23  4  0  0
59  6 361680 2733112 1677036 167285164    0    0 446516 407400 286553 1518771 36 37 24  4  0  0
32  6 361680 2728248 1677040 167287472    0    0 434528 361684 283757 1513520 35 38 24  3  0  0
38  2 361680 2720620 1677044 167289524    0    0 365524 345728 281362 1528958 34 40 22  4  0  0
121  2 361680 2719300 1677044 167291012    0    0 386512 328164 288480 1552960 35 40 23  3  0  0
163  6 361680 2715788 1677044 167293108    0    0 434848 369872 292027 1532817 35 38 24  4  0  0
100 10 361680 2713412 1677044 167295584    0    0 537152 409052 288013 1508762 37 35 24  4  0  0
77  0 361680 2709764 1677048 167297332    0    0 351616 323884 285121 1544327 34 39 24  2  0  0
57  5 361680 2704460 1677048 167299304    0    0 386096 357548 284266 1514267 34 39 24  3  0  0
44  4 361680 2699220 1677048 167301560    0    0 458384 418268 285976 1508589 35 38 24  4  0  0
164  0 361680 2698632 1677048 167303280    0    0 450640 374648 287463 1528944 36 36 24  4  0  0
