procs -----------memory---------- ---swap-- -----io---- -system-- -------cpu-------
 r  b   swpd   free   buff  cache   si   so    bi    bo   in   cs us sy id wa st gu
 4  1 361680 3226284 1667356 172602144    5   10 23625 29786 8590    4  3  0 96  0  0  0
66  0 361680 3196832 1667356 172602180    0    0     0 182532 91492 38473 79  1 21  0  0  0
54  0 361680 3186388 1667364 172602188    0    0     0 388404 114239 37322 77  1 22  0  0  0
34 32 361680 3097308 1667364 172602380    0    0 516000 549264 247953 478438 39  6 46  9  0  0
 5  6 361680 3083040 1667364 172606420    0    0 1251488 726752 276600 994659 33 10 36 21  0  0
45 24 361680 3049620 1667364 172611472    0    0 1214848 784184 280023 962093 31 10 39 20  0  0
51 22 361680 3043176 1667364 172618092    0    0 1238640 788372 271445 994117 32 10 38 20  0  0
27 33 361680 3054900 1667364 172623360    0    0 1182384 785924 262803 941052 30  9 40 21  0  0
45 24 361680 3057524 1667364 172629388    0    0 1153728 741292 259735 910970 29  9 40 22  0  0
10  5 361680 3050684 1667364 172635452    0    0 1158272 751088 257954 925014 30  9 41 20  0  0
10  8 361680 3047004 1667364 172640356    0    0 1201312 806088 267715 956744 30 10 40 20  0  0
13  3 361680 3045692 1667364 172646704    0    0 1210928 806860 269163 970894 31 10 40 20  0  0
14  5 361680 3035456 1667364 172653188    0    0 1200224 826256 269067 962811 30 10 40 20  0  0
16 12 361680 3033536 1667364 172658044    0    0 1210512 833568 271318 969401 31 10 39 20  0  0
43 22 361680 3028024 1667364 172664508    0    0 1143808 779580 256260 905484 29  9 40 22  0  0
47 20 361680 3024196 1667364 172670652    0    0 1132224 793544 255526 898488 28  9 40 23  0  0
12  5 361680 3020568 1667368 172675232    0    0 1179140 869716 267854 948327 30 10 40 20  0  0
37 26 361680 3014248 1667368 172681576    0    0 1179440 841172 267383 946377 30 10 40 21  0  0
41 24 361680 3005344 1667368 172686380    0    0 1177040 849960 268710 950445 30 10 40 20  0  0
48 20 361680 3000248 1667368 172692608    0    0 1153040 853708 266018 935614 30 10 41 19  0  0
19 10 361680 2968564 1667368 172698696    0    0 1125776 849028 262700 913003 29  9 40 22  0  0
procs -----------memory---------- ---swap-- -----io---- -system-- -------cpu-------
 r  b   swpd   free   buff  cache   si   so    bi    bo   in   cs us sy id wa st gu
36 13 361680 2965956 1667368 172703356    0    0 1110096 820320 256098 887395 28  9 40 23  0  0
43 28 361680 2956392 1667372 172709160    0    0 1148336 893688 266875 929135 29 10 40 21  0  0
49 17 361680 2952288 1667372 172715460    0    0 1149440 879676 266477 932071 30 10 41 20  0  0
45 21 361680 2947644 1667372 172720060    0    0 1167696 889408 271913 954720 30 10 40 20  0  0
14  9 361680 2942976 1667372 172726368    0    0 1152992 887248 269147 936036 30 10 41 19  0  0
36 28 361680 2934392 1667372 172732456    0    0 1129008 853368 262731 912615 29  9 40 21  0  0
35 24 361680 2927940 1667376 172736924    0    0 1111920 829916 256251 890084 28  9 40 22  0  0
38 27 361680 2920580 1667376 172742936    0    0 1146176 863716 264630 917151 29  9 40 21  0  0
38 29 361680 2920136 1667376 172747620    0    0 1157760 871668 268039 935290 29 10 40 21  0  0
19 14 361680 2912960 1667376 172753832    0    0 1156944 885952 268841 939102 30 10 41 20  0  0
16  8 361680 2909404 1667376 172760092    0    0 1173696 888080 270366 946581 30 10 40 20  0  0
40 28 361680 2905332 1667384 172764784    0    0 1117296 834588 258469 892723 28  9 41 22  0  0
44 21 361680 2898956 1667384 172770668    0    0 1109600 821316 255815 886331 28  9 41 22  0  0
47 18 361680 2890880 1667384 172776744    0    0 1168992 888640 269132 936485 30 10 40 20  0  0
44 28 361680 2886600 1667384 172781444    0    0 1147392 892672 268672 932254 29 10 41 20  0  0
10  0 361680 2876840 1667384 172787712    0    0 1173072 894120 270643 948435 30 10 40 20  0  0
37 28 361680 2870920 1667392 172793872    0    0 1152880 888436 268555 936520 30 10 42 19  0  0
31 32 361680 2866776 1667392 172798492    0    0 1123712 833484 258474 902127 29  9 41 21  0  0
40 26 361680 2856136 1667392 172804464    0    0 1108208 842652 257372 893542 28  9 40 23  0  0
51 18 361680 2850864 1667396 172809060    0    0 1148468 875104 266329 927907 29 10 40 21  0  0
44 23 361680 2847892 1667396 172815056    0    0 1140176 875060 264907 919232 29 10 41 20  0  0
procs -----------memory---------- ---swap-- -----io---- -system-- -------cpu-------
 r  b   swpd   free   buff  cache   si   so    bi    bo   in   cs us sy id wa st gu
45 23 361680 2839004 1667396 172821360    0    0 1179392 915584 272536 958337 30 10 39 21  0  0
11  5 361680 2836660 1667396 172825984    0    0 1170672 890624 270573 950613 30 10 40 20  0  0
48 19 361680 2829788 1667396 172832288    0    0 1103744 840316 256798 886718 28  9 41 22  0  0
41 21 361680 2827096 1667396 172838084    0    0 1118368 845476 260255 905482 29  9 41 21  0  0
39 26 361680 2819684 1667396 172842804    0    0 1159296 885108 266795 930922 30 10 41 19  0  0
13  7 361680 2818116 1667404 172849084    0    0 1141648 886124 266854 923658 29 10 42 19  0  0
55  9 361680 2810160 1667404 172855188    0    0 1148816 897776 267891 935091 29 10 41 19  0  0
20 15 361680 2805692 1667404 172860040    0    0 1164400 896820 271457 945273 30 10 40 20  0  0
48 32 361680 2796072 1667404 172865864    0    0 1105488 846508 258216 884894 28  9 42 22  0  0
31 31 361680 2790968 1667404 172870404    0    0 1111648 840544 257726 894260 28  9 40 23  0  0
22 48 361680 2782184 1667412 172876332    0    0 1163952 904748 269518 937359 30 10 39 21  0  0
30 39 361680 2779328 1667412 172882624    0    0 1146160 886712 266252 925397 29 10 41 20  0  0
29 27 361680 2776132 1667412 172887280    0    0 1159616 904916 269822 935842 30 10 40 20  0  0
30 32 361680 2768928 1667412 172893392    0    0 1112688 847540 259176 897289 28  9 41 21  0  0
30 39 361680 2728568 1667412 172899284    0    0 1033472 789624 244963 830854 26  8 45 21  0  0
17 46 361680 2724376 1667420 172903392    0    0 1150656 892956 267886 928142 29  9 41 21  0  0
22 43 361680 2774424 1667424 172909484    0    0 1145744 883948 270667 944203 30 10 41 20  0  0
26 15 361680 2772500 1667424 172914528    0    0 1157088 899008 270427 943255 30 10 40 20  0  0
35 20 361680 2766852 1667424 172920528    0    0 1172448 912532 271714 946575 30 10 40 20  0  0
10 41 361680 2762556 1667424 172926832    0    0 1166928 897732 272318 950877 30 10 40 20  0  0
26 45 361680 2759692 1667424 172931628    0    0 1110800 845780 258709 893930 28  9 41 22  0  0
procs -----------memory---------- ---swap-- -----io---- -system-- -------cpu-------
 r  b   swpd   free   buff  cache   si   so    bi    bo   in   cs us sy id wa st gu
20 51 361680 2754904 1667424 172937352    0    0 1104512 831492 255016 881734 28  9 41 22  0  0
27 42 361680 2749976 1667428 172943540    0    0 1174660 901096 271689 953281 30 10 39 21  0  0
28 34 361680 2743444 1667428 172948300    0    0 1138112 873976 267071 926750 29 10 41 20  0  0
34 36 361680 2736612 1667428 172954348    0    0 1149168 883452 268136 935323 30 10 41 20  0  0
14 36 361680 2731432 1667432 172960500    0    0 1109264 836636 256690 888411 28  9 40 23  0  0
32 37 361680 2725968 1667432 172964904    0    0 1110736 855300 257014 889389 28  9 40 23  0  0
35 32 361680 2717936 1667432 172970884    0    0 1155024 903560 271446 942868 30 10 41 20  0  0
30 41 361680 2715436 1667432 172976248    0    0 1130976 889420 266913 924526 29  9 42 19  0  0
22 39 361680 2711488 1667432 172981688    0    0 1169920 894852 270800 944405 30 10 40 20  0  0
19 46 361680 2703812 1667444 172987728    0    0 1139056 890380 268764 934302 30 10 42 19  0  0
22 39 361680 2700516 1667444 172992596    0    0 1164512 886236 270603 945653 30 10 40 20  0  0
22 44 361680 2693424 1667444 172998792    0    0 1090016 826764 253432 877982 28  9 42 21  0  0
41 30 361680 2689384 1667444 173004672    0    0 1090560 834780 254440 881517 28  9 43 21  0  0
41 42 361680 2683392 1667444 173009072    0    0 1139936 878896 269004 935403 29 10 41 20  0  0
36 37 361680 2683832 1667464 173015152    0    0 1124560 885780 265583 915717 29  9 42 20  0  0
 8 47 361680 2666248 1667464 173021256    0    0 1132560 874864 265448 927504 29  9 42 20  0  0
18 45 361680 2640516 1667464 173025708    0    0 1088304 827872 253205 872026 27  9 42 22  0  0
37 33 361680 2626520 1667464 173031428    0    0 1105056 813756 255533 886363 28  9 42 21  0  0
16 48 361680 3115912 1667120 172546468    0    0 1183696 926256 274300 957655 31 10 39 21  0  0
33 20 361680 3116648 1667128 172550384    0    0 1125552 881248 264995 914120 29  9 42 19  0  0
43 30 361680 3125596 1667128 172556212    0    0 1153280 906864 270965 941191 30 10 40 20  0  0
procs -----------memory---------- ---swap-- -----io---- -system-- -------cpu-------
 r  b   swpd   free   buff  cache   si   so    bi    bo   in   cs us sy id wa st gu
41 23 361680 3133860 1667128 172560756    0    0 1153648 877972 269248 942606 30 10 41 19  0  0
28 35 361680 3126688 1667128 172566648    0    0 1123536 866772 261929 908019 29  9 42 20  0  0
26 41 361680 3124248 1667128 172572552    0    0 1109088 853824 258482 897829 28  9 40 23  0  0
15 52 361680 3120360 1667132 172577036    0    0 1156400 885216 267343 933120 29 10 38 22  0  0
49 22 361680 3115188 1667132 172582972    0    0 1090192 834812 256390 888108 28  9 41 22  0  0
35 29 361680 3106616 1667136 172588716    0    0 1070548 823676 251028 867730 27  9 42 22  0  0
24 47 361680 3108128 1667136 172592988    0    0 1101952 823276 253060 879104 28  9 40 23  0  0
30 37 361680 3097956 1667136 172598580    0    0 1069056 828096 252719 867699 27  9 42 22  0  0
20 35 361680 3096972 1667144 172604320    0    0 1108368 829780 253860 876536 27  9 40 24  0  0
30 32 361680 3091676 1667144 172608636    0    0 1081040 821892 250460 860244 27  9 42 22  0  0
34 36 361680 3088408 1667144 172614224    0    0 1088816 828248 253687 867618 28  9 41 23  0  0
26 42 361680 3082376 1667144 172618568    0    0 1096176 820944 252267 864468 28  9 41 22  0  0
21 50 361680 3078712 1667144 172624192    0    0 1102144 822408 254465 877821 28  9 40 23  0  0
28 43 361680 3071440 1667152 172630044    0    0 1089728 838608 253576 875198 28  9 40 23  0  0
30 32 361680 3064784 1667152 172634384    0    0 1060320 798432 245171 841716 27  8 40 25  0  0
19 21 361680 3062604 1667152 172639948    0    0 1066080 792256 245932 848889 27  8 41 24  0  0
31 27 361680 3056620 1667152 172645560    0    0 1077408 830772 251742 865800 27  9 41 23  0  0
26 39 361680 3051904 1667152 172649644    0    0 1077072 807448 251158 860156 27  9 41 23  0  0
36 30 361680 3046656 1667160 172655512    0    0 1076272 819088 251653 859489 27  9 42 22  0  0
26 38 361680 3041592 1667160 172659876    0    0 1112224 844596 255711 885711 28  9 40 23  0  0
30 35 361680 3038456 1667160 172665500    0    0 1090176 834236 254086 873084 28  9 42 22  0  0
procs -----------memory---------- ---swap-- -----io---- -system-- -------cpu-------
 r  b   swpd   free   buff  cache   si   so    bi    bo   in   cs us sy id wa st gu
 8 13 361680 3032204 1667160 172671160    0    0 1095184 826664 253391 873617 28  9 41 22  0  0
12 16 361680 3026748 1667160 172675484    0    0 1093232 835084 255089 876424 28  9 41 23  0  0
 9  3 361680 3019156 1667168 172681288    0    0 1093760 839568 255741 880069 28  9 42 21  0  0
33  8 361680 3016292 1667168 172687104    0    0 1142816 866260 263996 918770 29  9 41 21  0  0
39 28 361680 3008440 1667168 172691668    0    0 1127360 876244 264039 915578 29  9 41 21  0  0
44 15 361680 3004780 1667168 172697660    0    0 1116448 828028 254850 885712 28  9 40 23  0  0
34 30 361680 2998320 1667168 172703524    0    0 1060640 813904 248008 852334 27  9 42 22  0  0
39 32 361680 2990076 1667176 172707904    0    0 1128336 881912 263975 909268 29  9 41 21  0  0
40 28 361680 2984884 1667176 172713944    0    0 1103456 825284 253823 871674 27  9 40 24  0  0
46 25 361680 2978948 1667180 172719244    0    0 1137668 888080 266199 920313 29  9 40 22  0  0
25  5 361680 2970424 1667180 172724588    0    0 1153136 877708 266079 928450 30 10 39 22  0  0
35 21 361680 2964740 1667180 172730720    0    0 1154112 897536 268826 931806 29  9 39 22  0  0
35 26 361680 2954256 1667188 172735400    0    0 1158096 891532 267500 935238 30 10 39 22  0  0
51 21 361680 2948384 1667188 172741464    0    0 1135872 852988 264094 919654 30  9 41 20  0  0
41 25 361680 2919696 1667188 172747660    0    0 1127376 883020 263635 903685 29  9 41 21  0  0
10  8 361680 2914832 1667188 172752144    0    0 1158992 892480 267809 929865 29 10 40 21  0  0
38 27 361680 2911268 1667188 172758520    0    0 1160976 894696 267696 930194 29 10 39 22  0  0
44 23 361680 2907728 1667200 172764624    0    0 1105488 843484 256031 887062 28  9 41 22  0  0
13  4 361680 2899520 1667200 172768984    0    0 1083264 821852 251498 865065 28  9 42 22  0  0
 8  2 361680 2897176 1667200 172774916    0    0 1131984 877860 265542 921789 29  9 41 21  0  0
20 12 361680 2889320 1667200 172780380    0    0 1114576 865756 259711 893555 28  9 41 21  0  0
procs -----------memory---------- ---swap-- -----io---- -system-- -------cpu-------
 r  b   swpd   free   buff  cache   si   so    bi    bo   in   cs us sy id wa st gu
52 12 361680 2884272 1667200 172785276    0    0 1145024 871656 265622 921802 29  9 40 22  0  0
41 24 361680 2879588 1667208 172791432    0    0 1154640 913620 269517 935906 30 10 40 20  0  0
12 11 361680 2877220 1667208 172796436    0    0 1175696 908072 272293 951820 30 10 39 21  0  0
45 22 361680 2870704 1667208 172802760    0    0 1176608 898060 271025 945625 30 10 40 20  0  0
17 10 361680 2862852 1667208 172808972    0    0 1172048 906216 271220 941658 30 10 40 21  0  0
40 22 361680 2861404 1667208 172813808    0    0 1156064 904752 268300 931941 29 10 41 20  0  0
19 11 361680 2855492 1667216 172820104    0    0 1176624 907756 272181 948026 30 10 39 21  0  0
40 25 361680 2846968 1667216 172826200    0    0 1174464 900812 271373 953558 30 10 39 21  0  0
48 19 361680 2843612 1667216 172830736    0    0 1102720 842852 255342 877389 27  9 41 22  0  0
51 23 361680 2839736 1667216 172836684    0    0 1148448 870620 262584 908598 29 10 39 23  0  0
43 28 361680 2828492 1667216 172842088    0    0 1170448 912408 270776 943585 30 10 39 21  0  0
33 31 361680 2820036 1667224 172847668    0    0 1183616 902876 271364 945379 30 10 39 21  0  0
20  5 361680 2816388 1667764 172853660    0    0 1133020 894856 266744 921325 29 10 41 20  0  0
47 20 361680 2807580 1667764 172858828    0    0 1177680 893160 271295 952148 30 10 40 20  0  0
37 33 361680 2806024 1667764 172865124    0    0 1172992 914760 271245 941289 30 10 40 20  0  0
46 25 361680 2800944 1667764 172871528    0    0 1161136 907076 270157 940714 30 10 40 20  0  0
48 17 361680 2796452 1667768 172876072    0    0 1162928 880564 268975 937907 30 10 41 20  0  0
46 18 361680 2790680 1667768 172882140    0    0 1137552 889244 267012 922137 29 10 42 19  0  0
14 11 361680 2783812 1667768 172888328    0    0 1170592 911260 271732 946551 30 10 40 20  0  0
48 10 361680 2777568 1667768 172893028    0    0 1138032 862972 263139 910336 29  9 41 21  0  0
20 13 361680 2773044 1667768 172898896    0    0 1089312 852724 255608 881706 28  9 41 22  0  0
procs -----------memory---------- ---swap-- -----io---- -system-- -------cpu-------
 r  b   swpd   free   buff  cache   si   so    bi    bo   in   cs us sy id wa st gu
17 13 361680 2768244 1667776 172903696    0    0 1144576 878876 267822 925765 29 10 40 21  0  0
37 31 361680 2759888 1667776 172909632    0    0 1138112 871044 267900 929756 29  9 41 21  0  0
32 32 361680 2756476 1667776 172915580    0    0 1139856 890180 266106 922908 29 10 42 19  0  0
 8  3 361680 2753488 1667776 172920252    0    0 1145808 882344 267130 929544 29 10 41 19  0  0
23 43 361680 2743216 1667776 172926344    0    0 1158608 903264 270446 940618 30 10 40 20  0  0
41 27 361680 2736044 1667784 172932740    0    0 1180848 893764 270979 949992 30 10 40 20  0  0
36 32 361680 2734900 1667784 172937440    0    0 1143040 891692 267419 928434 30 10 41 19  0  0
 1  0 361680 2694452 1667784 172943484    0    0 1108352 870824 262596 895933 28  9 43 19  0  0
54  9 361680 2688304 1667784 172949356    0    0 1149984 862256 265146 922351 29  9 42 20  0  0
 4  0 361680 2725896 1667784 172954240    0    0 1153856 899676 269614 941575 30 10 41 20  0  0
45 23 361680 2736792 1667792 172960284    0    0 1087552 840804 251696 865161 27  9 42 22  0  0
37 23 361680 2731700 1667792 172964892    0    0 1114160 857956 258018 894040 28  9 41 22  0  0
35 19 361680 2728036 1667792 172970644    0    0 1158800 919336 269527 936548 29 10 40 21  0  0
33 30 361680 2722036 1667792 172976792    0    0 1141920 896168 264917 920600 29  9 41 20  0  0
34  9 361680 2716316 1667792 172981456    0    0 1142448 885452 267182 925603 29 10 41 20  0  0
43 23 361680 2710088 1667796 172987668    0    0 1160304 901264 268191 936917 30 10 40 20  0  0
39 27 361680 2708060 1667800 172993756    0    0 1157716 909380 268524 934945 30 10 40 20  0  0
38 10 361680 2700376 1667800 172998648    0    0 1169920 897456 268804 940383 30 10 40 20  0  0
40 27 361680 2694028 1667800 173004832    0    0 1142064 897704 263868 914376 29 10 42 19  0  0
42 27 361680 2690708 1667800 173010768    0    0 1155920 894528 267515 939758 30 10 40 20  0  0
43 20 361680 2682620 1667804 173015480    0    0 1150384 896348 265959 927997 30 10 41 20  0  0
procs -----------memory---------- ---swap-- -----io---- -system-- -------cpu-------
 r  b   swpd   free   buff  cache   si   so    bi    bo   in   cs us sy id wa st gu
13  2 361680 2678368 1667804 173021432    0    0 1100800 840488 253845 879137 28  9 42 20  0  0
29 38 361680 2672868 1667804 173026136    0    0 1079968 850820 253332 870358 27  9 42 22  0  0
20  7 361680 2664212 1667804 173031960    0    0 1135216 876928 263131 916129 29  9 42 19  0  0
45 23 361680 2662928 1667804 173037936    0    0 1140912 893976 265870 927953 29 10 41 20  0  0
14  9 361680 2657340 1667812 173042552    0    0 1154272 906884 268582 934352 30 10 41 20  0  0
44 19 361680 2652592 1667812 173048732    0    0 1128240 890008 264714 916302 29  9 42 20  0  0
14 10 361680 2645844 1667812 173054736    0    0 1148464 903512 266707 928071 29 10 42 19  0  0
47 20 361680 3112056 1667456 172567540    0    0 1160992 903300 268395 936809 30 10 41 20  0  0
38 24 361680 3105956 1667456 172573024    0    0 1147760 901496 269648 937393 30  9 41 20  0  0
35 26 361680 3109720 1667460 172579072    0    0 1159776 913116 269971 942333 30 10 40 20  0  0
49 20 361680 3116332 1667460 172583708    0    0 1169280 917548 271285 946366 30 10 39 21  0  0
14  6 361680 3108060 1667460 172589904    0    0 1169632 916808 269787 944544 30 10 39 21  0  0
42 21 361680 3105880 1667460 172594444    0    0 1096416 838080 254284 879237 28  9 41 22  0  0
40 28 361680 3100176 1667460 172600072    0    0 1108768 868036 258994 889442 28  9 41 21  0  0
11 15 361680 3096452 1667468 172606032    0    0 1173952 894536 270147 946941 30 10 40 20  0  0
34 32 361680 3090588 1667468 172610664    0    0 1151936 898836 268532 931072 29 10 40 21  0  0
15  5 361680 3086748 1667468 172616568    0    0 1144912 885568 266726 931014 30 10 41 20  0  0
36 29 361680 3082544 1667468 172622468    0    0 1151056 893940 267862 935000 30 10 41 19  0  0
49 32 361680 3076692 1667468 172627372    0    0 1161744 901580 267715 935598 30 10 41 20  0  0
40 26 361680 3071424 1667480 172633196    0    0 1150388 895080 268979 933901 30 10 41 20  0  0
10  4 361680 3068384 1667480 172639284    0    0 1160832 895004 270273 943171 30 10 40 20  0  0
procs -----------memory---------- ---swap-- -----io---- -system-- -------cpu-------
 r  b   swpd   free   buff  cache   si   so    bi    bo   in   cs us sy id wa st gu
43 26 361680 3063208 1667480 172643788    0    0 1158592 898228 271198 944535 30 10 40 20  0  0
11 25 361680 3052324 1667480 172649800    0    0 1152272 893156 268541 937265 30 10 41 20  0  0
30  2 361680 3049212 1667480 172655480    0    0 1113824 851476 259431 898762 28  9 41 21  0  0
33 31 361680 3045252 1667488 172660036    0    0 1083824 845088 253614 869695 27  9 42 22  0  0
46 24 361680 3037640 1667488 172665820    0    0 1147632 883312 266595 927054 30 10 41 20  0  0
41 25 361680 3034252 1667488 172670356    0    0 1154368 883580 268127 933835 29 10 40 21  0  0
30 37 361680 3026592 1667488 172676388    0    0 1152176 894780 268495 935762 30 10 41 20  0  0
31 36 361680 3017340 1667488 172682392    0    0 1135680 894788 268556 931282 29 10 41 20  0  0
41 23 361680 3014588 1667492 172686952    0    0 1171424 896852 269949 944817 30 10 40 20  0  0
11 11 361680 3004560 1667492 172693228    0    0 1161472 903392 269038 940828 30 10 41 20  0  0
16 15 361680 2999104 1667492 172699376    0    0 1159152 900736 269914 940936 30 10 40 21  0  0
49 13 361680 2991024 1667492 172703948    0    0 1171696 888116 270878 951628 30 10 40 20  0  0
43 28 361680 2983256 1667492 172710092    0    0 1154752 901416 267853 928142 29 10 41 20  0  0
51 15 361680 2979956 1667496 172716124    0    0 1168784 904240 271020 946396 30 10 40 21  0  0
12  3 361680 2978432 1667496 172721052    0    0 1102864 837164 256590 887400 28  9 41 23  0  0
41 20 361680 2967640 1667496 172726816    0    0 1092720 825368 253565 869514 27  9 42 21  0  0
15 12 361680 2962456 1667496 172731292    0    0 1150912 906124 269878 935211 30 10 41 20  0  0
 8  3 361680 2957652 1667496 172737500    0    0 1149200 891068 269611 934251 30 10 41 20  0  0
10  3 361680 2949356 1667500 172743644    0    0 1143616 886860 264589 911018 29 10 42 19  0  0
16 16 361680 2944148 1667500 172748324    0    0 1128976 893576 267475 919694 29  9 41 20  0  0
26 11 361680 2939428 1667500 172754316    0    0 1179056 898984 271677 947689 30 10 40 20  0  0
procs -----------memory---------- ---swap-- -----io---- -system-- -------cpu-------
 r  b   swpd   free   buff  cache   si   so    bi    bo   in   cs us sy id wa st gu
12 17 361680 2930184 1667500 172760548    0    0 1158192 906228 271906 950006 30 10 40 20  0  0
35 31 361680 2922968 1667504 172765328    0    0 1156724 882444 268227 936496 30 10 41 20  0  0
 7 13 361680 2916384 1667512 172771484    0    0 1162496 910056 272451 951023 30 10 40 20  0  0
12 15 361680 2906012 1667512 172777552    0    0 1152496 893764 269384 940561 30 10 41 20  0  0
16 13 361680 2899760 1667512 172782368    0    0 1145216 881364 266356 923767 30 10 40 20  0  0
39 28 361680 2899252 1667512 172788184    0    0 1085264 842908 254621 872048 27  9 42 22  0  0
43 25 361680 2877112 1667512 172792672    0    0 1123168 871188 262555 912121 29  9 40 22  0  0
38 30 361680 2867820 1667512 172798760    0    0 1150240 891236 268751 937570 30 10 41 19  0  0
20 14 361680 2866044 1667512 172804972    0    0 1154192 898220 268964 937139 30 10 40 20  0  0
40 30 361680 2860132 1667512 172809696    0    0 1160848 896664 269030 938302 30 10 40 20  0  0
47 20 361680 2855644 1667512 172815908    0    0 1139600 882376 267449 929965 30 10 41 20  0  0
34 35 361680 2848288 1667512 172821932    0    0 1140144 874432 264847 925615 30 10 42 19  0  0
49 26 361680 2843008 1667512 172826592    0    0 1141376 901356 268590 933974 29 10 41 20  0  0
31 40 361680 2834588 1667512 172832748    0    0 1163920 902908 270482 943438 30 10 40 20  0  0
43 24 361680 2833832 1667512 172837812    0    0 1156048 899360 270172 937322 30 10 41 20  0  0
17 15 361680 2827284 1667512 172843536    0    0 1170016 893404 270503 950159 30 10 40 20  0  0
41 26 361680 2818388 1667512 172849872    0    0 1133216 867636 261570 908719 29  9 40 21  0  0
 9  3 361680 2815084 1667512 172854212    0    0 1084320 826712 252823 872000 28  9 42 21  0  0
39 27 361680 2803008 1667512 172860300    0    0 1138912 891184 264778 918005 29 10 41 20  0  0
40 26 361680 2800832 1667512 172866408    0    0 1155088 895424 270378 940262 30 10 40 21  0  0
44 23 361680 2794040 1667512 172871344    0    0 1185360 911096 273133 959755 30 10 39 21  0  0
procs -----------memory---------- ---swap-- -----io---- -system-- -------cpu-------
 r  b   swpd   free   buff  cache   si   so    bi    bo   in   cs us sy id wa st gu
33 35 361680 2785460 1667512 172877508    0    0 1158800 910204 269813 938839 30 10 40 20  0  0
45 23 361680 2782268 1667520 172883728    0    0 1166912 902320 272122 953228 30 10 39 21  0  0
42 27 361680 2773144 1667520 172888536    0    0 1160816 888032 268803 940786 30 10 41 20  0  0
40 29 361680 2771104 1667520 172894588    0    0 1156800 907524 268958 935794 30 10 41 20  0  0
13 15 361680 2766424 1667524 172899956    0    0 1125988 868460 262646 916502 29  9 41 21  0  0
28 33 361680 2758616 1667524 172904996    0    0 1086176 824384 252261 868515 27  9 42 22  0  0
15  2 361680 2756432 1667528 172911124    0    0 1152400 879864 266162 927992 29 10 40 21  0  0
11  3 361680 2750824 1667528 172915624    0    0 1115328 860432 260313 898405 28  9 41 22  0  0
41 29 361680 2744020 1667528 172921524    0    0 1090032 841600 254810 879588 27  9 42 22  0  0
40 25 361680 2739120 1667528 172927616    0    0 1166016 909580 270478 945411 30 10 40 21  0  0
31 34 361680 2734584 1667528 172932332    0    0 1144864 880356 267129 919796 29 10 41 20  0  0
13 14 361680 2726468 1667532 172938476    0    0 1161904 898572 270047 940480 30 10 40 20  0  0
24 10 361680 2719112 1667532 172944688    0    0 1161504 898704 267953 929305 30 10 41 20  0  0
 8  2 361680 2716344 1667532 172949320    0    0 1155520 900384 269740 939554 30 10 41 20  0  0
 6  3 361680 2708868 1667532 172955676    0    0 1155232 901524 267734 931167 29 10 41 20  0  0
18 13 361680 2706896 1667532 172960260    0    0 1160752 899908 268993 939568 30 10 40 20  0  0
44 18 361680 2699068 1667536 172966372    0    0 1134944 855780 261831 912876 29  9 39 23  0  0
26 12 361680 2691156 1667536 172972292    0    0 1096656 844688 254684 874429 27  9 41 23  0  0
43 23 361680 2684952 1667536 172976964    0    0 1131008 878752 261735 909279 29  9 41 21  0  0
34 32 361680 2681160 1667536 172982820    0    0 1091936 825492 254328 877629 28  9 42 22  0  0
41 24 361680 2671132 1667536 172988828    0    0 1127392 865232 262585 908862 29  9 41 21  0  0
procs -----------memory---------- ---swap-- -----io---- -system-- -------cpu-------
 r  b   swpd   free   buff  cache   si   so    bi    bo   in   cs us sy id wa st gu
30 33 361680 2961284 1667368 172650548    0    0 1060096 844600 255097 866200 27  9 46 18  0  0
10  8 361680 2962224 1667368 172656420    0    0 1163392 883984 267931 934931 30 10 40 20  0  0
43 26 361680 3011468 1667372 172662492    0    0 1166544 912888 269654 940225 30 10 40 21  0  0
 5  3 361680 3014408 1667372 172667120    0    0 1166512 887312 270501 946815 30 10 39 21  0  0
46 18 361680 3008800 1667372 172673040    0    0 1146256 904032 266943 927566 29 10 41 20  0  0
15 14 361680 3005404 1667376 172677472    0    0 1148816 893800 270182 935884 30 10 41 19  0  0
46 22 361680 2996824 1667376 172683560    0    0 1150048 892256 267434 931548 29 10 41 20  0  0
35 29 361680 2996484 1667376 172689296    0    0 1093088 832804 253349 875094 28  9 41 22  0  0
41 24 361680 2991932 1667384 172693628    0    0 1103464 843904 255529 885042 28  9 42 21  0  0
 7 13 361680 2983128 1667384 172699580    0    0 1123152 867524 260629 905342 29  9 41 21  0  0
41 27 361680 2977888 1667384 172705248    0    0 1098928 839824 254200 875563 28  9 42 22  0  0
53 15 361680 2971100 1667384 172709824    0    0 1149856 884376 266892 926082 29 10 40 21  0  0
44 22 361680 2970180 1667384 172715796    0    0 1132304 893860 266843 920668 29 10 42 19  0  0
40 30 361680 2962020 1667384 172721884    0    0 1149568 888304 268130 930907 30  9 41 20  0  0
10 17 361680 2959484 1667384 172726476    0    0 1161264 900092 271012 950608 30 10 39 21  0  0
54 11 361680 2954616 1667388 172732636    0    0 1146688 884816 269405 934948 30 10 40 21  0  0
46 22 361680 2953588 1667388 172737132    0    0 1139360 891800 267020 923159 29 10 42 19  0  0
44 34 361680 2945916 1667388 172743312    0    0 1148528 904160 268835 935384 30 10 41 20  0  0
18 22 361680 2939328 1667388 172749524    0    0 1125424 867488 263111 916092 29  9 40 22  0  0
36 32 361680 2935888 1667388 172753792    0    0 1090832 835356 254346 872738 28  9 42 22  0  0
59  9 361680 2926968 1667388 172759824    0    0 1146816 866008 265380 922660 29 10 41 20  0  0
procs -----------memory---------- ---swap-- -----io---- -system-- -------cpu-------
 r  b   swpd   free   buff  cache   si   so    bi    bo   in   cs us sy id wa st gu
31 22 361680 2921368 1667388 172765812    0    0 1071136 839400 252243 865521 27  9 43 21  0  0
34 30 361680 2918936 1667388 172770296    0    0 1120688 835288 258083 896704 29  9 40 22  0  0
34 31 361680 2911352 1667388 172776328    0    0 1142016 904492 267042 930262 30 10 41 20  0  0
43 17 361680 2906452 1667388 172782472    0    0 1151232 877248 267679 930362 30 10 41 20  0  0
47  7 361680 2902348 1667388 172787068    0    0 1135792 883916 266230 926783 30 10 42 19  0  0
55 13 361680 2891856 1667388 172793216    0    0 1139008 893060 267089 920420 29 10 42 20  0  0
11 10 361680 2887148 1667388 172797872    0    0 1145296 895960 268984 933850 30 10 40 21  0  0
41 23 361680 2879928 1667388 172804020    0    0 1158368 887672 269378 935946 30 10 41 20  0  0
42 29 361680 2877004 1667388 172810204    0    0 1154736 895088 267355 931055 30 10 41 20  0  0
36 26 361680 2872264 1667392 172814596    0    0 1097232 827340 254639 876337 28  9 42 21  0  0
 9  0 361680 2867784 1667392 172820540    0    0 1089664 839352 255682 882784 28  9 41 22  0  0
28 10 361680 2862036 1667396 172826700    0    0 1166724 896616 270985 943229 30 10 40 21  0  0
43 24 361680 2856980 1667396 172831144    0    0 1102896 840776 255156 876613 27  9 41 22  0  0
43 24 361680 2848612 1667396 172837076    0    0 1101968 857420 258001 887493 28  9 42 21  0  0
22 13 361680 2846028 1667396 172843180    0    0 1166544 896376 271541 945360 30 10 40 20  0  0
43 21 361680 2844200 1667396 172847932    0    0 1147328 882008 268459 931256 30 10 41 20  0  0
38 22 361680 2832900 1667396 172854212    0    0 1176752 909040 274527 957864 30 10 39 21  0  0
11 14 361680 2826808 1667396 172858804    0    0 1149696 895848 268380 932027 30  9 41 20  0  0
44 26 361680 2822668 1667396 172864932    0    0 1153536 887808 269201 939864 29 10 41 20  0  0
35 31 361680 2817848 1667400 172871244    0    0 1177040 915700 271762 948848 30 10 39 21  0  0
35 32 361680 2815264 1667400 172875876    0    0 1123344 861408 260860 903315 28  9 41 22  0  0
procs -----------memory---------- ---swap-- -----io---- -system-- -------cpu-------
 r  b   swpd   free   buff  cache   si   so    bi    bo   in   cs us sy id wa st gu
45 21 361680 2808408 1667400 172881756    0    0 1097856 834600 255079 879203 28  9 42 22  0  0
16  5 361680 2801992 1667400 172887636    0    0 1125504 867368 263375 912498 29  9 42 20  0  0
14  3 361680 2796336 1667400 172892404    0    0 1138400 886548 264810 924183 29 10 40 21  0  0
39 26 361680 2790208 1667404 172898296    0    0 1085216 837240 253541 875929 28  9 42 22  0  0
40 27 361680 2783828 1667404 172903972    0    0 1119760 869644 261513 899110 28  9 41 21  0  0
35 28 361680 2781880 1667404 172908884    0    0 1154528 897584 266814 925494 29 10 41 20  0  0
 4  5 361680 2776320 1667404 172915048    0    0 1169888 895392 270907 943471 30 10 40 20  0  0
18 12 361680 2771152 1667404 172919688    0    0 1134400 903420 266815 924776 29  9 42 20  0  0
40 30 361680 2763736 1667408 172925788    0    0 1139216 876008 265057 915840 29  9 41 20  0  0
48 20 361680 2753708 1667408 172931860    0    0 1153920 896708 268944 935671 30 10 41 20  0  0
47 22 361680 2749084 1667408 172936716    0    0 1167408 899864 269529 935935 30 10 40 20  0  0
12  8 361680 2740052 1667408 172942568    0    0 1094896 851196 257129 884078 28  9 41 22  0  0
34 30 361680 2725256 1667408 172948124    0    0 1085616 822120 253844 879139 28  9 42 21  0  0
25 18 361680 2702072 1667416 172952968    0    0 1154688 883868 269716 945957 30 10 40 20  0  0
10  1 361680 2693688 1667416 172959144    0    0 1127536 879560 262975 908713 28  9 41 21  0  0
24 21 361680 2687308 1667420 172964608    0    0 1102132 836712 255829 885831 28  9 40 23  0  0
32 33 361680 2682188 1667420 172969588    0    0 1145440 886308 264997 926124 29 10 40 21  0  0
37 31 361680 2672292 1667420 172975768    0    0 1149632 894676 268698 933275 30 10 40 21  0  0
50 11 361680 2666084 1667428 172981060    0    0 1146928 875632 267297 932941 30 10 41 19  0  0
36 30 361680 2658992 1667428 172986768    0    0 1160848 913884 270369 932305 29 10 40 21  0  0
20 16 361680 2635420 1667428 172992608    0    0 1145360 896932 270234 941219 30 10 40 21  0  0
procs -----------memory---------- ---swap-- -----io---- -system-- -------cpu-------
 r  b   swpd   free   buff  cache   si   so    bi    bo   in   cs us sy id wa st gu
13 14 361680 2628600 1667428 172997460    0    0 1159952 893428 269711 940049 30 10 40 20  0  0
52 15 361680 3123232 1667144 172510964    0    0 1164000 892232 267625 930670 30 10 40 21  0  0
28 40 361680 3118984 1667144 172515680    0    0 1094848 850960 255154 884433 27  9 40 23  0  0
40 27 361680 3128760 1667144 172520352    0    0 1126752 866704 262137 907814 29  9 40 22  0  0
44 25 361680 3145028 1667144 172526508    0    0 1181520 896896 272386 951263 30 10 39 21  0  0
39 23 361680 3138772 1667144 172531716    0    0 1082976 827664 251745 863911 28  9 43 21  0  0
48 20 361680 3138148 1667144 172536676    0    0 1114736 846080 257265 893854 28  9 40 22  0  0
 6  6 361680 3126628 1667148 172542508    0    0 1166384 897972 270605 946290 30 10 40 20  0  0
25  4 361680 3121160 1667148 172547288    0    0 1149184 891828 266834 924283 29 10 41 20  0  0
36 34 361680 3118968 1667148 172553348    0    0 1157680 910912 269933 935062 30  9 41 20  0  0
48 23 361680 3112348 1667148 172559008    0    0 1174880 895200 270300 949008 30 10 40 20  0  0
42 23 361680 3108728 1667148 172564052    0    0 1153168 908400 270070 937850 30 10 40 21  0  0
46 23 361680 3103756 1667156 172570032    0    0 1179520 896860 272630 950824 30 10 39 21  0  0
14 11 361680 3100772 1667156 172575364    0    0 1131792 868680 261677 906990 28  9 40 22  0  0
33 31 361680 3095988 1667156 172580356    0    0 1075568 833856 252509 867360 28  9 42 21  0  0
14 19 361680 3087320 1667156 172585952    0    0 1151968 881904 267847 932616 30 10 40 21  0  0
10 11 361680 3082440 1667156 172591400    0    0 1137328 885228 264489 924137 29 10 41 20  0  0
21 10 361680 3075520 1667156 172596636    0    0 1081136 832076 254609 875284 28  9 42 21  0  0
41 25 361680 3070088 1667160 172602012    0    0 1116548 860368 261215 906645 29  9 41 21  0  0
 6  2 361680 3064784 1667160 172607144    0    0 1130976 888880 267118 929570 30 10 41 20  0  0
37 29 361680 3054656 1667160 172613148    0    0 1166208 901768 271348 941331 30 10 40 20  0  0
procs -----------memory---------- ---swap-- -----io---- -system-- -------cpu-------
 r  b   swpd   free   buff  cache   si   so    bi    bo   in   cs us sy id wa st gu
10 11 361680 3048808 1667160 172618804    0    0 1170304 902320 270478 945711 30 10 40 20  0  0
44 28 361680 3044412 1667160 172624112    0    0 1132000 887276 267342 925578 29  9 42 20  0  0
52 17 361680 3037736 1667160 172629908    0    0 1137312 881132 265720 916933 29 10 41 20  0  0
34 32 361680 3028576 1667160 172635628    0    0 1173312 906776 271371 957472 30 10 39 21  0  0
28 34 361680 3021040 1667160 172640748    0    0 1083072 830492 255027 879125 28  9 42 21  0  0
36 31 361680 3015856 1667160 172646332    0    0 1110384 857228 258484 890271 28  9 39 24  0  0
33 34 361680 3011656 1667164 172651960    0    0 1155168 900684 271408 948737 30 10 40 20  0  0
27 36 361680 3003824 1667164 172657520    0    0 1131264 878880 264107 912674 29 10 41 21  0  0
48 21 361680 3001396 1667164 172662896    0    0 1103072 835856 254227 882485 28  9 41 23  0  0
 3  7 361680 2995656 1667164 172668296    0    0 1138624 871808 262796 918372 29  9 41 21  0  0
40 26 361680 2992024 1667164 172673992    0    0 1145360 889772 266764 921705 29 10 41 20  0  0
44 22 361680 2986020 1667164 172679636    0    0 1153056 881204 268065 934882 30 10 41 20  0  0
15 17 361680 2980620 1667164 172685264    0    0 1161184 909648 269968 937559 30 10 40 20  0  0
11  4 361680 2971864 1667164 172690888    0    0 1150768 892888 269227 932658 29 10 41 20  0  0
46 25 361680 2926248 1667164 172696148    0    0 1090592 843868 257320 872436 28  9 44 19  0  0
 2  4 361680 2924316 1667164 172701724    0    0 1133984 881356 263860 913878 29 10 42 19  0  0
41 28 361680 2975512 1667176 172706888    0    0 1080528 819664 251974 868472 27  9 42 22  0  0
21  9 361680 2969648 1667176 172712296    0    0 1100752 854564 256935 882388 28  9 41 22  0  0
52 16 361680 2965536 1667176 172717880    0    0 1161728 890372 267540 933612 30 10 41 19  0  0
 5  2 361680 2959304 1667176 172723372    0    0 1107744 871328 259853 896084 28  9 42 20  0  0
56  8 361680 2954324 1667176 172728564    0    0 1103056 830156 254865 879726 28  9 41 23  0  0
procs -----------memory---------- ---swap-- -----io---- -system-- -------cpu-------
 r  b   swpd   free   buff  cache   si   so    bi    bo   in   cs us sy id wa st gu
15 11 361680 2945020 1667180 172734200    0    0 1121936 879448 261383 904500 29  9 42 20  0  0
42 25 361680 2943268 1667184 172739780    0    0 1140916 883720 265170 911858 29  9 42 20  0  0
47 23 361680 2936000 1667184 172745452    0    0 1168624 910144 270109 938398 30 10 40 20  0  0
40 24 361680 2928468 1667184 172750948    0    0 1168320 892428 268576 939741 30 10 40 20  0  0
19 43 361680 2925924 1667184 172756544    0    0 1154832 908012 269753 934215 30 10 41 20  0  0
37 30 361680 2923468 1667192 172762136    0    0 1138880 880228 265504 919811 29  9 41 20  0  0
18  8 361680 2915904 1667192 172767632    0    0 1136848 868488 262813 913936 29  9 41 21  0  0
39 28 361680 2909740 1667192 172772828    0    0 1083360 837864 253493 868586 27  9 42 22  0  0
41 27 361680 2902376 1667192 172778312    0    0 1138496 864240 261311 906904 29  9 41 20  0  0
20  7 361680 2900916 1667192 172784232    0    0 1172896 903980 271227 945516 30 10 40 20  0  0
37 31 361680 2896260 1667196 172789592    0    0 1097888 865228 258117 882520 28  9 42 21  0  0
22  6 361680 2889300 1667196 172794852    0    0 1102192 831376 254260 878539 28  9 41 22  0  0
 7  1 361680 2882144 1667196 172800480    0    0 1149952 886556 266532 929092 29 10 41 20  0  0
33 30 361680 2879732 1667196 172806032    0    0 1144368 891436 267765 925495 29 10 41 20  0  0
13  5 361680 2875144 1667196 172811580    0    0 1154400 895680 267586 932320 30 10 41 19  0  0
15  9 361680 2868352 1667200 172817116    0    0 1128896 881456 264990 919759 29  9 41 21  0  0
43 24 361680 2860952 1667200 172822416    0    0 1085872 820852 253062 873018 28  9 42 22  0  0
39 30 361680 2855776 1667200 172827524    0    0 1054384 822516 249284 846156 26  9 43 22  0  0
13 12 361680 2849016 1667200 172832816    0    0 1076928 808316 249019 861209 27  8 41 24  0  0
14 10 361680 2848852 1667200 172837792    0    0 1032960 777620 241202 823684 26  8 42 24  0  0
33 22 361680 2845856 1667208 172843016    0    0 1075808 814896 248613 857212 27  9 42 23  0  0
procs -----------memory---------- ---swap-- -----io---- -system-- -------cpu-------
 r  b   swpd   free   buff  cache   si   so    bi    bo   in   cs us sy id wa st gu
34 26 361680 2840860 1667208 172848292    0    0 1095744 833492 253668 872952 28  9 40 23  0  0
36 27 361680 2836804 1667208 172853560    0    0 1091840 831676 254667 874494 28  9 41 23  0  0
34 29 361680 2828380 1667208 172858864    0    0 1102592 834192 255325 882221 28  9 40 24  0  0
18 12 361680 2825128 1667208 172864168    0    0 1090720 830936 253542 875194 28  9 41 23  0  0
45 21 361680 2819192 1667212 172869368    0    0 1093296 827136 253553 871906 28  9 41 23  0  0
43 23 361680 2811376 1667216 172874700    0    0 1090852 836540 253328 874108 28  9 41 23  0  0
37 26 361680 2808192 1667216 172880016    0    0 1085808 825188 251801 865396 27  9 42 22  0  0
45 22 361680 2802848 1667216 172885316    0    0 1089232 836584 252975 874274 27  9 41 22  0  0
21 41 361680 2797304 1667216 172890540    0    0 1076448 830752 253108 865402 27  9 41 23  0  0
25 44 361680 2791496 1667224 172895812    0    0 1073168 815216 250491 858167 27  9 42 23  0  0
37 31 361680 2786396 1667224 172900884    0    0 1063776 809316 248497 848655 27  8 42 23  0  0
42 28 361680 2782780 1667224 172906208    0    0 1112800 830652 255591 883296 28  9 40 23  0  0
49 18 361680 2776452 1667224 172911720    0    0 1128000 879832 262119 906739 29  9 42 20  0  0
43 24 361680 2769828 1667224 172917164    0    0 1133680 864104 263484 912862 29  9 41 22  0  0
52 15 361680 2765612 1667232 172922596    0    0 1117584 858760 261391 910626 29  9 41 21  0  0
14  5 361680 2761432 1667232 172927888    0    0 1085536 843308 254242 872854 27  9 42 22  0  0
 9 17 361680 2756064 1667232 172933192    0    0 1096704 828456 254427 879653 28  9 40 23  0  0
38 26 361680 2751232 1667232 172938440    0    0 1080272 816012 251900 864635 28  9 42 22  0  0
47 15 361680 2747904 1667232 172943812    0    0 1120976 854672 258837 902128 28  9 41 21  0  0
22  9 361680 2740056 1667236 172949420    0    0 1154144 905336 268430 931432 29 10 39 22  0  0
32 13 361680 2736688 1667236 172954792    0    0 1125424 857356 261208 902038 29  9 41 21  0  0
procs -----------memory---------- ---swap-- -----io---- -system-- -------cpu-------
 r  b   swpd   free   buff  cache   si   so    bi    bo   in   cs us sy id wa st gu
39 24 361680 2731112 1667236 172960380    0    0 1117648 856148 260632 898138 28  9 41 22  0  0
 8  9 361680 2727900 1667236 172965464    0    0 1065536 813140 248697 854215 27  9 42 23  0  0
 9  1 361680 2722396 1667236 172970732    0    0 1081248 816648 252031 865972 27  9 43 21  0  0
 4 16 361680 2717612 1667240 172976204    0    0 1147904 881084 264834 919083 29  9 40 21  0  0
34 33 361680 2714348 1667240 172981696    0    0 1109792 870496 261249 897532 28  9 43 20  0  0
26 37 361680 2702980 1667240 172987192    0    0 1120768 863296 261668 903914 29 10 41 20  0  0
36 30 361680 2699916 1667240 172992708    0    0 1123408 865072 263177 911202 29 10 41 20  0  0
43 22 361680 2692184 1667240 172998100    0    0 1132288 870472 263507 914345 28 10 41 21  0  0
46 22 361680 2691188 1667244 173003608    0    0 1138944 884476 266997 922235 28 10 40 22  0  0
35 31 361680 2678964 1667248 173009140    0    0 1137988 892984 265148 919992 29  9 40 21  0  0
41 27 361680 2675132 1667248 173014632    0    0 1130048 869792 264089 917790 29  9 41 21  0  0
72  1 361680 2662076 1667248 173020160    0    0 1114240 868712 260458 902298 28  9 41 21  0  0
41 26 361680 2643784 1667248 173025596    0    0 1111152 857576 258787 889885 28  9 41 22  0  0
22 10 361680 2628364 1667248 173030824    0    0 1073360 821144 249822 861554 27  9 41 23  0  0
42 22 361680 3200708 1667248 172443172    0    0 1092720 850104 255081 872879 27  9 42 22  0  0
42 27 361680 3190044 1667248 172448476    0    0 1133136 868832 262468 907559 28  9 41 22  0  0
20 10 361680 3205188 1667248 172453808    0    0 1135312 866852 263549 919705 29  9 41 21  0  0
34 29 361680 3214484 1667248 172459276    0    0 1123440 874276 262344 904432 29  9 41 21  0  0
25 38 361680 3211116 1667248 172464404    0    0 1101552 842232 255424 879206 28  9 41 22  0  0
28 36 361680 3205584 1667248 172469664    0    0 1095952 836228 256323 890409 28  9 41 23  0  0
36 31 361680 3199352 1667248 172474896    0    0 1136480 869312 263863 908224 28  9 40 22  0  0
procs -----------memory---------- ---swap-- -----io---- -system-- -------cpu-------
 r  b   swpd   free   buff  cache   si   so    bi    bo   in   cs us sy id wa st gu
42 22 361680 3190516 1667248 172480192    0    0 1123872 877664 264328 911425 29  9 42 20  0  0
42 26 361680 3185648 1667248 172485600    0    0 1135600 884340 264026 914166 28  9 41 21  0  0
 7  4 361680 3182420 1667256 172490952    0    0 1106352 863968 260067 893580 28  9 42 20  0  0
48 20 361680 3177856 1667256 172496148    0    0 1119536 854304 259307 892930 28  9 41 22  0  0
16  8 361680 3170080 1667256 172501332    0    0 1080192 823384 250003 859179 27  9 41 23  0  0
14  7 361680 3166704 1667256 172506524    0    0 1107056 864240 257773 891482 28  9 42 21  0  0
38 28 361680 3158844 1667256 172511924    0    0 1143344 884216 266080 924418 29 10 41 20  0  0
34 37 361680 3153048 1667260 172517328    0    0 1139408 881668 264271 917588 29 10 41 21  0  0
10  8 361680 3147192 1667260 172522772    0    0 1138112 880544 264501 925038 29  9 40 21  0  0
10 14 361680 3141476 1667260 172528188    0    0 1142424 875720 264510 924399 29 10 40 21  0  0
20  7 361680 3137476 1667260 172533676    0    0 1155792 883852 267380 930134 29 10 39 22  0  0
42 16 361680 3132444 1667260 172539076    0    0 1157184 890996 266744 927553 29 10 39 22  0  0
53 16 361680 3124824 1667260 172544416    0    0 1133024 882760 265692 919483 29 10 41 21  0  0
39 23 361680 3120000 1667264 172549940    0    0 1142756 878832 264838 921783 29 10 40 21  0  0
31 35 361680 3114580 1667268 172555300    0    0 1117168 865256 263050 911934 28  9 41 21  0  0
26 35 361680 3105976 1667268 172560512    0    0 1095632 849160 255025 876181 27  9 41 22  0  0
23 43 361680 3103620 1667268 172565620    0    0 1089200 818960 249888 861427 27  9 40 24  0  0
10 10 361680 3095672 1667268 172570976    0    0 1148544 875832 265076 923133 29 10 40 21  0  0
34 35 361680 3087856 1667268 172576492    0    0 1131120 876692 262799 909963 29  9 42 20  0  0
35 32 361680 3083732 1667272 172582016    0    0 1143328 892552 266462 921550 29 10 40 21  0  0
46 23 361680 3077396 1667272 172587520    0    0 1133696 884164 265196 920614 29  9 40 22  0  0
procs -----------memory---------- ---swap-- -----io---- -system-- -------cpu-------
 r  b   swpd   free   buff  cache   si   so    bi    bo   in   cs us sy id wa st gu
10 11 361680 3069812 1667272 172593060    0    0 1137264 882072 265740 924703 29 10 40 21  0  0
30  9 361680 3065452 1667272 172598480    0    0 1128400 895748 264883 914583 29  9 40 21  0  0
17 12 361680 3057636 1667272 172604092    0    0 1145552 879988 266870 926265 29  9 40 21  0  0
37 28 361680 3049568 1667280 172609480    0    0 1136528 881088 265954 927481 29  9 40 21  0  0
40 28 361680 3042556 1667280 172615080    0    0 1131840 885548 265977 924841 29 10 40 21  0  0
50 20 361680 3041492 1667280 172620552    0    0 1134800 856152 261041 906192 29 10 40 22  0  0
43 24 361680 3036572 1667280 172625912    0    0 1100624 829284 254560 881782 28  9 39 24  0  0
 7  0 361680 3032564 1667280 172631124    0    0 1084304 845660 255179 876828 28  9 43 21  0  0
13 25 361680 2986172 1667284 172636524    0    0 1083056 839856 254631 866391 27  9 45 19  0  0
11  5 361680 2981080 1667284 172641912    0    0 1156336 888748 266523 930395 29  9 40 21  0  0
46 17 361680 3029528 1667288 172647476    0    0 1144768 873376 265883 929732 29 10 40 21  0  0
52 15 361680 3028496 1667288 172652972    0    0 1139824 872704 264578 919530 29  9 40 21  0  0
30  3 361680 3027328 1667288 172658524    0    0 1141232 883520 265315 925174 29 10 41 21  0  0
46 11 361680 3020960 1667292 172664012    0    0 1138832 881136 264404 918974 30  9 40 21  0  0
 8 12 361680 3014732 1667292 172669616    0    0 1131664 888896 265811 920833 29  9 41 21  0  0
33 32 361680 3007700 1667292 172675116    0    0 1129760 878716 265876 922414 29  9 41 21  0  0
42 24 361680 3002904 1667296 172680700    0    0 1158004 887916 268155 930696 29 10 40 20  0  0
43 24 361680 2997624 1667296 172686296    0    0 1134752 868872 263087 915360 29  9 40 21  0  0
42 25 361680 2992800 1667300 172691612    0    0 1093376 836552 253885 870167 27  9 41 23  0  0
38 27 361680 2987732 1667300 172697084    0    0 1139376 887984 264422 917163 29  9 40 21  0  0
15 12 361680 2981636 1667300 172702712    0    0 1170352 899132 270994 946391 30 10 40 20  0  0
procs -----------memory---------- ---swap-- -----io---- -system-- -------cpu-------
 r  b   swpd   free   buff  cache   si   so    bi    bo   in   cs us sy id wa st gu
35 35 361680 2978224 1667300 172708396    0    0 1162912 916424 271572 941095 30 10 40 20  0  0
45 21 361680 2973264 1667300 172714064    0    0 1160000 893272 270501 952872 30 10 40 20  0  0
 6  4 361680 2967916 1667304 172719772    0    0 1164528 891372 269005 941558 30 10 40 20  0  0
37 27 361680 2962008 1667304 172725336    0    0 1163664 895224 271038 938253 30 10 40 20  0  0
41 28 361680 2955760 1667304 172730992    0    0 1157648 906160 270055 940802 29 10 40 20  0  0
12  6 361680 2951248 1667304 172736684    0    0 1172192 911360 272164 951715 30 10 40 20  0  0
10  2 361680 2947784 1667304 172742192    0    0 1158752 883324 267029 933292 30 10 41 19  0  0
22  4 361680 2940728 1667312 172747812    0    0 1129216 887564 263280 907485 29  9 42 20  0  0
 5 26 361680 2938656 1667312 172753112    0    0 1089344 832540 254745 878056 27  9 41 22  0  0
17  4 361680 2933444 1667312 172758456    0    0 1133216 864948 262981 911605 29  9 40 22  0  0
42 26 361680 2925648 1667312 172764124    0    0 1165008 901064 269514 935106 30 10 41 20  0  0
43 23 361680 2921740 1667312 172769680    0    0 1164848 889056 268541 937333 30 10 41 19  0  0
33 33 361680 2913968 1667316 172775432    0    0 1165424 923504 271601 945179 30 10 40 20  0  0
40 28 361680 2908944 1667316 172780972    0    0 1135248 891812 265424 914632 29 10 42 20  0  0
35 31 361680 2905076 1667320 172786536    0    0 1163604 895956 268809 938319 30 10 40 20  0  0
 3  2 361680 2897780 1667320 172792116    0    0 1149648 882096 266695 924948 29 10 41 20  0  0
10  9 361680 2890412 1667320 172797700    0    0 1149776 894740 267243 928886 29 10 41 19  0  0
30 23 361680 2887112 1667320 172803312    0    0 1154592 900404 268474 931758 30 10 41 19  0  0
11 21 361680 2883784 1667320 172809024    0    0 1175216 894968 271513 950197 30 10 40 20  0  0
13 18 361680 2878952 1667320 172814488    0    0 1106832 862304 259859 895110 28  9 41 22  0  0
42 18 361680 2875564 1667320 172819868    0    0 1112256 830652 255675 883384 28  9 40 23  0  0
procs -----------memory---------- ---swap-- -----io---- -system-- -------cpu-------
 r  b   swpd   free   buff  cache   si   so    bi    bo   in   cs us sy id wa st gu
16 15 361680 2871148 1667320 172825336    0    0 1138848 884896 265699 925503 29  9 42 19  0  0
10  1 361680 2862064 1667320 172831012    0    0 1141696 904516 268087 928590 29 10 42 19  0  0
44 20 361680 2855488 1667320 172836588    0    0 1170848 909328 271933 946892 30 10 40 20  0  0
13  2 361680 2852184 1667320 172842312    0    0 1176064 896236 272835 954597 30 10 40 20  0  0
48 20 361680 2845708 1667320 172847920    0    0 1154688 902772 270405 940434 30 10 41 20  0  0
43 23 361680 2838480 1667320 172853480    0    0 1146768 887740 268056 935658 30 10 42 19  0  0
42 26 361680 2834352 1667328 172859100    0    0 1144080 903632 268781 932290 29 10 41 20  0  0
35 32 361680 2829672 1667328 172864628    0    0 1157504 882640 268072 935048 29 10 41 20  0  0
45 23 361680 2824644 1667328 172870248    0    0 1147952 887544 267231 927044 30 10 42 19  0  0
 6 24 361680 2818600 1667328 172875668    0    0 1110880 858176 260685 899078 29  9 42 20  0  0
 8  8 361680 2812344 1667328 172881104    0    0 1099392 838688 254098 877305 28  9 41 23  0  0
49 19 361680 2804056 1667332 172886448    0    0 1137664 882780 262960 910961 29  9 41 21  0  0
39 28 361680 2798368 1667332 172892028    0    0 1156832 890116 268495 931786 30 10 41 20  0  0
34 34 361680 2792352 1667332 172897624    0    0 1147680 897600 266691 926524 30 10 42 19  0  0
34 26 361680 2788060 1667332 172903304    0    0 1176576 913980 272790 954151 30 10 39 21  0  0
39 30 361680 2781240 1667332 172908832    0    0 1143232 903432 266677 920755 29 10 42 19  0  0
 7  6 361680 2777220 1667332 172914384    0    0 1120224 878636 264779 913935 29  9 43 19  0  0
 2  5 361680 2773244 1667336 172919980    0    0 1160916 885732 268518 939514 30 10 40 20  0  0
32 33 361680 2763696 1667336 172925560    0    0 1157088 909856 269404 934591 29 10 40 20  0  0
43 24 361680 2758948 1667336 172931380    0    0 1175200 917168 271727 944350 30 10 40 21  0  0
18  7 361680 2758456 1667336 172936876    0    0 1152512 884280 269910 940409 30 10 41 20  0  0
procs -----------memory---------- ---swap-- -----io---- -system-- -------cpu-------
 r  b   swpd   free   buff  cache   si   so    bi    bo   in   cs us sy id wa st gu
36 25 361680 2753648 1667336 172942380    0    0 1105776 848424 255883 875546 27  9 40 23  0  0
15 10 361680 2745972 1667336 172947600    0    0 1106704 853104 257028 886649 28  9 42 21  0  0
46 22 361680 2742024 1667336 172953268    0    0 1168048 897052 269246 935338 29 10 40 20  0  0
23 11 361680 2737596 1667336 172958964    0    0 1159632 907748 270981 942679 30 10 41 20  0  0
32 31 361680 2730540 1667336 172964636    0    0 1151408 890368 270699 935871 30 10 41 19  0  0
14 23 361680 2725528 1667340 172970216    0    0 1153584 898888 268940 936200 30 10 41 20  0  0
 6  7 361680 2716572 1667340 172975716    0    0 1150256 889596 267572 931109 29 10 42 19  0  0
18 20 361680 2658964 1667340 172981320    0    0 1149520 886564 266363 922467 29  9 41 20  0  0
32 27 361680 2646472 1667340 172986888    0    0 1147984 888536 266628 925819 29 10 41 20  0  0
39 31 361680 2639704 1667340 172992412    0    0 1138800 903724 267332 923964 29 10 42 20  0  0
50 15 361680 2629560 1667340 172997924    0    0 1163408 886900 269055 936507 30 10 41 20  0  0
40 26 361680 3116504 1667340 172510664    0    0 1119744 880596 263134 910244 29 10 41 21  0  0
10 16 361680 3117576 1667340 172515196    0    0 1103792 847008 255419 882536 28  9 40 23  0  0
37 31 361680 3127300 1667340 172520512    0    0 1149648 883540 265238 926769 29  9 40 22  0  0
43 23 361680 3138492 1667340 172526032    0    0 1169488 906860 271452 944658 30 10 40 21  0  0
45 24 361680 3136372 1667340 172531504    0    0 1155648 896180 271502 925661 30 10 41 19  0  0
41 26 361680 3134380 1667340 172536956    0    0 1127760 883200 266092 923218 29 10 42 19  0  0
45 23 361680 3130928 1667340 172542236    0    0 1142528 890632 267826 927604 30  9 41 20  0  0
40 28 361680 3128568 1667340 172547740    0    0 1154672 891204 268623 935922 30 10 41 19  0  0
41 25 361680 3119800 1667340 172553212    0    0 1165488 905320 269893 937620 30 10 40 20  0  0
20 21 361680 3113928 1667348 172558632    0    0 1129844 896052 267196 920467 29 10 42 19  0  0
procs -----------memory---------- ---swap-- -----io---- -system-- -------cpu-------
 r  b   swpd   free   buff  cache   si   so    bi    bo   in   cs us sy id wa st gu
31 22 361680 3108876 1667348 172564084    0    0 1147360 879844 266944 934194 30 10 42 19  0  0
 4 12 361680 3104552 1667348 172569608    0    0 1163696 897668 270524 948300 30 10 40 20  0  0
29 28 361680 3101044 1667348 172574924    0    0 1099440 838568 255407 879472 28  9 42 21  0  0
13 26 361680 3094896 1667348 172579984    0    0 1078544 832932 254381 867711 28  9 42 21  0  0
24 35 361680 3089408 1667348 172585276    0    0 1146432 890704 267676 928203 29 10 41 20  0  0
22 42 361680 3080524 1667348 172590800    0    0 1159232 903064 271097 937716 30 10 41 20  0  0
36 33 361680 3075400 1667348 172596140    0    0 1133536 893560 266310 923271 29 10 42 19  0  0
24 18 361680 3070852 1667348 172601600    0    0 1152768 899816 269312 940929 30 10 41 20  0  0
41 28 361680 3062240 1667348 172607304    0    0 1166672 903392 269922 938779 30 10 40 20  0  0
28 42 361680 3053572 1667352 172612788    0    0 1144640 895660 268345 929437 29 10 42 19  0  0
30 32 361680 3046340 1667352 172618528    0    0 1161696 880340 269886 937764 30 10 40 20  0  0
37 33 361680 3038348 1667352 172624052    0    0 1146544 907016 270203 936411 30  9 40 21  0  0
25  7 361680 3034732 1667352 172629540    0    0 1144336 890568 268297 927537 29 10 42 19  0  0
34 34 361680 3028940 1667352 172635124    0    0 1138464 874680 264931 915820 29  9 42 19  0  0
17 42 361680 3019972 1667356 172640472    0    0 1081376 829528 252570 868050 27  9 42 22  0  0
14 39 361680 3015772 1667356 172645704    0    0 1113488 829696 257539 891392 28  9 42 21  0  0
29 32 361680 3012020 1667356 172651344    0    0 1154448 892524 268635 931419 30  9 41 20  0  0
19 39 361680 3007200 1667356 172656980    0    0 1149072 917844 269196 928801 29  9 41 20  0  0
24 41 361680 2998788 1667356 172662468    0    0 1137504 871540 264615 919037 29 10 43 18  0  0
18 39 361680 2990680 1667356 172668060    0    0 1142864 883760 265594 922884 30 10 42 19  0  0
34 38 361680 2985408 1667356 172673420    0    0 1111696 861812 260270 896458 28  9 42 20  0  0
procs -----------memory---------- ---swap-- -----io---- -system-- -------cpu-------
 r  b   swpd   free   buff  cache   si   so    bi    bo   in   cs us sy id wa st gu
31 41 361680 2982364 1667356 172678800    0    0 1085280 823836 250706 867326 27  9 42 22  0  0
30 39 361680 2975356 1667356 172683964    0    0 1070128 830856 254639 862073 27  9 46 18  0  0
35 37 361680 2969072 1667356 172689548    0    0 1155328 905920 269935 933928 30  9 41 20  0  0
25 37 361680 2993632 1667364 172695180    0    0 1165972 894300 270345 939570 30 10 40 20  0  0
19 41 361680 2989180 1667364 172700756    0    0 1141792 870848 265565 920135 29  9 41 20  0  0
29 34 361680 2983132 1667364 172706144    0    0 1085968 831408 251370 863690 27  9 42 22  0  0
27 31 361680 2979336 1667364 172711492    0    0 1122016 864080 260957 906185 29  9 42 20  0  0
25 47 361680 2971436 1667364 172717104    0    0 1153648 899076 268459 930631 30 10 41 20  0  0
25 41 361680 2964620 1667368 172722836    0    0 1178832 914436 272812 952855 30 10 39 21  0  0
15 39 361680 2962708 1667368 172728496    0    0 1160144 898000 267444 928327 30 10 41 19  0  0
33 38 361680 2953772 1667368 172734016    0    0 1157360 900448 270644 940371 30 10 41 20  0  0
15 35 361680 2951236 1667368 172739524    0    0 1118768 859612 259840 901746 29  9 41 21  0  0
15 42 361680 2945820 1667368 172744868    0    0 1101632 838088 254869 881698 28  9 41 23  0  0
33 27 361680 2942572 1667372 172750264    0    0 1140544 877712 263950 914736 29 10 41 21  0  0
12 45 361680 2933916 1667372 172755884    0    0 1148096 898852 269180 929753 29  9 41 20  0  0
 7 57 361680 2921624 1667372 172761432    0    0 1141152 884692 267156 916605 29  9 42 19  0  0
 8 54 361680 2922488 1667372 172766784    0    0 1101136 828816 256429 888102 28  9 41 22  0  0
14 45 361680 2917988 1667372 172772080    0    0 1083904 829040 253316 872599 28  9 43 20  0  0
10 53 361680 2910800 1667372 172777676    0    0 1149568 884380 268148 930394 30 10 41 19  0  0
34 31 361680 2904912 1667372 172783212    0    0 1158528 882796 269435 939200 30 10 41 20  0  0
41 30 361680 2899972 1667372 172788784    0    0 1167584 898700 269907 946007 30 10 40 20  0  0
procs -----------memory---------- ---swap-- -----io---- -system-- -------cpu-------
 r  b   swpd   free   buff  cache   si   so    bi    bo   in   cs us sy id wa st gu
28 36 361680 2898244 1667372 172794396    0    0 1151376 895760 268220 932103 30  9 41 19  0  0
43 32 361680 2891152 1667372 172800044    0    0 1160464 895312 269483 934285 30 10 41 20  0  0
31 40 361680 2887788 1667372 172805556    0    0 1110000 848468 258329 892060 28  9 42 21  0  0
28 38 361680 2879644 1667372 172810868    0    0 1097376 839008 255872 884395 28  9 41 22  0  0
24 31 361680 2874356 1667372 172816332    0    0 1125664 876900 263415 907288 29  9 42 20  0  0
37 32 361680 2867108 1667372 172821940    0    0 1145856 885372 267624 930344 29 10 41 20  0  0
17 36 361680 2861332 1667376 172827316    0    0 1119380 847160 259079 894835 28  9 41 22  0  0
29 37 361680 2854236 1667380 172832632    0    0 1092496 837704 256252 883425 28  9 40 23  0  0
35 35 361680 2844740 1667380 172838088    0    0 1133088 878204 263521 912477 29  9 41 21  0  0
25 41 361680 2840136 1667384 172843672    0    0 1170196 910192 271268 946012 30 10 40 21  0  0
45 36 361680 2833236 1667384 172849400    0    0 1168592 898936 271527 944690 30 10 40 21  0  0
30 22 361680 2831176 1667384 172855112    0    0 1174800 900568 271103 949675 30 10 40 20  0  0
48 19 361680 2824436 1667392 172860784    0    0 1171696 909512 271772 947975 30 10 40 20  0  0
25 35 361680 2817612 1667392 172866432    0    0 1156832 887348 269391 932235 30 10 40 21  0  0
12 28 361680 2813516 1667392 172871828    0    0 1098576 834460 254063 879795 27  9 41 22  0  0
26 19 361680 2805324 1667392 172877208    0    0 1108672 845844 257507 892780 28  9 41 22  0  0
25 43 361680 2803584 1667392 172882724    0    0 1155488 899260 267336 927878 29 10 40 21  0  0
27 40 361680 2797532 1667396 172888388    0    0 1144992 891012 266355 929736 30 10 42 19  0  0
32 33 361680 2793584 1667396 172893832    0    0 1103600 841864 257204 887141 28  9 41 22  0  0
42 22 361680 2786116 1667396 172899228    0    0 1101184 824176 255335 879469 28  9 42 21  0  0
25 15 361680 2780184 1667396 172904684    0    0 1150464 906400 269435 932083 29 10 40 21  0  0
procs -----------memory---------- ---swap-- -----io---- -system-- -------cpu-------
 r  b   swpd   free   buff  cache   si   so    bi    bo   in   cs us sy id wa st gu
43 22 361680 2776072 1667396 172910276    0    0 1163584 888684 268920 942589 30 10 40 20  0  0
23 11 361680 2770784 1667404 172915972    0    0 1160704 900808 268989 926595 29  9 41 20  0  0
41 25 361680 2765224 1667404 172921628    0    0 1169120 897080 269390 941096 30 10 40 20  0  0
29  6 361680 2760584 1667404 172927316    0    0 1161568 907848 271479 944615 30 10 40 21  0  0
29 29 361680 2755192 1667404 172932900    0    0 1138016 876320 262869 908202 29  9 41 21  0  0
46 19 361680 2749248 1667404 172938240    0    0 1108640 834252 256509 889129 28  9 40 23  0  0
21  4 361680 2744840 1667412 172943660    0    0 1127264 869132 261287 907019 29  9 41 21  0  0
35 28 361680 2736912 1667412 172949332    0    0 1148320 901256 267330 931732 30 10 41 20  0  0
31 39 361680 2730604 1667412 172955008    0    0 1123632 873212 263062 908556 28  9 42 20  0  0
29 35 361680 2727152 1667412 172960152    0    0 1094016 841580 255159 875358 27  9 42 22  0  0
45 22 361680 2720152 1667412 172965552    0    0 1107728 845388 257950 888697 28  9 42 21  0  0
12 10 361680 2716936 1667420 172971064    0    0 1140352 901644 268052 928592 30  9 41 20  0  0
14 10 361680 2694524 1667420 172976684    0    0 1168800 900956 271394 946264 30 10 40 21  0  0
48 22 361680 2674776 1667424 172982356    0    0 1165444 913196 272231 949780 30 10 40 20  0  0
13 12 361680 2661200 1667424 172988072    0    0 1173856 907448 271697 951886 30 10 39 20  0  0
47 21 361680 2654000 1667424 172993740    0    0 1177104 919860 272840 951824 30 10 39 21  0  0
34 32 361680 2643048 1667432 172999280    0    0 1120720 866800 259192 903410 28  9 41 21  0  0
14  8 361680 2636844 1667432 173004580    0    0 1096944 818084 252936 877318 28  9 42 22  0  0
33 35 361680 2631704 1667432 173009936    0    0 1130176 886332 265442 913274 29  9 41 21  0  0
41 22 361680 2624976 1667432 173015600    0    0 1162512 900668 272230 953309 30 10 40 20  0  0
57 10 361680 2936760 1667432 172674068    0    0 1114832 858480 258884 893360 29  9 42 20  0  0
procs -----------memory---------- ---swap-- -----io---- -system-- -------cpu-------
 r  b   swpd   free   buff  cache   si   so    bi    bo   in   cs us sy id wa st gu
41 25 361680 2936468 1667440 172678588    0    0 1086864 833648 253640 869765 27  9 42 22  0  0
31 33 361680 2943556 1667440 172683980    0    0 1142352 887780 267580 928730 30 10 41 20  0  0
50 16 361680 2952272 1667440 172689500    0    0 1154688 877792 267172 930276 30 10 41 20  0  0
42 31 361680 2953280 1667440 172695000    0    0 1171456 924132 271647 942690 30 10 40 21  0  0
33 34 361680 2947612 1667440 172700324    0    0 1153968 894332 268587 934514 30 10 41 20  0  0
47 17 361680 2946072 1667444 172705932    0    0 1169360 907552 271521 950517 30 10 40 20  0  0
45 23 361680 2944956 1667444 172711424    0    0 1165552 900996 269894 944073 30 10 40 20  0  0
37 10 361680 2941376 1667444 172716800    0    0 1103216 843776 256455 888265 28  9 42 21  0  0
38 28 361680 2935712 1667444 172721928    0    0 1093616 839376 255246 875326 28  9 41 22  0  0
34 33 361680 2935200 1667444 172727160    0    0 1126272 881504 265487 913830 29  9 42 19  0  0
33 31 361680 2932012 1667448 172732636    0    0 1155728 892620 268315 934485 30 10 40 21  0  0
28  6 361680 2925336 1667448 172737872    0    0 1094336 840304 255212 879372 28  9 41 22  0  0
44 21 361680 2921520 1667448 172743040    0    0 1111424 840736 257494 891659 28  9 42 21  0  0
33 30 361680 2916524 1667448 172748436    0    0 1144688 903680 268142 928045 29 10 41 20  0  0
42 23 361680 2913588 1667448 172753904    0    0 1175168 896832 269986 941407 30 10 40 21  0  0
50 18 361680 2908192 1667452 172759364    0    0 1150800 894508 267760 926462 30  9 42 19  0  0
48 19 361680 2900960 1667456 172764844    0    0 1153796 902776 269503 939299 30 10 41 20  0  0
50 22 361680 2895540 1667456 172770360    0    0 1156480 908596 269951 939019 30 10 41 20  0  0
39 23 361680 2889156 1667456 172775856    0    0 1175200 914164 273181 951570 30 10 39 21  0  0
41 29 361680 2886476 1667456 172781196    0    0 1099280 828636 254573 879778 27  9 42 22  0  0
16  9 361680 2882084 1667456 172786364    0    0 1093904 844972 255064 884963 28  9 41 22  0  0
procs -----------memory---------- ---swap-- -----io---- -system-- -------cpu-------
 r  b   swpd   free   buff  cache   si   so    bi    bo   in   cs us sy id wa st gu
 8 11 361680 2876692 1667456 172791716    0    0 1166608 902300 270078 941420 30 10 40 20  0  0
30 30 361680 2871488 1667456 172797232    0    0 1138384 864396 262516 915328 29 10 40 22  0  0
 7  1 361680 2864704 1667456 172802364    0    0 1075648 836048 251712 862996 27  9 42 21  0  0
13 20 361680 2859796 1667456 172807628    0    0 1146256 884324 265789 919488 29  9 41 20  0  0
25 17 361680 2850492 1667456 172813100    0    0 1151024 885504 269545 936047 29 10 40 21  0  0
14  8 361680 2849136 1667456 172818528    0    0 1151152 901380 268990 931121 29 10 41 20  0  0
48 24 361680 2842016 1667456 172824056    0    0 1171392 912756 271790 944714 30 10 40 20  0  0
42 28 361680 2831272 1667456 172829560    0    0 1154832 884576 267163 930342 30 10 42 19  0  0
53 15 361680 2829960 1667456 172834884    0    0 1155504 904084 268360 933612 29 10 41 20  0  0
19 12 361680 2823716 1667460 172840432    0    0 1146304 891364 266861 928154 29  9 41 21  0  0
28 16 361680 2818888 1667460 172845656    0    0 1109536 837784 254390 877549 28  9 40 24  0  0
17  8 361680 2813524 1667460 172850936    0    0 1124384 859752 260189 904601 29  9 40 22  0  0
 3 20 361680 2804768 1667460 172856472    0    0 1165824 909360 269259 935717 29 10 41 20  0  0
14 11 361680 2798088 1667460 172861828    0    0 1083568 841852 253802 872611 27  9 43 21  0  0
38 29 361680 2793012 1667460 172867128    0    0 1114784 836880 257077 886522 28  9 41 22  0  0
44 17 361680 2749472 1667460 172872400    0    0 1099904 854784 257307 885410 28  9 46 17  0  0
46 20 361680 2744872 1667460 172877952    0    0 1148640 901720 268737 930956 29 10 41 20  0  0
21  8 361680 2796524 1667464 172883536    0    0 1145008 884528 264971 916367 29 10 42 19  0  0
20  5 361680 2791788 1667464 172889164    0    0 1152416 913880 269418 934859 30 10 40 20  0  0
40 29 361680 2786076 1667472 172894796    0    0 1169104 904016 270556 943739 30 10 40 20  0  0
38 27 361680 2778172 1667476 172900428    0    0 1153044 905956 269231 930232 30 10 41 20  0  0
procs -----------memory---------- ---swap-- -----io---- -system-- -------cpu-------
 r  b   swpd   free   buff  cache   si   so    bi    bo   in   cs us sy id wa st gu
46 23 361680 2772504 1667476 172906004    0    0 1131792 869292 262332 913156 29  9 41 21  0  0
41 24 361680 2766356 1667476 172911280    0    0 1089456 825020 253486 872632 27  9 42 23  0  0
13  8 361680 2760364 1667476 172916696    0    0 1128480 864960 261522 907881 28  9 40 22  0  0
42 25 361680 2759992 1667480 172922268    0    0 1149616 884000 266461 927679 29  9 40 21  0  0
33 24 361680 2755440 1667480 172927648    0    0 1092768 835492 255641 885006 28  9 41 22  0  0
17 11 361680 2748280 1667480 172932988    0    0 1126864 875844 261754 907901 28  9 40 22  0  0
42 25 361680 2743384 1667480 172938632    0    0 1162336 897264 268246 932829 30 10 41 20  0  0
32 15 361680 2733836 1667480 172944180    0    0 1132976 883388 263827 909135 29  9 42 19  0  0
43 26 361680 2731244 1667480 172949732    0    0 1160832 892332 268007 935265 30 10 41 20  0  0
39 29 361680 2721992 1667480 172955468    0    0 1166704 903840 269515 938854 30 10 41 20  0  0
22 15 361680 2717216 1667480 172961124    0    0 1164800 901556 269401 938922 30 10 41 20  0  0
38 25 361680 2713968 1667480 172966828    0    0 1170608 901148 271561 949476 30 10 40 20  0  0
45 16 361680 2712296 1667480 172972228    0    0 1120080 848052 260604 906454 29  9 41 21  0  0
28 38 361680 2705272 1667480 172977540    0    0 1078480 838560 254321 874872 27  9 42 22  0  0
45 26 361680 2678744 1667480 172983036    0    0 1155680 893976 267781 929700 29  9 41 20  0  0
25  8 361680 2660156 1667480 172988624    0    0 1127120 870172 260817 907675 29  9 40 22  0  0
36 23 361680 2653004 1667480 172993972    0    0 1094192 840372 257127 883552 28  9 40 23  0  0
47 22 361680 2645148 1667480 172999500    0    0 1158224 882356 268852 942093 30 10 40 20  0  0
39 28 361680 2636328 1667488 173005084    0    0 1161824 908464 269477 935036 29  9 40 21  0  0
28 18 361680 2629192 1667488 173010704    0    0 1150368 894856 267870 925709 29 10 41 20  0  0
14 15 361680 2972232 1667488 172673536    0    0 1153488 888712 269453 940107 30 10 41 19  0  0
procs -----------memory---------- ---swap-- -----io---- -system-- -------cpu-------
 r  b   swpd   free   buff  cache   si   so    bi    bo   in   cs us sy id wa st gu
46 27 361680 2974944 1667488 172678496    0    0 1165440 906572 269978 943702 30 10 40 20  0  0
37 30 361680 2980872 1667488 172683940    0    0 1161520 902276 269764 948047 30 10 40 20  0  0
22  4 361680 2993524 1667496 172689484    0    0 1153188 894600 268266 936081 30 10 41 20  0  0
13  9 361680 2996088 1667496 172694792    0    0 1116496 867460 259767 897909 28  9 40 23  0  0
 4 10 361680 2989804 1667496 172700024    0    0 1111472 823376 254049 881772 28  9 40 23  0  0
44 25 361680 2984968 1667496 172705320    0    0 1145248 896788 266818 924845 29  9 41 20  0  0
23 10 361680 2984188 1667496 172710552    0    0 1087552 832528 253248 870025 27  9 42 22  0  0
43 26 361680 2978356 1667500 172715752    0    0 1104928 837680 255086 880995 28  9 41 22  0  0
45 22 361680 2972816 1667500 172721220    0    0 1152272 896748 268937 936338 30 10 41 20  0  0
12 12 361680 2966024 1667500 172726780    0    0 1159504 917404 271608 946841 30 10 39 21  0  0
44 21 361680 2961944 1667500 172732268    0    0 1163536 893960 269348 941995 30 10 40 20  0  0
39 23 361680 2955224 1667500 172737848    0    0 1161808 912784 271218 942000 30 10 40 20  0  0
46 24 361680 2949432 1667500 172743408    0    0 1167552 903204 271452 950035 30 10 40 20  0  0
19 10 361680 2945132 1667500 172748868    0    0 1162448 887984 268522 938023 30 10 41 19  0  0
12 15 361680 2938308 1667500 172754428    0    0 1153712 904696 269731 936824 30 10 40 20  0  0
 8  4 361680 2930972 1667500 172759608    0    0 1086352 825924 252514 866119 27  9 42 22  0  0
14  7 361680 2929732 1667500 172764856    0    0 1077232 845428 254242 872203 27  9 42 21  0  0
34 34 361680 2920492 1667504 172770248    0    0 1161616 878324 267839 931977 30 10 40 21  0  0
47 23 361680 2917364 1667504 172775444    0    0 1092320 822944 253368 874613 27  9 42 22  0  0
10  9 361680 2914396 1667504 172780740    0    0 1133552 887580 264726 916643 29 10 40 22  0  0
16  9 361680 2909320 1667504 172786284    0    0 1178896 901240 272657 948279 30 10 40 21  0  0
procs -----------memory---------- ---swap-- -----io---- -system-- -------cpu-------
 r  b   swpd   free   buff  cache   si   so    bi    bo   in   cs us sy id wa st gu
45 22 361680 2902528 1667504 172791828    0    0 1147920 907120 268096 922076 29  9 41 21  0  0
25 41 361680 2896572 1667512 172797308    0    0 1115584 872984 262230 901737 29 10 43 18  0  0
39 24 361680 2891592 1667512 172802744    0    0 1153904 897824 269055 942524 30 10 41 20  0  0
42 25 361680 2883944 1667512 172808476    0    0 1184544 894696 270989 953689 30 10 40 20  0  0
 5  8 361680 2877808 1667512 172814180    0    0 1156224 915540 269870 941162 30 10 41 20  0  0
33 34 361680 2874104 1667512 172819700    0    0 1128976 871020 261824 909204 28  9 40 22  0  0
37 27 361680 2867980 1667520 172824988    0    0 1081396 815212 251318 867782 27  9 42 22  0  0
37 32 361680 2861172 1667520 172830372    0    0 1147632 887660 265515 920683 29 10 41 20  0  0
33 20 361680 2857388 1667520 172836032    0    0 1133312 855160 260424 908773 29  9 41 21  0  0
28 36 361680 2849964 1667520 172841280    0    0 1097904 840628 255332 878424 28  9 41 23  0  0
14  4 361680 2844352 1667520 172846824    0    0 1130336 885680 263700 912102 29  9 42 19  0  0
13 26 361680 2839040 1667520 172852432    0    0 1160768 904596 269099 936803 30 10 41 20  0  0
39 26 361680 2831992 1667520 172858028    0    0 1160832 890612 268323 933773 30 10 40 21  0  0
45 21 361680 2804436 1667520 172863676    0    0 1147680 903180 269186 938765 30  9 41 20  0  0
10 13 361680 2798160 1667520 172869236    0    0 1175024 909632 272968 950295 30 10 39 21  0  0
41 22 361680 2790464 1667520 172874900    0    0 1169120 899312 271946 950568 30 10 40 20  0  0
39 30 361680 2757804 1667520 172880600    0    0 1153264 897712 270220 941606 30 10 40 21  0  0
31 38 361680 2745972 1667520 172885948    0    0 1061408 827336 250294 859530 27  9 43 21  0  0
35 28 361680 2739216 1667520 172891232    0    0 1119280 855208 258162 895522 28  9 40 22  0  0
40 28 361680 2728556 1667520 172896788    0    0 1144928 888596 266838 923161 29  9 41 20  0  0
 4  5 361680 2719308 1667520 172902152    0    0 1092448 829764 253347 876164 28  9 42 22  0  0
procs -----------memory---------- ---swap-- -----io---- -system-- -------cpu-------
 r  b   swpd   free   buff  cache   si   so    bi    bo   in   cs us sy id wa st gu
16 15 361680 2718212 1667520 172907532    0    0 1111088 867364 261626 902910 28  9 41 21  0  0
46 13 361680 2713464 1667520 172913084    0    0 1156432 883764 268237 930809 30 10 41 20  0  0
41 27 361680 2704092 1667520 172918676    0    0 1153232 898036 267869 934118 30 10 41 20  0  0
50 16 361680 2695528 1667520 172924172    0    0 1145712 896524 267412 924910 29 10 41 20  0  0
39 24 361680 2688716 1667520 172929764    0    0 1155184 900660 269018 931488 30 10 40 20  0  0
42 25 361680 2683904 1667520 172935460    0    0 1149648 895416 268994 938961 30 10 41 20  0  0
18 16 361680 2677208 1667520 172940952    0    0 1143760 892092 266225 924264 30  9 42 19  0  0
42 28 361680 2668128 1667520 172946556    0    0 1134992 879100 263481 910323 29  9 41 21  0  0
31 42 361680 2663204 1667520 172951840    0    0 1089504 841056 254483 874060 27  9 41 23  0  0
13 16 361680 2657176 1667524 172957204    0    0 1117236 852600 260468 900526 28  9 41 21  0  0
30 21 361680 2650492 1667528 172962700    0    0 1103920 852296 257984 886556 28  9 41 22  0  0
26 42 361680 2646504 1667528 172967984    0    0 1091312 836452 253594 875079 27  9 41 22  0  0
12  9 361680 2641824 1667528 172973448    0    0 1160048 893612 270522 938355 30 10 40 21  0  0
32 32 361680 2635856 1667528 172979020    0    0 1142848 890492 265213 920165 29  9 42 19  0  0
27 20 361680 2627496 1667528 172984552    0    0 1136464 885588 264668 915566 29 10 42 20  0  0
34 30 361680 3225116 1667544 172398468    0    0 1153244 889408 269709 938818 31 11 39 20  0  0
16  5 361680 3238780 1667544 172403652    0    0 1147540 884160 268851 933831 30 10 41 19  0  0
17 11 361680 3249552 1667544 172409164    0    0 1170608 916476 270951 938399 30 10 40 20  0  0
 7 16 361680 3253000 1667544 172414660    0    0 1182016 914028 272872 953664 30 10 39 21  0  0
20  7 361680 3247196 1667544 172420164    0    0 1146016 870368 263840 918641 29 10 39 22  0  0
47 17 361680 3246072 1667548 172425288    0    0 1089872 829732 252273 870244 27  9 42 22  0  0
procs -----------memory---------- ---swap-- -----io---- -system-- -------cpu-------
 r  b   swpd   free   buff  cache   si   so    bi    bo   in   cs us sy id wa st gu
46 16 361680 3239680 1667548 172430588    0    0 1138976 880468 263444 914615 29  9 41 21  0  0
13  5 361680 3235456 1667548 172435848    0    0 1070864 832620 251732 857552 27  9 43 21  0  0
 7  5 361680 3229128 1667548 172441112    0    0 1119920 849424 258528 900759 28  9 40 23  0  0
35 34 361680 3228352 1667548 172446536    0    0 1163760 886688 270413 943809 30 10 40 20  0  0
42 26 361680 3209252 1667548 172452096    0    0 1165376 895056 269246 936364 30 10 40 20  0  0
47 26 361680 3207900 1667548 172457472    0    0 1145376 892080 267793 934475 30 10 40 20  0  0
12 13 361680 3204396 1667548 172462996    0    0 1161424 901464 271576 945430 30 10 40 20  0  0
 1  0 361680 3157056 1667548 172468464    0    0 1116144 862576 262280 903848 29 10 43 19  0  0
12  5 361680 3147892 1667548 172473708    0    0 1139536 893284 266517 923032 29 10 41 20  0  0
42 25 361680 3143988 1667552 172479268    0    0 1154848 892908 266337 923344 29 10 42 19  0  0
26 12 361680 3201460 1667556 172484460    0    0 1099632 842952 257025 881830 28  9 42 21  0  0
37 31 361680 3195440 1667556 172489696    0    0 1094080 829672 252447 870258 27  9 41 22  0  0
12  7 361680 3184252 1667556 172495048    0    0 1126928 865692 260200 905095 29  9 41 22  0  0
41 27 361680 3175160 1667560 172500392    0    0 1077124 833592 250566 852932 27  9 43 21  0  0
53 14 361680 3173716 1667568 172505664    0    0 1133440 851884 261845 911592 29  9 41 21  0  0
47 26 361680 3168940 1667568 172511304    0    0 1155408 905228 269174 930921 30 10 41 20  0  0
 9  4 361680 3164168 1667568 172516948    0    0 1156352 913428 270658 936609 30 10 40 21  0  0
22 10 361680 3156544 1667568 172522536    0    0 1162352 894120 269435 934859 30 10 40 21  0  0
 7 11 361680 3150248 1667568 172528204    0    0 1153520 897316 270191 940073 30 10 41 20  0  0
41 35 361680 3147408 1667572 172533844    0    0 1166864 910896 271608 950790 30 10 40 20  0  0
34 34 361680 3143944 1667572 172539476    0    0 1156592 895248 268344 934215 30 10 41 20  0  0
procs -----------memory---------- ---swap-- -----io---- -system-- -------cpu-------
 r  b   swpd   free   buff  cache   si   so    bi    bo   in   cs us sy id wa st gu
36 28 361680 3137968 1667572 172545084    0    0 1142400 886436 266724 925589 29 10 42 20  0  0
44 14 361680 3134148 1667572 172550548    0    0 1106816 829096 255916 887114 28  9 41 22  0  0
14 12 361680 3131364 1667572 172555780    0    0 1097104 848176 254981 881304 28  9 40 23  0  0
12 13 361680 3124868 1667580 172561264    0    0 1136304 863448 261211 907739 29  9 40 22  0  0
 8  7 361680 3120644 1667580 172566588    0    0 1085600 838152 253946 868211 28  9 42 22  0  0
13 11 361680 3119052 1667580 172572032    0    0 1145568 879832 266051 924916 29  9 41 21  0  0
39 29 361680 3114032 1667580 172577680    0    0 1158032 915376 270383 940391 30 10 41 20  0  0
10  8 361680 3108084 1667580 172583248    0    0 1157808 884620 268681 935940 30 10 40 20  0  0
25 13 361680 3097880 1667588 172588744    0    0 1152240 896376 267615 925817 29 10 41 20  0  0
34 32 361680 3093812 1667588 172594316    0    0 1154160 898792 267758 927862 30 10 41 19  0  0
41 24 361680 3091016 1667588 172599888    0    0 1138240 879880 266699 928315 30 10 42 19  0  0
45 20 361680 3085816 1667588 172605452    0    0 1152080 893052 269508 937487 30 10 41 19  0  0
36 30 361680 3077088 1667588 172610904    0    0 1126864 890240 265924 917020 29  9 42 19  0  0
42 20 361680 3076704 1667592 172616332    0    0 1100800 828204 253948 876332 27  9 41 23  0  0
37  4 361680 3070564 1667592 172621600    0    0 1108000 843612 257535 893174 28  9 40 22  0  0
18 40 361680 3062468 1667592 172627020    0    0 1096304 863192 257391 885607 28  9 41 22  0  0
15  3 361680 3058952 1667596 172632356    0    0 1105172 838944 255373 876338 28  9 41 23  0  0
48 17 361680 3051976 1667596 172637832    0    0 1160480 897240 270449 941355 30 10 41 20  0  0
 7  7 361680 3046560 1667596 172643416    0    0 1147376 890036 266801 927007 29 10 42 19  0  0
11  4 361680 3036708 1667596 172649044    0    0 1161072 898824 271708 946997 30 10 40 20  0  0
44 23 361680 3033400 1667596 172654620    0    0 1160048 900828 269634 934660 30 10 40 21  0  0
procs -----------memory---------- ---swap-- -----io---- -system-- -------cpu-------
 r  b   swpd   free   buff  cache   si   so    bi    bo   in   cs us sy id wa st gu
55 11 361680 3028900 1667596 172660260    0    0 1154976 889736 266639 925509 29 10 42 19  0  0
44 26 361680 3023692 1667596 172665928    0    0 1170976 914952 271161 948848 30 10 40 21  0  0
10 15 361680 3019312 1667596 172671636    0    0 1165568 903988 271475 946480 30 10 40 20  0  0
38 13 361680 3011276 1667600 172677360    0    0 1146704 876940 265486 919430 29  9 41 20  0  0
49 19 361680 3003828 1667600 172682784    0    0 1103648 836912 255505 885399 28  9 40 23  0  0
32 29 361680 2997108 1667600 172688112    0    0 1099920 849364 257644 889236 28  9 41 22  0  0
29 38 361680 2989200 1667600 172693548    0    0 1093472 845164 254425 873411 28  9 41 23  0  0
47 20 361680 2985792 1667600 172698748    0    0 1113952 861248 260176 899285 29  9 40 22  0  0
38 30 361680 2981808 1667600 172704464    0    0 1174528 917672 271576 942388 30 10 40 20  0  0
44 25 361680 2976496 1667600 172710164    0    0 1172912 897812 270010 941071 30 10 40 20  0  0
15  1 361680 2970816 1667600 172715912    0    0 1162752 907980 269037 935695 30 10 40 21  0  0
33 35 361680 2966392 1667600 172721508    0    0 1150096 902048 267511 927381 29  9 41 20  0  0
54  9 361680 2962500 1667600 172727076    0    0 1165072 887464 270802 941737 30 10 40 20  0  0
 8  0 361680 2955000 1667600 172732864    0    0 1162816 920948 272186 947455 30 10 40 21  0  0
43 22 361680 2951552 1667600 172738452    0    0 1181600 904468 272623 952551 30 10 39 21  0  0
28  8 361680 2945876 1667600 172743996    0    0 1073216 839288 254183 865888 27  9 43 21  0  0
43 23 361680 2943556 1667600 172749228    0    0 1109072 829916 254250 878272 28  9 40 24  0  0
45 23 361680 2935604 1667600 172754768    0    0 1149696 877044 264513 918690 29  9 39 22  0  0
34 31 361680 2932832 1667600 172760224    0    0 1089712 848724 256314 878616 28  9 41 23  0  0
36 33 361680 2926476 1667600 172765524    0    0 1140240 872716 264977 921058 29  9 41 20  0  0
45 24 361680 2918736 1667604 172771124    0    0 1165716 899788 270803 947597 30 10 40 20  0  0
procs -----------memory---------- ---swap-- -----io---- -system-- -------cpu-------
 r  b   swpd   free   buff  cache   si   so    bi    bo   in   cs us sy id wa st gu
19 12 361680 2916184 1667604 172776824    0    0 1163072 903628 270176 943030 30 10 40 20  0  0
48 21 361680 2911640 1667604 172782460    0    0 1148464 889524 267919 929824 29 10 40 21  0  0
47 23 361680 2902816 1667612 172788136    0    0 1168032 898220 268655 937248 30 10 40 20  0  0
15 14 361680 2901844 1667612 172793700    0    0 1163824 903716 269972 938259 30 10 40 20  0  0
47 22 361680 2896132 1667612 172799312    0    0 1156576 892344 269328 935985 30 10 41 20  0  0
37 27 361680 2887712 1667612 172804916    0    0 1145680 903720 269257 933345 29 10 41 20  0  0
 7  7 361680 2860248 1667612 172810340    0    0 1066688 814576 248801 851576 27  9 43 22  0  0
41 26 361680 2851008 1667616 172815548    0    0 1094416 843860 255680 879255 28  9 42 22  0  0
34 19 361680 2847412 1667616 172820944    0    0 1113088 837356 258492 890881 28  9 41 22  0  0
33 26 361680 2841908 1667616 172826248    0    0 1101568 853764 258052 889140 28  9 40 23  0  0
36 30 361680 2834432 1667616 172831804    0    0 1173952 895764 270254 944183 30 10 40 20  0  0
54 18 361680 2826728 1667616 172837420    0    0 1151984 900248 267078 931348 30 10 41 20  0  0
45 22 361680 2824084 1667620 172842956    0    0 1148752 901416 267882 926818 29 10 41 21  0  0
24 10 361680 2820556 1667620 172848492    0    0 1145264 885864 268634 938290 29 10 41 20  0  0
35 31 361680 2810384 1667620 172853944    0    0 1126096 889628 264509 915700 29 10 43 19  0  0
43 25 361680 2807796 1667620 172859600    0    0 1150368 882388 267801 930222 30 10 41 19  0  0
40 27 361680 2803284 1667620 172865152    0    0 1162320 910488 270637 936675 30 10 40 20  0  0
47 18 361680 2801440 1667628 172870796    0    0 1148368 871824 265190 927655 29 10 41 20  0  0
54 13 361680 2797264 1667628 172876160    0    0 1086864 842516 254211 874678 27  9 41 23  0  0
16  9 361680 2793204 1667628 172881512    0    0 1096400 862468 257689 885995 28  9 42 22  0  0
41 26 361680 2786308 1667628 172886836    0    0 1096944 827832 253980 879593 28  9 42 22  0  0
procs -----------memory---------- ---swap-- -----io---- -system-- -------cpu-------
 r  b   swpd   free   buff  cache   si   so    bi    bo   in   cs us sy id wa st gu
57 11 361680 2780220 1667632 172892176    0    0 1109616 841840 255855 879219 28  9 41 22  0  0
 9  1 361680 2774836 1667632 172897704    0    0 1165664 903932 269093 937154 30 10 41 20  0  0
50 18 361680 2767132 1667636 172903312    0    0 1147972 896012 265555 917913 30 10 42 19  0  0
40 27 361680 2762668 1667636 172908908    0    0 1148704 895968 268283 928627 29 10 41 20  0  0
45 25 361680 2751048 1667636 172914484    0    0 1169968 902692 271186 947583 30 10 40 21  0  0
 9 21 361680 2748596 1667644 172920104    0    0 1154992 903320 271102 953952 30 10 40 20  0  0
16  9 361680 2741616 1667644 172925712    0    0 1150080 903056 270004 935842 30 10 41 20  0  0
13  6 361680 2733316 1667644 172931324    0    0 1168224 901164 270902 949686 30 10 40 20  0  0
17 10 361680 2730436 1667644 172937012    0    0 1147264 880624 264322 917827 29 10 40 21  0  0
 4  3 361680 2724708 1667644 172942456    0    0 1082496 828160 252343 868486 27  9 41 23  0  0
29 43 361680 2715448 1667648 172947636    0    0 1104976 851948 256373 885647 28  9 42 21  0  0
34 35 361680 2709748 1667648 172953012    0    0 1091168 842888 254912 875549 27  9 41 23  0  0
12 18 361680 2705728 1667648 172958376    0    0 1141520 871596 262405 910005 29  9 41 20  0  0
12 10 361680 2696464 1667648 172964008    0    0 1144656 894124 269646 923755 29 10 41 19  0  0
18  8 361680 2691664 1667648 172969612    0    0 1156976 882324 269297 926951 29 10 41 20  0  0
48 16 361680 2685012 1667648 172975192    0    0 1131200 885500 268261 918297 29 10 41 20  0  0
13  8 361680 2682836 1667652 172980724    0    0 1155568 891100 268730 928309 29 10 41 20  0  0
42 23 361680 2674504 1667652 172986336    0    0 1173008 898928 269770 950961 30 10 40 20  0  0
36 31 361680 2668600 1667652 172991976    0    0 1156544 910004 271908 947019 30 10 40 20  0  0
47 18 361680 2666776 1667652 172997620    0    0 1163072 899432 269663 933887 29 10 41 20  0  0
13  4 361680 2664608 1667652 173003228    0    0 1105856 849904 258243 895345 29  9 42 20  0  0
procs -----------memory---------- ---swap-- -----io---- -system-- -------cpu-------
 r  b   swpd   free   buff  cache   si   so    bi    bo   in   cs us sy id wa st gu
38 33 361680 2656228 1667660 173008504    0    0 1084832 824816 251891 865150 27  9 42 22  0  0
41 24 361680 2959716 1667660 172669232    0    0 998544 773540 238147 796930 25  8 46 21  0  0
44 27 361680 2957764 1667660 172674356    0    0 1105680 838688 256252 885259 28  9 40 23  0  0
16  8 361680 3008532 1667664 172679648    0    0 1156000 890968 268761 938989 30 10 41 20  0  0
18  8 361680 3010188 1667664 172685184    0    0 1164208 918804 271106 940038 30 10 40 20  0  0
13 11 361680 3002124 1667664 172690684    0    0 1164048 884944 268254 934134 30 10 40 21  0  0
49 19 361680 2997904 1667668 172696180    0    0 1162036 898692 271062 949559 30 10 39 21  0  0
14 15 361680 2988884 1667668 172701588    0    0 1154880 910348 269683 930351 29 10 41 20  0  0
40 29 361680 2986732 1667668 172707172    0    0 1163504 902392 270172 940759 30 10 41 20  0  0
37 29 361680 2982232 1667668 172712648    0    0 1158688 900096 267768 930901 30 10 41 20  0  0
36 29 361680 2975376 1667672 172718052    0    0 1161520 892380 269010 939325 30 10 40 20  0  0
13 15 361680 2971624 1667672 172723328    0    0 1077536 837324 251972 858825 27  9 42 22  0  0
44 20 361680 2965112 1667672 172728536    0    0 1085760 809068 249953 862265 27  9 41 23  0  0
42 13 361680 2963324 1667672 172733620    0    0 1089296 830700 254443 878358 27  9 41 23  0  0
22 11 361680 2956232 1667672 172738972    0    0 1149344 902816 268405 931587 29 10 41 20  0  0
41 27 361680 2946872 1667672 172744448    0    0 1177696 919668 272380 947209 30 10 39 21  0  0
12  9 361680 2945196 1667672 172749948    0    0 1155104 884724 269162 938240 30 10 41 19  0  0
49 23 361680 2937328 1667672 172755408    0    0 1156512 900128 267992 932181 30 10 41 20  0  0
39 30 361680 2934440 1667672 172760880    0    0 1149824 891252 268053 934243 29 10 40 21  0  0
42 20 361680 2927392 1667672 172766284    0    0 1179968 905664 273468 958317 30 10 39 21  0  0
45 23 361680 2923068 1667676 172771964    0    0 1152496 897112 265385 920696 29 10 42 19  0  0
procs -----------memory---------- ---swap-- -----io---- -system-- -------cpu-------
 r  b   swpd   free   buff  cache   si   so    bi    bo   in   cs us sy id wa st gu
35 28 361680 2915312 1667676 172777536    0    0 1142224 881248 266006 923352 29 10 42 19  0  0
35 27 361680 2906404 1667676 172783096    0    0 1144256 882480 265405 915260 29 10 40 21  0  0
19 13 361680 2902872 1667676 172788436    0    0 1079792 827480 252193 866177 27  9 42 22  0  0
19 16 361680 2896780 1667676 172793688    0    0 1088112 814552 251432 874513 27  9 40 24  0  0
18 15 361680 2892660 1667684 172798932    0    0 1103104 848104 258353 885414 28  9 42 21  0  0
36 30 361680 2884348 1667684 172804520    0    0 1138960 891120 266627 923557 29 10 42 19  0  0
38 28 361680 2881016 1667684 172810016    0    0 1148048 903880 269322 933386 29 10 41 20  0  0
48 22 361680 2875440 1667684 172815620    0    0 1152944 892668 267446 928660 30  9 41 20  0  0
50 20 361680 2867812 1667684 172821136    0    0 1158320 900036 270120 936834 30 10 41 20  0  0
 5 24 361680 2860660 1667696 172826748    0    0 1155076 894012 267234 926869 29 10 41 20  0  0
32 15 361680 2857636 1667696 172832268    0    0 1163568 892980 265795 923981 30 10 40 21  0  0
41 26 361680 2852952 1667696 172837852    0    0 1087136 832440 252574 866900 27  9 41 23  0  0
36 28 361680 2844200 1667696 172843116    0    0 1075744 826896 250865 855913 27  8 42 22  0  0
34 34 361680 2836676 1667696 172848244    0    0 1056336 806044 247480 847556 26  9 42 23  0  0
32 30 361680 2836120 1667700 172853308    0    0 1051184 787252 244259 836512 26  8 41 24  0  0
41 26 361680 2830288 1667700 172858444    0    0 1083024 814420 249997 860784 27  9 40 25  0  0
52 20 361680 2823808 1667700 172863768    0    0 1104384 838560 254988 882587 28  9 40 23  0  0
27 10 361680 2818256 1667700 172869080    0    0 1085552 845200 253457 867316 27  9 42 22  0  0
42 12 361680 2816548 1667700 172874292    0    0 1089360 816992 253196 869925 27  9 42 22  0  0
 9  8 361680 2811684 1667704 172879484    0    0 1088176 844188 254074 873827 27  9 40 24  0  0
48 20 361680 2803752 1667704 172884844    0    0 1090768 821420 253247 871830 28  9 41 22  0  0
procs -----------memory---------- ---swap-- -----io---- -system-- -------cpu-------
 r  b   swpd   free   buff  cache   si   so    bi    bo   in   cs us sy id wa st gu
14  5 361680 2797188 1667704 172890104    0    0 1086320 834980 252966 872763 27  9 42 23  0  0
 8  3 361680 2794664 1667704 172895240    0    0 1089920 837784 255479 874116 27  9 42 22  0  0
34 29 361680 2786888 1667704 172900680    0    0 1093952 844472 254541 871727 27  9 41 23  0  0
 5  6 361680 2782452 1667708 172905968    0    0 1086896 817124 252491 867483 28  9 42 22  0  0
17  9 361680 2777348 1667708 172911208    0    0 1089008 849904 257969 885048 28  9 43 20  0  0
33 35 361680 2772884 1667708 172916532    0    0 1078192 831528 252654 864014 27  9 40 24  0  0
42 25 361680 2768904 1667708 172921796    0    0 1078848 817568 251523 866575 27  9 41 23  0  0
43 20 361680 2758296 1667708 172927092    0    0 1127248 872228 262821 911549 29  9 42 20  0  0
46 25 361680 2755464 1667708 172932548    0    0 1115488 878684 263308 909280 29  9 41 21  0  0
15 17 361680 2750932 1667708 172937996    0    0 1104528 854664 260211 900524 28  9 41 21  0  0
49 17 361680 2742472 1667708 172943368    0    0 1095552 817360 253715 879563 28  9 41 22  0  0
32 34 361680 2738936 1667708 172948592    0    0 1109920 866240 258586 888949 28  9 41 22  0  0
42 18 361680 2729848 1667708 172954064    0    0 1146848 863996 263914 916245 29  9 40 21  0  0
42 27 361680 2726128 1667708 172959552    0    0 1148608 888936 264361 920310 29  9 39 22  0  0
37 30 361680 2723548 1667712 172965228    0    0 1148372 885228 263739 921585 29 10 40 21  0  0
45 23 361680 2717724 1667712 172970788    0    0 1127632 863064 262276 905883 29  9 41 21  0  0
34 33 361680 2713956 1667712 172976160    0    0 1097664 851772 257864 891452 28  9 42 21  0  0
 9 53 361680 2682356 1667712 172981428    0    0 1035712 790820 241768 827410 26  8 42 24  0  0
15 13 361680 2671540 1667720 172986412    0    0 1069104 798892 244930 844326 26  8 41 25  0  0
 9 10 361680 2663032 1667720 172991740    0    0 1141856 868884 265151 919716 29 10 41 21  0  0
