procs -----------memory---------- ---swap-- -----io---- -system-- -------cpu-------
 r  b   swpd   free   buff  cache   si   so    bi    bo   in   cs us sy id wa st gu
 4  0 135032 76564540 1714348 77100512    4    6 25706 25717 12367    3  3  0 96  1  0  0
17  0 135032 76422632 1714348 77100628    0    0     0 347684 105688 161623 18  2 81  0  0  0
17  1 135032 76407212 1714348 77102348    0    0     0 499924 162471 590543 18  5 77  0  0  0
18  1 135032 76404440 1714348 77106908    0    0     0 286428 159988 611398 18  5 77  1  0  0
19  0 135032 76432344 1714364 77111508    0    0     4 279924 154419 602123 18  5 77  1  0  0
16  2 135032 76428216 1714364 77115992    0    0     0 284020 157335 603488 18  5 77  0  0  0
19  0 135032 76423220 1714364 77120964    0    0     0 284432 155964 608051 18  5 77  1  0  0
20  0 135032 76424204 1714364 77125244    0    0     0 284556 155770 614966 18  5 77  0  0  0
18  0 135032 76426672 1714364 77129960    0    0     0 284456 156282 610158 18  5 77  1  0  0
17  1 135032 76423960 1714368 77135108    0    0     0 286348 156729 608198 18  5 77  0  0  0
18  1 135032 76421988 1714368 77139340    0    0     0 286276 156596 610298 18  5 77  0  0  0
20  0 135032 76417244 1714368 77144348    0    0     0 288052 157170 608956 18  5 77  1  0  0
19  1 135032 76410792 1714368 77149200    0    0     0 288616 157300 608973 18  5 77  1  0  0
17  1 135032 76399108 1714368 77153384    0    0     0 288872 157394 608811 18  5 77  1  0  0
18  0 135032 76395220 1714372 77158324    0    0     0 286988 156327 605608 18  5 77  1  0  0
20  0 135032 76388108 1714372 77163580    0    0     0 288292 155929 607975 18  5 77  0  0  0
18  2 135032 76390488 1714372 77167092    0    0     0 285900 155705 604060 18  4 77  1  0  0
20  0 135032 76387720 1714372 77171980    0    0     0 289040 156857 608357 18  5 77  0  0  0
21  0 135032 76383308 1714372 77176556    0    0     0 286520 155952 608435 18  5 77  1  0  0
22  0 135032 76380520 1714376 77181252    0    0     0 287304 155520 606188 18  5 77  1  0  0
19  0 135032 76373960 1714376 77186700    0    0     0 282680 154579 598792 18  5 77  1  0  0
procs -----------memory---------- ---swap-- -----io---- -system-- -------cpu-------
 r  b   swpd   free   buff  cache   si   so    bi    bo   in   cs us sy id wa st gu
18  1 135032 76373588 1714376 77190184    0    0     0 289004 156057 606424 18  5 77  1  0  0
18  1 135032 76363848 1714376 77195624    0    0     0 288768 155968 606893 18  5 77  1  0  0
19  0 135032 76359432 1714376 77200760    0    0     0 287956 155669 608331 18  5 77  1  0  0
18  1 135032 76355168 1714384 77204288    0    0     4 289952 156137 604668 18  5 77  1  0  0
18  1 135032 76352372 1714384 77209260    0    0     0 288700 156238 602974 18  5 77  1  0  0
15  2 135032 76351244 1714384 77214468    0    0     0 288660 156632 605425 18  5 77  1  0  0
19  0 135032 76348148 1714384 77218384    0    0     0 286180 156042 601937 18  5 77  1  0  0
17  1 135032 76337796 1714384 77223092    0    0     0 290832 156465 609679 18  5 77  1  0  0
17  1 135032 76335528 1714392 77227352    0    0     0 295848 157857 614349 18  5 77  1  0  0
16  1 135032 76326888 1714392 77232080    0    0     0 291416 157406 608139 18  5 77  1  0  0
17  1 135032 76325324 1714392 77236692    0    0     0 293996 157330 613153 18  5 77  1  0  0
17  1 135032 76317652 1714392 77241320    0    0     0 286288 155073 600920 18  5 77  1  0  0
20  0 135032 76316980 1714392 77246560    0    0     0 319328 157249 607637 18  5 77  1  0  0
 1  0 135032 76314188 1714392 77251784    0    0     0 319500 157213 602260 18  5 77  1  0  0
19  0 135032 76308240 1714392 77255152    0    0     0 319396 157017 605555 18  5 77  1  0  0
19  0 135032 76306808 1714392 77260532    0    0     0 318736 156849 600133 18  5 77  1  0  0
18  0 135032 76301348 1714392 77265388    0    0     0 321184 156726 603723 18  4 77  1  0  0
18  0 135032 76296692 1714392 77268852    0    0     0 320268 157008 598754 18  5 77  1  0  0
19  0 135032 76295596 1714396 77273936    0    0     0 319796 155988 597989 18  5 77  1  0  0
18  0 135032 76277040 1714396 77277872    0    0     0 317740 155802 597319 18  5 77  1  0  0
19  0 135032 76273052 1714396 77282708    0    0     0 323708 157352 607466 18  5 77  1  0  0
procs -----------memory---------- ---swap-- -----io---- -system-- -------cpu-------
 r  b   swpd   free   buff  cache   si   so    bi    bo   in   cs us sy id wa st gu
17  1 135032 76264744 1714396 77287924    0    0     0 319516 155684 602074 18  5 77  1  0  0
17  1 135032 76256376 1714396 77291696    0    0     0 322848 156385 600660 18  5 77  1  0  0
19  1 135032 76251840 1714400 77296864    0    0     0 319684 155433 598757 18  5 77  1  0  0
19  0 135032 76248812 1714400 77301504    0    0     0 321508 156633 598755 18  5 77  1  0  0
22  0 135032 76241768 1714400 77305676    0    0     0 319292 155938 598373 18  5 77  1  0  0
18  0 135032 76236344 1714400 77310680    0    0     0 320784 156712 601088 18  5 77  1  0  0
23  1 135032 76233792 1714400 77315228    0    0     0 322344 157087 599324 18  5 77  1  0  0
18  0 135032 76234224 1714400 77319708    0    0     0 319628 155159 594454 18  4 77  1  0  0
22  0 135032 76229340 1714400 77323904    0    0     0 316480 155401 595301 18  5 77  1  0  0
20  0 135032 76233104 1714400 77328244    0    0     0 321744 156252 599666 17  5 77  1  0  0
18  0 135032 76234192 1714400 77333124    0    0     0 317496 155242 595973 18  5 77  1  0  0
20  0 135032 76231252 1714400 77337920    0    0     0 322812 155843 604359 18  5 77  1  0  0
20  1 135032 76227808 1714412 77342016    0    0     4 325088 156882 606306 18  5 77  1  0  0
16  1 135032 76224308 1714412 77347000    0    0     0 330800 157785 610356 18  5 77  1  0  0
19  0 135032 76219716 1714412 77351704    0    0     0 329356 157806 608764 18  4 77  1  0  0
19  0 135032 76214388 1714412 77356308    0    0     0 328500 157216 610400 18  5 77  1  0  0
20  0 135032 76206056 1714412 77360992    0    0     0 324876 156742 609011 18  5 77  1  0  0
19  0 135032 76202224 1714412 77365812    0    0     0 326588 157104 605061 18  5 77  1  0  0
18  0 135032 76192096 1714416 77369896    0    0     0 330736 158133 609568 18  5 77  1  0  0
19  1 135032 76186652 1714416 77374644    0    0     0 321944 155241 592975 17  5 77  1  0  0
18  1 135032 76180896 1714416 77379240    0    0     0 327500 156662 603590 18  5 77  1  0  0
procs -----------memory---------- ---swap-- -----io---- -system-- -------cpu-------
 r  b   swpd   free   buff  cache   si   so    bi    bo   in   cs us sy id wa st gu
19  0 135032 76176756 1714416 77383748    0    0     0 349144 157340 599804 18  5 77  1  0  0
20  0 135032 76165660 1714416 77388420    0    0     0 350008 156706 602955 18  5 77  1  0  0
18  0 135032 76164828 1714424 77392988    0    0     0 347692 155587 594190 18  5 77  1  0  0
18  0 135032 76161504 1714424 77397656    0    0     0 355192 159201 605753 18  5 77  1  0  0
19  0 135032 76155696 1714424 77402888    0    0     0 349732 157858 596276 18  5 77  1  0  0
18  1 135032 76147532 1714424 77406556    0    0     0 353020 158083 606811 18  5 77  1  0  0
17  1 135032 76153172 1714424 77411416    0    0     0 350516 157016 590867 17  4 78  1  0  0
17  1 135032 76152300 1714428 77415708    0    0     0 350588 157104 593909 17  4 77  1  0  0
17  0 135032 76147252 1714428 77420424    0    0     0 351996 156860 591507 17  4 77  1  0  0
19  1 135032 76140636 1714428 77425136    0    0     0 351368 157214 600004 18  5 77  1  0  0
21  0 135032 76138252 1714428 77429132    0    0     0 352332 157753 600736 18  5 77  1  0  0
17  1 135032 76126896 1714428 77434204    0    0     0 350440 157231 604907 18  5 77  1  0  0
20  0 135032 76117324 1714432 77439280    0    0     0 353376 158107 599223 18  5 77  1  0  0
18  1 135032 76090768 1714432 77443148    0    0     0 346428 157313 594012 18  4 77  1  0  0
20  0 135032 76082448 1714432 77447528    0    0     0 348900 157408 598483 18  5 77  1  0  0
19  0 135032 76080576 1714432 77452872    0    0     0 352672 158576 608080 18  5 77  1  0  0
18  0 135032 76084756 1714432 77456876    0    0     0 348084 156830 603707 18  4 77  1  0  0
19  0 135032 76078092 1714436 77461364    0    0     0 348500 157690 606119 18  5 77  1  0  0
18  0 135032 76074240 1714436 77466624    0    0     0 348200 156146 600903 18  5 77  1  0  0
19  0 135032 76066516 1714436 77470208    0    0     0 347280 156598 597215 18  5 77  1  0  0
18  1 135032 76059208 1714440 77475456    0    0     4 348864 156902 598341 18  5 77  1  0  0
procs -----------memory---------- ---swap-- -----io---- -system-- -------cpu-------
 r  b   swpd   free   buff  cache   si   so    bi    bo   in   cs us sy id wa st gu
20  1 135032 76051884 1714440 77478740    0    0     0 353520 157212 604963 18  5 77  1  0  0
18  0 135032 76051928 1714440 77483952    0    0     0 350032 156801 598389 18  5 77  1  0  0
17  0 135032 76050108 1714440 77489040    0    0     0 348972 156900 596508 18  5 77  1  0  0
19  0 135032 76043920 1714440 77492704    0    0     0 349724 157205 597873 18  4 77  1  0  0
19  0 135032 76045272 1714440 77497752    0    0     0 349616 156834 599053 18  5 77  1  0  0
17  0 135032 76042740 1714440 77502548    0    0     0 347644 157003 597270 18  5 77  1  0  0
17  1 135032 76029960 1714448 77506448    0    0     0 345372 156642 593233 18  5 77  1  0  0
15  2 135032 76025348 1714448 77511668    0    0     0 346660 156323 599014 18  5 77  1  0  0
19  0 135032 76023420 1714448 77515824    0    0     0 346888 158174 606411 18  5 77  1  0  0
19  1 135032 76017616 1714448 77521076    0    0     0 352588 155805 581808 17  5 77  1  0  0
18  1 135032 76013616 1714448 77525568    0    0     0 357308 157027 585209 17  4 78  1  0  0
17  0 135032 76010128 1714448 77529256    0    0     0 360360 157336 591420 17  5 77  1  0  0
17  1 135032 76006644 1714448 77533900    0    0     0 365728 158229 601394 18  5 77  1  0  0
19  0 135032 75998212 1714448 77538996    0    0     0 362664 157836 601191 18  5 77  1  0  0
19  0 135032 75995820 1714448 77542416    0    0     0 364360 157184 601316 17  5 77  1  0  0
21  0 135032 75993444 1714448 77547296    0    0     0 364528 156858 601895 18  5 77  1  0  0
18  0 135032 75989708 1714456 77553184    0    0     0 366348 157965 602839 18  4 77  1  0  0
17  1 135032 75980884 1714456 77556472    0    0     0 364756 157447 598067 18  4 77  1  0  0
21  0 135032 75971344 1714456 77561392    0    0     0 365468 158607 597137 18  4 77  1  0  0
19  1 135032 75971140 1714456 77565184    0    0     0 363728 157920 594541 18  4 77  1  0  0
18  1 135032 75969584 1714456 77570500    0    0     0 369068 159434 599746 18  5 77  1  0  0
procs -----------memory---------- ---swap-- -----io---- -system-- -------cpu-------
 r  b   swpd   free   buff  cache   si   so    bi    bo   in   cs us sy id wa st gu
19  0 135032 75967116 1714460 77574848    0    0     0 365108 157625 601153 18  5 77  1  0  0
21  0 135032 75959600 1714460 77578548    0    0     0 365816 158624 599737 18  5 77  1  0  0
19  1 135032 75955968 1714460 77583292    0    0     0 364632 157768 596456 18  4 77  1  0  0
20  0 135032 75949624 1714460 77588272    0    0     0 366124 158081 595818 18  5 77  1  0  0
21  0 135032 75945168 1714460 77592160    0    0     0 359528 157276 589847 18  4 77  1  0  0
20  0 135032 75947620 1714464 77597140    0    0     0 357140 155980 586020 17  4 78  1  0  0
17  1 135032 75938200 1714464 77601220    0    0     0 359792 156548 585953 17  4 77  1  0  0
19  0 135032 75935036 1714464 77606080    0    0     0 361180 157062 591361 17  5 77  1  0  0
25  0 135032 75931076 1714464 77610828    0    0     0 362984 157175 593158 18  4 77  1  0  0
19  0 135032 75921956 1714468 77614248    0    0     4 365356 157732 594876 18  5 77  1  0  0
17  1 135032 75920304 1714468 77619420    0    0     0 364564 156557 593497 17  5 77  1  0  0
19  0 135032 75911712 1714468 77624412    0    0     0 370072 158757 602522 18  4 77  1  0  0
18  0 135032 75908296 1714468 77627956    0    0     0 363696 156418 598896 18  5 77  1  0  0
17  0 135032 75898984 1714468 77633088    0    0     0 361360 157504 595079 18  5 77  1  0  0
17  2 135032 75902204 1714468 77637872    0    0     0 371544 158362 600082 18  5 77  1  0  0
17  1 135032 75895648 1714472 77641772    0    0     0 372876 157354 595147 17  5 77  1  0  0
18  0 135032 75853496 1714472 77646136    0    0     0 363516 152978 560684 16  4 79  1  0  0
19  0 135032 75842476 1714472 77651184    0    0     0 382188 158090 598436 18  5 77  1  0  0
20  0 135032 75892044 1714476 77654672    0    0     0 393324 157970 596696 17  5 77  1  0  0
16  0 135032 75893696 1714476 77659160    0    0     0 396936 158730 593383 17  4 77  1  0  0
18  0 135032 75886936 1714484 77663312    0    0     0 400076 160122 599747 18  5 77  1  0  0
procs -----------memory---------- ---swap-- -----io---- -system-- -------cpu-------
 r  b   swpd   free   buff  cache   si   so    bi    bo   in   cs us sy id wa st gu
18  0 135032 75885244 1714484 77668240    0    0     0 395364 159291 591689 17  5 77  1  0  0
19  0 135032 75881056 1714484 77673004    0    0     0 394024 158044 589600 17  5 77  1  0  0
19  0 135032 75869576 1714484 77677204    0    0     0 391360 156660 583916 17  4 77  1  0  0
19  1 135032 75859616 1714484 77682156    0    0     0 394900 158250 588802 17  5 77  1  0  0
19  0 135032 75855360 1714484 77686540    0    0     0 398192 160255 597464 17  5 77  1  0  0
18  1 135032 75852492 1714484 77690288    0    0     0 386156 156458 570922 17  4 78  1  0  0
20  0 135032 75848436 1714484 77694764    0    0     0 387556 157185 572501 17  4 78  1  0  0
17  1 135032 75838496 1714484 77699932    0    0     0 389712 158157 583766 17  5 78  1  0  0
17  0 135032 75829820 1714484 77703256    0    0     0 394564 158983 595754 17  5 77  1  0  0
16  2 135032 75826796 1714488 77708300    0    0     0 397404 159770 601659 17  5 77  1  0  0
17  0 135032 75822184 1714488 77711936    0    0     0 395828 158807 595517 17  5 77  1  0  0
19  0 135032 75824280 1714488 77716988    0    0     0 396632 158848 595546 17  5 77  1  0  0
19  0 135032 75822816 1714488 77722132    0    0     0 392680 157206 586689 17  5 77  1  0  0
19  0 135032 75823112 1714488 77725616    0    0     0 395640 158327 591446 17  4 77  1  0  0
18  1 135032 75823020 1714496 77730436    0    0     0 398332 159235 602509 17  5 77  1  0  0
20  0 135032 75821252 1714496 77735792    0    0     0 395680 159429 596296 18  4 77  1  0  0
18  1 135032 75808524 1714496 77739368    0    0     0 392280 158964 590001 17  4 77  1  0  0
19  0 135032 75801632 1714496 77744072    0    0     0 398748 159578 598133 17  5 77  1  0  0
20  1 135032 75795900 1714504 77749264    0    0     8 394776 158546 590883 17  5 77  1  0  0
18  1 135032 75790944 1714508 77752640    0    0     0 386156 154470 568863 17  4 78  1  0  0
20  0 135032 75785128 1714508 77756948    0    0     0 390464 156616 576953 17  4 78  1  0  0
procs -----------memory---------- ---swap-- -----io---- -system-- -------cpu-------
 r  b   swpd   free   buff  cache   si   so    bi    bo   in   cs us sy id wa st gu
21  1 135032 75781180 1714508 77761096    0    0     0 392676 157855 593500 17  4 77  1  0  0
20  1 135032 75776464 1714508 77766132    0    0     0 385824 156543 588274 17  5 77  1  0  0
17  0 135032 75776616 1714508 77770824    0    0     0 389864 157896 588270 17  5 77  1  0  0
18  0 135032 75770712 1714508 77773944    0    0     0 391104 157857 590000 17  5 77  1  0  0
21  0 135032 75767580 1714508 77778496    0    0     0 394408 158637 594383 17  5 77  1  0  0
18  1 135032 75760732 1714508 77783828    0    0     0 395468 158753 595944 17  5 77  1  0  0
17  2 135032 75757788 1714508 77787508    0    0     0 406808 158212 582877 17  4 78  1  0  0
19  2 135032 75751308 1714508 77791852    0    0     0 412980 158632 588830 17  4 77  1  0  0
20  0 135032 75751184 1714512 77796928    0    0     0 416644 158161 586970 17  5 78  1  0  0
20  0 135032 75743436 1714512 77800572    0    0     0 424108 160334 589069 17  5 77  1  0  0
19  1 135032 75742960 1714512 77805804    0    0     0 421316 160052 593132 17  5 77  1  0  0
20  0 135032 75741680 1714512 77809204    0    0     0 416972 159600 587647 17  5 77  1  0  0
20  1 135032 75730564 1714512 77813860    0    0     0 413420 159682 586399 17  5 77  1  0  0
20  1 135032 75730288 1714520 77818976    0    0     0 411332 158747 584295 17  5 77  1  0  0
20  1 135032 75722460 1714520 77822216    0    0     0 412732 159244 583762 17  5 77  1  0  0
20  1 135032 75717100 1714520 77827636    0    0     0 417140 162091 591490 18  5 77  1  0  0
19  0 135032 75710588 1714520 77831664    0    0     0 425564 166573 605094 17  4 77  1  0  0
18  0 135032 75705808 1714520 77835300    0    0     0 419612 164738 591029 17  4 78  1  0  0
23  0 135032 75700952 1714520 77840388    0    0     0 422332 165457 604796 17  4 77  1  0  0
18  1 135032 75691500 1714520 77844740    0    0     0 419104 163784 606404 17  5 77  1  0  0
18  0 135032 75693168 1714520 77848496    0    0     0 408544 159947 596871 18  5 77  1  0  0
procs -----------memory---------- ---swap-- -----io---- -system-- -------cpu-------
 r  b   swpd   free   buff  cache   si   so    bi    bo   in   cs us sy id wa st gu
18  0 135032 75694860 1714520 77852992    0    0     0 406924 159265 599698 18  5 77  1  0  0
18  0 135032 75682252 1714520 77857980    0    0     0 409028 159174 605026 18  5 77  1  0  0
16  0 135032 75683540 1714524 77862588    0    0     0 403528 157750 598712 18  5 77  1  0  0
19  0 135032 75672880 1714524 77867280    0    0     0 409064 159715 601273 18  5 77  1  0  0
18  0 135032 75676620 1714524 77871848    0    0     0 406400 159141 602850 18  5 77  1  0  0
16  0 135032 75673584 1714524 77876532    0    0     0 403508 160011 600761 18  5 77  1  0  0
19  0 135032 75667424 1714524 77881044    0    0     0 402984 160293 604433 18  5 77  1  0  0
22  0 135032 75662196 1714532 77885056    0    0     4 400360 158713 598827 18  5 77  1  0  0
17  1 135032 75659392 1714532 77890136    0    0     0 405500 160042 603424 18  5 77  1  0  0
19  0 135032 75656968 1714532 77894588    0    0     0 402924 159405 594516 17  5 77  1  0  0
18  2 135032 75654556 1714544 77897696    0    0     0 399960 159460 592461 17  5 77  1  0  0
18  1 135032 75648796 1714544 77902700    0    0     0 395808 157473 591824 17  5 77  1  0  0
19  0 135032 75648004 1714544 77907148    0    0     0 399428 159350 598696 17  5 77  1  0  0
18  1 135032 75641132 1714544 77911488    0    0     0 395228 159170 592492 18  5 77  1  0  0
17  0 135032 75636804 1714544 77916260    0    0     0 398580 159580 599667 18  5 77  1  0  0
19  0 135032 75625256 1714548 77920012    0    0     0 392536 156000 573341 17  4 78  1  0  0
19  0 135032 75622856 1714548 77925628    0    0     0 400592 158987 593163 17  5 77  1  0  0
21  1 135032 75615652 1714548 77930592    0    0     0 396312 158467 589658 17  5 77  1  0  0
17  1 135032 75607132 1714548 77934324    0    0     0 400060 159112 594238 17  5 77  1  0  0
16  0 135032 75600516 1714548 77939060    0    0     0 392740 156765 589362 17  4 77  1  0  0
18  1 135032 75599876 1714556 77943520    0    0     0 399040 158328 595046 17  5 77  1  0  0
procs -----------memory---------- ---swap-- -----io---- -system-- -------cpu-------
 r  b   swpd   free   buff  cache   si   so    bi    bo   in   cs us sy id wa st gu
20  0 135032 75590900 1714556 77948064    0    0     0 396128 158483 594022 18  5 77  1  0  0
18  0 135032 75591576 1714556 77952052    0    0     0 399400 159397 593040 18  5 77  1  0  0
18  0 135032 75588072 1714560 77955884    0    0     0 400368 158707 594124 17  5 77  1  0  0
17  1 135032 75579888 1714560 77960516    0    0     0 399880 158847 598117 17  5 77  1  0  0
16  2 135032 75573876 1714568 77965592    0    0     0 395320 156942 584068 17  5 77  1  0  0
18  1 135032 75568344 1714568 77968776    0    0     0 394436 157461 586602 17  4 77  1  0  0
20  1 135032 75559476 1714568 77973348    0    0     0 393316 157055 592572 17  5 77  1  0  0
21  0 135032 75553684 1714568 77978568    0    0     0 397656 158972 603139 18  5 77  1  0  0
17  1 135032 75552608 1714568 77983120    0    0     0 388072 156518 580470 17  4 78  1  0  0
19  0 135032 75546640 1714572 77987432    0    0     0 385896 155906 573685 17  4 78  1  0  0
18  0 135032 75542936 1714572 77991108    0    0     0 394316 158892 594957 17  5 77  1  0  0
21  0 135032 75533972 1714572 77997156    0    0     0 396056 159001 606361 18  5 77  1  0  0
18  2 135032 75534608 1714572 78001516    0    0     0 395456 159181 596631 17  5 77  1  0  0
22  0 135032 75521808 1714572 78005648    0    0     0 396112 159703 600960 18  5 77  1  0  0
20  0 135032 75521732 1714572 78010316    0    0     0 397132 160102 602891 18  5 77  1  0  0
25  0 135032 75513924 1714580 78015168    0    0     0 394068 159471 600267 17  5 77  1  0  0
20  0 135032 75507328 1714580 78018828    0    0     0 393576 159052 596396 18  5 77  1  0  0
17  0 135032 75501176 1714584 78023252    0    0     4 396608 159915 601902 18  5 77  1  0  0
18  0 135032 75506324 1714584 78027724    0    0     0 398508 160093 609168 18  5 77  1  0  0
18  0 135032 75507032 1714584 78031700    0    0     0 397320 159873 597499 17  5 77  1  0  0
18  0 135032 75499812 1714592 78036172    0    0     0 394556 159950 603220 18  5 77  1  0  0
procs -----------memory---------- ---swap-- -----io---- -system-- -------cpu-------
 r  b   swpd   free   buff  cache   si   so    bi    bo   in   cs us sy id wa st gu
14  2 135032 75495932 1714592 78039744    0    0     0 393220 159157 603397 18  5 77  1  0  0
17  0 135032 75494152 1714592 78044996    0    0     0 388980 158509 593044 17  5 77  1  0  0
17  1 135032 75487628 1714592 78050112    0    0     0 393360 158729 597480 17  5 77  1  0  0
19  0 135032 75486396 1714592 78053492    0    0     0 395232 158908 598397 17  4 77  1  0  0
19  0 135032 75477508 1714592 78059428    0    0     0 392232 158365 592459 17  4 77  1  0  0
20  0 135032 75469148 1714592 78063552    0    0     0 388708 158107 588060 17  4 77  1  0  0
19  0 135032 75471556 1714592 78067220    0    0     0 389560 158643 595758 17  5 77  1  0  0
21  0 135032 75463884 1714592 78072360    0    0     0 390136 158881 593152 17  4 77  1  0  0
18  1 135032 75457192 1714592 78077056    0    0     0 387644 157939 592925 17  5 77  1  0  0
17  1 135032 75461396 1714592 78081104    0    0     0 392272 159147 601819 18  5 77  1  0  0
20  1 135032 75456088 1714592 78085440    0    0     0 388624 158056 594637 17  5 77  1  0  0
24  0 135032 75451016 1714592 78089224    0    0     0 390268 159057 602311 18  5 77  1  0  0
20  0 135032 75446680 1714596 78094680    0    0     0 388436 158971 599799 18  5 77  1  0  0
23  0 135032 75438692 1714596 78099920    0    0     0 392332 160002 604818 18  5 77  1  0  0
20  1 135032 75431560 1714600 78103492    0    0     0 385420 158096 599095 17  5 77  1  0  0
19  0 135032 75431232 1714600 78108192    0    0     0 385904 157577 597319 17  5 77  1  0  0
18  0 135032 75432328 1714600 78113408    0    0     0 388952 158278 606318 18  5 77  1  0  0
16  1 135032 75427960 1714600 78116600    0    0     0 385824 158224 593397 18  5 77  1  0  0
18  0 135032 75420696 1714600 78121828    0    0     0 385204 157840 592230 17  5 77  1  0  0
20  0 135032 75416940 1714600 78126868    0    0     0 383332 156870 590116 17  5 77  1  0  0
18  1 135032 75411964 1714600 78130888    0    0     0 386312 158098 592008 17  5 77  1  0  0
procs -----------memory---------- ---swap-- -----io---- -system-- -------cpu-------
 r  b   swpd   free   buff  cache   si   so    bi    bo   in   cs us sy id wa st gu
19  0 135032 75401740 1714600 78135416    0    0     0 386312 158418 599292 18  4 77  1  0  0
16  2 135032 75399988 1714600 78138816    0    0     0 379308 156765 583825 17  4 77  1  0  0
17  1 135032 75391700 1714600 78143860    0    0     0 382568 157019 580411 17  4 78  1  0  0
19  0 135032 75391136 1714600 78148528    0    0     0 382764 157203 587860 17  5 77  1  0  0
18  0 135032 75385748 1714600 78152628    0    0     0 384828 157595 596220 17  5 77  1  0  0
19  1 135032 75373380 1714604 78157348    0    0     4 387028 157950 597563 17  5 77  1  0  0
22  1 135032 75367632 1714604 78162136    0    0     0 383500 156970 590749 17  5 77  1  0  0
18  1 135032 75357808 1714612 78165696    0    0     0 387008 157993 593717 17  5 77  1  0  0
20  0 135032 75359332 1714612 78170560    0    0     0 389396 159101 601364 18  5 77  1  0  0
18  0 135032 75348752 1714612 78175880    0    0     0 387980 158636 599637 18  5 77  1  0  0
18  0 135032 75347664 1714612 78179640    0    0     0 387996 158936 601209 18  5 77  1  0  0
19  1 135032 75344744 1714612 78184448    0    0     0 389132 159256 595273 17  5 77  1  0  0
17  1 135032 75310820 1714620 78188196    0    0     0 372048 153815 554318 16  4 79  1  0  0
19  0 135032 75309032 1714620 78192776    0    0     0 385980 158298 595882 18  5 77  1  0  0
17  1 135032 75305632 1714620 78197916    0    0     0 385116 158072 597494 17  5 77  1  0  0
18  0 135032 75328836 1714632 78201904    0    0     8 382132 157238 588675 17  5 77  1  0  0
18  1 135032 75325072 1714632 78206896    0    0     0 386472 157452 593704 17  5 77  1  0  0
17  2 135032 75321536 1714636 78210920    0    0     0 384428 158156 590850 17  4 77  1  0  0
17  0 135032 75323144 1714640 78214720    0    0     0 383616 157801 590908 17  5 77  1  0  0
22  0 135032 75318896 1714640 78220040    0    0     0 379884 156972 588668 17  5 77  1  0  0
17  0 135032 75306408 1714640 78224948    0    0     0 382188 157429 587287 17  4 77  1  0  0
procs -----------memory---------- ---swap-- -----io---- -system-- -------cpu-------
 r  b   swpd   free   buff  cache   si   so    bi    bo   in   cs us sy id wa st gu
17  1 135032 75304368 1714640 78228392    0    0     0 387668 159729 601989 18  5 77  1  0  0
19  0 135032 75303192 1714644 78233836    0    0     0 382496 158720 596970 17  5 77  1  0  0
20  0 135032 75303180 1714644 78237160    0    0     0 386516 160045 600085 18  5 77  1  0  0
18  0 135032 75288344 1714644 78242256    0    0     0 382700 158461 589620 17  5 77  1  0  0
18  0 135032 75284932 1714644 78246952    0    0     0 386892 159747 599245 18  5 77  1  0  0
19  0 135032 75279844 1714644 78250680    0    0     0 386420 159996 603840 18  5 77  1  0  0
19  0 135032 75275372 1714648 78255596    0    0     0 383636 159670 599533 17  5 77  1  0  0
18  1 135032 75273384 1714648 78260524    0    0     0 386640 160517 599202 17  5 77  1  0  0
17  1 135032 75272412 1714648 78264524    0    0     0 384188 159354 596980 17  5 77  1  0  0
17  1 135032 75266876 1714648 78269244    0    0     0 385736 159753 603507 18  5 77  1  0  0
19  1 135032 75262292 1714648 78274004    0    0     0 382180 158145 598474 18  5 77  1  0  0
18  0 135032 75251356 1714652 78278208    0    0     0 385472 159428 597175 18  5 77  1  0  0
19  1 135032 75246940 1714652 78282832    0    0     0 380016 158231 594020 17  5 77  1  0  0
19  0 135032 75242368 1714652 78287104    0    0     0 384448 159709 601205 17  5 77  1  0  0
19  0 135032 75237940 1714652 78291652    0    0     0 376816 157019 594683 17  4 77  1  0  0
17  1 135032 75233320 1714656 78296456    0    0     4 383512 160570 604712 18  5 77  1  0  0
16  1 135032 75225848 1714664 78300688    0    0     0 379564 158608 591089 17  4 78  1  0  0
18  1 135032 75226548 1714664 78304840    0    0     0 377712 157885 584751 17  4 77  1  0  0
20  0 135032 75222048 1714664 78310244    0    0     0 378080 157570 585525 17  5 77  1  0  0
17  1 135032 75217720 1714664 78313636    0    0     0 381964 158857 598396 18  5 77  1  0  0
17  1 135032 75211016 1714664 78319016    0    0     0 382992 158598 599769 18  4 77  1  0  0
procs -----------memory---------- ---swap-- -----io---- -system-- -------cpu-------
 r  b   swpd   free   buff  cache   si   so    bi    bo   in   cs us sy id wa st gu
17  1 135032 75205524 1714668 78323780    0    0     0 382920 159030 598444 18  5 77  1  0  0
18  0 135032 75202880 1714668 78327240    0    0     0 380176 158851 598017 18  5 77  1  0  0
19  0 135032 75178168 1714668 78332548    0    0     0 374236 157299 582362 17  4 77  1  0  0
19  0 135032 75175120 1714668 78336388    0    0     0 381828 160004 599765 18  5 77  1  0  0
18  0 135032 75174504 1714668 78340764    0    0     0 379796 159390 597233 18  5 77  1  0  0
23  0 135032 75172932 1714672 78345772    0    0     0 384004 160430 601544 18  5 77  1  0  0
18  0 135032 75171524 1714672 78349580    0    0     0 382116 159628 600323 18  5 77  1  0  0
19  0 135032 75170040 1714672 78354440    0    0     0 382880 159152 596124 18  5 77  1  0  0
19  1 135032 75167292 1714672 78359400    0    0     0 383360 159285 597632 18  5 77  1  0  0
15  1 135032 75159836 1714672 78363412    0    0     0 380072 158085 596592 18  5 77  1  0  0
21  0 135032 75160308 1714680 78367892    0    0     0 379000 157940 588037 17  5 77  1  0  0
18  1 135032 75154336 1714680 78372324    0    0     0 382136 157272 595495 17  5 77  1  0  0
18  0 135032 75148500 1714680 78376748    0    0     0 382168 157729 591176 17  5 77  1  0  0
18  1 135032 75139420 1714680 78381288    0    0     0 377304 156352 585985 17  5 78  1  0  0
18  0 135032 75136216 1714680 78385528    0    0     0 376472 156608 590678 17  4 78  1  0  0
20  0 135032 75130452 1714684 78390532    0    0     0 379384 158025 596313 18  5 77  1  0  0
17  0 135032 75125476 1714684 78394704    0    0     0 379296 158964 598860 18  5 77  1  0  0
18  2 135032 75119184 1714684 78398960    0    0     0 380476 158911 598765 18  4 77  1  0  0
20  0 135032 75111404 1714684 78403904    0    0     0 378632 157603 596937 18  5 77  1  0  0
20  0 135032 75107984 1714684 78408756    0    0     0 378940 157758 600595 17  5 77  1  0  0
19  1 135032 75104000 1714688 78412544    0    0     0 378976 158050 595266 17  5 77  1  0  0
procs -----------memory---------- ---swap-- -----io---- -system-- -------cpu-------
 r  b   swpd   free   buff  cache   si   so    bi    bo   in   cs us sy id wa st gu
15  1 135032 75099880 1714688 78417408    0    0     0 382392 160257 602892 17  5 77  1  0  0
16  0 135032 75089416 1714688 78422264    0    0     0 382592 159516 602614 17  5 77  1  0  0
18  0 135032 75089864 1714688 78426544    0    0     0 386076 160286 605581 18  5 77  1  0  0
19  1 135032 75077144 1714692 78431268    0    0     4 382532 159162 600745 18  5 77  1  0  0
19  0 135032 75066976 1714696 78434996    0    0     0 381700 158265 599346 18  5 77  1  0  0
18  0 135032 75057176 1714696 78439960    0    0     0 378372 158966 595122 18  5 77  1  0  0
21  1 135032 75060364 1714696 78444752    0    0     0 382132 158799 597233 17  5 77  1  0  0
18  1 135032 75054432 1714696 78448760    0    0     0 379884 157974 594212 17  5 77  1  0  0
19  0 135032 75054936 1714696 78453292    0    0     0 382304 159262 595772 18  5 77  1  0  0
19  1 135032 75048936 1714700 78458100    0    0     0 381160 158812 600863 17  5 77  1  0  0
18  0 135032 75046916 1714700 78462000    0    0     0 379516 158491 593628 17  5 77  1  0  0
16  1 135032 75042880 1714700 78467008    0    0     0 369976 156260 574236 17  4 78  1  0  0
17  2 135032 75039692 1714700 78470900    0    0     0 383716 160730 590154 17  4 77  1  0  0
19  0 135032 75030120 1714700 78475812    0    0     0 378280 158784 595569 18  5 77  1  0  0
19  0 135032 75023188 1714708 78480188    0    0     0 376532 157416 592926 17  5 77  1  0  0
21  1 135032 75016480 1714708 78484016    0    0     0 377348 158289 594867 18  5 77  1  0  0
18  0 135032 75006292 1714708 78488712    0    0     0 378108 158215 590410 17  5 77  1  0  0
19  0 135032 75010908 1714708 78493484    0    0     0 381184 158826 592663 17  5 77  1  0  0
20  0 135032 75013796 1714708 78497496    0    0     0 381560 158956 593774 18  5 77  1  0  0
20  0 135032 75010312 1714712 78502136    0    0     0 385120 159569 597564 18  5 77  1  0  0
18  1 135032 75000964 1714712 78507128    0    0     0 380316 158109 598951 18  5 77  1  0  0
procs -----------memory---------- ---swap-- -----io---- -system-- -------cpu-------
 r  b   swpd   free   buff  cache   si   so    bi    bo   in   cs us sy id wa st gu
19  0 135032 74990168 1714712 78510596    0    0     0 382424 159340 601803 18  5 77  1  0  0
18  0 135032 74986024 1714712 78515644    0    0     0 383176 158786 598683 18  5 77  1  0  0
18  1 135032 74985536 1714712 78519136    0    0     0 381300 158506 594887 18  5 77  1  0  0
16  1 135032 74980952 1714716 78524136    0    0     0 380380 159261 594860 18  5 77  1  0  0
19  0 135032 74978660 1714716 78528916    0    0     0 382872 159844 598256 18  5 77  1  0  0
21  1 135032 74955416 1714716 78532496    0    0     0 378060 157997 587501 17  5 78  1  0  0
20  2 135032 74955704 1714716 78537812    0    0     0 376852 157232 587157 17  5 77  1  0  0
18  0 135032 74951280 1714716 78542504    0    0     0 383860 159454 597478 17  5 77  1  0  0
19  0 135032 74942516 1714720 78546344    0    0     0 374484 156893 585773 17  5 77  1  0  0
17  0 135032 74936312 1714720 78551328    0    0     0 383344 158500 598686 17  5 77  1  0  0
19  0 135032 74935980 1714720 78555936    0    0     0 381288 158281 592812 17  5 77  1  0  0
17  0 135032 74941156 1714720 78559760    0    0     0 381892 158767 594388 18  5 77  1  0  0
19  0 135032 74937864 1714720 78564224    0    0     0 382328 160066 598256 18  5 77  1  0  0
20  0 135032 74931740 1714732 78568272    0    0     4 380732 158283 600958 18  5 77  1  0  0
18  1 135032 74930256 1714732 78573760    0    0     0 380664 158630 596138 17  5 77  1  0  0
16  2 135032 74923076 1714732 78578364    0    0     0 383912 160068 600730 18  5 77  1  0  0
19  0 135032 74917380 1714732 78582588    0    0     0 380140 157500 595970 18  5 77  1  0  0
18  0 135032 74908824 1714732 78587000    0    0     0 384664 158966 598548 17  5 77  1  0  0
16  0 135032 74896904 1714732 78591816    0    0     0 382992 158611 598332 18  5 77  1  0  0
19  0 135032 74897748 1714740 78595960    0    0     0 384204 158929 601974 18  5 77  1  0  0
19  0 135032 74894588 1714740 78600680    0    0     0 381828 157246 595111 17  5 77  1  0  0
procs -----------memory---------- ---swap-- -----io---- -system-- -------cpu-------
 r  b   swpd   free   buff  cache   si   so    bi    bo   in   cs us sy id wa st gu
19  0 135032 74886132 1714740 78605228    0    0     0 381468 157453 588793 18  4 77  1  0  0
19  1 135032 74881612 1714740 78609212    0    0     0 382532 157512 594727 17  5 77  1  0  0
18  2 135032 74875684 1714740 78613992    0    0     0 383852 158390 593406 17  5 77  1  0  0
22  0 135032 74863960 1714748 78618120    0    0     0 386588 159838 602749 18  5 77  1  0  0
17  2 135032 74856700 1714748 78622736    0    0     0 380344 157638 580100 17  5 78  1  0  0
20  0 135032 74849116 1714748 78627476    0    0     0 376884 155935 582976 17  4 78  1  0  0
18  1 135032 74842944 1714748 78631680    0    0     0 377828 157593 586984 17  5 77  1  0  0
19  0 135032 74847464 1714748 78636104    0    0     0 382196 158471 593847 17  4 77  1  0  0
19  0 135032 74834368 1714760 78640640    0    0     0 382796 159118 590977 17  5 77  1  0  0
21  0 135032 74830020 1714760 78644596    0    0     0 384500 159321 596457 17  5 77  1  0  0
20  0 135032 74828052 1714760 78649356    0    0     0 381440 158825 594430 18  5 77  1  0  0
19  0 135032 74829616 1714760 78654244    0    0     0 384236 159187 596241 17  5 77  1  0  0
17  1 135032 74823920 1714760 78658372    0    0     0 384124 160072 595401 17  5 77  1  0  0
20  1 135032 74814372 1714764 78662988    0    0     0 384112 159321 603409 17  5 77  1  0  0
18  0 135032 74817476 1714764 78666528    0    0     0 384304 159471 600050 18  5 77  1  0  0
18  1 135032 74810092 1714764 78671412    0    0     0 385616 159721 603604 18  5 77  1  0  0
17  1 135032 74811072 1714764 78676576    0    0     0 385868 160331 600336 18  5 77  1  0  0
19  0 135032 74807100 1714764 78680016    0    0     0 383680 159189 595859 18  5 77  1  0  0
18  1 135032 74794256 1714772 78685312    0    0     0 382760 158757 595896 18  5 77  1  0  0
17  1 135032 74799252 1714772 78690068    0    0     0 385444 159403 597306 18  4 77  1  0  0
20  0 135032 74797440 1714772 78693436    0    0     0 383692 158739 601365 18  5 77  1  0  0
procs -----------memory---------- ---swap-- -----io---- -system-- -------cpu-------
 r  b   swpd   free   buff  cache   si   so    bi    bo   in   cs us sy id wa st gu
19  1 135032 74792360 1714772 78698880    0    0     0 378724 157610 588759 17  5 77  1  0  0
22  0 135032 74782248 1714776 78703208    0    0     4 382216 158246 590118 17  5 77  1  0  0
18  0 135032 74781020 1714780 78707404    0    0     0 375940 156995 580154 17  5 77  1  0  0
16  2 135032 74776320 1714780 78712132    0    0     0 381324 158415 594511 18  5 77  1  0  0
19  0 135032 74768464 1714780 78715548    0    0     0 384344 159221 596816 18  5 77  1  0  0
19  1 135032 74760696 1714780 78720888    0    0     0 380772 157794 595324 18  5 77  1  0  0
21  0 135032 74761692 1714780 78725440    0    0     0 379656 157837 595971 18  5 77  1  0  0
20  0 135032 74755628 1714792 78729156    0    0     0 383940 159917 603273 18  5 77  1  0  0
19  1 135032 74713992 1714792 78734656    0    0     0 364588 153391 557889 17  4 79  1  0  0
17  0 135032 74708604 1714792 78738872    0    0     0 382336 159263 593904 18  5 77  1  0  0
 3  0 135032 74726796 1714792 78743276    0    0     0 382040 159210 596189 18  4 77  1  0  0
18  0 135032 74749884 1714796 78747736    0    0     0 381352 158570 597112 17  5 77  1  0  0
19  0 135032 74746328 1714808 78752440    0    0     0 383452 159042 598244 17  5 77  1  0  0
17  1 135032 74738604 1714808 78756116    0    0     0 376412 157488 589494 17  5 77  1  0  0
19  0 135032 74737372 1714808 78760660    0    0     0 383568 159980 600700 18  5 77  1  0  0
18  0 135032 74741268 1714808 78765628    0    0     0 380128 157841 595532 18  5 77  1  0  0
18  0 135032 74741256 1714808 78769992    0    0     0 379620 158197 593739 17  5 77  1  0  0
18  0 135032 74733868 1714808 78774640    0    0     0 378720 157963 597652 17  5 77  1  0  0
19  0 135032 74729384 1714808 78778992    0    0     0 380736 158516 606339 18  5 77  1  0  0
16  0 135032 74719996 1714808 78783440    0    0     0 373800 155748 583335 17  5 77  1  0  0
17  0 135032 74717204 1714808 78787908    0    0     0 370864 155253 577279 17  5 78  1  0  0
procs -----------memory---------- ---swap-- -----io---- -system-- -------cpu-------
 r  b   swpd   free   buff  cache   si   so    bi    bo   in   cs us sy id wa st gu
17  1 135032 74712884 1714808 78791948    0    0     0 373880 156476 581473 17  4 78  1  0  0
18  0 135032 74708128 1714812 78796716    0    0     0 379908 158408 595767 18  5 77  1  0  0
21  1 135032 74706388 1714812 78801388    0    0     0 379908 159346 599703 18  5 77  1  0  0
18  0 135032 74700660 1714812 78805780    0    0     0 381284 158697 594747 17  5 77  1  0  0
22  0 135032 74695476 1714812 78810220    0    0     0 379208 158431 587075 18  4 77  1  0  0
22  1 135032 74695420 1714812 78814220    0    0     0 381044 158019 594156 17  5 77  1  0  0
23  0 135032 74689076 1714812 78818756    0    0     0 380336 159126 594109 18  5 77  1  0  0
21  0 135032 74679384 1714812 78823532    0    0     0 377968 160201 592626 18  5 77  1  0  0
19  1 135032 74675916 1714812 78827348    0    0     0 380752 159194 599225 17  5 77  1  0  0
19  0 135032 74672376 1714812 78832532    0    0     0 380900 159016 596300 18  5 77  1  0  0
19  0 135032 74674168 1714816 78836964    0    0     4 382616 159421 602354 18  5 77  1  0  0
21  0 135032 74669388 1714820 78841272    0    0     0 376288 157935 592043 17  5 77  1  0  0
18  1 135032 74661092 1714820 78845728    0    0     0 375768 157601 593701 18  5 77  1  0  0
20  0 135032 74663116 1714820 78850228    0    0     0 380512 157619 599418 17  5 77  1  0  0
18  1 135032 74655200 1714820 78854792    0    0     0 380272 157643 598812 18  5 77  1  0  0
20  1 135032 74651416 1714820 78859200    0    0     0 379664 157904 593249 17  4 77  1  0  0
18  1 135032 74644256 1714828 78863476    0    0     0 376932 157223 591014 17  5 77  1  0  0
19  0 135032 74641000 1714828 78868028    0    0     0 380940 158787 597264 18  5 77  1  0  0
18  1 135032 74633448 1714828 78872708    0    0     0 382240 158636 599108 17  5 77  1  0  0
17  2 135032 74623472 1714828 78876984    0    0     0 379008 158169 594174 17  5 77  1  0  0
16  2 135032 74618244 1714828 78881652    0    0     0 378940 158816 592122 18  5 77  1  0  0
procs -----------memory---------- ---swap-- -----io---- -system-- -------cpu-------
 r  b   swpd   free   buff  cache   si   so    bi    bo   in   cs us sy id wa st gu
19  0 135032 74612436 1714832 78886108    0    0     0 380708 158955 598098 18  5 77  1  0  0
19  0 135032 74602252 1714832 78890460    0    0     0 382716 159626 602945 18  5 77  1  0  0
17  1 135032 74600704 1714832 78895012    0    0     0 382128 159688 597696 18  5 77  1  0  0
20  1 135032 74602924 1714832 78899600    0    0     0 383548 159940 601930 18  5 77  1  0  0
18  2 135032 74598888 1714832 78903924    0    0     0 380496 158834 602329 18  5 77  1  0  0
18  0 135032 74591544 1714840 78908448    0    0     0 380708 158658 599417 18  5 77  1  0  0
18  0 135032 74597256 1714840 78913100    0    0     0 382484 159804 604665 18  5 77  1  0  0
18  0 135032 74586148 1714840 78917604    0    0     0 382132 159471 601034 17  5 77  1  0  0
19  0 135032 74583024 1714840 78921904    0    0     0 383440 159432 602977 18  5 77  1  0  0
17  1 135032 74576524 1714840 78926648    0    0     0 381332 158240 598409 17  5 77  1  0  0
18  1 135032 74575800 1714840 78931008    0    0     0 375652 156613 591139 17  5 77  1  0  0
17  0 135032 74571644 1714840 78935512    0    0     0 381612 158535 597296 17  5 77  1  0  0
18  1 135032 74566792 1714840 78940036    0    0     0 377156 157319 587389 17  5 77  1  0  0
19  1 135032 74563828 1714840 78944388    0    0     0 386072 160260 608287 18  5 77  1  0  0
20  0 135032 74560228 1714840 78948476    0    0     0 374596 157922 586605 17  5 77  1  0  0
20  0 135032 74556960 1714844 78953136    0    0     0 374116 156804 580388 17  4 78  1  0  0
17  1 135032 74556460 1714844 78957660    0    0     0 379468 159403 593382 17  5 77  1  0  0
20  0 135032 74544324 1714844 78961832    0    0     0 377636 158920 592516 17  4 77  1  0  0
19  0 135032 74541692 1714844 78966588    0    0     0 379324 159010 597525 17  5 77  1  0  0
17  1 135032 74540132 1714844 78970856    0    0     0 380164 159297 597403 17  5 77  1  0  0
18  0 135032 74532504 1714860 78975328    0    0     4 380476 159387 596835 18  5 77  1  0  0
procs -----------memory---------- ---swap-- -----io---- -system-- -------cpu-------
 r  b   swpd   free   buff  cache   si   so    bi    bo   in   cs us sy id wa st gu
17  1 135032 74527596 1714860 78979948    0    0     0 380912 158842 599094 18  5 77  1  0  0
17  1 135032 74521492 1714860 78984532    0    0     0 381608 159367 597178 18  5 77  1  0  0
19  0 135032 74523512 1714860 78989044    0    0     0 380412 158223 599043 18  5 77  1  0  0
17  1 135032 74515792 1714860 78993616    0    0     0 383208 158809 603333 18  5 77  1  0  0
17  1 135032 74514368 1714872 78998036    0    0     0 382468 159260 605806 18  5 77  1  0  0
19  0 135032 74507464 1714872 79002744    0    0     0 382504 159874 602321 17  5 77  1  0  0
18  1 135032 74505608 1714872 79006952    0    0     0 380512 159202 596314 18  5 77  1  0  0
17  1 135032 74482868 1714872 79011604    0    0     0 374716 156642 581491 17  4 78  1  0  0
14  2 135032 74487612 1714872 79015900    0    0     0 378600 157164 590712 17  4 77  1  0  0
17  2 135032 74485744 1714884 79020192    0    0     0 375828 156586 587074 17  4 77  1  0  0
21  1 135032 74475948 1714884 79024848    0    0     0 381644 158898 592340 17  5 77  1  0  0
18  0 135032 74472932 1714884 79028796    0    0     0 375076 157355 584590 17  4 77  1  0  0
19  0 135032 74469956 1714884 79033608    0    0     0 376836 157276 587844 17  4 77  1  0  0
19  0 135032 74462756 1714884 79037964    0    0     0 380068 158653 594938 17  5 77  1  0  0
19  0 135032 74457228 1714888 79042392    0    0     0 377252 157917 587342 17  5 77  1  0  0
18  1 135032 74451892 1714888 79046892    0    0     0 380280 158426 602522 18  5 77  1  0  0
19  0 135032 74439892 1714888 79051532    0    0     0 380364 158832 598097 18  5 77  1  0  0
19  0 135032 74444520 1714888 79055672    0    0     0 378892 158191 595786 18  5 77  1  0  0
18  2 135032 74440316 1714888 79060368    0    0     0 380988 158171 594377 18  5 77  1  0  0
18  1 135032 74431968 1714896 79064788    0    0     0 383888 158517 596964 17  5 77  1  0  0
18  0 135032 74424704 1714896 79069264    0    0     0 381668 158139 596250 18  4 77  1  0  0
procs -----------memory---------- ---swap-- -----io---- -system-- -------cpu-------
 r  b   swpd   free   buff  cache   si   so    bi    bo   in   cs us sy id wa st gu
19  1 135032 74419868 1714896 79073828    0    0     0 382048 158746 593409 18  5 77  1  0  0
19  0 135032 74391656 1714896 79078280    0    0     0 376792 157106 587249 17  4 77  1  0  0
21  0 135032 74389256 1714896 79082684    0    0     0 382336 158406 599065 17  5 77  1  0  0
18  0 135032 74389652 1714904 79087224    0    0     0 384756 158745 596298 17  5 77  1  0  0
19  0 135032 74384420 1714904 79091396    0    0     0 378060 157789 598584 17  5 77  1  0  0
17  0 135032 74383216 1714904 79096276    0    0     0 379492 157782 599138 18  5 77  1  0  0
17  1 135032 74375896 1714904 79100736    0    0     0 382656 158468 602165 18  5 77  1  0  0
18  2 135032 74374124 1714904 79104980    0    0     0 379260 158251 586200 17  5 77  1  0  0
18  1 135032 74365868 1714912 79109360    0    0     4 374764 155926 582285 17  5 77  1  0  0
16  2 135032 74361216 1714912 79113888    0    0     0 376660 157299 580086 17  4 78  1  0  0
18  0 135032 74351656 1714912 79118268    0    0     0 379988 158573 596716 17  5 77  1  0  0
19  0 135032 74345368 1714912 79122724    0    0     0 379436 158342 590702 17  5 77  1  0  0
18  0 135032 74349856 1714912 79127264    0    0     0 379772 157349 592728 18  4 77  1  0  0
19  0 135032 74338912 1714916 79131828    0    0     0 383676 158597 597816 18  5 77  1  0  0
20  1 135032 74328604 1714916 79136144    0    0     0 381344 159386 596911 18  4 77  1  0  0
18  0 135032 74327068 1714916 79140588    0    0     0 378876 157607 601589 18  5 77  1  0  0
23  0 135032 74322840 1714916 79145296    0    0     0 380104 159327 602130 18  5 77  1  0  0
18  1 135032 74319096 1714916 79149544    0    0     0 380616 159456 600820 18  5 77  1  0  0
19  0 135032 74314368 1714928 79154128    0    0     0 384828 159293 603319 18  5 77  1  0  0
19  0 135032 74307360 1714928 79158640    0    0     0 385640 159463 602443 17  5 77  1  0  0
18  0 135032 74306052 1714928 79162924    0    0     0 377780 157107 594647 18  5 77  1  0  0
procs -----------memory---------- ---swap-- -----io---- -system-- -------cpu-------
 r  b   swpd   free   buff  cache   si   so    bi    bo   in   cs us sy id wa st gu
19  1 135032 74298080 1714928 79167648    0    0     0 379528 157484 599022 18  5 77  1  0  0
19  0 135032 74292712 1714928 79172124    0    0     0 369716 155163 583274 17  4 77  1  0  0
20  0 135032 74290496 1714936 79176316    0    0     0 375076 155761 583475 17  4 78  1  0  0
16  1 135032 74286888 1714936 79180760    0    0     0 372380 155367 583522 17  4 78  1  0  0
19  0 135032 74283040 1714936 79185264    0    0     0 372932 155924 582482 17  4 78  1  0  0
19  1 135032 74280456 1714936 79189116    0    0     0 366648 153755 575477 17  5 78  1  0  0
20  1 135032 74283124 1714936 79193936    0    0     0 370352 154939 586340 17  5 77  1  0  0
17  1 135032 74276864 1714936 79197780    0    0     0 375516 156309 590602 17  5 77  1  0  0
17  0 135032 74269680 1714936 79202576    0    0     0 375856 156863 591194 17  5 77  1  0  0
23  0 135032 74273036 1714936 79207232    0    0     0 377184 157103 594810 17  5 77  1  0  0
17  0 135032 74269428 1714936 79211640    0    0     0 375972 156422 587538 17  5 77  1  0  0
20  0 135032 74266460 1714936 79216056    0    0     0 375792 156073 592823 17  5 77  1  0  0
18  0 135032 74266928 1714936 79220548    0    0     0 373808 156168 594338 17  5 77  1  0  0
15  1 135032 74259108 1714936 79224720    0    0     0 371360 155415 587294 17  4 77  1  0  0
16  1 135032 74254636 1714936 79229312    0    0     0 358632 151663 576042 17  4 77  1  0  0
19  1 135032 74247704 1714936 79233696    0    0     0 355588 151627 575882 17  4 77  1  0  0
20  0 135032 74241016 1714936 79238160    0    0     0 356236 151687 577333 17  4 77  1  0  0
17  0 135032 74232784 1714940 79242684    0    0     0 362172 152994 582594 17  4 78  1  0  0
18  0 135032 74228648 1714944 79246784    0    0     4 359252 152748 574361 17  4 78  1  0  0
20  1 135032 74223400 1714944 79251260    0    0     0 353876 151566 568055 17  4 78  1  0  0
18  0 135032 74225072 1714944 79255540    0    0     0 356368 152643 565494 17  4 78  1  0  0
procs -----------memory---------- ---swap-- -----io---- -system-- -------cpu-------
 r  b   swpd   free   buff  cache   si   so    bi    bo   in   cs us sy id wa st gu
19  1 135032 74220196 1714944 79259868    0    0     0 358472 153439 574056 17  4 78  1  0  0
18  1 135032 74210200 1714952 79264216    0    0     0 358376 152494 579776 17  4 77  1  0  0
15  1 135032 74206400 1714952 79268508    0    0     0 359784 152334 569876 17  4 78  1  0  0
22  0 135032 74201988 1714952 79272896    0    0     0 359904 152895 569099 17  4 78  1  0  0
20  0 135032 74167300 1714952 79276888    0    0     0 341692 146675 527406 16  4 79  1  0  0
19  0 135032 74165916 1714952 79280992    0    0     0 358676 151513 575680 17  4 78  1  0  0
21  2 135032 74161084 1714952 79285656    0    0     0 365312 153924 581100 17  4 77  1  0  0
22  1 135032 74206908 1714956 79290040    0    0     0 361780 153370 574032 17  4 77  1  0  0
17  1 135032 74201316 1714956 79294468    0    0     0 363240 153553 581132 17  4 77  1  0  0
18  0 135032 74194640 1714956 79298888    0    0     0 373504 155608 587608 17  5 77  1  0  0
18  1 135032 74196424 1714956 79303292    0    0     0 371172 156489 588835 17  5 77  1  0  0
20  0 135032 74188596 1714960 79307704    0    0     0 376628 157799 592525 17  5 77  1  0  0
22  0 135032 74182156 1714960 79312192    0    0     0 371764 155298 586744 17  5 78  1  0  0
16  0 135032 74180940 1714960 79316692    0    0     0 373008 155985 588274 17  4 77  1  0  0
19  0 135032 74181292 1714960 79321140    0    0     0 374624 156011 589209 17  5 77  1  0  0
19  0 135032 74187000 1714960 79325376    0    0     0 373384 155472 592231 17  5 78  1  0  0
19  0 135032 74178524 1714972 79330072    0    0     0 379088 157311 598623 17  5 77  1  0  0
18  1 135032 74172760 1714972 79334488    0    0     0 373604 155672 588226 17  5 77  1  0  0
21  0 135032 74168168 1714972 79338760    0    0     0 373704 155333 580357 17  5 78  1  0  0
19  0 135032 74166748 1714972 79343224    0    0     0 368804 155149 577497 17  4 78  1  0  0
18  0 135032 74162396 1714972 79347488    0    0     0 368612 155043 570128 17  5 78  1  0  0
procs -----------memory---------- ---swap-- -----io---- -system-- -------cpu-------
 r  b   swpd   free   buff  cache   si   so    bi    bo   in   cs us sy id wa st gu
18  1 135032 74164944 1714976 79351928    0    0     0 375548 156429 588780 17  5 77  1  0  0
19  0 135032 74155108 1714976 79356288    0    0     0 374504 156065 585282 17  5 77  1  0  0
18  1 135032 74147736 1714976 79360444    0    0     0 376404 157601 593667 17  4 77  1  0  0
17  1 135032 74143728 1714976 79365044    0    0     0 374764 155920 589340 17  4 77  1  0  0
18  1 135032 74133680 1714976 79369448    0    0     0 373176 155070 587912 17  4 77  1  0  0
17  0 135032 74128712 1714984 79374052    0    0     0 369728 153301 590683 17  4 77  1  0  0
24  0 135032 74118400 1714984 79378544    0    0     0 370176 155042 589714 17  5 77  1  0  0
20  0 135032 74115360 1714992 79383008    0    0     8 374204 155701 590000 17  5 77  1  0  0
19  0 135032 74112360 1714992 79387488    0    0     0 381384 157434 597249 17  5 77  1  0  0
19  0 135032 74107380 1714992 79392152    0    0     0 374880 156168 590408 17  5 77  1  0  0
19  1 135032 74096216 1715000 79396480    0    0     0 375004 155968 594533 17  5 77  1  0  0
17  1 135032 74092124 1715000 79400948    0    0     0 372900 154904 592292 17  5 77  1  0  0
20  0 135032 74080460 1715000 79405504    0    0     0 376920 157346 594414 17  5 77  1  0  0
17  1 135032 74082908 1715000 79409796    0    0     0 376692 156430 587212 17  5 77  1  0  0
21  0 135032 74082988 1715000 79414324    0    0     0 376908 157007 590795 17  4 77  1  0  0
18  0 135032 74081480 1715004 79418668    0    0     0 374224 156424 584736 17  5 77  1  0  0
16  1 135032 74074592 1715004 79422964    0    0     0 373684 156250 578700 17  4 78  1  0  0
19  1 135032 74067444 1715004 79427128    0    0     0 372520 155226 569078 17  5 78  1  0  0
19  0 135032 74060940 1715004 79431592    0    0     0 371364 155718 569713 17  4 78  1  0  0
18  0 135032 74062268 1715004 79435968    0    0     0 374864 156486 584289 17  4 78  1  0  0
17  0 135032 74059416 1715016 79440272    0    0     0 380720 157477 591721 17  5 77  1  0  0
procs -----------memory---------- ---swap-- -----io---- -system-- -------cpu-------
 r  b   swpd   free   buff  cache   si   so    bi    bo   in   cs us sy id wa st gu
18  1 135032 74055676 1715016 79444468    0    0     0 379428 157591 591683 17  5 77  1  0  0
22  0 135032 74053964 1715016 79448944    0    0     0 377400 156356 589873 17  5 77  1  0  0
18  1 135032 74044252 1715016 79453560    0    0     0 380104 156668 594210 17  5 77  1  0  0
19  0 135032 74036680 1715016 79457828    0    0     0 391068 162125 601962 17  4 77  1  0  0
16  1 135032 74033128 1715028 79462376    0    0     0 397300 164564 608788 17  5 77  1  0  0
17  1 135032 74028744 1715028 79466728    0    0     0 381584 156428 593451 17  5 77  1  0  0
17  0 135032 74026144 1715032 79471184    0    0     0 379520 157914 590978 18  5 77  1  0  0
16  1 135032 74018168 1715032 79475684    0    0     0 380012 157937 592194 18  5 77  1  0  0
20  0 135032 74013868 1715032 79479960    0    0     0 382624 158674 596990 17  5 77  1  0  0
21  0 135032 74012476 1715040 79484452    0    0     0 380136 157770 589520 17  5 77  1  0  0
19  0 135032 74011144 1715040 79488756    0    0     0 382056 158344 588785 17  5 77  1  0  0
19  0 135032 74011272 1715040 79493128    0    0     0 375184 155703 579735 17  4 78  1  0  0
20  0 135032 73994808 1715040 79497572    0    0     0 379236 158555 589043 18  4 77  1  0  0
17  2 135032 73997632 1715040 79501716    0    0     0 373980 155960 580627 17  4 78  1  0  0
21  0 135032 73994360 1715040 79506312    0    0     0 371592 155568 570505 17  4 78  1  0  0
18  0 135032 73985908 1715040 79510732    0    0     0 371104 155469 580511 17  4 78  1  0  0
17  1 135032 73984836 1715040 79515168    0    0     0 378312 157010 589144 17  5 77  1  0  0
29  0 135032 73979120 1715044 79519496    0    0     4 373864 156262 586673 17  4 77  1  0  0
22  4 135032 73978300 1715052 79523932    0    0     0 388748 157953 592732 17  4 77  1  0  0
18  6 135032 73973860 1715052 79528224    0    0     0 390812 162378 603966 17  4 77  1  0  0
10  8 135032 73968624 1715052 79532840    0    0     0 393152 164871 610356 18  4 77  1  0  0
procs -----------memory---------- ---swap-- -----io---- -system-- -------cpu-------
 r  b   swpd   free   buff  cache   si   so    bi    bo   in   cs us sy id wa st gu
10  5 135032 73964924 1715052 79536956    0    0     0 389152 162788 599343 17  4 77  1  0  0
 6  5 135032 73956420 1715052 79541500    0    0     0 391456 162265 602109 17  5 77  1  0  0
 6  3 135032 73946608 1715056 79546044    0    0     0 388100 162299 603697 18  4 77  1  0  0
 5  3 135032 73948996 1715056 79550380    0    0     0 396264 164291 608602 17  4 77  1  0  0
 7  3 135032 73940516 1715056 79554920    0    0     0 386776 161926 592066 17  4 78  1  0  0
 7  2 135032 73939916 1715056 79559336    0    0     0 393432 163367 610531 17  4 77  1  0  0
 6  2 135032 73932672 1715056 79563612    0    0     0 389312 162044 605306 17  5 77  1  0  0
 2  5 135032 73928784 1715060 79568244    0    0     0 390380 163470 607268 17  4 77  1  0  0
 8  2 135032 73926344 1715060 79572704    0    0     0 392196 162656 604235 17  4 77  1  0  0
 5  2 135032 73918148 1715060 79577348    0    0     0 389092 161754 603502 17  5 77  1  0  0
 5  2 135032 73911444 1715060 79581464    0    0     0 387788 162350 596199 17  4 78  1  0  0
 5  3 135032 73911228 1715064 79585860    0    0     0 388936 161361 597897 17  4 78  1  0  0
 5  2 135032 73908288 1715068 79590232    0    0     0 383736 161727 592746 17  4 78  1  0  0
 3  4 135032 73900368 1715068 79594684    0    0     0 387140 164141 607243 17  4 77  1  0  0
 2  5 135032 73899556 1715068 79598980    0    0     0 388516 161768 607745 17  4 77  1  0  0
 2  4 135032 73897900 1715068 79603604    0    0     0 392772 162846 605416 17  4 77  1  0  0
 2  4 135032 73890716 1715076 79608176    0    0     0 394180 164131 607669 17  4 77  1  0  0
 1  8 135032 73885024 1715076 79612552    0    0     0 388908 163434 601600 17  4 77  1  0  0
 7  3 135032 73889200 1715076 79617012    0    0     0 395108 161244 608396 17  5 77  1  0  0
 2  8 135032 73863932 1715076 79621356    0    0     0 379648 159181 594643 17  4 78  1  0  0
 3  7 135032 73854940 1715076 79625804    0    0     0 377984 157080 590587 17  5 77  1  0  0
procs -----------memory---------- ---swap-- -----io---- -system-- -------cpu-------
 r  b   swpd   free   buff  cache   si   so    bi    bo   in   cs us sy id wa st gu
 5  7 135032 73854156 1715080 79630432    0    0     0 374216 157160 588759 17  5 77  1  0  0
 3  7 135032 73844748 1715080 79634680    0    0     0 373416 157731 591815 17  5 77  1  0  0
 4  5 135032 73843132 1715080 79639160    0    0     0 378836 157630 591308 17  5 77  1  0  0
 7  6 135032 73844284 1715080 79643556    0    0     0 367584 157355 590510 17  5 77  1  0  0
 1  7 135032 73845072 1715080 79648084    0    0     0 381780 157759 587811 17  5 77  1  0  0
 2  5 135032 73841236 1715084 79652376    0    0     4 379576 157472 591108 17  5 77  1  0  0
10  6 135032 73837616 1715096 79656828    0    0     0 370108 156402 576752 17  4 78  1  0  0
 4  6 135032 73830128 1715096 79661132    0    0     0 370380 158087 589768 17  5 77  1  0  0
 4  4 135032 73824908 1715096 79665512    0    0     0 367388 154821 567802 17  4 78  1  0  0
 4  5 135032 73819548 1715096 79669728    0    0     0 362672 152492 567887 17  4 78  1  0  0
 1  8 135032 73810908 1715096 79674032    0    0     0 367424 153794 575100 17  4 78  1  0  0
21  2 135032 73809928 1715100 79678640    0    0     0 376288 156032 586376 17  4 77  1  0  0
23  3 135032 73803676 1715100 79683080    0    0     0 365056 155373 585933 17  5 77  1  0  0
 7  4 135032 73793736 1715100 79687592    0    0     0 380488 156445 591722 17  4 77  1  0  0
 4  4 135032 73785968 1715100 79691992    0    0     0 369220 156179 589911 17  5 77  1  0  0
 3  4 135032 73785796 1715100 79696332    0    0     0 374168 157221 595569 17  5 77  1  0  0
 6  1 135032 73779128 1715108 79700896    0    0     0 374272 157629 594788 17  5 77  1  0  0
21  4 135032 73776524 1715108 79705044    0    0     0 381448 156988 592974 17  4 77  1  0  0
12  4 135032 73775416 1715108 79709780    0    0     0 373600 156619 589015 17  5 77  1  0  0
 2  8 135032 73773784 1715108 79714304    0    0     0 377612 157182 595147 17  5 77  1  0  0
 6  5 135032 73763780 1715108 79718832    0    0     0 370216 157488 598347 17  5 77  1  0  0
procs -----------memory---------- ---swap-- -----io---- -system-- -------cpu-------
 r  b   swpd   free   buff  cache   si   so    bi    bo   in   cs us sy id wa st gu
 5  5 135032 73760384 1715112 79723160    0    0     0 379008 156199 592486 17  5 78  1  0  0
 4  6 135032 73761376 1715112 79727500    0    0     0 366052 155854 588982 17  5 78  1  0  0
 6  6 135032 73759796 1715112 79731936    0    0     0 381176 156712 593995 17  4 77  1  0  0
 3  6 135032 73755328 1715112 79736416    0    0     0 366048 157314 587794 17  4 77  1  0  0
 2  5 135032 73751528 1715112 79740680    0    0     0 365256 155561 574950 17  4 78  1  0  0
 2  4 135032 73741348 1715124 79745064    0    0     0 371624 156054 583924 17  4 78  1  0  0
 5  4 135032 73734528 1715124 79749520    0    0     0 390412 156968 589130 17  4 78  1  0  0
 1  5 135032 73729208 1715124 79754056    0    0     0 377876 158079 593710 17  5 77  1  0  0
 4  3 135032 73724080 1715124 79758428    0    0     0 378244 158255 591278 17  4 77  1  0  0
 2  8 135032 73723052 1715124 79762940    0    0     0 374376 158095 593459 17  4 77  1  0  0
 2  5 135032 73720628 1715132 79767308    0    0     0 374832 156919 588083 17  5 77  1  0  0
 5  2 135032 73710104 1715132 79771920    0    0     0 383880 158767 603474 17  5 77  1  0  0
23  4 135032 73709468 1715132 79776120    0    0     0 377440 157195 595304 17  5 77  1  0  0
 5  4 135032 73703056 1715132 79780708    0    0     0 376088 157793 601267 18  5 77  1  0  0
 4  7 135032 73691756 1715132 79785064    0    0     0 369796 156711 588018 17  5 77  1  0  0
12  2 135032 73686416 1715136 79789712    0    0     4 379980 155912 594009 17  5 77  1  0  0
 2  6 135032 73682164 1715136 79794168    0    0     0 365124 157259 592521 17  4 77  1  0  0
 4  2 135032 73672632 1715136 79798744    0    0     0 381080 156182 587623 17  5 77  1  0  0
 8  3 135032 73670024 1715136 79803152    0    0     0 369388 156390 588640 17  4 77  1  0  0
21  4 135032 73668144 1715136 79807448    0    0     0 371748 155706 576615 17  4 78  1  0  0
 3  7 135032 73665644 1715144 79811516    0    0     0 366176 155470 581930 17  4 78  1  0  0
procs -----------memory---------- ---swap-- -----io---- -system-- -------cpu-------
 r  b   swpd   free   buff  cache   si   so    bi    bo   in   cs us sy id wa st gu
23  3 135032 73660656 1715144 79816136    0    0     0 371664 156021 586484 17  4 77  1  0  0
 5  2 135032 73620928 1715144 79820128    0    0     0 356256 151529 546659 16  4 79  1  0  0
10  2 135032 73616764 1715144 79824636    0    0     0 367300 155114 580249 17  4 78  1  0  0
 2  4 135032 73610680 1715144 79828976    0    0     0 364208 155343 574724 17  5 78  1  0  0
 6  3 135032 73665572 1715160 79833280    0    0     0 370068 154119 564894 17  4 78  1  0  0
13  2 135032 73664536 1715160 79837804    0    0     0 370772 154227 575452 17  4 78  1  0  0
18  6 135032 73662528 1715160 79842056    0    0     0 369956 154512 580529 17  5 77  1  0  0
 3  4 135032 73653848 1715160 79846556    0    0     0 374492 156275 589111 17  5 77  1  0  0
22  7 135032 73652524 1715160 79850824    0    0     0 373880 155316 583842 17  4 77  1  0  0
 1  8 135032 73654792 1715164 79855328    0    0     0 372612 156718 589125 17  5 77  1  0  0
 6  3 135032 73645560 1715164 79859760    0    0     0 364812 155983 590229 17  5 77  1  0  0
 3  3 135032 73634896 1715164 79864232    0    0     0 379120 155320 582109 17  4 78  1  0  0
 3  3 135032 73635028 1715164 79868584    0    0     0 369212 155175 586477 17  5 77  1  0  0
 2  8 135032 73625464 1715164 79872940    0    0     0 369744 155237 584271 17  5 77  1  0  0
20  3 135032 73621756 1715172 79877216    0    0     0 368952 156436 593896 17  5 77  1  0  0
 8  5 135032 73620008 1715172 79881792    0    0     0 375152 155873 586922 17  4 78  1  0  0
 3  7 135032 73616320 1715172 79886280    0    0     0 368808 155906 583528 17  4 77  1  0  0
 3  6 135032 73606692 1715172 79890600    0    0     0 383592 156723 582116 17  4 78  1  0  0
 4  5 135032 73605996 1715172 79894572    0    0     0 344108 154738 585873 17  4 77  1  0  0
 1  8 135032 73604744 1715172 79899360    0    0     0 362820 153390 564695 17  4 78  1  0  0
 6  4 135032 73596560 1715172 79903584    0    0     0 372596 153980 571028 17  4 78  1  0  0
procs -----------memory---------- ---swap-- -----io---- -system-- -------cpu-------
 r  b   swpd   free   buff  cache   si   so    bi    bo   in   cs us sy id wa st gu
 1  6 135032 73588596 1715172 79907884    0    0     0 379604 154500 576226 17  4 78  1  0  0
16  2 135032 73582504 1715172 79912344    0    0     0 371624 155792 581640 17  4 78  1  0  0
 8  1 135032 73586224 1715176 79916268    0    0     4 378980 156660 588018 17  4 78  1  0  0
 4  5 135032 73581560 1715188 79921260    0    0     0 372712 155615 588068 17  4 78  1  0  0
 1  6 135032 73580216 1715188 79925392    0    0     0 358584 155640 581171 17  4 78  1  0  0
 2  3 135032 73572976 1715188 79929884    0    0     0 375704 155360 582590 17  4 78  1  0  0
14  1 135032 73565576 1715188 79934064    0    0     0 361948 153133 573134 17  4 78  1  0  0
 7  6 135032 73565124 1715188 79938404    0    0     0 381440 156533 591061 17  5 77  1  0  0
28  0 135032 73565792 1715200 79942992    0    0     0 365088 153726 586075 17  5 77  1  0  0
 6  5 135032 73556536 1715200 79947444    0    0     0 373680 155269 585678 17  5 77  1  0  0
 1  8 135032 73549484 1715200 79951556    0    0     0 361396 154783 582093 17  5 77  1  0  0
 3  5 135032 73552912 1715200 79956112    0    0     0 379200 155650 590093 17  4 77  1  0  0
 3  6 135032 73550460 1715200 79960600    0    0     0 372192 154894 575549 17  4 78  1  0  0
 2  7 135032 73541376 1715200 79964904    0    0     0 358048 155431 582952 17  5 77  1  0  0
 1  8 135032 73535320 1715200 79969264    0    0     0 374232 155810 581300 17  4 77  1  0  0
 3  7 135032 73529396 1715200 79973584    0    0     0 358228 155420 579773 17  4 78  1  0  0
 1  7 135032 73527064 1715200 79978116    0    0     0 373404 155810 580130 17  5 78  1  0  0
 8  3 135032 73519436 1715200 79982512    0    0     0 368368 154986 573204 17  4 78  1  0  0
 3  6 135032 73518864 1715208 79986772    0    0     0 375768 155335 576384 17  4 78  1  0  0
 3  7 135032 73514240 1715208 79991000    0    0     0 346916 154574 573662 17  4 78  1  0  0
 2  8 135032 73509124 1715208 79995516    0    0     0 365428 153678 567559 17  4 78  1  0  0
procs -----------memory---------- ---swap-- -----io---- -system-- -------cpu-------
 r  b   swpd   free   buff  cache   si   so    bi    bo   in   cs us sy id wa st gu
 5  6 135032 73501260 1715208 79999764    0    0     0 363148 153381 570471 17  4 78  1  0  0
19  4 135032 73494672 1715208 80003856    0    0     0 362908 151564 558288 16  4 78  1  0  0
 6  5 135032 73498580 1715216 80008284    0    0     0 369492 155685 578934 17  4 78  1  0  0
 5  7 135032 73492616 1715216 80012632    0    0     0 366988 154342 574320 17  5 78  1  0  0
 4  3 135032 73486720 1715216 80016888    0    0     0 389832 156380 576946 17  4 78  1  0  0
 7  6 135032 73484156 1715216 80021464    0    0     0 369376 157208 591730 17  5 77  1  0  0
19  4 135032 73477676 1715216 80025740    0    0     0 349524 155652 582419 17  4 78  1  0  0
 1  6 135032 73473544 1715220 80030100    0    0     0 372620 150699 553989 17  4 78  1  0  0
 1  8 135032 73469036 1715220 80034244    0    0     0 342688 149373 559783 17  4 78  1  0  0
 1  8 135032 73459720 1715220 80038580    0    0     0 330244 148750 562391 17  4 78  1  0  0
21  3 135032 73450832 1715220 80042836    0    0     0 345424 147857 550672 17  4 78  1  0  0
 0  7 135032 73446284 1715220 80046832    0    0     0 312800 143576 527223 16  4 78  1  0  0
 3  6 135032 73434628 1715228 80051052    0    0     0 357336 147771 552211 17  4 78  1  0  0
 2  5 135032 73434572 1715232 80055428    0    0     4 351672 151412 565958 17  4 78  1  0  0
 4  3 135032 73426608 1715232 80059864    0    0     0 376204 155817 583954 17  5 77  1  0  0
22  2 135032 73422412 1715232 80064384    0    0     0 367976 156868 586835 17  4 78  1  0  0
 0  9 135032 73419024 1715232 80068712    0    0     0 374848 157722 592692 17  5 77  1  0  0
 4  5 135032 73410768 1715236 80073184    0    0     0 375944 156372 580308 17  5 78  1  0  0
22  0 135032 73408956 1715236 80077520    0    0     0 380448 158409 591549 17  4 77  1  0  0
23  1 135032 73407064 1715236 80081884    0    0     0 382176 157085 590487 17  4 77  1  0  0
 4  4 135032 73399576 1715236 80086476    0    0     0 372264 157330 590223 17  5 77  1  0  0
procs -----------memory---------- ---swap-- -----io---- -system-- -------cpu-------
 r  b   swpd   free   buff  cache   si   so    bi    bo   in   cs us sy id wa st gu
 6  1 135032 73396572 1715236 80091008    0    0     0 370700 157870 598048 17  5 77  1  0  0
 2  7 135032 73389160 1715248 80095440    0    0     0 374824 156234 587546 17  4 78  1  0  0
 6  5 135032 73388428 1715248 80099876    0    0     0 381328 158031 593577 17  5 77  1  0  0
20  6 135032 73382420 1715248 80104280    0    0     0 376888 156200 589966 17  5 77  1  0  0
 1  5 135032 73375996 1715248 80108800    0    0     0 374276 156463 592008 17  5 77  1  0  0
 1  7 135032 73370696 1715248 80113332    0    0     0 376268 156903 588592 17  5 77  1  0  0
 3  6 135032 73366296 1715256 80117536    0    0     0 373156 157610 588529 17  5 77  1  0  0
 6  1 135032 73364312 1715256 80122004    0    0     0 374224 157853 592006 17  4 77  1  0  0
 4  4 135032 73360268 1715256 80126536    0    0     0 382172 157796 592533 17  5 77  1  0  0
22  2 135032 73355204 1715256 80131004    0    0     0 363356 156925 586738 17  5 77  1  0  0
 2  5 135032 73349648 1715256 80135488    0    0     0 380856 156715 583603 17  4 78  1  0  0
 0  6 135032 73342480 1715260 80139740    0    0     0 354984 156231 582226 17  4 78  1  0  0
23  3 135032 73334964 1715260 80144100    0    0     0 396856 155259 574033 17  4 78  1  0  0
 7  2 135032 73329076 1715260 80148452    0    0     0 346480 156254 591500 17  4 77  1  0  0
20  6 135032 73323896 1715260 80152828    0    0     0 376008 153998 570520 17  4 78  1  0  0
 2  7 135032 73322268 1715260 80157068    0    0     0 373004 155655 578464 17  4 78  1  0  0
 0  1 135032 73318132 1715264 80161672    0    0     0 388176 156224 580268 17  4 77  1  0  0
 4  4 135032 73285992 1715264 80165788    0    0     0 367152 153914 576645 17  5 78  1  0  0
19  4 135032 73279072 1715264 80170236    0    0     0 377464 156010 590985 17  4 77  1  0  0
21  0 135032 73278288 1715264 80174836    0    0     0 383376 156238 597543 17  5 77  1  0  0
15  0 135032 73279720 1715264 80178988    0    0     0 380080 157563 597837 17  5 77  1  0  0
procs -----------memory---------- ---swap-- -----io---- -system-- -------cpu-------
 r  b   swpd   free   buff  cache   si   so    bi    bo   in   cs us sy id wa st gu
19  0 135032 73275992 1715268 80183536    0    0     0 377376 158238 594249 18  4 77  1  0  0
21  0 135032 73271356 1715276 80188124    0    0     8 374068 156580 591758 17  5 77  1  0  0
19  0 135032 73267644 1715276 80192676    0    0     0 379528 157397 599616 18  5 77  1  0  0
18  0 135032 73263912 1715276 80197156    0    0     0 386252 160553 601498 17  4 77  1  0  0
20  0 135032 73255552 1715276 80201432    0    0     0 385380 160385 600258 18  5 77  1  0  0
22  0 135032 73249768 1715276 80205984    0    0     0 380372 159204 602840 18  5 77  1  0  0
 1  0 135032 73239564 1715276 80210544    0    0     0 376980 156760 596972 17  5 77  1  0  0
 9  1 135032 73244232 1715276 80214812    0    0     0 370824 156548 588167 17  4 78  1  0  0
 1  4 135032 73244820 1715276 80219284    0    0     0 368812 157045 582989 17  4 77  1  0  0
18  6 135032 73239000 1715276 80223604    0    0     0 373316 155981 582487 17  4 78  1  0  0
20  1 135032 73243916 1715280 80227952    0    0     0 386908 157257 594159 17  4 77  1  0  0
19  0 135032 73237024 1715280 80232452    0    0     0 377632 156893 591448 17  5 77  1  0  0
20  0 135032 73234984 1715280 80236988    0    0     0 380908 156989 596697 17  5 77  1  0  0
19  1 135032 73231944 1715280 80241548    0    0     0 381644 158494 598235 18  4 77  1  0  0
18  0 135032 73227496 1715280 80245796    0    0     0 381872 158536 601254 18  4 77  1  0  0
19  1 135032 73220904 1715284 80250516    0    0     0 377960 156863 596807 17  5 77  1  0  0
20  1 135032 73221576 1715284 80254984    0    0     0 381752 157692 599820 18  5 77  1  0  0
19  0 135032 73209420 1715284 80259428    0    0     0 381272 159195 593533 18  5 77  1  0  0
17  1 135032 73212728 1715284 80263904    0    0     0 381272 158707 599214 17  5 77  1  0  0
18  0 135032 73205916 1715284 80268324    0    0     0 383180 158671 600056 18  5 77  1  0  0
18  1 135032 73205496 1715288 80272936    0    0     0 382264 157784 594680 17  5 77  1  0  0
procs -----------memory---------- ---swap-- -----io---- -system-- -------cpu-------
 r  b   swpd   free   buff  cache   si   so    bi    bo   in   cs us sy id wa st gu
20  0 135032 73201852 1715288 80277228    0    0     0 383704 159205 599773 18  5 77  1  0  0
18  1 135032 73197724 1715288 80281640    0    0     0 381740 157759 595810 17  5 77  1  0  0
18  0 135032 73190508 1715288 80286156    0    0     0 381492 157823 596654 17  5 77  1  0  0
18  0 135032 73188920 1715288 80290720    0    0     0 379532 157711 595236 17  5 77  1  0  0
17  0 135032 73175816 1715296 80295080    0    0     0 382008 158732 593798 17  5 77  1  0  0
18  0 135032 73173792 1715296 80299700    0    0     0 382172 158774 591357 18  4 77  1  0  0
18  0 135032 73172940 1715296 80303640    0    0     0 379860 157508 595210 17  5 77  1  0  0
20  0 135032 73167928 1715296 80308592    0    0     0 380712 158992 593251 18  5 77  1  0  0
 5  6 135032 73160260 1715296 80312752    0    0     0 376416 157363 585778 17  4 78  1  0  0
16  1 135032 73151516 1715304 80317072    0    0     0 379880 156939 583622 17  4 77  1  0  0
18  0 135032 73148692 1715304 80321752    0    0     0 391472 160562 600934 17  4 78  1  0  0
18  0 135032 73146544 1715308 80326028    0    0     4 397828 164968 612442 18  4 77  1  0  0
18  0 135032 73140672 1715308 80330628    0    0     0 398420 164613 613119 17  4 77  1  0  0
19  0 135032 73136056 1715308 80335312    0    0     0 394140 162722 607889 17  5 77  1  0  0
18  0 135032 73135324 1715312 80339456    0    0     0 382028 158034 599216 18  4 77  1  0  0
16  2 135032 73122676 1715312 80344032    0    0     0 359088 151988 574949 17  4 78  1  0  0
16  2 135032 73124360 1715312 80348332    0    0     0 378392 156730 591290 18  4 77  1  0  0
18  0 135032 73119052 1715312 80352908    0    0     0 384852 159353 597369 18  4 77  1  0  0
17  1 135032 73111224 1715312 80357344    0    0     0 381392 158388 596241 17  5 77  1  0  0
17  1 135032 73107008 1715320 80361832    0    0     0 379752 157338 591762 17  5 77  1  0  0
22  2 135032 73059396 1715320 80366100    0    0     0 362956 151760 545881 16  4 79  1  0  0
procs -----------memory---------- ---swap-- -----io---- -system-- -------cpu-------
 r  b   swpd   free   buff  cache   si   so    bi    bo   in   cs us sy id wa st gu
20  0 135032 73051188 1715320 80370484    0    0     0 381268 158200 589861 17  5 78  1  0  0
18  1 135032 73103232 1715324 80374688    0    0     0 378036 157776 591601 17  5 77  1  0  0
12  0 135032 73101808 1715324 80379224    0    0     0 377640 158070 580227 17  5 78  1  0  0
18  0 135032 73100240 1715324 80383580    0    0     0 375040 156879 579550 17  4 78  1  0  0
19  0 135032 73099580 1715328 80387984    0    0     0 376568 156703 585410 17  4 78  1  0  0
19  0 135032 73094984 1715328 80392072    0    0     0 382604 158113 592938 17  5 77  1  0  0
20  0 135032 73087736 1715328 80396776    0    0     0 381136 158266 593234 18  5 77  1  0  0
17  2 135032 73080988 1715328 80401292    0    0     0 382484 158308 597324 17  5 77  1  0  0
18  1 135032 73076792 1715328 80405652    0    0     0 378340 157477 593365 17  5 77  1  0  0
18  0 135032 73070040 1715328 80410164    0    0     0 377004 157011 586000 17  4 77  1  0  0
20  0 135032 73068664 1715328 80414520    0    0     0 379732 157603 593509 17  5 77  1  0  0
18  1 135032 73067528 1715328 80418664    0    0     0 381476 157758 593115 17  5 77  1  0  0
18  0 135032 73062204 1715328 80423156    0    0     0 375936 157336 587823 17  5 77  1  0  0
19  0 135032 73055176 1715328 80427656    0    0     0 352212 150345 563109 17  4 78  1  0  0
21  1 135032 73051064 1715332 80431720    0    0     0 353920 150923 569300 17  4 78  1  0  0
20  0 135032 73045300 1715332 80436184    0    0     0 353324 151420 565281 17  4 78  1  0  0
19  0 135032 73046952 1715332 80440524    0    0     0 350548 150689 559417 17  4 78  1  0  0
15  2 135032 73047368 1715332 80444768    0    0     0 349124 149567 559296 17  4 78  1  0  0
18  0 135032 73044772 1715332 80449192    0    0     0 351128 150314 564210 17  4 78  1  0  0
19  1 135032 73037112 1715340 80453524    0    0     0 359956 153407 571904 17  4 78  1  0  0
18  0 135032 73024400 1715340 80457684    0    0     0 360088 153495 563859 17  4 78  1  0  0
procs -----------memory---------- ---swap-- -----io---- -system-- -------cpu-------
 r  b   swpd   free   buff  cache   si   so    bi    bo   in   cs us sy id wa st gu
23  1 135032 73017468 1715344 80462072    0    0     4 361820 154022 568819 17  4 78  1  0  0
20  0 135032 73016068 1715344 80466288    0    0     0 354788 151686 564343 17  4 78  1  0  0
19  0 135032 73010380 1715344 80470544    0    0     0 354396 150828 560592 17  4 78  1  0  0
19  0 135032 73003544 1715348 80474860    0    0     0 358372 153453 571463 17  4 78  1  0  0
19  1 135032 73006132 1715348 80479096    0    0     0 362136 154195 577245 17  4 78  1  0  0
17  1 135032 73006872 1715348 80483552    0    0     0 357024 152453 571433 17  4 78  1  0  0
17  1 135032 73000384 1715348 80487668    0    0     0 365960 156359 583870 17  4 77  1  0  0
21  0 135032 73000740 1715348 80492108    0    0     0 364280 155125 578731 17  4 78  1  0  0
20  0 135032 72996700 1715360 80496624    0    0     0 362620 154696 580721 17  4 77  1  0  0
16  0 135032 72984944 1715360 80501076    0    0     0 365808 154799 579392 17  4 77  1  0  0
19  1 135032 72980580 1715360 80505396    0    0     0 367384 155803 581413 17  4 77  1  0  0
19  1 135032 72966368 1715360 80509716    0    0     0 364884 154389 580509 17  4 78  1  0  0
15  1 135032 72964632 1715360 80514180    0    0     0 362300 154989 581691 17  5 77  1  0  0
19  1 135032 72957980 1715364 80518636    0    0     0 372368 157004 583921 17  4 77  1  0  0
23  0 135032 72956588 1715364 80523100    0    0     0 370824 156098 584684 17  4 77  1  0  0
17  2 135032 72948076 1715364 80527272    0    0     0 365464 153763 577696 17  4 78  1  0  0
20  0 135032 72946384 1715364 80531676    0    0     0 373060 157418 591793 17  4 77  1  0  0
18  1 135032 72939584 1715364 80536096    0    0     0 375092 157660 588815 17  5 77  1  0  0
21  0 135032 72928500 1715364 80540588    0    0     0 366996 155837 566865 17  4 78  1  0  0
20  0 135032 72918184 1715364 80544732    0    0     0 365584 155042 571978 17  4 78  1  0  0
19  0 135032 72912572 1715364 80549016    0    0     0 367652 154878 573008 17  4 78  1  0  0
procs -----------memory---------- ---swap-- -----io---- -system-- -------cpu-------
 r  b   swpd   free   buff  cache   si   so    bi    bo   in   cs us sy id wa st gu
19  1 135032 72916824 1715364 80553484    0    0     0 386944 162473 603002 17  4 77  1  0  0
20  0 135032 72908240 1715364 80557724    0    0     0 385312 162057 604087 17  4 77  1  0  0
17  1 135032 72906508 1715368 80562276    0    0     0 380468 161471 595947 17  4 77  1  0  0
16  0 135032 72901848 1715368 80566512    0    0     0 384568 162354 596710 17  4 77  1  0  0
18  0 135032 72895424 1715368 80570920    0    0     0 387376 162248 604462 17  5 77  1  0  0
17  0 135032 72889816 1715368 80575516    0    0     0 382844 161114 599537 17  5 77  1  0  0
18  1 135032 72883576 1715368 80579864    0    0     0 384424 160971 602641 17  4 77  1  0  0
19  2 135032 72882680 1715376 80584360    0    0     0 385596 162102 600344 17  4 77  1  0  0
18  0 135032 72876352 1715376 80588916    0    0     0 387228 162282 604858 17  5 77  1  0  0
19  0 135032 72872716 1715376 80593372    0    0     0 388524 163651 611716 18  4 77  1  0  0
20  0 135032 72870292 1715380 80597908    0    0     4 390056 162860 611014 17  5 77  1  0  0
18  0 135032 72871592 1715380 80602324    0    0     0 387392 162297 605114 18  4 77  1  0  0
19  0 135032 72870972 1715384 80606820    0    0     0 383132 161264 598537 17  5 77  1  0  0
18  1 135032 72866872 1715384 80611132    0    0     0 384816 162861 601741 17  4 77  1  0  0
18  0 135032 72864208 1715384 80615520    0    0     0 382768 160929 596297 17  4 77  1  0  0
17  1 135032 72857080 1715384 80619936    0    0     0 385292 161501 595866 17  5 77  1  0  0
20  0 135032 72855500 1715384 80624416    0    0     0 379580 160000 591922 17  4 78  1  0  0
17  1 135032 72848580 1715392 80628696    0    0     0 385236 163405 602496 18  4 77  1  0  0
21  0 135032 72842944 1715392 80633068    0    0     0 379592 160374 586063 17  4 78  1  0  0
19  0 135032 72837920 1715392 80637312    0    0     0 378092 159309 582002 17  4 78  1  0  0
19  1 135032 72833300 1715392 80641676    0    0     0 380764 160441 589906 17  4 78  1  0  0
procs -----------memory---------- ---swap-- -----io---- -system-- -------cpu-------
 r  b   swpd   free   buff  cache   si   so    bi    bo   in   cs us sy id wa st gu
20  0 135032 72831320 1715392 80646168    0    0     0 388044 162855 605888 17  5 77  1  0  0
18  1 135032 72824508 1715400 80650568    0    0     0 390184 163724 609444 18  4 77  1  0  0
17  0 135032 72826256 1715400 80654880    0    0     0 388840 162727 607761 17  5 77  1  0  0
17  1 135032 72821604 1715400 80659436    0    0     0 391532 164234 615314 18  4 77  1  0  0
17  2 135032 72812872 1715400 80663952    0    0     0 384736 161495 603565 17  5 77  1  0  0
18  0 135032 72810212 1715400 80668252    0    0     0 374668 156431 592739 17  5 77  1  0  0
17  1 135032 72806864 1715404 80672956    0    0     0 375028 157092 594546 17  5 77  1  0  0
18  0 135032 72800856 1715404 80677344    0    0     0 373136 156740 594357 17  5 77  1  0  0
17  0 135032 72795180 1715404 80681832    0    0     0 370520 156156 587112 17  5 77  1  0  0
17  1 135032 72785560 1715404 80686300    0    0     0 368708 156034 574876 17  4 78  1  0  0
20  0 135032 72783924 1715404 80690492    0    0     0 369452 155496 585675 17  4 77  1  0  0
18  1 135032 72770980 1715408 80694888    0    0     0 369676 156135 586508 17  4 77  1  0  0
17  1 135032 72762828 1715408 80699340    0    0     0 373624 156554 589400 17  5 77  1  0  0
20  0 135032 72756864 1715408 80703640    0    0     0 372496 156343 586077 17  4 78  1  0  0
17  0 135032 72727112 1715408 80707936    0    0     0 364040 153955 570335 17  4 78  1  0  0
17  1 135032 72722844 1715408 80712104    0    0     0 368596 155910 578581 17  4 78  1  0  0
17  1 135032 72720832 1715412 80716608    0    0     0 370520 155728 589007 17  4 77  1  0  0
22  1 135032 72718388 1715412 80721168    0    0     0 371684 156040 591476 18  4 77  1  0  0
20  0 135032 72714668 1715412 80725564    0    0     0 376384 156542 595005 18  5 77  1  0  0
18  0 135032 72707988 1715412 80730108    0    0     0 375172 157043 593186 17  5 77  1  0  0
20  0 135032 72706604 1715416 80734332    0    0     4 380136 158475 601061 18  5 77  1  0  0
procs -----------memory---------- ---swap-- -----io---- -system-- -------cpu-------
 r  b   swpd   free   buff  cache   si   so    bi    bo   in   cs us sy id wa st gu
17  1 135032 72703380 1715424 80738952    0    0     0 383736 159757 604361 18  5 77  1  0  0
16  1 135032 72700204 1715424 80743512    0    0     0 388888 162720 606359 17  4 77  1  0  0
18  1 135032 72707236 1715424 80747896    0    0     0 391328 163244 605985 17  5 77  1  0  0
19  0 135032 72701492 1715424 80752440    0    0     0 390692 163626 612069 17  5 77  1  0  0
19  1 135032 72694980 1715424 80756996    0    0     0 388256 162164 606376 17  4 77  1  0  0
18  0 135032 72688652 1715436 80761268    0    0     0 387608 162308 605901 17  5 77  1  0  0
20  0 135032 72682212 1715436 80765784    0    0     0 394568 165018 614939 18  5 77  1  0  0
18  1 135032 72679408 1715436 80770288    0    0     0 390812 163539 614805 17  4 77  1  0  0
18  1 135032 72676800 1715436 80774596    0    0     0 384692 162471 602704 17  4 78  1  0  0
24  0 135032 72670084 1715436 80779492    0    0     0 380080 159310 594176 17  4 77  1  0  0
19  0 135032 72672180 1715444 80783772    0    0     0 380632 160281 596358 17  4 77  1  0  0
18  1 135032 72666124 1715444 80788112    0    0     0 381136 161784 599196 17  4 78  1  0  0
19  0 135032 72658412 1715444 80792596    0    0     0 382288 162079 599540 17  4 77  1  0  0
19  0 135032 72654148 1715444 80796856    0    0     0 387920 163441 602682 17  4 77  1  0  0
16  1 135032 72648976 1715444 80801324    0    0     0 388116 163787 597057 17  4 78  1  0  0
18  1 135032 72641176 1715448 80805656    0    0     0 386304 163215 594998 17  4 78  1  0  0
19  0 135032 72640692 1715448 80810032    0    0     0 393412 164374 613709 17  4 77  1  0  0
20  0 135032 72644392 1715448 80814528    0    0     0 392824 163734 610082 17  4 77  1  0  0
20  0 135032 72639208 1715460 80818696    0    0     0 389840 162568 611932 17  5 77  1  0  0
17  1 135032 72637588 1715460 80823372    0    0     0 392344 163533 611193 17  4 77  1  0  0
19  0 135032 72628812 1715460 80827820    0    0     0 392348 163206 615078 18  4 77  1  0  0
procs -----------memory---------- ---swap-- -----io---- -system-- -------cpu-------
 r  b   swpd   free   buff  cache   si   so    bi    bo   in   cs us sy id wa st gu
17  1 135032 72621836 1715460 80832244    0    0     0 384656 161195 602260 17  4 77  1  0  0
21  0 135032 72613268 1715460 80836632    0    0     0 392588 164173 616497 17  5 77  1  0  0
18  0 135032 72605528 1715460 80841184    0    0     0 386004 161562 607607 17  4 77  1  0  0
17  2 135032 72598256 1715464 80845756    0    0     0 392420 163820 615916 18  4 77  1  0  0
20  0 135032 72587836 1715464 80850260    0    0     0 390296 164559 609563 17  4 77  1  0  0
18  1 135032 72585240 1715464 80854600    0    0     0 384084 160703 595044 17  4 78  1  0  0
20  0 135032 72576672 1715464 80859128    0    0     0 391092 164006 605645 17  4 77  1  0  0
16  2 135032 72576880 1715464 80863692    0    0     0 395116 165481 613769 17  5 77  1  0  0
18  0 135032 72571632 1715468 80867832    0    0     4 384920 162224 594237 17  5 78  1  0  0
18  0 135032 72563372 1715468 80872468    0    0     0 387592 162265 596625 17  4 78  1  0  0
19  0 135032 72557916 1715468 80876744    0    0     0 378428 159181 584126 17  4 78  1  0  0
17  1 135032 72556856 1715468 80880800    0    0     0 386156 161522 598512 17  4 78  1  0  0
19  0 135032 72552940 1715468 80885404    0    0     0 387308 163123 602024 17  4 77  1  0  0
20  0 135032 72546596 1715472 80889780    0    0     0 385484 161980 602125 17  4 77  1  0  0
17  0 135032 72542288 1715472 80894392    0    0     0 387724 163458 600700 17  4 77  1  0  0
19  1 135032 72537452 1715472 80898764    0    0     0 388976 164431 601788 17  4 77  1  0  0
20  0 135032 72532432 1715472 80903028    0    0     0 389884 163984 598321 17  5 77  1  0  0
18  0 135032 72483336 1715472 80907364    0    0     0 374032 159439 565996 16  4 79  1  0  0
19  0 135032 72490100 1715476 80911468    0    0     0 383512 161466 596668 17  4 78  1  0  0
17  1 135032 72487268 1715476 80915808    0    0     0 387816 163188 600886 17  5 77  1  0  0
18  1 135032 72540340 1715480 80920052    0    0     0 386612 164196 596699 17  4 77  1  0  0
procs -----------memory---------- ---swap-- -----io---- -system-- -------cpu-------
 r  b   swpd   free   buff  cache   si   so    bi    bo   in   cs us sy id wa st gu
20  1 135032 72535172 1715480 80924388    0    0     0 389900 165117 603028 17  5 77  1  0  0
21  0 135032 72526200 1715480 80929012    0    0     0 387656 162651 603410 17  4 78  1  0  0
15  1 135032 72521304 1715484 80933600    0    0     0 390128 163110 607076 17  4 77  1  0  0
19  0 135032 72522504 1715484 80937936    0    0     0 390368 164031 604571 17  4 78  1  0  0
20  1 135032 72519700 1715484 80942264    0    0     0 389560 163117 603270 17  4 77  1  0  0
17  1 135032 72516896 1715484 80946808    0    0     0 390716 163751 607684 17  4 77  1  0  0
16  1 135032 72508720 1715484 80951028    0    0     0 388056 163273 601296 17  4 78  1  0  0
17  1 135032 72504840 1715484 80955688    0    0     0 391684 163501 601536 17  4 78  1  0  0
19  0 135032 72493656 1715484 80959888    0    0     0 384264 162081 590371 17  4 78  1  0  0
19  1 135032 72492676 1715484 80964288    0    0     0 387700 162354 600697 17  4 77  1  0  0
19  0 135032 72488884 1715484 80968604    0    0     0 389020 161713 597685 17  4 78  1  0  0
19  0 135032 72488268 1715484 80972936    0    0     0 390904 163166 606621 17  4 77  1  0  0
 3  0 135032 72488340 1715488 80977476    0    0     0 385908 162281 603200 17  4 77  1  0  0
18  1 135032 72474200 1715488 80981884    0    0     0 388900 162474 601435 17  4 77  1  0  0
17  0 135032 72469912 1715488 80986172    0    0     0 389384 163968 604928 17  4 77  1  0  0
20  0 135032 72463716 1715488 80990704    0    0     0 392408 164704 610609 17  4 77  1  0  0
18  1 135032 72461972 1715488 80994824    0    0     0 392096 164300 611448 17  5 77  1  0  0
19  0 135032 72453480 1715496 80999668    0    0     0 390528 163629 610695 18  5 77  1  0  0
19  1 135032 72452600 1715500 81004224    0    0     4 393736 165536 604148 17  4 77  1  0  0
25  0 135032 72444220 1715500 81008568    0    0     0 391848 163776 610440 17  4 77  1  0  0
18  1 135032 72450888 1715500 81013124    0    0     0 392524 164495 604234 17  4 77  1  0  0
procs -----------memory---------- ---swap-- -----io---- -system-- -------cpu-------
 r  b   swpd   free   buff  cache   si   so    bi    bo   in   cs us sy id wa st gu
21  1 135032 72446680 1715500 81017188    0    0     0 390240 164062 604658 17  4 77  1  0  0
18  0 135032 72439736 1715504 81021888    0    0     0 392312 165291 611272 17  4 77  1  0  0
18  0 135032 72437900 1715504 81026172    0    0     0 395060 165663 617720 18  5 77  1  0  0
22  0 135032 72435900 1715504 81030732    0    0     0 384496 162543 591796 17  4 78  1  0  0
19  0 135032 72429760 1715504 81035056    0    0     0 382480 161694 585769 17  4 78  1  0  0
20  1 135032 72419692 1715504 81039444    0    0     0 384980 161850 590523 17  4 78  1  0  0
20  1 135032 72413632 1715504 81043456    0    0     0 392660 164452 603153 17  4 77  1  0  0
17  1 135032 72411028 1715504 81048216    0    0     0 389336 163540 595019 17  4 78  1  0  0
16  1 135032 72403972 1715504 81052476    0    0     0 383596 161138 595254 17  4 77  1  0  0
18  0 135032 72395964 1715504 81056724    0    0     0 388648 164058 599825 17  4 77  1  0  0
18  1 135032 72392532 1715504 81061152    0    0     0 389488 163288 608474 17  5 77  1  0  0
18  0 135032 72382048 1715508 81065904    0    0     0 391420 165043 607165 18  4 77  1  0  0
18  0 135032 72377028 1715508 81070180    0    0     0 391344 163995 608751 17  4 77  1  0  0
18  1 135032 72371588 1715508 81074696    0    0     0 391032 162727 608573 17  5 77  1  0  0
18  0 135032 72367136 1715508 81078924    0    0     0 390464 164015 612695 17  5 77  1  0  0
19  0 135032 72349960 1715508 81083812    0    0     0 392052 164345 606604 18  4 77  1  0  0
19  0 135032 72345252 1715516 81088216    0    0     0 397804 164254 613763 17  5 77  1  0  0
20  0 135032 72356692 1715516 81092748    0    0     0 394604 165182 617156 18  4 77  1  0  0
17  1 135032 72344892 1715516 81097120    0    0     0 391764 164442 611475 17  5 77  1  0  0
