procs -----------memory---------- ---swap-- -----io---- -system-- -------cpu-------
 r  b   swpd   free   buff  cache   si   so    bi    bo   in   cs us sy id wa st gu
11  2 136308 21345572 1729928 155150748    4    6 25695 25947 12443    3  3  0 96  1  0  0
 1  0 136308 21323648 1729928 155153832    0    0 36128 277956 107202 67689  3  1 96  1  0  0
 1  0 136308 21334128 1729940 155153988    0    0 34416 259872 98548 50519  1  0 98  1  0  0
 0  1 136308 21334632 1729940 155154212    0    0 35424 255156 97975 52511  1  0 98  1  0  0
 0  1 136308 21354924 1729940 155154412    0    0 35744 252056 98249 51084  1  0 98  1  0  0
 1  0 136308 21356784 1729940 155154620    0    0 35488 248952 97927 52097  1  0 98  1  0  0
 2  0 136308 21359752 1729940 155154820    0    0 33920 244300 97998 48315  1  0 98  1  0  0
 2  0 136308 21369628 1729944 155155012    0    0 35056 240244 97455 48829  1  0 98  1  0  0
 2  0 136308 21371788 1729944 155155200    0    0 35456 236720 97733 48160  1  0 98  1  0  0
 1  0 136308 21370388 1729944 155155408    0    0 35696 231860 97506 50566  1  0 98  1  0  0
 1  0 136308 21384512 1729944 155155620    0    0 34592 227500 96917 48320  1  0 98  1  0  0
 1  0 136308 21389040 1729944 155155816    0    0 35408 226748 96901 49436  1  0 98  1  0  0
 1  0 136308 21387876 1729948 155156036    0    0 35312 224320 96930 47563  1  0 98  1  0  0
 1  0 136308 21398652 1729948 155156240    0    0 34432 223632 96502 46888  1  0 98  1  0  0
 1  0 136308 21406004 1729948 155156480    0    0 35056 223004 96658 48774  1  0 98  1  0  0
 0  1 136308 21407140 1729948 155156652    0    0 34928 220500 96543 45766  1  0 98  1  0  0
 1  0 136308 21408184 1729948 155156856    0    0 35280 219364 97015 47224  1  0 98  1  0  0
 2  0 136308 21412428 1729952 155157060    0    0 36096 217424 96817 47018  1  0 98  1  0  0
 0  1 136308 21415020 1729952 155157284    0    0 35824 217188 96784 47477  1  0 98  1  0  0
 0  1 136308 21420920 1729952 155157484    0    0 35712 217668 96951 47967  1  0 98  1  0  0
 0  1 136308 21421936 1729952 155157692    0    0 35776 215024 96860 47200  1  0 98  1  0  0
procs -----------memory---------- ---swap-- -----io---- -system-- -------cpu-------
 r  b   swpd   free   buff  cache   si   so    bi    bo   in   cs us sy id wa st gu
 1  0 136308 21419696 1729952 155157904    0    0 35904 212648 96618 48718  1  0 98  1  0  0
 1  0 136308 21422764 1729952 155158128    0    0 36000 210528 96316 49336  1  0 98  1  0  0
 1  0 136308 21422916 1729952 155158328    0    0 36176 209104 96315 49537  1  0 98  1  0  0
 0  1 136308 21422512 1729952 155158536    0    0 36224 207912 96205 46962  1  0 98  1  0  0
 1  0 136308 21421444 1729952 155158724    0    0 35856 208184 96252 50232  1  0 98  1  0  0
 1  0 136308 21424936 1729952 155158936    0    0 36096 206368 95987 46037  1  0 98  1  0  0
 0  0 136308 21425164 1729960 155159152    0    0 35792 206172 96180 48151  1  0 98  1  0  0
 1  0 136308 21423988 1729964 155159368    0    0 35136 204592 95786 48308  1  0 98  1  0  0
 1  0 136308 21424456 1729964 155159588    0    0 35680 202128 96051 48079  1  0 98  1  0  0
 1  0 136308 21420096 1729964 155159784    0    0 35328 201328 95447 47365  1  0 98  1  0  0
 0  1 136308 21417064 1729964 155159972    0    0 35184 200228 95728 46157  1  0 98  1  0  0
 1  0 136308 21413984 1729972 155160180    0    0 36896 150412 93735 42287  1  0 98  1  0  0
 0  1 136308 21417348 1729972 155160444    0    0 37120 150800 93439 43348  1  0 98  1  0  0
 1  0 136308 21416924 1729972 155160664    0    0 35776 148660 93232 44136  1  0 98  1  0  0
 2  0 136308 21417412 1729972 155160876    0    0 35632 149224 92873 42909  1  0 98  1  0  0
 0  1 136308 21424824 1729972 155161068    0    0 35808 146748 92893 43255  1  0 98  1  0  0
 1  0 136308 21427200 1729980 155161272    0    0 35744 147740 93125 43327  1  0 98  1  0  0
 1  0 136308 21428720 1729980 155161480    0    0 35936 145332 92857 44605  1  0 98  1  0  0
 1  0 136308 21425216 1729980 155161692    0    0 35232 146776 92783 45075  1  0 98  1  0  0
 1  0 136308 21425292 1729980 155161900    0    0 36192 144840 92853 44914  1  0 98  1  0  0
 0  1 136308 21420792 1729980 155162104    0    0 36704 146068 93257 43693  1  0 98  1  0  0
procs -----------memory---------- ---swap-- -----io---- -system-- -------cpu-------
 r  b   swpd   free   buff  cache   si   so    bi    bo   in   cs us sy id wa st gu
 0  1 136308 21420920 1729988 155162308    0    0 36592 143828 93232 42898  1  0 98  1  0  0
 1  0 136308 21430036 1729988 155162524    0    0 36528 144892 93053 41372  1  0 98  1  0  0
 1  0 136308 21426308 1729988 155162732    0    0 36448 143420 93020 42002  1  0 98  1  0  0
 1  0 136308 21430108 1729988 155162944    0    0 36256 144112 93205 44083  1  0 98  0  0  0
 0  1 136308 21428124 1729988 155163132    0    0 36512 143580 92888 45230  1  0 98  1  0  0
 0  1 136308 21425996 1729996 155163352    0    0 35984 142004 93051 41410  1  0 98  1  0  0
 1  0 136308 21423688 1729996 155163568    0    0 36384 141760 92833 44796  1  0 98  0  0  0
 1  0 136308 21423256 1729996 155163788    0    0 35536 140640 92933 41181  1  0 98  1  0  0
 0  1 136308 21420916 1729996 155164020    0    0 35264 141104 92935 42480  1  0 98  0  0  0
 1  0 136308 21418216 1729996 155164236    0    0 36000 139496 93114 42710  1  0 98  0  0  0
 1  0 136308 21417292 1730000 155164436    0    0 36368 139932 92930 44778  1  0 98  0  0  0
 2  0 136308 21416720 1730000 155164660    0    0 36112 139252 92885 45218  1  0 98  0  0  0
 1  0 136308 21416848 1730000 155164860    0    0 36320 138924 92975 44045  1  0 98  0  0  0
 1  0 136308 21421816 1730000 155165068    0    0 36416 138636 92609 41539  1  0 98  1  0  0
 0  1 136308 21420196 1730000 155165276    0    0 36736 125532 92001 43393  1  0 98  0  0  0
 1  0 136308 21417828 1730000 155165484    0    0 36464 126640 92328 43105  1  0 98  0  0  0
 1  0 136308 21415332 1730008 155165700    0    0 35888 124184 92126 41672  1  0 98  0  0  0
 1  0 136308 21410540 1730008 155165936    0    0 36400 125620 92416 41980  1  0 98  0  0  0
 0  1 136308 21413112 1730008 155166144    0    0 36512 124984 92200 42824  1  0 98  0  0  0
 1  0 136308 21409788 1730008 155166344    0    0 36240 168212 94192 47124  1  0 98  1  0  0
 0  1 136308 21411184 1730008 155166576    0    0 36320 107588 91430 41192  1  0 98  0  0  0
procs -----------memory---------- ---swap-- -----io---- -system-- -------cpu-------
 r  b   swpd   free   buff  cache   si   so    bi    bo   in   cs us sy id wa st gu
 1  0 136308 21411136 1730016 155166768    0    0 35040 179812 94610 45660  1  0 98  1  0  0
 1  0 136308 21409128 1730016 155166984    0    0 33984 235244 96844 48612  1  0 98  1  0  0
 0  1 136308 21406072 1730016 155167172    0    0 35472 245104 97362 48435  1  0 98  1  0  0
 0  1 136308 21407780 1730016 155167384    0    0 35040 223448 96441 46275  1  0 98  1  0  0
 1  0 136308 21407752 1730016 155167596    0    0 34576 203696 95357 48949  1  0 98  1  0  0
 0  1 136308 21407668 1730020 155167792    0    0 35648 186696 94910 48674  1  0 98  0  0  0
 1  0 136308 21405956 1730020 155168012    0    0 35760 171052 94576 47432  1  0 98  0  0  0
 1  0 136308 21406216 1730020 155168208    0    0 36432 157320 93801 46460  1  0 98  1  0  0
 2  0 136308 21413080 1730020 155168420    0    0 35808 145628 92979 44255  1  0 98  0  0  0
 0  1 136308 21415356 1730020 155168636    0    0 35408 135216 92512 45414  1  0 98  0  0  0
 1  0 136308 21414500 1730028 155168848    0    0 36032 126348 92304 43313  1  0 98  0  0  0
 0  1 136308 21414364 1730028 155169056    0    0 35760 118632 91872 40598  1  0 98  0  0  0
 0  1 136308 21410796 1730028 155169260    0    0 36688 111860 91665 40260  1  0 98  0  0  0
 0  1 136308 21412072 1730028 155169468    0    0 36608 105816 91240 42785  1  0 98  0  0  0
 1  0 136308 21413844 1730028 155169660    0    0 36112 99992 91115 42753  1  0 98  0  0  0
 2  0 136308 21409300 1730036 155169868    0    0 36448 95912 90706 41871  1  0 98  0  0  0
 1  0 136308 21409316 1730036 155170108    0    0 36896 92416 90515 41356  1  0 98  0  0  0
 1  0 136308 21409768 1730036 155170324    0    0 36864 88408 90394 41748  1  0 98  0  0  0
 2  0 136308 21408360 1730036 155170516    0    0 36448 85364 90137 39589  1  0 98  0  0  0
 1  0 136308 21406444 1730036 155170744    0    0 36128 83688 90283 41084  1  0 98  0  0  0
 1  0 136308 21406960 1730040 155170952    0    0 36320 81916 90068 40763  1  0 99  0  0  0
procs -----------memory---------- ---swap-- -----io---- -system-- -------cpu-------
 r  b   swpd   free   buff  cache   si   so    bi    bo   in   cs us sy id wa st gu
 0  1 136308 21408124 1730040 155171176    0    0 36288 80324 89993 41045  1  0 99  0  0  0
 1  0 136308 21406316 1730040 155171396    0    0 36432 74020 89946 39663  1  0 98  0  0  0
 1  0 136308 21405448 1730040 155171608    0    0 36368 75876 89933 40044  1  0 98  0  0  0
 1  0 136308 21405220 1730040 155171820    0    0 35920 75856 89788 40127  1  0 98  0  0  0
 1  0 136308 21405732 1730040 155172040    0    0 36304 75224 89918 39827  1  0 99  0  0  0
 2  0 136308 21413468 1730040 155172244    0    0 36272 76748 89735 39746  1  0 98  0  0  0
 1  0 136308 21412492 1730040 155172456    0    0 36080 75020 90051 37919  1  0 99  0  0  0
 1  0 136308 21411644 1730040 155172660    0    0 36368 73904 89679 38139  1  0 98  0  0  0
 0  1 136308 21408712 1730040 155172848    0    0 36704 66412 89468 38056  1  0 99  0  0  0
 1  0 136308 21404620 1730044 155173148    0    0 36544 67648 89601 38311  1  0 98  0  0  0
 1  0 136308 21403864 1730044 155173340    0    0 36528 67356 89615 38553  1  0 98  0  0  0
 1  0 136308 21401328 1730044 155173544    0    0 35984 67696 89353 38988  1  0 98  0  0  0
 1  0 136308 21402220 1730044 155173720    0    0 34832 67824 89413 38464  1  0 98  0  0  0
 0  1 136308 21402720 1730044 155173964    0    0 36336 68108 89508 37985  1  0 98  0  0  0
 0  1 136308 21399724 1730052 155174188    0    0 36384 68728 89797 39947  1  0 98  0  0  0
 1  0 136308 21399748 1730052 155174396    0    0 36128 68952 89530 39435  1  0 98  0  0  0
 0  1 136308 21398608 1730052 155174608    0    0 36112 68764 89575 38933  1  0 99  0  0  0
 1  0 136308 21403276 1730052 155174824    0    0 36544 68464 89406 37442  1  0 98  0  0  0
 1  0 136308 21404132 1730052 155175032    0    0 36864 68224 89598 39406  1  0 98  0  0  0
 0  1 136308 21402720 1730052 155175248    0    0 36464 68176 89481 39025  1  0 98  0  0  0
 0  1 136308 21404636 1730052 155175460    0    0 36000 68476 89543 39243  1  0 99  0  0  0
procs -----------memory---------- ---swap-- -----io---- -system-- -------cpu-------
 r  b   swpd   free   buff  cache   si   so    bi    bo   in   cs us sy id wa st gu
 1  0 136308 21403480 1730052 155175656    0    0 36480 68044 89531 37930  1  0 99  0  0  0
 1  0 136308 21404712 1730052 155175876    0    0 36112 68356 89654 38209  1  0 99  0  0  0
 2  0 136308 21409112 1730052 155176092    0    0 36352 68804 89479 37959  1  0 99  0  0  0
 1  0 136308 21408596 1730060 155176296    0    0 36752 68612 89593 38038  1  0 99  0  0  0
 1  0 136308 21404972 1730060 155176512    0    0 36128 68812 89577 38339  1  0 99  0  0  0
 1  0 136308 21408896 1730060 155176732    0    0 36032 68704 89654 37820  1  0 98  0  0  0
 0  1 136308 21408552 1730060 155176940    0    0 36112 69096 89503 38355  1  0 98  0  0  0
 1  0 136308 21409276 1730060 155177148    0    0 36096 69160 89392 38377  1  0 99  0  0  0
 1  0 136308 21407612 1730068 155177344    0    0 36384 69488 89633 39651  1  0 99  0  0  0
 0  1 136308 21406376 1730068 155177560    0    0 36656 69008 89595 39272  1  0 98  0  0  0
 1  0 136308 21403256 1730068 155177788    0    0 35696 68908 89641 39611  1  0 98  0  0  0
 1  0 136308 21408984 1730068 155177996    0    0 36976 68788 89478 38263  1  0 98  0  0  0
 1  0 136308 21405968 1730068 155178212    0    0 36608 68520 89619 38821  1  0 98  0  0  0
 0  1 136308 21411776 1730072 155178432    0    0 36480 68740 89555 38219  1  0 98  0  0  0
 1  0 136308 21410268 1730072 155178644    0    0 36624 68024 89633 38487  1  0 98  1  0  0
 0  1 136308 21413280 1730072 155178860    0    0 35648 67924 89331 37831  1  0 99  0  0  0
 1  0 136308 21409408 1730072 155179052    0    0 36784 68464 89608 38679  1  0 98  0  0  0
 0  1 136308 21410320 1730072 155179268    0    0 36320 54000 88924 37831  1  0 98  0  0  0
 1  0 136308 21405648 1730076 155179476    0    0 36448 55364 88909 37688  1  0 99  0  0  0
 1  0 136308 21402104 1730076 155179692    0    0 36480 56832 89038 37680  1  0 98  0  0  0
 1  1 136308 21402448 1730076 155179908    0    0 36096 57164 89111 37619  1  0 98  0  0  0
procs -----------memory---------- ---swap-- -----io---- -system-- -------cpu-------
 r  b   swpd   free   buff  cache   si   so    bi    bo   in   cs us sy id wa st gu
 1  0 136308 21402328 1730076 155180104    0    0 36736 57408 89174 36789  1  0 99  0  0  0
 0  1 136308 21398544 1730076 155180308    0    0 36304 58600 89230 38033  1  0 98  0  0  0
 0  1 136308 21403120 1730080 155180532    0    0 36464 58848 89123 37846  1  0 98  0  0  0
 1  0 136308 21405444 1730080 155180740    0    0 36160 59196 89315 37853  1  0 99  0  0  0
 0  1 136308 21404532 1730080 155180956    0    0 35872 59868 89315 37704  1  0 98  0  0  0
 0  1 136308 21403864 1730080 155181176    0    0 36688 59576 89163 37729  1  0 98  0  0  0
 2  0 136308 21405260 1730080 155181384    0    0 35968 59668 89076 38157  1  0 98  0  0  0
 3  0 136308 21404072 1730084 155181604    0    0 36048 60144 88968 38562  1  0 99  0  0  0
 2  1 136308 21404008 1730084 155181812    0    0 36480 60420 89188 38958  1  0 98  0  0  0
 2  0 136308 21407412 1730084 155182016    0    0 37312 60452 89312 38501  1  0 99  0  0  0
 1  0 136308 21401984 1730084 155182228    0    0 36496 60632 89034 38499  1  0 99  0  0  0
 0  1 136308 21400860 1730088 155182436    0    0 36688 61188 89481 38688  1  0 98  0  0  0
 0  1 136308 21395768 1730088 155182668    0    0 36256 60876 89106 37163  1  0 98  0  0  0
 0  1 136308 21393772 1730088 155182880    0    0 36976 60460 89158 37833  1  0 99  0  0  0
 1  0 136308 21391392 1730092 155183084    0    0 36416 61228 89078 37879  1  0 99  0  0  0
 1  0 136308 21393124 1730092 155183300    0    0 36640 61072 89288 38464  1  0 98  0  0  0
 1  1 136308 21390604 1730096 155183524    0    0 36544 60988 89391 39087  1  0 98  0  0  0
 2  0 136308 21389652 1730096 155183732    0    0 36688 61152 89220 38589  1  0 99  0  0  0
 0  1 136308 21390848 1730096 155183940    0    0 36688 61452 89256 39072  1  0 99  0  0  0
 1  0 136308 21387324 1730096 155184152    0    0 36512 61364 89419 38124  1  0 98  0  0  0
 0  1 136308 21385300 1730100 155184376    0    0 36496 61856 89294 39445  1  0 99  0  0  0
procs -----------memory---------- ---swap-- -----io---- -system-- -------cpu-------
 r  b   swpd   free   buff  cache   si   so    bi    bo   in   cs us sy id wa st gu
 0  1 136308 21380352 1730100 155184596    0    0 37072 61500 89411 38425  1  0 98  0  0  0
 1  0 136308 21378864 1730100 155184792    0    0 36368 61048 89011 36882  1  0 98  0  0  0
 0  1 136308 21381704 1730100 155184992    0    0 36192 60892 89467 38186  1  0 98  0  0  0
 1  0 136308 21378808 1730100 155185232    0    0 36752 60312 89168 36768  1  0 98  0  0  0
 0  1 136308 21376508 1730100 155185428    0    0 37328 60956 89287 37917  1  0 98  0  0  0
 1  0 136308 21376328 1730100 155185652    0    0 36224 51836 88914 38454  1  0 99  0  0  0
 0  1 136308 21378044 1730100 155185912    0    0 35984 52624 88581 38096  1  0 98  0  0  0
 1  0 136308 21374704 1730100 155186156    0    0 37376 53924 89124 38663  1  0 99  0  0  0
 1  0 136308 21380180 1730100 155186364    0    0 37200 54624 88869 37808  1  0 99  0  0  0
 1  0 136308 21380420 1730104 155186572    0    0 37344 55412 88933 38713  1  0 98  0  0  0
 0  1 136308 21376368 1730104 155186784    0    0 36480 55144 88943 36551  1  0 99  0  0  0
 1  0 136308 21374884 1730104 155186972    0    0 36224 55988 89237 36962  1  0 99  0  0  0
 0  1 136308 21374920 1730104 155187204    0    0 36336 56160 88930 36596  1  0 98  0  0  0
 1  0 136308 21374972 1730104 155187416    0    0 36704 56196 89165 37451  1  0 99  0  0  0
 1  1 136308 21374056 1730104 155187612    0    0 35952 56860 88863 37888  1  0 99  0  0  0
 1  0 136308 21377252 1730104 155187828    0    0 35552 57064 89172 38080  1  0 99  0  0  0
 1  0 136308 21374640 1730104 155188044    0    0 36304 57168 89010 37715  1  0 98  0  0  0
 0  1 136308 21373824 1730104 155188248    0    0 36112 57036 88963 37089  1  0 98  0  0  0
 1  0 136308 21371112 1730104 155188464    0    0 36704 57356 88979 38306  1  0 98  0  0  0
 1  0 136308 21371196 1730108 155188672    0    0 36400 57400 89172 37840  1  0 98  0  0  0
 1  0 136308 21369548 1730108 155188876    0    0 36624 57512 88894 38591  1  0 98  0  0  0
procs -----------memory---------- ---swap-- -----io---- -system-- -------cpu-------
 r  b   swpd   free   buff  cache   si   so    bi    bo   in   cs us sy id wa st gu
 1  0 136308 21368332 1730108 155189092    0    0 36528 58232 89328 38773  1  0 99  0  0  0
 0  1 136308 21370296 1730108 155189304    0    0 35136 57544 88737 36809  1  0 99  0  0  0
 1  0 136308 21369692 1730108 155189512    0    0 36800 57492 89197 36638  1  0 98  0  0  0
 0  1 136308 21367204 1730108 155189724    0    0 35968 57656 89086 37061  1  0 98  0  0  0
 1  0 136308 21368968 1730108 155189944    0    0 36496 57760 89097 36874  1  0 99  0  0  0
 1  0 136308 21367500 1730108 155190156    0    0 36240 57532 88912 36773  1  0 98  0  0  0
 1  0 136308 21366712 1730108 155190356    0    0 36528 57932 89307 37152  1  0 98  0  0  0
 1  0 136308 21369264 1730108 155190564    0    0 37120 58516 89032 37398  1  0 99  0  0  0
 2  0 136308 21370500 1730112 155190788    0    0 36064 58124 89225 37235  1  0 98  0  0  0
 0  1 136308 21369080 1730112 155190996    0    0 34960 57880 88749 35782  1  0 98  0  0  0
 1  0 136308 21366108 1730112 155191200    0    0 35808 57980 89347 36756  1  0 99  0  0  0
 1  1 136308 21366312 1730112 155191408    0    0 35600 57380 88945 36113  1  0 99  0  0  0
 1  0 136308 21366848 1730112 155191616    0    0 35984 58436 89235 37185  1  0 99  0  0  0
 1  0 136308 21366084 1730124 155191828    0    0 36544 58556 89174 37682  1  0 98  0  0  0
 0  1 136308 21365576 1730124 155192044    0    0 36016 53100 88966 36455  1  0 98  0  0  0
 0  1 136308 21363640 1730124 155192252    0    0 36464 54084 88673 37447  1  0 99  0  0  0
 1  0 136308 21363568 1730124 155192484    0    0 36304 54672 89126 37190  1  0 99  0  0  0
 1  0 136308 21361400 1730124 155192672    0    0 37632 54836 88808 36228  1  0 99  0  0  0
 0  1 136308 21363932 1730132 155192884    0    0 37040 55204 89285 37528  1  0 98  0  0  0
 0  1 136308 21363680 1730132 155193112    0    0 37360 54636 89039 37738  1  0 98  0  0  0
 1  0 136308 21364260 1730132 155193312    0    0 36416 54328 89059 36375  1  0 99  0  0  0
procs -----------memory---------- ---swap-- -----io---- -system-- -------cpu-------
 r  b   swpd   free   buff  cache   si   so    bi    bo   in   cs us sy id wa st gu
 0  1 136308 21361268 1730132 155193524    0    0 36992 53264 88916 36664  1  0 98  0  0  0
 3  0 136308 21362528 1730132 155193772    0    0 36576 54672 89064 37686  1  0 98  0  0  0
 1  1 136308 21363924 1730136 155193956    0    0 35968 54960 88786 37483  1  0 98  0  0  0
 2  0 136308 21359832 1730136 155194192    0    0 37232 54916 89192 37106  1  0 99  0  0  0
 2  0 136308 21359948 1730136 155194372    0    0 36736 55120 88965 36948  1  0 99  0  0  0
 2  0 136308 21359956 1730136 155194624    0    0 35808 54884 88915 36744  1  0 99  0  0  0
 2  0 136308 21363992 1730136 155194824    0    0 36400 55864 89075 36889  1  0 99  0  0  0
 3  0 136308 21363224 1730140 155195016    0    0 35872 56636 88947 36444  1  0 98  0  0  0
 2  1 136308 21363352 1730140 155195232    0    0 36048 57244 89095 36797  1  0 98  0  0  0
 2  0 136308 21369300 1730140 155195444    0    0 34752 57352 89055 37445  1  0 98  0  0  0
 2  0 136308 21368540 1730140 155195652    0    0 37264 57628 89237 37718  1  0 99  0  0  0
 2  0 136308 21369144 1730140 155195876    0    0 36384 57432 89203 37194  1  0 99  0  0  0
 1  1 136308 21371608 1730144 155196068    0    0 36240 57328 89079 37511  1  0 98  0  0  0
 1  1 136308 21375240 1730144 155196316    0    0 36752 56428 89047 37254  1  0 98  0  0  0
 2  0 136308 21373768 1730144 155196540    0    0 36496 56400 89176 36965  1  0 99  0  0  0
 0  1 136308 21372264 1730144 155196744    0    0 37120 56484 89094 37491  1  0 98  0  0  0
 2  0 136308 21371816 1730148 155196948    0    0 35280 56328 88946 36905  1  0 98  0  0  0
 1  0 136308 21371568 1730148 155197156    0    0 36208 55656 89093 36739  1  0 98  0  0  0
 0  1 136308 21369216 1730148 155197364    0    0 36144 55680 88702 38407  1  0 99  0  0  0
 1  0 136308 21373764 1730148 155197600    0    0 37584 55716 89180 37130  1  0 98  0  0  0
 1  0 136308 21373800 1730148 155197788    0    0 36992 55140 89036 36855  1  0 99  0  0  0
procs -----------memory---------- ---swap-- -----io---- -system-- -------cpu-------
 r  b   swpd   free   buff  cache   si   so    bi    bo   in   cs us sy id wa st gu
 0  1 136308 21373000 1730148 155198004    0    0 34656 55044 89039 36515  1  0 98  0  0  0
 1  0 136308 21372576 1730148 155198216    0    0 37232 54968 89233 37567  1  0 98  0  0  0
 0  1 136308 21371832 1730152 155198432    0    0 36688 45072 88568 36290  1  0 99  0  0  0
 1  0 136308 21372984 1730152 155198712    0    0 36544 45480 88604 36845  1  0 98  0  0  0
 1  0 136308 21373144 1730152 155198928    0    0 35952 44764 88664 37657  1  0 99  0  0  0
 0  1 136308 21372584 1730156 155199124    0    0 36544 44352 88525 36160  1  0 99  0  0  0
 1  1 136308 21371892 1730156 155199328    0    0 37200 45872 88641 36622  1  0 99  0  0  0
 1  0 136308 21371648 1730156 155199544    0    0 36352 45840 88583 36163  1  0 99  0  0  0
 1  0 136308 21370696 1730156 155199744    0    0 36928 45080 88859 36880  1  0 99  0  0  0
 1  0 136308 21372308 1730156 155199992    0    0 35712 43852 88367 34998  1  0 99  0  0  0
 0  1 136308 21369140 1730160 155200188    0    0 35328 44516 88343 35565  1  0 99  0  0  0
 0  1 136308 21369308 1730160 155200380    0    0 37072 44192 88653 37021  1  0 99  0  0  0
 1  0 136308 21369216 1730160 155200596    0    0 36576 43768 88601 36689  1  0 99  0  0  0
 1  0 136308 21373700 1730160 155200828    0    0 36096 43984 88468 36148  1  0 99  0  0  0
 0  1 136308 21374840 1730160 155201048    0    0 37248 45004 88583 37266  1  0 99  0  0  0
 1  0 136308 21373560 1730164 155201248    0    0 37296 45324 88781 37624  1  0 99  0  0  0
 0  1 136308 21371088 1730164 155201472    0    0 37104 45696 88479 37017  1  0 99  0  0  0
 1  0 136308 21371332 1730164 155201680    0    0 37184 46052 88766 36844  1  0 99  0  0  0
 1  0 136308 21371620 1730164 155201872    0    0 38368 45876 88727 36846  1  0 98  0  0  0
 1  0 136308 21372008 1730164 155202100    0    0 37072 45480 88803 37010  1  0 99  0  0  0
 0  1 136308 21371948 1730168 155202320    0    0 36864 45792 88560 37307  1  0 99  0  0  0
procs -----------memory---------- ---swap-- -----io---- -system-- -------cpu-------
 r  b   swpd   free   buff  cache   si   so    bi    bo   in   cs us sy id wa st gu
 1  0 136308 21367064 1730168 155202544    0    0 37280 44956 88781 37261  1  0 99  0  0  0
 1  0 136308 21364576 1730168 155202732    0    0 36848 45276 88571 37552  1  0 99  0  0  0
 1  0 136308 21364792 1730168 155202968    0    0 37408 45600 88827 37076  1  0 98  0  0  0
 1  1 136308 21365148 1730168 155203188    0    0 37328 45708 88668 36841  1  0 99  0  0  0
 1  0 136308 21365920 1730172 155203404    0    0 36800 46864 88766 38394  1  0 99  0  0  0
 1  0 136308 21365932 1730172 155203616    0    0 37728 46400 88589 37377  1  0 99  0  0  0
 1  0 136308 21364108 1730172 155203828    0    0 37264 46728 88792 36932  1  0 99  0  0  0
 0  1 136308 21366844 1730172 155204032    0    0 36416 45984 88844 37167  1  0 98  0  0  0
 0  1 136308 21363804 1730172 155204272    0    0 37536 45728 88730 37266  1  0 98  0  0  0
 0  1 136308 21365724 1730176 155204480    0    0 36640 44928 88609 36531  1  0 99  0  0  0
 0  1 136308 21365608 1730176 155204672    0    0 37088 43496 88538 36543  1  0 99  0  0  0
 0  1 136308 21365668 1730176 155204924    0    0 36928 36840 88517 36871  1  0 99  0  0  0
 0  1 136308 21362368 1730176 155205148    0    0 36432 36536 88217 36354  1  0 99  0  0  0
 1  0 136308 21364040 1730176 155205332    0    0 37152 36188 88280 36554  1  0 99  0  0  0
 1  0 136308 21360612 1730180 155205568    0    0 37696 36688 88233 36696  1  0 99  0  0  0
 0  1 136308 21360516 1730180 155205764    0    0 37152 36368 88399 36749  1  0 99  0  0  0
 0  1 136308 21358568 1730180 155205984    0    0 37712 37516 88409 36623  1  0 99  0  0  0
 1  0 136308 21357056 1730180 155206252    0    0 37568 37056 88196 36022  1  0 99  0  0  0
 0  1 136308 21354452 1730180 155206448    0    0 37952 37776 88393 36213  1  0 99  0  0  0
 1  0 136308 21355796 1730188 155206648    0    0 37472 38044 88446 36969  1  0 99  0  0  0
 0  1 136308 21355780 1730188 155206880    0    0 38064 37684 88463 36439  1  0 99  0  0  0
procs -----------memory---------- ---swap-- -----io---- -system-- -------cpu-------
 r  b   swpd   free   buff  cache   si   so    bi    bo   in   cs us sy id wa st gu
 1  1 136308 21355040 1730188 155207112    0    0 36640 38500 88345 36526  1  0 99  0  0  0
 1  0 136308 21356132 1730188 155207332    0    0 36592 39556 88342 36492  1  0 99  0  0  0
 1  1 136308 21354876 1730188 155207548    0    0 37216 40220 88487 36819  1  0 99  0  0  0
 1  0 136308 21351416 1730188 155207764    0    0 37008 40208 88548 36899  1  0 99  0  0  0
 0  1 136308 21350056 1730192 155207988    0    0 37824 39600 88457 36576  1  0 99  0  0  0
 1  0 136308 21348040 1730192 155208188    0    0 38272 38796 88315 35851  1  0 99  0  0  0
 1  0 136308 21346344 1730192 155208384    0    0 37248 38552 88368 37011  1  0 98  0  0  0
 1  0 136308 21346656 1730192 155208600    0    0 37104 37404 88289 36976  1  0 99  0  0  0
 1  0 136308 21347444 1730192 155208844    0    0 37024 36772 88484 36985  1  0 99  0  0  0
 1  0 136308 21344672 1730200 155209056    0    0 37888 35936 88126 36729  1  0 99  0  0  0
 2  1 136308 21344244 1730200 155209256    0    0 37616 36260 88396 36531  1  0 99  0  0  0
 1  0 136308 21344444 1730200 155209488    0    0 36640 37196 88238 36773  1  0 99  0  0  0
 1  0 136308 21345200 1730200 155209696    0    0 37168 37064 88533 37174  1  0 99  0  0  0
 1  0 136308 21347716 1730200 155209908    0    0 37712 37372 88202 36778  1  0 99  0  0  0
 0  1 136308 21347788 1730200 155210112    0    0 37376 37180 88407 36473  1  0 98  0  0  0
 1  0 136308 21344836 1730200 155210332    0    0 37376 38184 88279 36635  1  0 99  0  0  0
 1  0 136308 21343444 1730200 155210556    0    0 37408 37256 88358 36779  1  0 99  0  0  0
 1  0 136308 21343380 1730200 155210772    0    0 37552 37280 88327 36567  1  0 99  0  0  0
 2  0 136308 21346920 1730200 155210996    0    0 37248 37336 88193 37331  1  0 99  0  0  0
 0  1 136308 21345920 1730208 155211192    0    0 37536 37064 88375 36618  1  0 99  0  0  0
 1  0 136308 21345228 1730208 155211444    0    0 37120 32432 88067 36273  1  0 99  0  0  0
procs -----------memory---------- ---swap-- -----io---- -system-- -------cpu-------
 r  b   swpd   free   buff  cache   si   so    bi    bo   in   cs us sy id wa st gu
 0  1 136308 21345808 1730212 155211732    0    0 37152 31820 88097 36427  1  0 99  0  0  0
 1  0 136308 21347968 1730212 155211960    0    0 37184 31196 88145 36433  1  0 98  0  0  0
 1  0 136308 21346164 1730212 155212204    0    0 37968 31356 88040 35744  1  0 99  0  0  0
 0  1 136308 21341940 1730216 155212416    0    0 36816 31592 88053 36428  1  0 99  0  0  0
 1  0 136308 21341940 1730216 155212632    0    0 36848 31524 87961 36183  1  0 98  0  0  0
 0  1 136308 21344144 1730216 155212844    0    0 37808 30804 88126 36512  1  0 99  0  0  0
 0  1 136308 21344448 1730216 155213068    0    0 37968 31624 88093 36319  1  0 99  0  0  0
 0  1 136308 21344468 1730216 155213284    0    0 37312 31564 87870 35922  1  0 99  0  0  0
 1  0 136308 21344420 1730220 155213492    0    0 37184 30936 87882 36093  1  0 99  0  0  0
 1  0 136308 21344652 1730220 155213744    0    0 37568 31108 88113 36494  1  0 99  0  0  0
 1  0 136308 21344872 1730220 155213960    0    0 37264 30756 87933 36192  1  0 98  0  0  0
 1  0 136308 21344480 1730220 155214180    0    0 37568 31172 88088 36212  1  0 99  0  0  0
 0  1 136308 21343572 1730220 155214396    0    0 37440 31356 87955 36121  1  0 99  0  0  0
 0  1 136308 21342116 1730224 155214620    0    0 36640 31872 88050 36286  1  0 98  0  0  0
 0  1 136308 21340308 1730224 155214840    0    0 37360 31780 87925 36042  1  0 99  0  0  0
 1  0 136308 21342872 1730224 155215052    0    0 37504 31408 88094 36163  1  0 99  0  0  0
 1  1 136308 21343996 1730224 155215264    0    0 37216 31740 87994 36025  1  0 99  0  0  0
 1  0 136308 21349684 1730224 155215472    0    0 36848 31952 88136 36434  1  0 99  0  0  0
 1  0 136308 21351036 1730228 155215716    0    0 37056 33160 87977 36686  1  0 99  0  0  0
 0  1 136308 21349528 1730228 155215912    0    0 36016 32660 87967 36093  1  0 99  0  0  0
 0  1 136308 21355428 1730228 155216128    0    0 36688 32036 87960 35892  1  0 99  0  0  0
procs -----------memory---------- ---swap-- -----io---- -system-- -------cpu-------
 r  b   swpd   free   buff  cache   si   so    bi    bo   in   cs us sy id wa st gu
 1  0 136308 21353216 1730228 155216344    0    0 36768 32332 88073 36256  1  0 99  0  0  0
 1  0 136308 21353868 1730228 155216568    0    0 36656 31676 87896 36232  1  0 99  0  0  0
 0  1 136308 21351600 1730232 155216784    0    0 36976 31340 87993 36015  1  0 99  0  0  0
 1  0 136308 21349356 1730232 155216980    0    0 37184 30260 87751 36174  1  0 99  0  0  0
 1  0 136308 21349260 1730232 155217192    0    0 37168 30948 87955 36080  1  0 99  0  0  0
 1  0 136308 21350020 1730232 155217396    0    0 36272 31060 87983 36297  1  0 99  0  0  0
 1  0 136308 21351700 1730232 155217628    0    0 36208 31348 87975 36099  1  0 99  0  0  0
 1  0 136308 21350612 1730232 155217840    0    0 37392 31584 87969 35844  1  0 99  0  0  0
 1  0 136308 21348600 1730232 155218040    0    0 36416 28576 87847 36346  1  0 99  0  0  0
 0  1 136308 21348128 1730232 155218260    0    0 36784 28424 87840 35365  1  0 99  0  0  0
 1  0 136308 21347896 1730232 155218480    0    0 36624 29312 87764 35793  1  0 99  0  0  0
 2  0 136308 21347148 1730232 155218696    0    0 37120 29248 87877 35139  1  0 99  0  0  0
 0  1 136308 21348876 1730236 155218908    0    0 37248 28412 87831 35867  1  0 99  0  0  0
 2  0 136308 21349216 1730236 155219120    0    0 36640 28552 87859 36421  1  0 99  0  0  0
 1  0 136308 21348876 1730236 155219328    0    0 36512 29004 87709 35738  1  0 99  0  0  0
 1  0 136308 21348256 1730236 155219548    0    0 37104 28696 87921 35536  1  0 99  0  0  0
 1  0 136308 21348376 1730236 155219756    0    0 37040 29024 87796 36080  1  0 99  0  0  0
 0  1 136308 21347916 1730240 155219980    0    0 37008 29360 88034 35907  1  0 99  0  0  0
 0  1 136308 21344892 1730240 155220192    0    0 36736 29888 87831 36328  1  0 99  0  0  0
 1  0 136308 21346164 1730240 155220404    0    0 36432 30336 87980 36271  1  0 98  0  0  0
 1  0 136308 21343936 1730240 155220620    0    0 36800 30440 87845 35618  1  0 99  0  0  0
procs -----------memory---------- ---swap-- -----io---- -system-- -------cpu-------
 r  b   swpd   free   buff  cache   si   so    bi    bo   in   cs us sy id wa st gu
 0  0 136308 21345196 1730240 155220820    0    0 36800 29816 88043 35764  1  0 99  0  0  0
 1  0 136308 21344540 1730240 155221036    0    0 36448 30048 87814 35877  1  0 99  0  0  0
 1  0 136308 21344052 1730240 155221260    0    0 36896 28972 87817 35816  1  0 99  0  0  0
 0  1 136308 21341700 1730240 155221476    0    0 37024 28908 87808 35998  1  0 99  0  0  0
 1  0 136308 21341340 1730240 155221684    0    0 37296 28696 88093 35988  1  0 99  0  0  0
 2  0 136308 21339100 1730240 155221900    0    0 36704 28836 87733 35984  1  0 99  0  0  0
 0  1 136308 21336240 1730240 155222104    0    0 36704 29376 87843 35495  1  0 99  0  0  0
 1  0 136308 21332664 1730240 155222336    0    0 37008 28776 87899 35571  1  0 99  0  0  0
 1  0 136308 21332100 1730240 155222552    0    0 35952 28276 87847 35738  1  0 99  0  0  0
 0  1 136308 21331200 1730240 155222752    0    0 36576 28944 87777 35871  1  0 99  0  0  0
 1  0 136308 21333520 1730240 155222972    0    0 36112 28920 87889 35373  1  0 98  0  0  0
 1  1 136308 21333976 1730248 155223192    0    0 36576 28796 87822 35805  1  0 99  0  0  0
 0  1 136308 21334376 1730248 155223408    0    0 36912 28324 87698 35199  1  0 99  0  0  0
 5  1 136308 21337904 1730248 155223616    0    0 37056 28128 87720 34970  1  0 99  0  0  0
 2  0 136308 21335260 1730248 155223816    0    0 36192 28200 87810 35660  1  0 99  0  0  0
 2  0 136308 21335008 1730248 155224032    0    0 36976 28320 88031 35834  1  0 99  0  0  0
 0  1 136308 21333496 1730252 155224256    0    0 37472 28228 88018 35700  1  0 99  0  0  0
 2  0 136308 21335648 1730252 155224460    0    0 36896 26236 87620 36613  1  0 99  0  0  0
 1  0 136308 21334892 1730252 155224716    0    0 34736 25496 87488 34241  1  0 98  0  0  0
 1  0 136308 21335648 1730252 155224920    0    0 35904 25932 87625 35321  1  0 99  0  0  0
 1  0 136308 21336484 1730252 155225132    0    0 37136 26236 87786 35855  1  0 99  0  0  0
procs -----------memory---------- ---swap-- -----io---- -system-- -------cpu-------
 r  b   swpd   free   buff  cache   si   so    bi    bo   in   cs us sy id wa st gu
 1  0 136308 21334832 1730252 155225372    0    0 36080 26156 87648 35660  1  0 99  0  0  0
 0  1 136308 21334196 1730252 155225552    0    0 36464 25768 87763 36285  1  0 99  0  0  0
 0  1 136308 21333408 1730252 155225768    0    0 37264 25600 87813 36021  1  0 99  0  0  0
 1  0 136308 21333632 1730252 155226020    0    0 36592 25756 87792 35954  1  0 99  0  0  0
 1  0 136308 21331696 1730252 155226220    0    0 36448 25712 87539 35129  1  0 99  0  0  0
 1  0 136308 21334616 1730256 155226436    0    0 36176 25976 87691 34613  1  0 99  0  0  0
 1  0 136308 21335224 1730256 155226636    0    0 36496 25184 87624 35180  1  0 99  0  0  0
 1  0 136308 21335612 1730256 155226844    0    0 35536 24444 87533 34610  1  0 99  0  0  0
 2  0 136308 21334696 1730256 155227056    0    0 34432 24312 87326 34279  1  0 99  0  0  0
 1  0 136308 21336560 1730256 155227276    0    0 36912 24876 87657 35494  1  0 99  0  0  0
 0  1 136308 21334320 1730260 155227484    0    0 36144 24944 87746 35840  1  0 99  0  0  0
 1  0 136308 21331968 1730260 155227708    0    0 36432 25176 87545 35366  1  0 99  0  0  0
 0  1 136308 21325536 1730260 155227916    0    0 37280 24736 87679 35587  1  0 99  0  0  0
 1  0 136308 21324552 1730260 155228140    0    0 36896 25180 87610 35939  1  0 99  0  0  0
 1  0 136308 21323204 1730260 155228356    0    0 36768 25596 87713 35827  1  0 99  0  0  0
 1  0 136308 21323612 1730268 155228556    0    0 36512 25792 87617 36027  1  0 99  0  0  0
 1  0 136308 21325896 1730268 155228784    0    0 36064 25248 87747 35470  1  0 99  0  0  0
 1  0 136308 21321928 1730268 155228992    0    0 36512 24812 87631 35415  1  0 99  0  0  0
 1  1 136308 21325384 1730268 155229212    0    0 36720 24344 87677 35713  1  0 99  0  0  0
 0  1 136308 21323036 1730268 155229428    0    0 36912 24216 87433 35229  1  0 99  0  0  0
 1  0 136308 21319672 1730268 155229632    0    0 37040 25192 87752 35158  1  0 99  0  0  0
procs -----------memory---------- ---swap-- -----io---- -system-- -------cpu-------
 r  b   swpd   free   buff  cache   si   so    bi    bo   in   cs us sy id wa st gu
 0  1 136308 21321700 1730268 155229848    0    0 36240 25444 87593 35355  1  0 99  0  0  0
 1  0 136308 21307652 1730268 155230060    0    0 36864 24756 87637 35218  1  0 99  0  0  0
 0  1 136308 21305204 1730268 155230276    0    0 36720 25224 87436 35221  1  0 99  0  0  0
 1  0 136308 21305368 1730268 155230484    0    0 36752 25060 87776 35361  1  0 99  0  0  0
 1  0 136308 21306312 1730272 155230716    0    0 36160 36712 88151 36244  1  0 99  0  0  0
 0  1 136308 21305588 1730272 155230924    0    0 37136 34324 88038 35784  1  0 99  0  0  0
 2  0 136308 21305676 1730272 155231132    0    0 36240 34768 88008 35858  1  0 99  0  0  0
 0  1 136308 21306236 1730272 155231344    0    0 36544 34456 88114 35949  1  0 99  0  0  0
 1  0 136308 21309696 1730272 155231556    0    0 36608 35032 88072 36006  1  0 99  0  0  0
 1  0 136308 21306084 1730276 155231768    0    0 36400 35704 88078 36189  1  0 99  0  0  0
 1  0 136308 21306588 1730276 155231992    0    0 36720 35464 87996 36044  1  0 98  0  0  0
 1  0 136308 21304552 1730276 155232200    0    0 36368 35452 88094 36625  1  0 98  0  0  0
 0  1 136308 21302528 1730276 155232412    0    0 36688 34640 88219 35875  1  0 99  0  0  0
 1  0 136308 21304568 1730276 155232628    0    0 37392 34852 88272 36218  1  0 99  0  0  0
 1  0 136308 21305040 1730284 155232832    0    0 37152 35012 88106 35701  1  0 98  0  0  0
 1  0 136308 21304036 1730284 155233056    0    0 36256 34704 88160 36066  1  0 98  0  0  0
 0  1 136308 21303360 1730284 155233264    0    0 36896 34964 88146 36781  1  0 98  0  0  0
 1  0 136308 21305668 1730284 155233472    0    0 37040 34396 88144 36623  1  0 99  0  0  0
 1  0 136308 21306020 1730284 155233700    0    0 36528 35044 88009 36944  1  0 99  0  0  0
 1  0 136308 21305168 1730288 155233908    0    0 36816 35768 88090 36564  1  0 99  0  0  0
 1  0 136308 21305332 1730288 155234124    0    0 37072 36232 88228 36762  1  0 99  0  0  0
procs -----------memory---------- ---swap-- -----io---- -system-- -------cpu-------
 r  b   swpd   free   buff  cache   si   so    bi    bo   in   cs us sy id wa st gu
 1  0 136308 21304568 1730288 155234328    0    0 36896 35828 88179 36648  1  0 99  0  0  0
 1  0 136308 21305188 1730288 155234544    0    0 36304 34880 87910 36955  1  0 99  0  0  0
 0  1 136308 21305728 1730288 155234752    0    0 36704 34824 88187 36386  1  0 99  0  0  0
 1  1 136308 21305248 1730288 155234972    0    0 36704 35356 88048 36552  1  0 99  0  0  0
 1  0 136308 21305592 1730288 155235208    0    0 36672 36336 88248 36715  1  0 99  0  0  0
 1  0 136308 21307156 1730288 155235416    0    0 36992 35960 88083 37024  1  0 99  0  0  0
 1  0 136308 21306904 1730288 155235644    0    0 36688 36900 88257 36992  1  0 99  0  0  0
 2  0 136308 21308672 1730288 155235856    0    0 37360 36008 88116 36310  1  0 99  0  0  0
 0  1 136308 21311068 1730292 155236064    0    0 36832 35436 88136 36103  1  0 99  0  0  0
 0  1 136308 21311072 1730292 155236280    0    0 37616 35152 88029 36703  1  0 99  0  0  0
 2  0 136308 21312436 1730292 155236480    0    0 37408 34868 88240 36198  1  0 99  0  0  0
 1  0 136308 21309428 1730292 155236708    0    0 36832 34672 88112 36938  1  0 99  0  0  0
 2  0 136308 21308972 1730292 155236908    0    0 36880 34588 88095 36568  1  0 99  0  0  0
 1  0 136308 21311764 1730300 155237120    0    0 36608 36708 88182 36213  1  0 99  0  0  0
 1  1 136308 21312052 1730300 155237356    0    0 37248 37304 88220 36301  1  0 98  0  0  0
 1  0 136308 21312056 1730300 155237600    0    0 36592 37220 88170 36860  1  0 98  0  0  0
 0  1 136308 21309548 1730300 155237836    0    0 37104 37144 88172 36328  1  0 99  0  0  0
 1  0 136308 21306748 1730300 155238040    0    0 37088 36096 88203 36602  1  0 99  0  0  0
 1  0 136308 21311304 1730304 155238232    0    0 36784 36044 88128 36384  1  0 98  0  0  0
 0  1 136308 21311348 1730304 155238476    0    0 37392 36036 88449 36340  1  0 99  0  0  0
 0  1 136308 21306416 1730304 155238684    0    0 36960 35876 88324 36300  1  0 98  0  0  0
procs -----------memory---------- ---swap-- -----io---- -system-- -------cpu-------
 r  b   swpd   free   buff  cache   si   so    bi    bo   in   cs us sy id wa st gu
 1  0 136308 21305656 1730304 155238876    0    0 37712 35980 88211 36372  1  0 99  0  0  0
 1  1 136308 21306832 1730304 155239112    0    0 37328 36124 88084 36472  1  0 99  0  0  0
 0  1 136308 21306076 1730304 155239332    0    0 36768 35632 88210 36484  1  0 99  0  0  0
 0  1 136308 21303848 1730304 155239556    0    0 36416 36416 88386 36695  1  0 99  0  0  0
 1  0 136308 21302464 1730304 155239744    0    0 36656 36304 88243 36283  1  0 99  0  0  0
 1  0 136308 21304232 1730304 155239976    0    0 37040 36408 88148 35665  1  0 99  0  0  0
 1  0 136308 21303976 1730304 155240188    0    0 36832 36648 88333 36090  1  0 99  0  0  0
 0  1 136308 21301780 1730308 155240392    0    0 37328 36536 88164 36190  1  0 99  0  0  0
 0  1 136308 21301540 1730308 155240612    0    0 36816 36460 88332 36543  1  0 99  0  0  0
 0  1 136308 21304060 1730308 155240812    0    0 37040 36936 88228 36006  1  0 99  0  0  0
 0  1 136308 21301824 1730308 155241016    0    0 36464 37428 88230 36625  1  0 99  0  0  0
 2  0 136308 21301576 1730308 155241260    0    0 36720 37284 88253 35909  1  0 99  0  0  0
 1  0 136308 21300316 1730312 155241464    0    0 36960 36764 88173 36616  1  0 99  0  0  0
 0  1 136308 21300372 1730312 155241656    0    0 36864 36876 88301 36503  1  0 99  0  0  0
 1  0 136308 21295152 1730312 155241912    0    0 36736 37008 88313 36239  1  0 99  0  0  0
 0  1 136308 21294148 1730312 155242144    0    0 37216 36092 88184 36516  1  0 99  0  0  0
 1  0 136308 21293140 1730312 155242340    0    0 37120 36080 88213 35919  1  0 99  0  0  0
 1  0 136308 21291124 1730316 155242580    0    0 36432 36932 88319 36481  1  0 98  0  0  0
 0  1 136308 21290772 1730324 155242772    0    0 37032 37604 88280 36881  1  0 98  0  0  0
 2  0 136308 21291660 1730324 155243000    0    0 36624 37596 88329 36047  1  0 99  0  0  0
 0  1 136308 21291864 1730324 155243256    0    0 36016 37964 88251 36421  1  0 99  0  0  0
procs -----------memory---------- ---swap-- -----io---- -system-- -------cpu-------
 r  b   swpd   free   buff  cache   si   so    bi    bo   in   cs us sy id wa st gu
 0  1 136308 21291368 1730324 155243460    0    0 37184 37008 88311 36543  1  0 99  0  0  0
 1  1 136308 21289368 1730324 155243680    0    0 36576 36480 88318 36871  1  0 99  0  0  0
 1  0 136308 21290936 1730324 155243876    0    0 37072 36816 88270 36434  1  0 99  0  0  0
 0  1 136308 21292744 1730324 155244088    0    0 36832 36372 88095 36118  1  0 99  0  0  0
 0  1 136308 21292444 1730324 155244332    0    0 37584 36796 88325 36232  1  0 99  0  0  0
 1  0 136308 21291784 1730324 155244512    0    0 37200 36592 88379 36249  1  0 99  0  0  0
 2  0 136308 21296812 1730328 155244744    0    0 36848 36856 88233 36051  1  0 99  0  0  0
 0  1 136308 21293800 1730328 155244972    0    0 36928 36692 88285 36373  1  0 99  0  0  0
 0  1 136308 21295564 1730328 155245160    0    0 37040 36252 88165 35587  1  0 99  0  0  0
 1  0 136308 21294180 1730328 155245376    0    0 36480 36080 88353 36499  1  0 99  0  0  0
 1  0 136308 21293432 1730328 155245588    0    0 37216 35168 88144 35983  1  0 99  0  0  0
 1  0 136308 21289904 1730328 155245800    0    0 37024 36368 88153 35468  1  0 99  0  0  0
 1  0 136308 21287724 1730332 155246036    0    0 36752 37888 88390 36533  1  0 98  0  0  0
 1  0 136308 21287996 1730332 155246244    0    0 36944 36856 88429 36868  1  0 99  0  0  0
 0  1 136308 21285888 1730332 155246460    0    0 36176 36632 88136 36539  1  0 99  0  0  0
 1  0 136308 21287488 1730332 155246680    0    0 36608 36496 88180 36439  1  0 99  0  0  0
 1  0 136308 21288060 1730332 155246884    0    0 36912 36636 88240 36166  1  0 99  0  0  0
 2  0 136308 21289296 1730336 155247104    0    0 36688 37560 88317 36776  1  0 99  0  0  0
 1  0 136308 21289344 1730336 155247296    0    0 37168 37596 88347 36259  1  0 99  0  0  0
 1  0 136308 21289416 1730336 155247528    0    0 36512 37816 88287 36933  1  0 99  0  0  0
 1  0 136308 21286040 1730336 155247716    0    0 36992 36948 88215 36255  1  0 99  0  0  0
procs -----------memory---------- ---swap-- -----io---- -system-- -------cpu-------
 r  b   swpd   free   buff  cache   si   so    bi    bo   in   cs us sy id wa st gu
 1  0 136308 21285536 1730336 155247936    0    0 36960 36592 88290 35947  1  0 99  0  0  0
 0  1 136308 21285740 1730340 155248180    0    0 36800 36724 88315 36144  1  0 99  0  0  0
 0  1 136308 21288292 1730340 155248396    0    0 36736 36540 88227 36156  1  0 99  0  0  0
 0  1 136308 21285328 1730340 155248612    0    0 36608 36592 88149 35679  1  0 99  0  0  0
 1  0 136308 21284352 1730340 155248808    0    0 36720 36268 88256 36104  1  0 99  0  0  0
 0  1 136308 21288672 1730340 155249032    0    0 36752 36188 88318 37026  1  0 99  0  0  0
 1  0 136308 21288880 1730344 155249232    0    0 36544 36148 88163 36063  1  0 99  0  0  0
 1  0 136308 21289568 1730344 155249452    0    0 36448 36136 88309 36233  1  0 99  0  0  0
 1  0 136308 21288108 1730344 155249696    0    0 37024 36168 88123 36060  1  0 98  0  0  0
 1  0 136308 21287496 1730344 155249892    0    0 36944 35912 88209 36047  1  0 99  0  0  0
 1  0 136308 21287120 1730344 155250116    0    0 36608 36068 88090 36125  1  0 99  0  0  0
 0  1 136308 21286868 1730348 155250328    0    0 36800 36400 88362 35844  1  0 98  0  0  0
 1  0 136308 21286628 1730348 155250592    0    0 36768 36488 88191 36080  1  0 99  0  0  0
 2  0 136308 21286632 1730348 155250836    0    0 36704 36808 88231 35784  1  0 98  0  0  0
 2  0 136308 21289420 1730348 155251044    0    0 37216 36364 88168 35647  1  0 99  0  0  0
 1  0 136308 21288764 1730348 155251252    0    0 37008 36744 88300 36012  1  0 99  0  0  0
 0  1 136308 21286248 1730356 155251456    0    0 36928 36156 88262 35825  1  0 98  0  0  0
 2  0 136308 21289780 1730356 155251660    0    0 36784 36364 88166 35562  1  0 99  0  0  0
 0  1 136308 21292092 1730356 155251876    0    0 36832 36424 88151 36128  1  0 99  0  0  0
 1  0 136308 21289324 1730356 155252112    0    0 36528 36204 88263 36019  1  0 99  0  0  0
 1  0 136308 21286336 1730356 155252308    0    0 36592 36300 88231 35931  1  0 99  0  0  0
procs -----------memory---------- ---swap-- -----io---- -system-- -------cpu-------
 r  b   swpd   free   buff  cache   si   so    bi    bo   in   cs us sy id wa st gu
 1  0 136308 21286704 1730360 155252532    0    0 37008 36352 88248 36550  1  0 99  0  0  0
 0  1 136308 21285540 1730360 155252732    0    0 36576 36456 88195 35841  1  0 99  0  0  0
 1  0 136308 21286688 1730360 155253008    0    0 37280 36448 88281 35804  1  0 99  0  0  0
 1  0 136308 21286516 1730360 155253192    0    0 36848 36556 88293 36325  1  0 99  0  0  0
 0  1 136308 21286632 1730360 155253408    0    0 36416 36772 88356 36475  1  0 99  0  0  0
 1  0 136308 21286148 1730360 155253656    0    0 37616 36256 88102 35835  1  0 99  0  0  0
 1  0 136308 21285680 1730360 155253860    0    0 36448 36140 88099 36668  1  0 99  0  0  0
 1  0 136308 21286096 1730360 155254068    0    0 36672 35988 88288 36648  1  0 99  0  0  0
 1  0 136308 21284656 1730360 155254276    0    0 36384 36512 88239 36377  1  0 99  0  0  0
 0  1 136308 21283396 1730360 155254504    0    0 36560 36660 88212 36318  1  0 99  0  0  0
 1  0 136308 21282932 1730364 155254716    0    0 36768 37008 88194 36079  1  0 99  0  0  0
 1  0 136308 21282064 1730364 155254920    0    0 36624 36304 88278 36047  1  0 99  0  0  0
 2  0 136308 21282488 1730364 155255116    0    0 36288 36388 88385 36253  1  0 99  0  0  0
 0  1 136308 21283988 1730364 155255360    0    0 35696 37788 88322 36280  1  0 99  0  0  0
 0  1 136308 21284160 1730364 155255552    0    0 36464 37396 88215 35628  1  0 99  0  0  0
 0  1 136308 21282780 1730364 155255784    0    0 36752 37464 88255 36188  1  0 99  0  0  0
 0  1 136308 21285744 1730364 155256000    0    0 36464 37656 88204 36205  1  0 99  0  0  0
 0  1 136308 21285780 1730364 155256204    0    0 37248 36952 88269 35991  1  0 99  0  0  0
 0  1 136308 21284600 1730364 155256424    0    0 36416 37236 88165 36380  1  0 99  0  0  0
 1  0 136308 21285296 1730364 155256648    0    0 37008 37340 88293 36156  1  0 99  0  0  0
 0  1 136308 21282024 1730368 155256856    0    0 36400 37648 88206 36446  1  0 99  0  0  0
procs -----------memory---------- ---swap-- -----io---- -system-- -------cpu-------
 r  b   swpd   free   buff  cache   si   so    bi    bo   in   cs us sy id wa st gu
 0  1 136308 21281860 1730368 155257080    0    0 36976 37284 88386 36081  1  0 99  0  0  0
 1  0 136308 21282264 1730368 155257288    0    0 37616 37160 88325 36801  1  0 99  0  0  0
 1  0 136308 21284752 1730368 155257524    0    0 36704 37800 88347 36070  1  0 99  0  0  0
 1  0 136308 21281880 1730368 155257740    0    0 36864 38728 88312 36132  1  0 99  0  0  0
 1  0 136308 21280020 1730372 155257916    0    0 36800 38980 88453 36086  1  0 99  0  0  0
 0  1 136308 21279908 1730372 155258156    0    0 36896 38740 88349 37057  1  0 99  0  0  0
 1  0 136308 21278940 1730372 155258344    0    0 37088 39260 88382 35914  1  0 99  0  0  0
 1  0 136308 21278916 1730372 155258568    0    0 36768 38792 88303 36844  1  0 98  0  0  0
 0  1 136308 21279712 1730372 155258784    0    0 37088 38248 88212 36720  1  0 99  0  0  0
 1  0 136308 21276692 1730380 155259008    0    0 36576 37780 88286 36256  1  0 99  0  0  0
 3  0 136308 21277276 1730380 155259228    0    0 36720 37820 88311 36363  1  0 99  0  0  0
 0  1 136308 21276268 1730380 155259440    0    0 35968 37416 88167 35765  1  0 99  0  0  0
 1  0 136308 21276272 1730380 155259632    0    0 36512 38624 88285 36236  1  0 98  0  0  0
 0  1 136308 21276928 1730380 155259876    0    0 37456 38412 88407 36558  1  0 99  0  0  0
 1  0 136308 21278832 1730380 155260060    0    0 36400 38828 88425 36295  1  0 99  0  0  0
 0  1 136308 21276816 1730380 155260296    0    0 36944 38404 88320 35805  1  0 99  0  0  0
 2  0 136308 21276432 1730380 155260496    0    0 36512 37984 88222 35789  1  0 99  0  0  0
 1  1 136308 21276276 1730380 155260696    0    0 36224 38032 88423 36195  1  0 99  0  0  0
 0  1 136308 21276676 1730380 155260940    0    0 36480 37980 88321 37087  1  0 98  0  0  0
 1  0 136308 21278640 1730380 155261160    0    0 37264 37752 88241 35692  1  0 99  0  0  0
 0  1 136308 21275844 1730380 155261348    0    0 36832 37928 88295 35985  1  0 99  0  0  0
procs -----------memory---------- ---swap-- -----io---- -system-- -------cpu-------
 r  b   swpd   free   buff  cache   si   so    bi    bo   in   cs us sy id wa st gu
 0  1 136308 21275352 1730380 155261584    0    0 37344 38112 88395 36120  1  0 99  0  0  0
 1  0 136308 21276152 1730384 155261780    0    0 36464 38072 88333 36228  1  0 98  0  0  0
 1  0 136308 21277248 1730384 155262004    0    0 36464 38272 88210 36011  1  0 99  0  0  0
 1  0 136308 21275372 1730384 155262224    0    0 37728 37808 88263 35551  1  0 99  0  0  0
 0  1 136308 21274856 1730384 155262424    0    0 36640 37492 88271 35681  1  0 99  0  0  0
 1  0 136308 21274884 1730384 155262632    0    0 36160 38028 88280 36118  1  0 98  0  0  0
 0  1 136308 21275136 1730388 155262836    0    0 35904 37372 88128 36136  1  0 98  0  0  0
 2  0 136308 21274980 1730388 155263064    0    0 37472 37188 88107 35863  1  0 99  0  0  0
 1  0 136308 21274932 1730388 155263272    0    0 37136 37632 88353 36082  1  0 99  0  0  0
 0  1 136308 21274816 1730388 155263552    0    0 36800 37884 88389 36616  1  0 99  0  0  0
 0  1 136308 21274880 1730388 155263760    0    0 36464 38008 88404 36227  1  0 99  0  0  0
 1  0 136308 21272876 1730392 155263984    0    0 36448 38452 88179 36392  1  0 99  0  0  0
 0  1 136308 21272376 1730392 155264200    0    0 36672 38280 88326 36120  1  0 99  0  0  0
 0  1 136308 21274508 1730392 155264420    0    0 36896 38024 88372 36284  1  0 98  0  0  0
 1  0 136308 21275068 1730392 155264612    0    0 36816 38352 88311 36886  1  0 99  0  0  0
 1  0 136308 21275832 1730392 155264824    0    0 36464 38460 88288 35918  1  0 99  0  0  0
 1  0 136308 21274320 1730396 155265068    0    0 37584 38004 88231 35567  1  0 98  0  0  0
 0  1 136308 21276840 1730396 155265288    0    0 36560 37920 88396 36593  1  0 98  0  0  0
 0  1 136308 21277536 1730396 155265484    0    0 36496 38100 88325 36829  1  0 99  0  0  0
 1  0 136308 21275376 1730396 155265700    0    0 37152 38196 88282 35607  1  0 99  0  0  0
 1  0 136308 21274220 1730396 155265932    0    0 37440 38480 88174 36586  1  0 98  0  0  0
procs -----------memory---------- ---swap-- -----io---- -system-- -------cpu-------
 r  b   swpd   free   buff  cache   si   so    bi    bo   in   cs us sy id wa st gu
 0  1 136308 21274704 1730400 155266124    0    0 36976 38124 88311 36262  1  0 98  0  0  0
 1  0 136308 21273208 1730400 155266328    0    0 37216 38044 88337 36315  1  0 99  0  0  0
 0  1 136308 21273756 1730400 155266544    0    0 36368 38084 88216 36444  1  0 99  0  0  0
 0  1 136308 21274144 1730400 155266780    0    0 36400 37512 88221 35826  1  0 99  0  0  0
 1  0 136308 21273528 1730400 155267008    0    0 36736 37676 88356 36349  1  0 99  0  0  0
 3  0 136308 21273792 1730408 155267212    0    0 37904 37472 88317 35576  1  0 99  0  0  0
 1  0 136308 21277968 1730408 155267400    0    0 36224 38076 88230 36443  1  0 99  0  0  0
 1  0 136308 21277672 1730408 155267644    0    0 36992 38152 88186 36473  1  0 99  0  0  0
 0  1 136308 21278072 1730408 155267844    0    0 37264 37676 88240 35681  1  0 99  0  0  0
 2  0 136308 21278580 1730408 155268048    0    0 36880 37640 88319 36338  1  0 99  0  0  0
 1  0 136308 21277828 1730412 155268284    0    0 36912 37676 88260 36638  1  0 99  0  0  0
 1  0 136308 21278592 1730412 155268472    0    0 36960 37460 88225 36496  1  0 99  0  0  0
 1  0 136308 21277344 1730412 155268696    0    0 37248 37708 88257 36694  1  0 98  0  0  0
 1  0 136308 21275084 1730412 155268912    0    0 36672 37764 88265 36238  1  0 98  0  0  0
 1  0 136308 21275092 1730412 155269140    0    0 36624 37668 88308 36584  1  0 99  0  0  0
 2  0 136308 21274712 1730420 155269340    0    0 36640 38300 88343 36394  1  0 99  0  0  0
 1  0 136308 21276112 1730420 155269572    0    0 36528 38052 88268 36118  1  0 99  0  0  0
 1  0 136308 21277872 1730420 155269768    0    0 36928 38164 88345 35698  1  0 99  0  0  0
 0  1 136308 21275096 1730420 155269988    0    0 36736 38200 88373 36373  1  0 99  0  0  0
 0  1 136308 21274092 1730420 155270216    0    0 36832 37772 88234 36045  1  0 99  0  0  0
 1  0 136308 21274008 1730424 155270420    0    0 36432 37864 88356 36886  1  0 99  0  0  0
procs -----------memory---------- ---swap-- -----io---- -system-- -------cpu-------
 r  b   swpd   free   buff  cache   si   so    bi    bo   in   cs us sy id wa st gu
 1  0 136308 21274308 1730424 155270652    0    0 37200 37560 88215 35605  1  0 99  0  0  0
 2  0 136308 21273540 1730424 155270872    0    0 37152 37328 88334 36165  1  0 98  0  0  0
 2  0 136308 21270348 1730424 155271052    0    0 36896 38104 88292 35968  1  0 99  0  0  0
 1  0 136308 21270292 1730424 155271288    0    0 36704 37896 88413 36391  1  0 99  0  0  0
 2  0 136308 21270408 1730428 155271460    0    0 37120 38832 88267 36041  1  0 99  0  0  0
 0  1 136308 21270244 1730428 155271724    0    0 36192 38920 88256 36702  1  0 99  0  0  0
 1  0 136308 21269808 1730428 155271920    0    0 36848 39540 88521 36199  1  0 98  0  0  0
 1  0 136308 21271360 1730428 155272128    0    0 35952 40132 88367 36216  1  0 99  0  0  0
 0  1 136308 21268844 1730428 155272364    0    0 37376 39380 88421 36611  1  0 99  0  0  0
 1  0 136308 21268892 1730436 155272576    0    0 36896 39780 88284 36162  1  0 99  0  0  0
 1  0 136308 21268144 1730436 155272792    0    0 36000 39844 88443 36228  1  0 99  0  0  0
 1  0 136308 21268148 1730436 155272984    0    0 36976 39740 88427 36084  1  0 99  0  0  0
 0  1 136308 21268608 1730436 155273212    0    0 36672 40528 88342 36182  1  0 99  0  0  0
 0  1 136308 21267632 1730436 155273408    0    0 37136 40292 88401 35874  1  0 99  0  0  0
 1  0 136308 21268456 1730436 155273648    0    0 36448 40332 88475 36157  1  0 99  0  0  0
 0  1 136308 21270224 1730436 155273828    0    0 36768 41340 88559 36950  1  0 98  0  0  0
 1  0 136308 21269216 1730436 155274052    0    0 36640 40436 88384 36820  1  0 99  0  0  0
 1  0 136308 21268212 1730436 155274256    0    0 36352 41312 88406 36303  1  0 98  0  0  0
 1  0 136308 21269280 1730436 155274504    0    0 36048 40268 88476 36512  1  0 98  0  0  0
 1  0 136308 21266848 1730436 155274724    0    0 35920 39384 88348 36534  1  0 99  0  0  0
 0  1 136308 21266440 1730436 155274928    0    0 36736 39296 88318 36485  1  0 98  0  0  0
procs -----------memory---------- ---swap-- -----io---- -system-- -------cpu-------
 r  b   swpd   free   buff  cache   si   so    bi    bo   in   cs us sy id wa st gu
 1  1 136308 21266324 1730436 155275140    0    0 36880 40032 88493 36311  1  0 99  0  0  0
 1  0 136308 21266596 1730436 155275364    0    0 36688 40456 88427 36352  1  0 98  0  0  0
 1  0 136308 21267048 1730436 155275564    0    0 36624 40056 88369 36322  1  0 98  0  0  0
 1  0 136308 21267604 1730440 155275784    0    0 36400 39456 88281 36391  1  0 99  0  0  0
 1  0 136308 21272468 1730440 155275992    0    0 37552 39872 88498 36000  1  0 98  0  0  0
 0  1 136308 21272240 1730440 155276204    0    0 36496 39644 88304 35842  1  0 98  0  0  0
 1  0 136308 21272292 1730440 155276516    0    0 36464 39692 88320 36385  1  0 99  0  0  0
 1  0 136308 21272088 1730440 155276716    0    0 36208 40060 88140 35492  1  0 99  0  0  0
 0  0 136308 21271876 1730444 155276920    0    0 36656 40592 88325 35594  1  0 99  0  0  0
 0  1 136308 21273020 1730444 155277140    0    0 36512 40952 88464 35849  1  0 98  0  0  0
 1  0 136308 21274532 1730444 155277352    0    0 35744 40912 88474 36135  1  0 99  0  0  0
 0  1 136308 21272764 1730444 155277568    0    0 36352 40708 88215 36423  1  0 98  0  0  0
 1  0 136308 21272656 1730444 155277784    0    0 36560 40900 88419 36246  1  0 99  0  0  0
 1  0 136308 21271648 1730444 155277988    0    0 35840 41016 88375 36491  1  0 98  0  0  0
 0  1 136308 21273168 1730444 155278216    0    0 36720 40856 88421 35681  1  0 98  0  0  0
 0  1 136308 21271084 1730444 155278432    0    0 36928 40392 88215 35574  1  0 98  0  0  0
 0  1 136308 21270608 1730444 155278628    0    0 36352 40732 88254 35532  1  0 99  0  0  0
 1  0 136308 21269852 1730444 155278852    0    0 36048 40128 88353 35995  1  0 99  0  0  0
 1  0 136308 21267836 1730444 155279064    0    0 36176 39788 88252 35884  1  0 99  0  0  0
 1  1 136308 21269220 1730444 155279284    0    0 36000 41032 88287 35925  1  0 99  0  0  0
 0  1 136308 21267456 1730444 155279492    0    0 36896 40888 88393 35893  1  0 99  0  0  0
procs -----------memory---------- ---swap-- -----io---- -system-- -------cpu-------
 r  b   swpd   free   buff  cache   si   so    bi    bo   in   cs us sy id wa st gu
 1  0 136308 21268980 1730444 155279708    0    0 36144 40568 88393 36257  1  0 98  0  0  0
 4  0 136308 21269228 1730444 155279924    0    0 36032 40284 88411 36136  1  0 99  0  0  0
 0  1 136308 21272512 1730452 155280144    0    0 35808 41192 88215 35850  1  0 99  0  0  0
 0  1 136308 21275224 1730452 155280352    0    0 36352 41596 88346 36003  1  0 98  0  0  0
 1  0 136308 21271548 1730452 155280560    0    0 36784 40512 88297 35831  1  0 99  0  0  0
 1  0 136308 21267328 1730452 155280764    0    0 36832 40168 88399 35590  1  0 99  0  0  0
 0  1 136308 21267328 1730452 155280972    0    0 35952 40280 88259 35497  1  0 99  0  0  0
 0  1 136308 21266940 1730452 155281184    0    0 35776 40728 88346 36038  1  0 99  0  0  0
 1  0 136308 21269460 1730452 155281396    0    0 36800 40884 88296 35797  1  0 98  0  0  0
 0  1 136308 21267220 1730452 155281604    0    0 36544 40828 88404 35849  1  0 99  0  0  0
 0  1 136308 21269932 1730452 155281808    0    0 36192 40224 88209 35388  1  0 98  0  0  0
 1  0 136308 21269448 1730452 155282032    0    0 36048 39852 88349 35890  1  0 99  0  0  0
 1  0 136308 21272388 1730452 155282244    0    0 36736 40316 88379 36279  1  0 99  0  0  0
 2  0 136308 21269580 1730452 155282452    0    0 36464 40880 88499 35918  1  0 99  0  0  0
 2  0 136308 21269368 1730452 155282664    0    0 36928 40752 88292 35188  1  0 99  0  0  0
 1  0 136308 21267896 1730452 155282872    0    0 36304 41720 88494 36401  1  0 99  0  0  0
 2  0 136308 21268404 1730452 155283096    0    0 36512 41456 88352 36199  1  0 99  0  0  0
 1  0 136308 21268496 1730452 155283316    0    0 36480 42176 88399 35705  1  0 99  0  0  0
 1  0 136308 21266596 1730452 155283524    0    0 36640 41676 88161 35379  1  0 99  0  0  0
 1  0 136308 21268464 1730452 155283720    0    0 36384 40204 88368 36152  1  0 99  0  0  0
 0  1 136308 21270960 1730452 155283948    0    0 36448 39724 88276 36248  1  0 98  0  0  0
procs -----------memory---------- ---swap-- -----io---- -system-- -------cpu-------
 r  b   swpd   free   buff  cache   si   so    bi    bo   in   cs us sy id wa st gu
 1  0 136308 21268584 1730452 155284152    0    0 36608 40124 88291 36380  1  0 99  0  0  0
 0  1 136308 21266352 1730456 155284384    0    0 35520 40548 88263 36208  1  0 99  0  0  0
 1  0 136308 21268012 1730456 155284596    0    0 36448 39980 88302 35828  1  0 98  0  0  0
 1  0 136308 21267568 1730456 155284820    0    0 36848 39408 88414 35567  1  0 98  0  0  0
 0  1 136308 21265392 1730456 155285024    0    0 35696 39936 88108 37015  1  0 98  0  0  0
 1  0 136308 21263408 1730456 155285236    0    0 35952 40436 88266 35957  1  0 98  0  0  0
 1  0 136308 21263920 1730460 155285444    0    0 36512 40584 88331 35840  1  0 99  0  0  0
 0  1 136308 21260404 1730460 155285660    0    0 37072 40076 88297 35997  1  0 98  0  0  0
 0  1 136308 21258136 1730460 155285868    0    0 36144 41016 88244 36104  1  0 99  0  0  0
 1  0 136308 21262172 1730460 155286084    0    0 36144 40320 88266 36107  1  0 99  0  0  0
 1  0 136308 21261392 1730460 155286288    0    0 37328 40668 88463 36265  1  0 99  0  0  0
 1  0 136308 21261984 1730468 155286508    0    0 37296 40384 88469 35760  1  0 99  0  0  0
 0  1 136308 21262328 1730468 155286744    0    0 36800 39984 88114 36410  1  0 99  0  0  0
 3  0 136308 21261344 1730468 155286960    0    0 36256 41076 88266 35498  1  0 99  0  0  0
 2  1 136308 21261900 1730468 155287168    0    0 36304 40516 88236 36081  1  0 99  0  0  0
 1  0 136308 21261652 1730468 155287380    0    0 36848 39676 88536 36323  1  0 99  0  0  0
 1  0 136308 21261452 1730472 155287584    0    0 37040 40964 88367 36707  1  0 99  0  0  0
 0  1 136308 21261736 1730472 155287812    0    0 37184 41420 88624 36182  1  0 99  0  0  0
 0  1 136308 21262020 1730472 155288024    0    0 37232 40808 88418 36310  1  0 99  0  0  0
 1  0 136308 21264028 1730472 155288220    0    0 35808 41704 88476 36490  1  0 99  0  0  0
 1  0 136308 21261956 1730472 155288436    0    0 36336 40944 88415 36565  1  0 99  0  0  0
procs -----------memory---------- ---swap-- -----io---- -system-- -------cpu-------
 r  b   swpd   free   buff  cache   si   so    bi    bo   in   cs us sy id wa st gu
 1  0 136308 21261740 1730480 155288636    0    0 37296 40472 88504 36223  1  0 99  0  0  0
 1  0 136308 21260732 1730480 155288856    0    0 36432 40688 88461 36742  1  0 99  0  0  0
 1  1 136308 21261148 1730480 155289048    0    0 36768 41636 88703 36681  1  0 98  0  0  0
 0  1 136308 21260136 1730480 155289308    0    0 36656 41200 88476 36315  1  0 98  0  0  0
 1  0 136308 21262552 1730480 155289564    0    0 36544 41200 88452 36948  1  0 99  0  0  0
 1  0 136308 21262484 1730484 155289764    0    0 36192 41040 88384 36789  1  0 99  0  0  0
 1  0 136308 21261108 1730484 155289988    0    0 37408 40968 88580 36540  1  0 99  0  0  0
 1  0 136308 21259160 1730484 155290196    0    0 37232 40536 88481 36709  1  0 99  0  0  0
 0  1 136308 21259272 1730484 155290396    0    0 36976 40360 88450 36438  1  0 99  0  0  0
 1  0 136308 21262172 1730484 155290628    0    0 36368 39772 88250 36578  1  0 99  0  0  0
 0  1 136308 21262692 1730488 155290840    0    0 36464 39948 88410 36213  1  0 98  0  0  0
 1  0 136308 21259304 1730488 155291056    0    0 37184 40932 88422 36628  1  0 98  0  0  0
 1  1 136308 21259492 1730488 155291276    0    0 36784 41764 88430 36258  1  0 99  0  0  0
 0  1 136308 21259244 1730488 155291496    0    0 36368 41356 88460 36226  1  0 98  0  0  0
 1  0 136308 21260504 1730488 155291700    0    0 36944 40572 88525 36551  1  0 98  0  0  0
 1  0 136308 21261096 1730492 155291920    0    0 36512 40604 88327 36365  1  0 99  0  0  0
 0  1 136308 21257964 1730492 155292132    0    0 36928 39788 88395 35966  1  0 98  0  0  0
 1  0 136308 21256968 1730492 155292328    0    0 36880 39704 88377 36301  1  0 99  0  0  0
 1  0 136308 21256516 1730492 155292544    0    0 36672 40336 88530 36380  1  0 99  0  0  0
 0  1 136308 21256264 1730492 155292760    0    0 36400 41268 88352 36320  1  0 99  0  0  0
 1  0 136308 21258336 1730492 155292984    0    0 36800 42064 88510 36675  1  0 99  0  0  0
procs -----------memory---------- ---swap-- -----io---- -system-- -------cpu-------
 r  b   swpd   free   buff  cache   si   so    bi    bo   in   cs us sy id wa st gu
 2  0 136308 21258844 1730492 155293184    0    0 35968 41816 88423 36854  1  0 99  0  0  0
 1  0 136308 21257784 1730492 155293404    0    0 36928 40604 88402 36383  1  0 98  0  0  0
 0  1 136308 21256024 1730492 155293608    0    0 36736 39948 88361 36300  1  0 99  0  0  0
 1  0 136308 21256284 1730492 155293832    0    0 36480 39400 88338 36080  1  0 99  0  0  0
 0  1 136308 21256528 1730492 155294044    0    0 36320 39168 88381 36141  1  0 99  0  0  0
 1  0 136308 21253900 1730500 155294272    0    0 36560 39444 88460 36315  1  0 99  0  0  0
 0  1 136308 21254972 1730500 155294488    0    0 36672 39680 88365 36547  1  0 99  0  0  0
 0  1 136308 21254156 1730500 155294700    0    0 37168 38952 88196 36234  1  0 99  0  0  0
 1  0 136308 21253920 1730500 155294908    0    0 36944 39292 88365 35924  1  0 99  0  0  0
 2  0 136308 21254408 1730500 155295116    0    0 36784 39252 88309 35628  1  0 99  0  0  0
 1  0 136308 21253708 1730508 155295344    0    0 36560 41348 88489 36008  1  0 99  0  0  0
 2  0 136308 21254084 1730508 155295548    0    0 36336 41464 88362 36345  1  0 99  0  0  0
 1  0 136308 21254160 1730508 155295760    0    0 36608 41060 88394 37034  1  0 99  0  0  0
 1  0 136308 21253940 1730508 155295968    0    0 36240 42060 88300 35972  1  0 98  0  0  0
 2  0 136308 21252740 1730508 155296184    0    0 36432 40496 88538 36482  1  0 99  0  0  0
 0  1 136308 21253244 1730512 155296408    0    0 36592 40000 88231 36208  1  0 99  0  0  0
 1  0 136308 21253184 1730512 155296624    0    0 37024 40020 88522 35955  1  0 98  0  0  0
 1  0 136308 21252828 1730512 155296824    0    0 36912 40176 88278 35750  1  0 99  0  0  0
 1  0 136308 21252204 1730512 155297064    0    0 36736 41448 88519 36771  1  0 99  0  0  0
 1  0 136308 21251884 1730512 155297292    0    0 36736 40688 88176 36777  1  0 99  0  0  0
 1  0 136308 21251636 1730520 155297500    0    0 36944 40708 88664 36178  1  0 99  0  0  0
procs -----------memory---------- ---swap-- -----io---- -system-- -------cpu-------
 r  b   swpd   free   buff  cache   si   so    bi    bo   in   cs us sy id wa st gu
 1  0 136308 21251936 1730520 155297716    0    0 36704 41220 88333 36825  1  0 99  0  0  0
 0  1 136308 21254956 1730520 155297916    0    0 36160 41408 88503 36817  1  0 99  0  0  0
 1  0 136308 21255340 1730520 155298144    0    0 36048 41388 88418 36420  1  0 98  0  0  0
 4  1 136308 21254404 1730520 155298360    0    0 36560 40960 88482 36011  1  0 99  0  0  0
 0  1 136308 21254408 1730528 155298560    0    0 36608 40584 88249 36731  1  0 99  0  0  0
 1  0 136308 21254156 1730528 155298780    0    0 36848 40940 88508 36301  1  0 99  0  0  0
 0  1 136308 21256464 1730528 155298984    0    0 37536 41104 88531 35826  1  0 99  0  0  0
 2  0 136308 21256060 1730528 155299192    0    0 36960 40224 88547 36449  1  0 99  0  0  0
 1  0 136308 21255560 1730528 155299412    0    0 36064 40300 88316 36253  1  0 99  0  0  0
 1  0 136308 21256276 1730528 155299616    0    0 36704 40520 88525 36556  1  0 98  0  0  0
 1  0 136308 21256028 1730528 155299824    0    0 36672 39836 88420 36426  1  0 99  0  0  0
 1  0 136308 21256036 1730528 155300044    0    0 36048 39704 88473 36193  1  0 98  0  0  0
 0  1 136308 21254780 1730528 155300260    0    0 36304 40680 88403 36418  1  0 98  0  0  0
 0  1 136308 21256548 1730528 155300476    0    0 36704 40696 88529 36771  1  0 98  0  0  0
 0  1 136308 21256012 1730532 155300684    0    0 36528 40908 88508 36751  1  0 99  0  0  0
 2  0 136308 21252344 1730532 155300912    0    0 36624 41344 88528 36063  1  0 98  0  0  0
 0  1 136308 21249828 1730532 155301128    0    0 36320 41764 88451 37045  1  0 98  0  0  0
 1  0 136308 21248820 1730532 155301348    0    0 36640 41328 88493 36968  1  0 99  0  0  0
 0  1 136308 21247344 1730532 155301560    0    0 36432 40584 88406 36274  1  0 99  0  0  0
 1  0 136308 21248112 1730536 155301760    0    0 36736 41192 88608 36372  1  0 99  0  0  0
 2  0 136308 21247860 1730536 155302000    0    0 36512 40696 88340 36509  1  0 98  0  0  0
procs -----------memory---------- ---swap-- -----io---- -system-- -------cpu-------
 r  b   swpd   free   buff  cache   si   so    bi    bo   in   cs us sy id wa st gu
 1  0 136308 21248600 1730536 155302272    0    0 35664 41080 88391 36086  1  0 98  0  0  0
 1  0 136308 21250180 1730536 155302480    0    0 36768 40552 88410 36077  1  0 98  0  0  0
 1  0 136308 21248380 1730536 155302692    0    0 36064 41004 88304 36447  1  0 98  0  0  0
 1  0 136308 21248132 1730540 155302912    0    0 36176 40908 88374 36030  1  0 99  0  0  0
 1  1 136308 21248132 1730540 155303124    0    0 36464 41672 88289 36643  1  0 99  0  0  0
 1  0 136308 21251408 1730540 155303336    0    0 36448 41492 88579 36726  1  0 99  0  0  0
 0  1 136308 21254788 1730540 155303536    0    0 37088 41060 88403 36339  1  0 99  0  0  0
 1  0 136308 21254796 1730540 155303760    0    0 36752 40628 88512 36090  1  0 99  0  0  0
 0  1 136308 21250536 1730544 155303976    0    0 36736 39964 88279 36178  1  0 99  0  0  0
 1  0 136308 21246044 1730544 155304192    0    0 36480 40536 88477 36260  1  0 99  0  0  0
 0  1 136308 21245568 1730544 155304400    0    0 36272 41288 88311 36607  1  0 99  0  0  0
 2  0 136308 21245064 1730544 155304616    0    0 36864 41752 88438 37034  1  0 99  0  0  0
 1  0 136308 21244084 1730544 155304832    0    0 36448 42208 88425 36940  1  0 99  0  0  0
 0  1 136308 21243544 1730548 155305044    0    0 36864 41024 88637 36387  1  0 99  0  0  0
 2  0 136308 21243168 1730548 155305256    0    0 36848 41464 88457 36348  1  0 99  0  0  0
 1  0 136308 21243436 1730548 155305472    0    0 35968 40700 88290 36604  1  0 99  0  0  0
 0  1 136308 21244312 1730548 155305696    0    0 36752 42508 88344 37011  1  0 99  0  0  0
 1  0 136308 21244672 1730548 155305904    0    0 37088 42464 88552 36268  1  0 99  0  0  0
 1  0 136308 21245376 1730552 155306104    0    0 36656 42292 88363 36434  1  0 99  0  0  0
 0  1 136308 21246108 1730552 155306312    0    0 36336 42396 88376 36354  1  0 98  0  0  0
 1  0 136308 21242112 1730552 155306532    0    0 36800 42120 88478 36489  1  0 99  0  0  0
procs -----------memory---------- ---swap-- -----io---- -system-- -------cpu-------
 r  b   swpd   free   buff  cache   si   so    bi    bo   in   cs us sy id wa st gu
 1  0 136308 21240144 1730552 155306752    0    0 36736 41272 88558 36890  1  0 99  0  0  0
 1  0 136308 21239892 1730552 155306952    0    0 35664 41080 88269 36554  1  0 98  0  0  0
 2  0 136308 21239668 1730556 155307156    0    0 37040 41156 88448 35672  1  0 99  0  0  0
 2  0 136308 21241136 1730556 155307376    0    0 36752 41864 88568 36524  1  0 99  0  0  0
 0  1 136308 21243140 1730556 155307596    0    0 37264 42052 88470 36480  1  0 99  0  0  0
 1  0 136308 21240908 1730556 155307808    0    0 36592 43084 88510 36931  1  0 99  0  0  0
 1  0 136308 21240152 1730556 155308016    0    0 37488 42456 88493 36287  1  0 99  0  0  0
 1  0 136308 21240228 1730556 155308228    0    0 36000 41872 88423 36915  1  0 99  0  0  0
 1  0 136308 21240028 1730556 155308452    0    0 37024 40460 88422 36499  1  0 99  0  0  0
 2  0 136308 21239720 1730556 155308672    0    0 36704 40916 88380 36290  1  0 99  0  0  0
 1  0 136308 21239360 1730556 155308888    0    0 36336 40976 88217 36503  1  0 99  0  0  0
 0  1 136308 21239392 1730556 155309112    0    0 36784 41500 88431 37511  1  0 99  0  0  0
 1  0 136308 21239140 1730560 155309320    0    0 36000 41824 88411 37344  1  0 99  0  0  0
 1  0 136308 21239656 1730560 155309544    0    0 36288 41812 88262 36591  1  0 99  0  0  0
 0  1 136308 21238596 1730560 155309736    0    0 36928 41640 88388 37003  1  0 99  0  0  0
 1  0 136308 21238316 1730560 155309960    0    0 36768 41732 88463 36066  1  0 99  0  0  0
 0  1 136308 21236832 1730560 155310172    0    0 36560 41132 88554 36221  1  0 98  0  0  0
 1  1 136308 21237080 1730564 155310388    0    0 36928 40804 88276 36281  1  0 99  0  0  0
 1  0 136308 21235600 1730564 155310596    0    0 37200 41196 88503 36483  1  0 99  0  0  0
 1  0 136308 21235384 1730564 155310808    0    0 36608 41892 88487 36757  1  0 98  0  0  0
 0  1 136308 21237964 1730564 155311004    0    0 36560 42668 88413 37188  1  0 99  0  0  0
procs -----------memory---------- ---swap-- -----io---- -system-- -------cpu-------
 r  b   swpd   free   buff  cache   si   so    bi    bo   in   cs us sy id wa st gu
 1  1 136308 21237932 1730564 155311220    0    0 36160 41772 88356 36039  1  0 99  0  0  0
 1  0 136308 21236420 1730568 155311436    0    0 36384 40580 88395 36113  1  0 99  0  0  0
 0  1 136308 21236928 1730568 155311652    0    0 36400 39936 88402 36465  1  0 99  0  0  0
 0  1 136308 21238164 1730568 155311872    0    0 36240 40576 88351 36506  1  0 99  0  0  0
 1  0 136308 21236148 1730568 155312080    0    0 36400 41976 88399 36167  1  0 99  0  0  0
 0  1 136308 21236400 1730568 155312300    0    0 37520 42324 88465 36370  1  0 99  0  0  0
 1  0 136308 21236404 1730572 155312512    0    0 37344 41932 88644 36138  1  0 98  0  0  0
 2  0 136308 21235396 1730572 155312712    0    0 36192 41580 88313 36557  1  0 98  0  0  0
 2  0 136308 21235648 1730572 155312940    0    0 36336 41080 88453 35983  1  0 98  0  0  0
 1  0 136308 21234140 1730572 155313160    0    0 36080 42356 88031 36771  1  0 99  0  0  0
 1  0 136308 21233972 1730572 155313360    0    0 36912 41396 88594 37228  1  0 98  0  0  0
 1  0 136308 21235804 1730572 155313580    0    0 36176 41736 88349 36880  1  0 98  0  0  0
 1  0 136308 21232884 1730572 155313784    0    0 36704 42204 88493 36300  1  0 98  0  0  0
 0  1 136308 21228788 1730572 155313996    0    0 36336 42132 88443 36088  1  0 99  0  0  0
 1  0 136308 21233392 1730572 155314224    0    0 36736 42124 88662 36634  1  0 99  0  0  0
 1  0 136308 21233348 1730572 155314436    0    0 36560 42304 88435 36631  1  0 99  0  0  0
 0  1 136308 21235304 1730576 155314628    0    0 36000 42304 88407 35991  1  0 99  0  0  0
 1  0 136308 21238604 1730576 155314836    0    0 36816 42600 88473 36155  1  0 98  0  0  0
 1  1 136308 21238236 1730576 155315128    0    0 36528 42832 88682 37290  1  0 99  0  0  0
 1  0 136308 21237980 1730576 155315352    0    0 36960 42816 88429 35760  1  0 99  0  0  0
 1  0 136308 21238484 1730576 155315548    0    0 36928 42372 88383 36394  1  0 98  0  0  0
procs -----------memory---------- ---swap-- -----io---- -system-- -------cpu-------
 r  b   swpd   free   buff  cache   si   so    bi    bo   in   cs us sy id wa st gu
 1  0 136308 21235520 1730584 155315752    0    0 35968 42564 88498 37038  1  0 99  0  0  0
 0  1 136308 21235020 1730584 155315988    0    0 36336 41980 88626 36791  1  0 99  0  0  0
 1  0 136308 21233772 1730584 155316212    0    0 36976 42416 88396 36868  1  0 98  0  0  0
 1  0 136308 21233048 1730584 155316420    0    0 36256 42224 88467 36496  1  0 99  0  0  0
 1  0 136308 21233660 1730584 155316640    0    0 36880 42104 88553 36743  1  0 99  0  0  0
 0  1 136308 21233048 1730592 155316832    0    0 36720 42644 88491 36859  1  0 99  0  0  0
 0  1 136308 21232660 1730592 155317064    0    0 36096 42008 88318 37336  1  0 98  0  0  0
 1  0 136308 21231276 1730592 155317288    0    0 36336 42592 88510 36834  1  0 98  0  0  0
 2  1 136308 21234160 1730592 155317492    0    0 35840 42048 88316 37202  1  0 98  0  0  0
 1  0 136308 21239088 1730592 155317708    0    0 36224 42764 88550 37279  1  0 98  0  0  0
 1  0 136308 21235800 1730592 155317916    0    0 36592 42708 88481 36628  1  0 99  0  0  0
 2  0 136308 21237848 1730596 155318132    0    0 36112 42044 88491 37402  1  0 99  0  0  0
 1  0 136308 21237584 1730596 155318352    0    0 36256 41620 88432 36655  1  0 99  0  0  0
 2  0 136308 21234556 1730596 155318552    0    0 36784 42384 88591 36277  1  0 99  0  0  0
 0  1 136308 21233960 1730596 155318772    0    0 36208 44060 88625 36929  1  0 99  0  0  0
 0  1 136308 21233376 1730596 155318996    0    0 36432 43916 88624 37311  1  0 99  0  0  0
 2  0 136308 21234252 1730596 155319200    0    0 36336 43168 88544 37084  1  0 99  0  0  0
 0  1 136308 21233024 1730596 155319412    0    0 36128 41212 88510 36793  1  0 99  0  0  0
 1  0 136308 21232300 1730596 155319628    0    0 36320 41648 88384 37079  1  0 98  0  0  0
 1  0 136308 21232552 1730596 155319844    0    0 36064 41424 88639 37375  1  0 99  0  0  0
 0  0 136308 21230752 1730596 155320060    0    0 36736 42500 88567 37090  1  0 98  0  0  0
procs -----------memory---------- ---swap-- -----io---- -system-- -------cpu-------
 r  b   swpd   free   buff  cache   si   so    bi    bo   in   cs us sy id wa st gu
 1  0 136308 21228200 1730600 155320260    0    0 36976 42652 88586 37418  1  0 98  0  0  0
 0  1 136308 21227880 1730600 155320480    0    0 36320 41688 88449 37055  1  0 99  0  0  0
 1  0 136308 21225172 1730600 155320700    0    0 36832 41268 88546 37209  1  0 98  0  0  0
 1  0 136308 21225296 1730600 155320924    0    0 36144 41712 88363 37177  1  0 99  0  0  0
 0  1 136308 21225356 1730600 155321140    0    0 36320 41080 88387 37888  1  0 98  0  0  0
 1  0 136308 21227880 1730600 155321360    0    0 37216 41884 88514 37096  1  0 99  0  0  0
 1  0 136308 21227980 1730600 155321556    0    0 36880 42036 88521 37105  1  0 98  0  0  0
 1  0 136308 21226072 1730600 155321772    0    0 36976 41964 88513 36690  1  0 99  0  0  0
 1  0 136308 21224560 1730600 155321988    0    0 36608 42492 88253 37865  1  0 99  0  0  0
 1  0 136308 21224832 1730600 155322208    0    0 36192 42536 88516 38059  1  0 99  0  0  0
 0  1 136308 21224832 1730604 155322428    0    0 37536 42852 88433 37431  1  0 99  0  0  0
 1  0 136308 21224608 1730604 155322636    0    0 36688 42992 88631 37291  1  0 99  0  0  0
 0  1 136308 21226372 1730604 155322864    0    0 36672 42796 88524 37173  1  0 98  0  0  0
 0  1 136308 21227528 1730604 155323080    0    0 36448 42256 88773 37204  1  0 99  0  0  0
 1  1 136308 21224536 1730604 155323292    0    0 37328 42196 88444 37123  1  0 99  0  0  0
 0  1 136308 21222772 1730604 155323508    0    0 37008 42132 88719 36601  1  0 98  0  0  0
 1  0 136308 21228336 1730604 155323728    0    0 36624 42812 88635 37983  1  0 99  0  0  0
 1  0 136308 21223328 1730604 155323940    0    0 36592 41728 88464 37310  1  0 99  0  0  0
 1  0 136308 21223572 1730604 155324164    0    0 36736 41216 88466 36920  1  0 99  0  0  0
 0  1 136308 21223372 1730604 155324368    0    0 37552 41148 88518 36652  1  0 98  0  0  0
 1  0 136308 21223624 1730604 155324588    0    0 36864 40836 88511 36984  1  0 98  0  0  0
procs -----------memory---------- ---swap-- -----io---- -system-- -------cpu-------
 r  b   swpd   free   buff  cache   si   so    bi    bo   in   cs us sy id wa st gu
 1  0 136308 21224256 1730604 155324792    0    0 36608 41720 88558 37303  1  0 99  0  0  0
 0  1 136308 21241460 1730608 155325012    0    0 37104 41272 88540 36861  1  0 98  0  0  0
 1  0 136308 21242928 1730608 155325220    0    0 36080 41716 88491 37509  1  0 99  0  0  0
 0  1 136308 21243140 1730608 155325436    0    0 37024 42332 88513 37434  1  0 99  0  0  0
 0  1 136308 21242644 1730612 155325696    0    0 36272 42332 88322 37588  1  0 99  0  0  0
 0  1 136308 21244796 1730612 155325908    0    0 36240 41828 88422 37087  1  0 98  0  0  0
 1  0 136308 21242780 1730612 155326088    0    0 36704 41768 88402 37160  1  0 99  0  0  0
 0  1 136308 21243604 1730612 155326316    0    0 37072 41864 88558 37475  1  0 99  0  0  0
 1  0 136308 21243424 1730612 155326540    0    0 36064 42256 88440 37135  1  0 98  0  0  0
 0  1 136308 21248040 1730616 155326792    0    0 36672 41784 88478 36536  1  0 99  0  0  0
 1  0 136308 21244736 1730616 155326992    0    0 36512 41860 88128 37302  1  0 99  0  0  0
 0  1 136308 21247660 1730616 155327208    0    0 36384 41680 88542 37288  1  0 99  0  0  0
 2  1 136308 21246860 1730616 155327424    0    0 36416 41984 88549 36997  1  0 99  0  0  0
 1  0 136308 21246864 1730616 155327640    0    0 36864 41612 88423 36284  1  0 99  0  0  0
 1  0 136308 21248868 1730624 155327856    0    0 37072 41368 88413 37086  1  0 98  0  0  0
 1  0 136308 21247912 1730624 155328148    0    0 36176 41604 88576 36802  1  0 99  0  0  0
 1  0 136308 21248712 1730624 155328384    0    0 37376 41116 88618 36433  1  0 99  0  0  0
 1  0 136308 21247708 1730624 155328588    0    0 36368 41652 88438 36375  1  0 98  0  0  0
 1  0 136308 21241696 1730624 155328796    0    0 36192 41800 88514 37170  1  0 99  0  0  0
 1  0 136308 21238448 1730632 155328980    0    0 36720 42992 88614 37177  1  0 99  0  0  0
 1  0 136308 21238700 1730632 155329216    0    0 36848 42692 88516 37589  1  0 98  0  0  0
procs -----------memory---------- ---swap-- -----io---- -system-- -------cpu-------
 r  b   swpd   free   buff  cache   si   so    bi    bo   in   cs us sy id wa st gu
 1  0 136308 21239752 1730632 155329452    0    0 36240 42956 88273 36485  1  0 99  0  0  0
 1  0 136308 21239912 1730632 155329620    0    0 36496 41860 88344 37467  1  0 99  0  0  0
 1  1 136308 21240116 1730632 155329864    0    0 35904 41172 88402 36520  1  0 99  0  0  0
 0  1 136308 21240372 1730636 155330036    0    0 35968 41028 88313 36757  1  0 99  0  0  0
 2  0 136308 21239396 1730636 155330264    0    0 36272 41008 88230 36274  1  0 99  0  0  0
 1  0 136308 21239652 1730636 155330484    0    0 36464 41540 88333 36996  1  0 99  0  0  0
 1  0 136308 21239676 1730636 155330684    0    0 35872 41796 88228 37423  1  0 98  0  0  0
 1  0 136308 21239172 1730636 155330916    0    0 35360 41848 88447 37265  1  0 99  0  0  0
 1  0 136308 21239172 1730640 155331148    0    0 36320 41112 88221 36601  1  0 99  0  0  0
 3  0 136308 21238184 1730640 155331336    0    0 36528 40928 88336 36717  1  0 99  0  0  0
 1  0 136308 21238692 1730640 155331572    0    0 36000 40744 88534 36534  1  0 99  0  0  0
 1  0 136308 21235780 1730640 155331788    0    0 36192 41204 88271 36969  1  0 99  0  0  0
 1  0 136308 21235532 1730640 155331976    0    0 36320 40812 88387 36302  1  0 99  0  0  0
 0  1 136308 21235028 1730648 155332200    0    0 35984 41568 88281 36680  1  0 99  0  0  0
 0  1 136308 21235532 1730648 155332396    0    0 36016 42132 88605 36735  1  0 98  0  0  0
 1  0 136308 21235716 1730648 155332604    0    0 36368 43432 88289 37409  1  0 99  0  0  0
 1  0 136308 21235972 1730648 155332840    0    0 35680 42116 88489 37059  1  0 99  0  0  0
 1  0 136308 21237228 1730648 155333028    0    0 36320 41852 88404 36536  1  0 99  0  0  0
 1  0 136308 21237468 1730652 155333252    0    0 36352 41988 88611 37562  1  0 99  0  0  0
 1  0 136308 21237348 1730652 155333476    0    0 36336 41208 88152 37203  1  0 99  0  0  0
 1  0 136308 21236732 1730652 155333692    0    0 36304 40732 88314 36985  1  0 99  0  0  0
procs -----------memory---------- ---swap-- -----io---- -system-- -------cpu-------
 r  b   swpd   free   buff  cache   si   so    bi    bo   in   cs us sy id wa st gu
 1  0 136308 21236232 1730652 155333908    0    0 36416 40364 88303 36426  1  0 99  0  0  0
 0  1 136308 21236580 1730652 155334116    0    0 37168 41264 88639 36600  1  0 99  0  0  0
 1  0 136308 21236036 1730656 155334328    0    0 36368 41116 88250 36800  1  0 99  0  0  0
 1  0 136308 21236004 1730656 155334532    0    0 36240 40912 88330 36822  1  0 99  0  0  0
 1  0 136308 21235184 1730656 155334752    0    0 36096 40468 88293 37117  1  0 99  0  0  0
 0  1 136308 21240224 1730656 155334944    0    0 36656 40336 88548 36675  1  0 99  0  0  0
 1  0 136308 21237152 1730656 155335188    0    0 36272 40844 88288 36356  1  0 99  0  0  0
 2  0 136308 21237932 1730656 155335372    0    0 35504 41284 88226 36347  1  0 99  0  0  0
 1  0 136308 21236500 1730656 155335588    0    0 36784 41776 88426 36320  1  0 99  0  0  0
 0  1 136308 21236752 1730656 155335776    0    0 36032 41372 88472 36877  1  0 99  0  0  0
 0  1 136308 21236608 1730656 155336000    0    0 35840 41776 88298 36912  1  0 98  0  0  0
 1  0 136308 21237112 1730656 155336244    0    0 36432 42204 88248 36053  1  0 99  0  0  0
 1  0 136308 21236464 1730660 155336420    0    0 35552 41912 88437 36774  1  0 98  0  0  0
 1  0 136308 21238480 1730660 155336632    0    0 36928 41344 88594 36863  1  0 99  0  0  0
 0  1 136308 21238696 1730660 155336872    0    0 36720 40600 88248 36410  1  0 99  0  0  0
 1  0 136308 21237040 1730660 155337084    0    0 36848 40128 88232 36958  1  0 99  0  0  0
 1  0 136308 21235780 1730660 155337304    0    0 36704 40524 88286 37231  1  0 99  0  0  0
 5  0 136308 21232768 1730660 155337508    0    0 36096 41568 88553 37782  1  0 99  0  0  0
 0  1 136308 21230284 1730660 155337728    0    0 36704 42476 88369 37104  1  0 99  0  0  0
 1  0 136308 21230552 1730660 155337948    0    0 36880 42240 88561 36881  1  0 98  0  0  0
 1  0 136308 21230536 1730660 155338156    0    0 36800 41464 88444 37257  1  0 98  0  0  0
procs -----------memory---------- ---swap-- -----io---- -system-- -------cpu-------
 r  b   swpd   free   buff  cache   si   so    bi    bo   in   cs us sy id wa st gu
 1  1 136308 21229544 1730660 155338372    0    0 36368 41560 88631 37459  1  0 98  0  0  0
 0  0 136308 21227432 1730664 155338572    0    0 36816 41280 88322 37406  1  0 99  0  0  0
 0  1 136308 21227196 1730664 155338812    0    0 36000 42032 88425 37517  1  0 98  0  0  0
 2  0 136308 21227568 1730664 155339032    0    0 36384 41768 88580 37002  1  0 99  0  0  0
 1  0 136308 21227644 1730668 155339228    0    0 36912 42536 88521 37204  1  0 99  0  0  0
 4  0 136308 21228016 1730668 155339452    0    0 36064 43384 88440 37738  1  0 99  0  0  0
 0  1 136308 21227676 1730676 155339684    0    0 36992 42620 88437 37468  1  0 98  0  0  0
 0  1 136308 21228268 1730676 155339900    0    0 36496 42088 88541 37507  1  0 99  0  0  0
 0  1 136308 21230476 1730676 155340116    0    0 36688 42932 88604 38033  1  0 98  0  0  0
 0  1 136308 21231728 1730676 155340324    0    0 36592 43228 88594 37296  1  0 98  0  0  0
 0  1 136308 21228456 1730676 155340532    0    0 36400 43108 88203 37779  1  0 99  0  0  0
 1  0 136308 21228508 1730684 155340756    0    0 36400 42764 88525 38047  1  0 98  0  0  0
 1  0 136308 21227912 1730684 155341064    0    0 36704 42468 88429 36945  1  0 99  0  0  0
 1  0 136308 21229960 1730684 155341280    0    0 36528 43340 88476 37453  1  0 98  0  0  0
 1  0 136308 21228976 1730684 155341480    0    0 36736 42996 88453 36987  1  0 99  0  0  0
 3  1 136308 21231848 1730684 155341696    0    0 36576 43016 88539 37720  1  0 98  0  0  0
 1  0 136308 21230868 1730688 155341916    0    0 36192 43780 88522 37249  1  0 99  0  0  0
 1  0 136308 21230844 1730688 155342140    0    0 36656 43728 88583 37123  1  0 98  0  0  0
 0  1 136308 21229616 1730688 155342344    0    0 36448 43996 88496 37107  1  0 99  0  0  0
 1  0 136308 21232384 1730688 155342560    0    0 36624 43128 88460 37256  1  0 99  0  0  0
 1  0 136308 21230516 1730688 155342772    0    0 36464 42748 88472 36985  1  0 99  0  0  0
procs -----------memory---------- ---swap-- -----io---- -system-- -------cpu-------
 r  b   swpd   free   buff  cache   si   so    bi    bo   in   cs us sy id wa st gu
 0  1 136308 21227780 1730692 155342960    0    0 36624 42832 88438 37385  1  0 98  0  0  0
 1  0 136308 21227528 1730692 155343192    0    0 36656 43384 88654 38343  1  0 99  0  0  0
 2  0 136308 21227544 1730692 155343396    0    0 36784 43728 88422 37118  1  0 99  0  0  0
 2  0 136308 21228072 1730692 155343632    0    0 36848 43716 88477 38161  1  0 99  0  0  0
 1  0 136308 21226856 1730692 155343856    0    0 36256 43688 88503 38615  1  0 99  0  0  0
 1  0 136308 21229272 1730696 155344064    0    0 36096 43568 88504 37630  1  0 99  0  0  0
 2  0 136308 21226604 1730696 155344276    0    0 36048 43688 88374 36449  1  0 99  0  0  0
 1  0 136308 21226604 1730696 155344472    0    0 36512 43660 88607 37084  1  0 99  0  0  0
 1  0 136308 21226644 1730696 155344720    0    0 36512 43696 88651 37411  1  0 99  0  0  0
 1  0 136308 21226144 1730696 155344928    0    0 36672 43472 88654 37334  1  0 99  0  0  0
 0  1 136308 21225576 1730700 155345144    0    0 36624 43668 88400 37240  1  0 99  0  0  0
 0  1 136308 21227340 1730700 155345348    0    0 36320 43164 88464 37265  1  0 98  0  0  0
 1  0 136308 21228592 1730700 155345564    0    0 36912 43052 88374 38359  1  0 99  0  0  0
 1  0 136308 21229428 1730700 155345780    0    0 36608 43024 88452 37021  1  0 99  0  0  0
 1  0 136308 21226256 1730700 155346000    0    0 36896 43996 88441 37078  1  0 99  0  0  0
 1  0 136308 21226520 1730700 155346220    0    0 37312 43980 88607 37123  1  0 98  0  0  0
 0  1 136308 21225836 1730700 155346416    0    0 37232 43800 88770 37063  1  0 99  0  0  0
 1  0 136308 21225500 1730700 155346640    0    0 36720 42600 88386 36536  1  0 98  0  0  0
