procs -----------memory---------- ---swap-- -----io---- -system-- -------cpu-------
 r  b   swpd   free   buff  cache   si   so    bi    bo   in   cs us sy id wa st gu
 5  1 133236 4770076 1773452 180499524    4    6 26300 26405 12679    3  3  0 96  1  0  0
153  2 133236 4491200 1773452 180499576    0    0 74304 230112 105749 85403 94  2  4  0  0  0
139  0 133236 4468396 1773452 180499612    0    0 72928 107788 97179 48587 98  1  1  0  0  0
152  1 133236 4455560 1773456 180499648    0    0 80368 104368 96203 44822 98  1  1  0  0  0
144  1 133236 4433164 1773456 180499692    0    0 65424 119288 131003 43503 97  1  2  0  0  0
140  0 133236 4409360 1773456 180499732    0    0 74704 95216 103243 43880 98  1  1  0  0  0
139  0 133236 4386760 1773456 180499772    0    0 87184 111468 97667 47129 98  1  1  0  0  0
189  1 133236 4379504 1773456 180499804    0    0 81088 126996 96788 47213 98  1  1  0  0  0
160  0 133236 4364168 1773460 180499840    0    0 70048 113308 97736 48935 98  1  1  0  0  0
123  0 133236 4346220 1773460 180499872    0    0 82224 111812 135488 46341 97  1  2  0  0  0
130  0 133236 4334408 1773460 180499908    0    0 87120 115188 97277 50460 98  1  1  0  0  0
129  1 133236 4310428 1773460 180499948    0    0 83440 132052 98758 48407 98  1  1  0  0  0
181  1 133236 4285708 1773460 180499992    0    0 76864 113236 96883 45336 98  1  1  0  0  0
123  0 133236 4269904 1773464 180500020    0    0 81536 122572 97160 47112 98  1  1  0  0  0
171  0 133236 4243004 1773464 180500052    0    0 82016 116424 96948 46318 98  1  1  0  0  0
148  2 133236 4228188 1773464 180500088    0    0 83696 127504 97143 46477 98  1  1  0  0  0
175  0 133236 4207388 1773464 180500160    0    0 79520 115388 96784 46854 98  1  1  0  0  0
133  2 133236 4194488 1773464 180500200    0    0 75488 118436 97102 46537 98  1  1  0  0  0
150  1 133236 4177288 1773464 180500236    0    0 84368 113856 97310 46551 98  1  1  0  0  0
179  1 133236 4148856 1773464 180500264    0    0 79392 126924 97682 48320 98  1  1  0  0  0
144  0 133236 4127000 1773464 180500304    0    0 71536 119860 97090 50183 98  1  1  0  0  0
procs -----------memory---------- ---swap-- -----io---- -system-- -------cpu-------
 r  b   swpd   free   buff  cache   si   so    bi    bo   in   cs us sy id wa st gu
39  1 133236 3687084 1773464 180500348    0    0 110288 129508 511328 232506 63 30  6  0  0  0
91  0 133236 3397080 1773464 180500380    0    0 123360 146620 668546 1166218 25 56 18  0  0  0
363  0 133236 3284448 1773476 180500408    0    0 186400 75788 257533 1576792 35 41 24  1  0  0
83  0 133236 3244132 1773476 180501036    0    0 141360 144176 249123 1556898 31 45 23  1  0  0
 4  4 133236 3201856 1773476 180501292    0    0 186944 57496 247555 1547503 33 43 24  1  0  0
115  0 133236 3196284 1773476 180501976    0    0 145200 10368 244487 1545074 32 44 23  1  0  0
147  0 133236 3196316 1773476 180502104    0    0 145184 49764 249690 1561189 32 44 23  1  0  0
47  8 133236 3200244 1773480 180502552    0    0 186800 62804 256667 1549780 33 43 24  1  0  0
179  0 133236 3207044 1773480 180503100    0    0 144192 45836 250303 1547662 32 45 23  1  0  0
56 10 133236 3216512 1773480 180503412    0    0 168928 78708 244863 1528365 32 41 26  1  0  0
215  2 133236 3223212 1773480 180504144    0    0 202032 107884 247612 1440528 31 39 29  1  0  0
 9  1 133236 3223476 1773480 180504268    0    0 189728 138228 242877 1427156 31 38 30  1  0  0
24  0 133236 3225772 1773480 180504896    0    0 161888 85600 245077 1496365 31 42 26  1  0  0
58  9 133236 3236376 1773480 180505460    0    0 177952 85056 240708 1469373 31 41 27  1  0  0
92 11 133236 3234264 1773480 180505684    0    0 172416 104012 246085 1463893 32 41 27  1  0  0
 7  0 133236 3239232 1773480 180506208    0    0 185024 142392 244178 1439790 32 39 29  1  0  0
50  0 133236 3240688 1773488 180506760    0    0 139392 47080 247687 1534209 32 45 23  1  0  0
23 21 133236 3235548 1773488 180507180    0    0 195872 116372 248956 1491382 32 40 26  1  0  0
 8  0 133236 3235812 1773488 180507572    0    0 210304 149432 247854 1451119 32 38 28  2  0  0
21 32 133236 3227976 1773488 180508224    0    0 173088 116500 243916 1467399 30 42 27  1  0  0
67  7 133236 3219960 1773488 180508696    0    0 185312 112960 244290 1467025 32 41 26  1  0  0
procs -----------memory---------- ---swap-- -----io---- -system-- -------cpu-------
 r  b   swpd   free   buff  cache   si   so    bi    bo   in   cs us sy id wa st gu
 3  0 133236 3210008 1773496 180509168    0    0 177984 112552 244456 1473187 32 40 26  1  0  0
132  1 133236 3203388 1773496 180509752    0    0 208384 130540 246155 1452452 32 39 28  1  0  0
57 14 133236 3196568 1773496 180510112    0    0 230576 134012 245270 1452390 32 38 28  2  0  0
279  0 133236 3189568 1773496 180510788    0    0 222736 150800 247172 1439989 32 38 28  1  0  0
55  4 133236 3185048 1773496 180511420    0    0 160736 118412 242822 1459266 31 41 28  1  0  0
72  3 133236 3184084 1773496 180511740    0    0 214496 107232 252515 1493167 33 39 27  1  0  0
93  0 133236 3180852 1773496 180512340    0    0 195680 122860 246463 1458329 33 38 28  1  0  0
43  8 133236 3170776 1773496 180512952    0    0 204928 131716 240887 1440399 30 41 28  2  0  0
57  0 133236 3163800 1773496 180513360    0    0 190352 110644 245543 1484793 32 40 26  1  0  0
233  0 133236 3154720 1773496 180513736    0    0 163040 117516 251247 1489215 33 39 27  1  0  0
28  6 133236 3144956 1773500 180514272    0    0 172048 142960 250979 1449744 30 40 30  1  0  0
105  9 133236 3134296 1773500 180514932    0    0 202016 85800 249623 1504454 32 42 25  1  0  0
49  3 133236 3130212 1773500 180515160    0    0 208688 145696 247052 1457050 32 38 29  1  0  0
44 18 133236 3124960 1773500 180515744    0    0 228448 154616 245942 1429353 32 37 30  1  0  0
83  0 133236 3112844 1773500 180516432    0    0 169616 123248 242372 1440839 30 41 28  1  0  0
 9  4 133236 3106056 1773504 180516808    0    0 243712 155792 249493 1443858 33 37 29  1  0  0
137  0 133236 3095796 1773504 180517412    0    0 191056 95860 249160 1486242 32 41 26  1  0  0
116  3 133236 3083096 1773504 180518052    0    0 170032 126488 243459 1459035 31 40 28  1  0  0
46  0 133236 3079840 1773504 180518572    0    0 191728 129632 244699 1447705 30 41 28  1  0  0
24  0 133236 3073824 1773504 180518844    0    0 206240 122644 252994 1480261 32 39 28  1  0  0
13  0 133236 3065068 1773512 180519412    0    0 213616 147496 256694 1445471 30 39 29  1  0  0
procs -----------memory---------- ---swap-- -----io---- -system-- -------cpu-------
 r  b   swpd   free   buff  cache   si   so    bi    bo   in   cs us sy id wa st gu
27  0 133236 3053408 1773512 180520084    0    0 173312 130292 241842 1430184 30 41 28  1  0  0
17  0 133236 3040284 1773512 180520376    0    0 200336 101016 250694 1485140 33 39 27  1  0  0
30  1 133236 3033744 1773512 180520868    0    0 203520 127092 246498 1443754 33 37 28  1  0  0
35  3 133236 3027736 1773512 180521516    0    0 146912 120712 242026 1442348 30 40 29  1  0  0
62  3 133236 3018504 1773516 180522064    0    0 179680 76576 253787 1505470 32 43 24  1  0  0
40  4 133236 3013960 1773516 180522208    0    0 169312 132892 248846 1454830 31 40 29  1  0  0
121  0 133236 3008256 1773516 180522784    0    0 188560 132868 251244 1463197 32 40 27  1  0  0
 7  0 133236 2997648 1773516 180523352    0    0 138032 71980 251322 1517176 32 43 24  0  0  0
11  7 133236 2990516 1773516 180523576    0    0 197632 110972 251670 1492043 32 41 26  1  0  0
66 10 133236 2986628 1773520 180524100    0    0 173984 126368 250443 1471403 31 42 27  1  0  0
62  2 133236 2984652 1773520 180524576    0    0 177568 115996 248743 1471777 32 40 26  1  0  0
168  1 133236 2970732 1773520 180525264    0    0 209168 120936 248079 1466046 32 40 27  1  0  0
69  7 133236 2960128 1773520 180525616    0    0 237760 145512 248385 1442354 33 36 30  1  0  0
257  0 133236 2953092 1773520 180526284    0    0 149040 107172 242070 1452935 30 42 28  1  0  0
47  1 133236 2946556 1773524 180526600    0    0 221088 134360 249363 1448555 32 39 28  2  0  0
14  0 133236 2939752 1773524 180527160    0    0 169920 81640 247000 1494650 31 42 26  1  0  0
65  1 133236 2933996 1773524 180527620    0    0 198784 165832 246970 1420119 31 38 30  1  0  0
59  0 133236 2926008 1773524 180528204    0    0 148704 68932 251917 1516373 31 44 25  1  0  0
123  0 133236 2914956 1773524 180528704    0    0 172224 129332 251949 1442653 31 41 27  1  0  0
34  0 133236 2912736 1773524 180528852    0    0 199920 119640 264254 1471201 31 39 28  1  0  0
132  0 133236 2909296 1773524 180529504    0    0 167840 99988 258847 1505490 32 42 25  1  0  0
procs -----------memory---------- ---swap-- -----io---- -system-- -------cpu-------
 r  b   swpd   free   buff  cache   si   so    bi    bo   in   cs us sy id wa st gu
101  0 133236 2901016 1773524 180530012    0    0 150640 87504 246304 1492320 32 42 26  1  0  0
 7  0 133236 2897256 1773524 180530416    0    0 181872 132876 248367 1443031 31 41 27  1  0  0
26  0 133236 2891492 1773524 180530796    0    0 188384 133348 249646 1449198 31 39 29  1  0  0
67  6 133236 2886280 1773524 180531312    0    0 144576 61688 250764 1524593 32 44 24  0  0  0
59  1 133236 2876656 1773524 180531776    0    0 162400 116440 248672 1438626 31 40 29  1  0  0
42  8 133236 2867372 1773524 180532128    0    0 192864 108572 250286 1508008 33 40 26  1  0  0
90  6 133236 2857836 1773524 180532600    0    0 221408 159516 242949 1424512 31 39 29  1  0  0
30  2 133236 2850900 1773524 180533284    0    0 160016 96244 248455 1488778 31 43 25  1  0  0
89  0 133236 2844580 1773524 180533780    0    0 157824 78180 258747 1528692 30 45 24  1  0  0
49  0 133236 2840608 1773532 180533956    0    0 180800 140800 249531 1456508 31 39 29  1  0  0
28  0 133236 2837260 1773532 180534524    0    0 171248 94700 250045 1498867 32 42 26  1  0  0
100  0 133236 2832912 1773532 180535032    0    0 167536 90764 249943 1503126 32 43 24  1  0  0
 6  0 133236 2831196 1773532 180535404    0    0 167920 132340 251412 1457805 31 40 28  1  0  0
15  0 133236 2829948 1773532 180535808    0    0 172464 105548 249589 1486136 32 41 27  1  0  0
132  0 133236 2794460 1773536 180536300    0    0 151376 79952 247352 1506767 32 44 24  1  0  0
 7  0 133236 2790728 1773536 180536892    0    0 146272 108592 244287 1460350 30 42 28  1  0  0
65  0 133236 2790140 1773536 180537360    0    0 211616 121564 250596 1478078 32 40 27  1  0  0
103  1 133236 2783940 1773536 180537900    0    0 150944 106552 245407 1473821 31 42 27  1  0  0
55  0 133236 2782060 1773536 180538424    0    0 177120 99216 253460 1490287 31 43 25  1  0  0
102  0 133236 2781064 1773540 180538704    0    0 193536 123868 252763 1498909 34 39 26  1  0  0
161  2 133236 2779144 1773540 180539212    0    0 201792 137188 248025 1441776 32 39 28  1  0  0
procs -----------memory---------- ---swap-- -----io---- -system-- -------cpu-------
 r  b   swpd   free   buff  cache   si   so    bi    bo   in   cs us sy id wa st gu
40  1 133236 2773232 1773540 180539832    0    0 137824 78268 261135 1523907 32 44 24  0  0  0
152  0 133236 2771544 1773540 180540244    0    0 165024 110640 262234 1502953 32 41 26  1  0  0
162  5 133236 2769464 1773540 180540476    0    0 193392 135156 249378 1454117 31 39 28  1  0  0
 5  0 133236 2760736 1773540 180541120    0    0 185792 120040 248524 1469152 32 39 28  1  0  0
79  5 133236 2760568 1773540 180541628    0    0 160912 69472 251256 1528264 32 43 24  1  0  0
55  0 133236 2759356 1773540 180542060    0    0 176336 133068 248759 1442673 30 41 28  1  0  0
69  1 133236 2754592 1773540 180542444    0    0 200256 117276 255119 1507481 33 41 25  1  0  0
45  0 133236 2750324 1773540 180542932    0    0 167680 132756 248676 1448977 31 40 28  1  0  0
42  0 133236 2745924 1773548 180543440    0    0 141840 55780 252780 1528362 32 45 23  0  0  0
15  0 133236 2744664 1773548 180543796    0    0 189312 143476 249958 1444122 30 40 29  1  0  0
107  0 133236 2742468 1773548 180544220    0    0 207728 124456 252266 1481224 32 41 26  1  0  0
137  0 133236 2736688 1773548 180544840    0    0 177696 130576 246850 1450441 31 40 28  1  0  0
69  6 133236 2730112 1773548 180545300    0    0 137984 63840 253994 1531677 32 45 23  0  0  0
49  2 133236 2718084 1773552 180545512    0    0 177968 129492 249344 1447922 32 40 28  1  0  0
112  2 133236 2715888 1773552 180546132    0    0 193296 116984 252102 1473648 32 40 26  1  0  0
58  7 133236 2713572 1773552 180546596    0    0 129696 67408 251374 1525585 32 44 24  0  0  0
23  0 133236 2711800 1773552 180547016    0    0 166288 119128 248445 1454433 31 41 28  1  0  0
193  0 133236 2705164 1773552 180547412    0    0 180256 109924 253179 1514041 33 41 25  1  0  0
67  1 133236 2701932 1773556 180547848    0    0 166704 105344 247202 1475199 32 41 27  1  0  0
31  0 133236 2696180 1773556 180548380    0    0 149920 85060 246826 1478181 31 42 27  1  0  0
226  0 133236 2697344 1773556 180548708    0    0 188832 132256 246642 1448663 31 40 29  1  0  0
procs -----------memory---------- ---swap-- -----io---- -system-- -------cpu-------
 r  b   swpd   free   buff  cache   si   so    bi    bo   in   cs us sy id wa st gu
144  0 133236 2694336 1773556 180549096    0    0 206928 131284 250999 1467315 32 40 28  1  0  0
100  8 133236 2691360 1773556 180549740    0    0 157856 87608 250865 1513692 32 43 25  1  0  0
 5  3 133236 2788956 1773560 180454364    0    0 208752 149004 247908 1436974 32 38 28  1  0  0
70  9 133236 2784776 1773560 180454728    0    0 138240 73128 249720 1513640 31 44 25  0  0  0
143  0 133236 2782648 1773560 180455028    0    0 199232 120212 258004 1482941 32 41 26  1  0  0
52  4 133236 2781228 1773560 180455580    0    0 224624 150824 251780 1458994 32 39 26  3  0  0
55  1 133236 2778760 1773560 180456240    0    0 197840 125272 244106 1457251 31 41 27  1  0  0
108  0 133236 2773268 1773564 180456896    0    0 219024 132452 245338 1444632 32 39 28  1  0  0
 6  0 133236 2770656 1773564 180457232    0    0 223520 128712 247665 1451732 32 38 28  1  0  0
49  3 133236 2767632 1773564 180457908    0    0 163904 124076 248155 1450283 31 40 29  1  0  0
152  0 133236 2763824 1773564 180458364    0    0 214704 127140 248228 1453807 31 41 27  2  0  0
 7  0 133236 2757780 1773564 180458776    0    0 246048 149436 254870 1445418 34 37 28  1  0  0
65  1 133236 2753336 1773568 180459492    0    0 204032 114412 247919 1460875 33 38 28  1  0  0
24  0 133236 2751048 1773568 180459988    0    0 172688 137940 242497 1440103 31 40 28  1  0  0
209  0 133236 2747364 1773568 180460568    0    0 191936 108244 252165 1486675 32 41 26  1  0  0
225  0 133236 2742704 1773568 180460956    0    0 195840 136636 258031 1489701 32 42 25  1  0  0
122  1 133236 2743560 1773568 180461440    0    0 176912 128088 247498 1437186 32 39 28  1  0  0
149  1 133236 2739584 1773576 180461904    0    0 170864 84808 249318 1492984 31 43 25  1  0  0
70  1 133236 2734568 1773576 180462480    0    0 253216 151252 253292 1460064 35 35 29  1  0  0
115  2 133236 2729672 1773576 180462984    0    0 180464 117056 247425 1464306 32 40 27  1  0  0
120  0 133236 2728708 1773576 180463592    0    0 191392 144212 248075 1440328 32 38 29  1  0  0
procs -----------memory---------- ---swap-- -----io---- -system-- -------cpu-------
 r  b   swpd   free   buff  cache   si   so    bi    bo   in   cs us sy id wa st gu
55  5 133236 2726572 1773576 180463856    0    0 215776 121292 250963 1476431 33 39 27  1  0  0
71  4 133236 2722328 1773580 180464556    0    0 177024 115440 248359 1492179 32 41 26  1  0  0
110  0 133236 2721492 1773580 180465032    0    0 139392 90908 247306 1492811 31 43 26  0  0  0
55  0 133236 2716500 1773580 180465236    0    0 176192 109928 251807 1476345 31 42 26  1  0  0
130  1 133236 2709348 1773580 180465832    0    0 215920 153724 254022 1469314 32 39 27  2  0  0
 5  0 133236 2705608 1773580 180466476    0    0 164672 82028 254074 1518149 33 42 24  1  0  0
100  8 133236 2700712 1773584 180466900    0    0 156768 94292 248416 1461456 30 43 26  1  0  0
29  0 133236 2697700 1773584 180467180    0    0 202160 134248 253438 1476139 32 41 26  1  0  0
49  3 133236 2696212 1773584 180467812    0    0 180448 135844 245635 1440461 32 39 29  1  0  0
86  0 133236 2695724 1773584 180468204    0    0 131776 55788 251232 1528372 32 45 23  0  0  0
 6  0 133236 2693596 1773584 180468712    0    0 176256 125128 245589 1431625 31 39 29  1  0  0
75  0 133236 2694784 1773584 180468928    0    0 210016 123400 254303 1483481 32 41 25  1  0  0
181  0 133236 2787748 1773584 180376360    0    0 176704 116620 247774 1455020 31 40 28  1  0  0
 0  1 133236 2784148 1773584 180376084    0    0 151920 89204 252122 1504034 31 44 25  1  0  0
78  7 133236 2783008 1773584 180376432    0    0 160640 104096 248329 1465523 31 41 27  1  0  0
129  0 133236 2778756 1773592 180376712    0    0 180560 149928 247368 1435575 31 39 29  1  0  0
35  1 133236 2777296 1773600 180377312    0    0 202416 116624 253398 1478489 33 39 27  1  0  0
104  0 133236 2775264 1773600 180377864    0    0 191280 97916 249238 1488298 32 41 26  1  0  0
11  0 133236 2773752 1773600 180378344    0    0 156016 86908 248837 1491725 32 43 25  1  0  0
29 10 133236 2773508 1773600 180378780    0    0 170208 115344 248321 1446343 30 41 28  1  0  0
146  0 133236 2771412 1773600 180379060    0    0 185840 137948 244986 1446693 32 38 29  1  0  0
procs -----------memory---------- ---swap-- -----io---- -system-- -------cpu-------
 r  b   swpd   free   buff  cache   si   so    bi    bo   in   cs us sy id wa st gu
 8  0 133236 2770744 1773600 180379648    0    0 196096 106888 250492 1479020 32 40 26  1  0  0
76  2 133236 2770532 1773600 180380124    0    0 203920 141180 246250 1427571 32 38 29  1  0  0
108  9 133236 2764032 1773600 180380684    0    0 143152 67628 252903 1515130 32 43 25  0  0  0
90  3 133236 2763192 1773600 180381132    0    0 177984 113056 251004 1474918 32 41 27  1  0  0
75  0 133236 2761232 1773600 180381464    0    0 184640 133500 251465 1475280 32 41 26  1  0  0
45  0 133236 2761520 1773604 180382012    0    0 188112 121228 249641 1473561 32 40 27  1  0  0
22  0 133236 2759128 1773604 180382596    0    0 182064 83660 252975 1514248 32 42 25  1  0  0
244  0 133236 2759108 1773604 180383016    0    0 148736 121064 243976 1427560 29 41 29  1  0  0
105  5 133236 2757704 1773604 180383360    0    0 168576 111776 250906 1485977 32 42 26  1  0  0
79  6 133236 2756444 1773604 180383884    0    0 188112 106076 256652 1500815 34 41 25  1  0  0
31  7 133236 2756228 1773608 180384268    0    0 169440 78008 248091 1507396 32 43 24  1  0  0
138  0 133236 2755116 1773608 180384756    0    0 215200 157116 247701 1411483 31 38 29  1  0  0
51  1 133236 2754244 1773608 180385260    0    0 212464 120844 251647 1468640 33 38 28  1  0  0
 9  0 133236 2752176 1773608 180385960    0    0 167632 122540 245064 1418308 30 40 29  1  0  0
30  3 133236 2753164 1773608 180386264    0    0 223616 132344 246732 1457781 31 40 28  1  0  0
 4  0 133236 2751628 1773616 180386792    0    0 190192 103376 251918 1478357 31 41 26  1  0  0
17  3 133236 2752044 1773616 180387432    0    0 180720 162304 250749 1459265 31 41 27  1  0  0
74  5 133236 2750556 1773616 180387844    0    0 135824 62700 252752 1509540 31 45 23  0  0  0
21  0 133236 2749228 1773616 180388140    0    0 178976 115492 250665 1481860 32 42 26  1  0  0
209  0 133236 2747476 1773616 180388648    0    0 199664 118744 253813 1494301 32 42 25  1  0  0
 2  0 133236 2742504 1773616 180389332    0    0 171904 110632 249086 1471261 32 41 26  1  0  0
procs -----------memory---------- ---swap-- -----io---- -system-- -------cpu-------
 r  b   swpd   free   buff  cache   si   so    bi    bo   in   cs us sy id wa st gu
77  1 133236 2741540 1773616 180389776    0    0 175424 95336 252341 1492046 32 42 25  1  0  0
81  0 133236 2736972 1773616 180390076    0    0 186864 142952 246302 1426895 31 39 29  1  0  0
54  1 133236 2734464 1773616 180390644    0    0 206336 116716 252317 1477998 33 39 27  1  0  0
 8  0 133236 2732964 1773616 180391200    0    0 212032 131832 245602 1444761 32 39 28  1  0  0
52  3 133236 2731300 1773616 180391712    0    0 192736 108344 250335 1487337 33 40 25  1  0  0
46  1 133236 2731252 1773616 180392184    0    0 212672 121720 250055 1466388 32 40 27  1  0  0
 5  4 133236 2731672 1773616 180392800    0    0 180320 127584 243562 1439208 31 40 28  1  0  0
169  0 133236 2730416 1773616 180393216    0    0 185296 110760 256390 1489929 32 40 26  1  0  0
318  2 133236 2730556 1773616 180393720    0    0 214816 139136 250242 1437786 33 37 29  1  0  0
189  0 133236 2730756 1773624 180394308    0    0 169200 131264 241832 1431104 30 41 28  1  0  0
121  0 133236 2729928 1773624 180394736    0    0 204784 108236 251322 1494954 33 41 25  1  0  0
118  0 133236 2731704 1773624 180395224    0    0 235728 133144 250215 1451135 33 37 28  1  0  0
68  0 133236 2728352 1773624 180395872    0    0 168656 144688 240408 1406939 30 39 30  1  0  0
133  0 133236 2728932 1773624 180396256    0    0 181840 113580 250285 1484421 33 41 26  1  0  0
65  1 133236 2726452 1773632 180396748    0    0 206032 96644 253069 1524840 34 39 26  1  0  0
104  0 133236 2724724 1773632 180397308    0    0 175008 155468 241522 1405103 30 38 31  1  0  0
124  2 133236 2722384 1773632 180397692    0    0 191632 99380 258372 1515462 33 42 24  1  0  0
168  0 133236 2720652 1773632 180398280    0    0 190528 110536 249780 1479314 31 41 27  1  0  0
30 10 133236 2718624 1773632 180398748    0    0 181712 123168 243673 1448271 31 40 28  1  0  0
55 11 133236 2718144 1773636 180399112    0    0 205904 128016 250483 1485047 32 40 27  1  0  0
99  0 133236 2718240 1773636 180399740    0    0 194768 126136 257536 1486420 31 40 28  1  0  0
procs -----------memory---------- ---swap-- -----io---- -system-- -------cpu-------
 r  b   swpd   free   buff  cache   si   so    bi    bo   in   cs us sy id wa st gu
 7  0 133236 2719840 1773636 180400272    0    0 167024 116312 252681 1473721 31 41 27  1  0  0
84  7 133236 2720888 1773636 180400732    0    0 218208 134136 258757 1490557 32 39 27  1  0  0
35  0 133236 2719312 1773636 180401188    0    0 171792 101400 251908 1517963 32 43 25  1  0  0
129  0 133236 2717492 1773644 180401592    0    0 196128 140424 245216 1447974 31 39 29  1  0  0
89  0 133236 2717084 1773644 180402196    0    0 204976 136932 253957 1481657 32 39 27  1  0  0
10  0 133236 2717408 1773644 180402872    0    0 206752 90992 250415 1507188 32 41 25  1  0  0
134  1 133236 2717252 1773644 180403212    0    0 145456 94644 246084 1471789 31 42 27  0  0  0
127  1 133236 2716900 1773644 180403568    0    0 181728 129280 250381 1477034 31 41 27  1  0  0
178  0 133236 2717288 1773652 180404168    0    0 197408 141672 247713 1460664 31 40 28  1  0  0
 2  1 133236 2714836 1773656 180404648    0    0 168256 92344 255345 1524672 33 42 24  1  0  0
 9  0 133236 2712732 1773656 180405160    0    0 148112 93300 247187 1475210 31 42 26  0  0  0
90  0 133236 2712792 1773656 180405504    0    0 177392 119732 248634 1483237 32 41 26  1  0  0
47  1 133236 2710044 1773656 180405944    0    0 164080 101976 251466 1509518 31 44 24  1  0  0
32  0 133236 2708544 1773664 180406444    0    0 183072 87788 250828 1514432 33 42 24  1  0  0
10  0 133236 2705844 1773672 180406876    0    0 153696 119048 242510 1437972 30 41 29  0  0  0
257  0 133236 2705204 1773672 180407168    0    0 162464 129380 244216 1444339 30 41 29  1  0  0
 8  0 133236 2704200 1773672 180407696    0    0 180528 86740 258194 1542281 33 42 24  1  0  0
75  3 133236 2703316 1773672 180408144    0    0 172464 88144 260298 1545323 32 43 24  1  0  0
96 10 133236 2702888 1773680 180408660    0    0 160640 122220 244240 1433710 30 41 29  1  0  0
55  0 133236 2700380 1773680 180409052    0    0 181248 129620 248844 1448966 32 39 28  1  0  0
81  0 133236 2703456 1773680 180409528    0    0 182016 102176 254773 1525384 33 42 24  1  0  0
procs -----------memory---------- ---swap-- -----io---- -system-- -------cpu-------
 r  b   swpd   free   buff  cache   si   so    bi    bo   in   cs us sy id wa st gu
58  5 133236 2699548 1773680 180410044    0    0 167344 80552 250586 1526166 32 43 24  1  0  0
38  0 133236 2701940 1773680 180410524    0    0 175168 123968 243148 1437681 30 41 29  1  0  0
 6  0 133236 2700636 1773684 180410888    0    0 184016 132728 250747 1449980 31 39 28  1  0  0
50  3 133236 2700420 1773684 180411432    0    0 186976 115060 251682 1498953 32 42 26  1  0  0
47  1 133236 2698312 1773684 180411880    0    0 183552 95172 252337 1509673 32 42 25  1  0  0
63  5 133236 2698568 1773684 180412308    0    0 133392 85956 243852 1479674 30 43 27  0  0  0
31  8 133236 2694860 1773684 180412716    0    0 190096 134360 242838 1429758 30 39 30  1  0  0
62  5 133236 2693664 1773688 180413068    0    0 167696 109828 250023 1491143 31 43 25  1  0  0
91  7 133236 2690264 1773688 180413576    0    0 169792 82864 252629 1525302 33 42 24  1  0  0
161  6 133236 2692788 1773688 180414120    0    0 173088 108648 243663 1466859 31 40 28  1  0  0
54  4 133236 2789112 1773688 180322192    0    0 188496 133716 245583 1446827 31 39 29  1  0  0
87  6 133236 2789520 1773688 180322448    0    0 177856 127536 247990 1446809 31 40 29  1  0  0
136  1 133236 2788192 1773692 180322916    0    0 159616 64068 255998 1544005 33 44 22  1  0  0
75  0 133236 2789212 1773692 180323324    0    0 173264 112760 249191 1457918 31 41 27  1  0  0
148  0 133236 2789392 1773692 180323792    0    0 179344 127948 246932 1439905 30 41 28  1  0  0
17  0 133236 2787500 1773692 180324208    0    0 175120 104844 253235 1499581 33 42 25  1  0  0
55  0 133236 2782736 1773692 180324604    0    0 136416 58544 250354 1521164 31 45 23  0  0  0
64  0 133236 2782032 1773700 180325028    0    0 176288 135868 248118 1442896 31 40 28  1  0  0
100  1 133236 2780344 1773700 180325476    0    0 187520 137128 248835 1456141 31 41 27  1  0  0
 2  2 133236 2782416 1773700 180325996    0    0 194448 98736 256772 1527044 33 42 24  1  0  0
81  0 133236 2775656 1773700 180326644    0    0 185552 102532 259524 1503872 32 41 27  1  0  0
procs -----------memory---------- ---swap-- -----io---- -system-- -------cpu-------
 r  b   swpd   free   buff  cache   si   so    bi    bo   in   cs us sy id wa st gu
70  0 133236 2771128 1773700 180326920    0    0 150336 105704 246165 1454628 30 42 28  1  0  0
82  3 133236 2768608 1773704 180327328    0    0 192224 133328 245413 1426670 31 39 29  1  0  0
63  1 133236 2771652 1773704 180327944    0    0 169184 120588 251815 1463974 31 41 27  1  0  0
78  6 133236 2771040 1773704 180328380    0    0 183616 100440 250482 1487057 32 41 26  1  0  0
124  0 133236 2773048 1773704 180328760    0    0 153040 86652 248941 1499761 31 42 25  1  0  0
71  0 133236 2772424 1773704 180329108    0    0 170528 127148 246518 1459061 31 40 28  1  0  0
144  1 133236 2770844 1773716 180329728    0    0 177264 104312 256109 1526387 32 43 24  1  0  0
75  8 133236 2769032 1773716 180330060    0    0 141904 77088 250725 1529678 31 45 23  1  0  0
 9  0 133236 2769060 1773716 180330356    0    0 169104 129560 252812 1466574 31 40 28  1  0  0
48  0 133236 2768904 1773716 180330992    0    0 172800 93928 260912 1537405 32 43 24  1  0  0
 7  0 133236 2766932 1773716 180331316    0    0 142704 49564 253687 1523697 32 44 24  1  0  0
 8  0 133236 2768096 1773716 180331672    0    0 192848 153764 251539 1460654 31 40 27  1  0  0
36  1 133236 2764240 1773716 180332348    0    0 179056 142588 246161 1433780 30 40 29  1  0  0
11  0 133236 2763804 1773716 180332724    0    0 154016 65820 255661 1539530 33 44 22  1  0  0
91  8 133236 2749112 1773716 180333116    0    0 156864 90876 246361 1479333 30 43 26  1  0  0
65  3 133236 2748708 1773716 180333628    0    0 187184 143884 249630 1442717 31 40 28  1  0  0
70  1 133236 2748796 1773716 180334128    0    0 182560 105272 256257 1531348 33 43 24  1  0  0
50  0 133236 2748208 1773716 180334528    0    0 145600 73928 248829 1524257 32 44 24  1  0  0
62  1 133236 2745984 1773716 180334968    0    0 185984 128292 244650 1445427 31 39 29  1  0  0
142  0 133236 2742744 1773716 180335384    0    0 164784 136812 250514 1473511 32 40 27  1  0  0
46  0 133236 2738804 1773716 180335860    0    0 173504 81104 251069 1517453 32 43 24  1  0  0
procs -----------memory---------- ---swap-- -----io---- -system-- -------cpu-------
 r  b   swpd   free   buff  cache   si   so    bi    bo   in   cs us sy id wa st gu
 7  0 133236 2741064 1773716 180336396    0    0 197056 123156 253351 1484440 33 40 26  1  0  0
 6  0 133236 2740816 1773716 180336804    0    0 178240 124096 248889 1476301 32 40 28  1  0  0
28  0 133236 2742100 1773716 180337388    0    0 178944 116552 253339 1471644 31 42 26  1  0  0
61  0 133236 2742616 1773716 180337728    0    0 149776 73296 248068 1513223 31 43 25  1  0  0
50  0 133236 2745200 1773716 180338064    0    0 170736 121600 245513 1474404 30 41 28  1  0  0
19 31 133236 2741656 1773716 180338656    0    0 181440 137852 246809 1468041 32 39 28  1  0  0
121  2 133236 2743664 1773716 180339128    0    0 192816 84768 254848 1530068 33 42 24  1  0  0
124  2 133236 2742136 1773716 180339608    0    0 148928 83496 248612 1510899 32 43 24  1  0  0
24  0 133236 2743480 1773716 180340056    0    0 205600 144836 246996 1438385 32 39 29  1  0  0
139  1 133236 2744740 1773716 180340560    0    0 166976 132556 249921 1462253 32 40 27  1  0  0
61  4 133236 2745228 1773716 180340924    0    0 149088 57884 254096 1537229 33 44 22  1  0  0
137  1 133236 2740208 1773716 180341408    0    0 165472 104596 243354 1466551 30 42 27  1  0  0
23  0 133236 2740544 1773716 180341816    0    0 180368 128800 245912 1445182 30 40 29  1  0  0
23  6 133236 2740836 1773716 180342476    0    0 201776 110252 254451 1512390 33 42 24  1  0  0
193  0 133236 2740120 1773716 180342868    0    0 169072 86528 248469 1507026 32 43 24  1  0  0
181  2 133236 2737612 1773720 180343500    0    0 275984 200352 256130 1426754 35 32 31  1  0  0
159  0 133236 2737440 1773720 180343932    0    0 126016 67208 246259 1504580 31 44 25  0  0  0
10  0 133236 2738952 1773720 180344292    0    0 193472 157416 247918 1420598 30 39 30  1  0  0
134  0 133236 2738248 1773720 180344928    0    0 208816 109712 257966 1501431 33 40 26  1  0  0
51  0 133236 2740336 1773720 180345340    0    0 150096 99584 242448 1457965 30 43 27  1  0  0
191  0 133236 2741992 1773720 180345704    0    0 168064 86036 246860 1493273 32 42 26  1  0  0
procs -----------memory---------- ---swap-- -----io---- -system-- -------cpu-------
 r  b   swpd   free   buff  cache   si   so    bi    bo   in   cs us sy id wa st gu
 9  0 133236 2745056 1773720 180346292    0    0 181520 119344 247525 1465787 32 41 27  1  0  0
98 10 133236 2745276 1773720 180346668    0    0 151824 97324 249754 1503765 32 43 25  1  0  0
77  7 133236 2743436 1773720 180347044    0    0 199968 123256 251005 1457309 32 40 27  1  0  0
41  0 133236 2744996 1773720 180347708    0    0 194304 140660 258286 1464354 31 40 28  1  0  0
147  0 133236 2743976 1773724 180348288    0    0 175840 127520 261036 1495129 32 41 26  1  0  0
79  1 133236 2744672 1773724 180348552    0    0 171248 72984 253015 1498158 32 43 24  1  0  0
12  0 133236 2744232 1773724 180349180    0    0 234704 142544 251361 1463166 33 38 28  1  0  0
44  8 133236 2745180 1773724 180349744    0    0 222080 94784 245205 1456847 33 38 28  1  0  0
 4  4 133236 2748448 1773724 180350216    0    0 197200 179144 249401 1454577 32 38 28  1  0  0
 9  0 133236 2749852 1773728 180350676    0    0 164576 118840 241895 1431354 30 41 29  1  0  0
23  9 133236 2748604 1773728 180351092    0    0 192448 91768 248941 1489502 32 41 26  1  0  0
 9  0 133236 2745436 1773728 180351760    0    0 202960 143436 251900 1451542 32 39 28  1  0  0
39  0 133236 2746748 1773728 180352100    0    0 146032 92912 259785 1508450 31 43 26  0  0  0
 6  0 133236 2746680 1773728 180352496    0    0 192208 94536 258312 1498636 32 42 25  1  0  0
64  0 133236 2747860 1773736 180353156    0    0 192720 116308 257215 1477756 33 39 27  1  0  0
11  1 133236 2748556 1773736 180353560    0    0 174448 132332 246546 1467457 31 41 27  1  0  0
51  1 133236 2743808 1773736 180353920    0    0 182144 104704 246104 1494246 32 41 25  1  0  0
84  8 133236 2745044 1773736 180354664    0    0 223760 121996 248093 1475191 33 38 28  1  0  0
67  0 133236 2746144 1773736 180355096    0    0 205888 149932 249795 1453768 33 38 28  1  0  0
65  0 133236 2746212 1773740 180355492    0    0 155040 90700 244917 1472883 31 42 26  1  0  0
188  0 133236 2743904 1773740 180356112    0    0 215648 143820 250156 1466950 32 39 27  1  0  0
procs -----------memory---------- ---swap-- -----io---- -system-- -------cpu-------
 r  b   swpd   free   buff  cache   si   so    bi    bo   in   cs us sy id wa st gu
128  9 133236 2744716 1773740 180356660    0    0 204064 119528 253738 1481289 33 39 27  1  0  0
68  1 133236 2740180 1773740 180356984    0    0 161648 120860 246335 1469401 30 43 26  1  0  0
27  0 133236 2738208 1773740 180357528    0    0 187552 83472 247221 1493842 32 41 26  1  0  0
26  5 133236 2741576 1773752 180358080    0    0 212288 142888 259816 1501984 33 40 25  1  0  0
91 19 133236 2742044 1773752 180358564    0    0 195472 148256 242741 1428859 31 39 29  1  0  0
90  7 133236 2737988 1773752 180359208    0    0 251920 142128 242534 1406485 32 37 30  1  0  0
 3  0 133236 2738284 1773752 180359704    0    0 209632 138404 246293 1446435 31 38 30  1  0  0
90  2 133236 2740424 1773752 180360468    0    0 231312 113244 254903 1509808 34 40 25  1  0  0
58  4 133236 2741632 1773760 180360732    0    0 170240 137716 245990 1458513 31 41 27  1  0  0
54  3 133236 2741448 1773760 180361252    0    0 208208 126524 245514 1462335 31 41 27  2  0  0
115  0 133236 2740932 1773760 180361920    0    0 221264 136732 252069 1483335 33 39 27  1  0  0
 3  0 133236 2742720 1773760 180362352    0    0 180560 124420 252386 1491773 33 40 27  1  0  0
77  8 133236 2740588 1773760 180362972    0    0 219840 144492 244915 1434308 32 38 30  1  0  0
58 19 133236 2737112 1773764 180363564    0    0 170688 89796 250705 1509310 33 41 26  1  0  0
43  0 133236 2733644 1773764 180363724    0    0 146480 106140 246191 1469404 32 42 26  1  0  0
13  0 133236 2735168 1773764 180364284    0    0 212368 134852 246839 1463971 32 39 28  1  0  0
40  0 133236 2734192 1773764 180365080    0    0 214432 124216 250645 1474456 33 39 27  1  0  0
63  0 133236 2734596 1773764 180365176    0    0 140256 110104 246484 1467652 31 43 26  0  0  0
86  0 133236 2734004 1773768 180365744    0    0 201776 126288 249333 1459559 32 40 28  1  0  0
38 10 133236 2732516 1773768 180366232    0    0 191152 104976 249695 1490040 32 41 26  1  0  0
255  0 133236 2732696 1773768 180366740    0    0 166496 127984 253430 1496181 32 41 26  1  0  0
procs -----------memory---------- ---swap-- -----io---- -system-- -------cpu-------
 r  b   swpd   free   buff  cache   si   so    bi    bo   in   cs us sy id wa st gu
33  1 133236 2732344 1773768 180367144    0    0 160784 87288 260026 1544952 32 43 24  1  0  0
61  0 133236 2735428 1773780 180367504    0    0 177920 117484 254686 1495990 31 42 26  1  0  0
72 13 133236 2731028 1773780 180368100    0    0 188896 143788 248430 1450037 31 39 29  1  0  0
94  0 133236 2731932 1773780 180368772    0    0 181824 116340 250013 1474390 31 41 27  1  0  0
89  9 133236 2731968 1773780 180368940    0    0 143456 58228 252578 1535042 31 45 23  0  0  0
80  0 133236 2731440 1773780 180369452    0    0 189024 121620 248185 1483927 32 41 26  1  0  0
64  6 133236 2726204 1773784 180370008    0    0 170592 127000 245764 1455913 31 40 28  1  0  0
11  0 133236 2729256 1773784 180370456    0    0 197824 121832 245260 1460668 32 40 28  1  0  0
23  0 133236 2727952 1773784 180370956    0    0 185264 95508 252083 1504493 32 41 26  1  0  0
41  2 133236 2727532 1773784 180371312    0    0 179216 109116 246117 1474529 32 41 26  1  0  0
77  2 133236 2727572 1773784 180371776    0    0 176896 115152 249885 1483320 32 41 27  1  0  0
48  1 133236 2726812 1773796 180372432    0    0 182080 134596 247134 1439653 32 39 28  1  0  0
67 13 133236 2723540 1773796 180372588    0    0 134128 65360 254691 1540285 32 45 23  0  0  0
74  1 133236 2728968 1773796 180373148    0    0 202224 121504 255710 1495050 32 40 26  2  0  0
299  0 133236 2728912 1773796 180373764    0    0 168112 122460 249471 1481194 30 41 28  1  0  0
 2  0 133236 2728184 1773796 180374032    0    0 161456 122600 245975 1459415 31 41 28  1  0  0
89  6 133236 2726740 1773800 180374400    0    0 142448 68948 250095 1528566 32 44 24  1  0  0
107  0 133236 2726840 1773800 180375000    0    0 188608 111936 249459 1486151 32 41 26  1  0  0
66  1 133236 2725864 1773800 180375368    0    0 167888 102616 250275 1503994 33 41 26  1  0  0
29  0 133236 2724536 1773800 180375708    0    0 143776 93524 248700 1499254 30 44 26  1  0  0
152  0 133236 2725092 1773800 180376132    0    0 191936 94116 251085 1514710 32 42 25  1  0  0
procs -----------memory---------- ---swap-- -----io---- -system-- -------cpu-------
 r  b   swpd   free   buff  cache   si   so    bi    bo   in   cs us sy id wa st gu
114  4 133236 2725592 1773808 180376772    0    0 188464 155788 245519 1443151 31 40 28  1  0  0
11  0 133236 2725304 1773808 180377164    0    0 162208 104628 245605 1477820 32 41 27  1  0  0
131  0 133236 2724444 1773808 180377520    0    0 166592 83108 251127 1505594 32 43 25  1  0  0
35  4 133236 2723024 1773808 180378036    0    0 155424 122140 245172 1461268 30 41 28  1  0  0
63 14 133236 2724232 1773808 180378692    0    0 214656 127968 246370 1447721 31 40 28  1  0  0
30  0 133236 2724692 1773812 180378904    0    0 149504 72580 251768 1527803 32 44 24  1  0  0
52  0 133236 2723560 1773812 180379528    0    0 210080 132664 249767 1475089 32 39 27  1  0  0
71  1 133236 2721108 1773812 180380168    0    0 200768 132924 246940 1455855 32 39 28  1  0  0
72  0 133236 2716608 1773812 180380412    0    0 170800 122092 246977 1474786 31 41 27  1  0  0
134  0 133236 2716120 1773812 180380872    0    0 161584 76804 251983 1526188 33 43 24  1  0  0
 2  2 133236 2716464 1773820 180381308    0    0 187408 133916 246190 1442953 31 40 28  1  0  0
27  1 133236 2715740 1773820 180381888    0    0 184464 123692 248787 1465321 31 40 27  1  0  0
136  0 133236 2717272 1773820 180382592    0    0 219056 128092 251464 1456982 32 39 28  1  0  0
54  2 133236 2714584 1773820 180382784    0    0 184752 118660 246319 1471775 31 41 26  1  0  0
85  1 133236 2709752 1773820 180383280    0    0 174768 94716 257193 1502650 33 41 25  1  0  0
114  3 133236 2711968 1773828 180383904    0    0 183392 134904 257987 1508349 33 42 25  1  0  0
11  1 133236 2712404 1773828 180384356    0    0 161488 111256 248307 1474938 32 41 27  1  0  0
107  0 133236 2712452 1773828 180384632    0    0 166720 81760 250523 1501313 32 43 25  1  0  0
58  8 133236 2709276 1773828 180385112    0    0 176752 116240 247966 1474298 32 41 27  1  0  0
32  0 133236 2703796 1773828 180385640    0    0 190960 134248 246146 1452766 31 39 29  1  0  0
12  0 133236 2702404 1773828 180386248    0    0 174784 125800 249456 1454909 31 41 28  1  0  0
procs -----------memory---------- ---swap-- -----io---- -system-- -------cpu-------
 r  b   swpd   free   buff  cache   si   so    bi    bo   in   cs us sy id wa st gu
254  0 133236 2703060 1773828 180386348    0    0 134528 62512 253999 1528521 31 45 23  0  0  0
81  1 133236 2702388 1773828 180386872    0    0 190864 108440 251031 1494531 32 41 26  1  0  0
22  0 133236 2703060 1773828 180387544    0    0 197408 142768 251446 1459204 33 39 27  1  0  0
97  8 133236 2698556 1773828 180388000    0    0 167104 124824 253150 1446760 31 40 28  1  0  0
 4  2 133236 2705756 1773828 180388508    0    0 189040 89528 255188 1501367 33 41 25  1  0  0
16  0 133236 2702292 1773832 180388692    0    0 136928 103532 246907 1447392 30 42 27  0  0  0
266  0 133236 2704916 1773832 180389196    0    0 162768 105628 252199 1488148 32 42 25  1  0  0
 2  0 133236 2704984 1773832 180389832    0    0 179024 102916 249484 1489529 32 40 27  1  0  0
137  1 133236 2701964 1773832 180389952    0    0 144096 91048 248728 1482650 31 41 27  0  0  0
173  0 133236 2699484 1773832 180390396    0    0 162512 110316 250558 1480428 31 42 26  1  0  0
 9  0 133236 2702612 1773836 180390948    0    0 181264 103108 249023 1496554 32 41 26  1  0  0
 1  0 133236 2700664 1773836 180391464    0    0 197792 119136 245998 1466767 32 40 28  1  0  0
75  0 133236 2701120 1773836 180392012    0    0 198720 119608 251073 1456804 31 40 27  1  0  0
100  1 133236 2696372 1773836 180392288    0    0 158016 100612 245932 1453141 30 41 28  1  0  0
127  0 133236 2697796 1773836 180392764    0    0 178816 133032 248853 1446326 30 41 28  1  0  0
65  6 133236 2700316 1773836 180393392    0    0 178944 114916 254689 1490136 32 41 26  1  0  0
10  0 133236 2700832 1773836 180393804    0    0 175568 98200 252540 1489852 32 41 26  1  0  0
77  0 133236 2700728 1773836 180394104    0    0 158064 92396 248785 1476048 31 42 26  1  0  0
31  7 133236 2696524 1773840 180394580    0    0 160368 116228 248394 1477176 31 42 27  1  0  0
261  0 133236 2696832 1773840 180395232    0    0 217504 130848 253112 1476813 33 39 27  1  0  0
 6  0 133236 2693288 1773840 180395732    0    0 173376 114156 248279 1472795 32 40 27  1  0  0
procs -----------memory---------- ---swap-- -----io---- -system-- -------cpu-------
 r  b   swpd   free   buff  cache   si   so    bi    bo   in   cs us sy id wa st gu
239  0 133236 2791936 1773840 180296328    0    0 153392 72820 248611 1520508 32 43 24  1  0  0
86  4 133236 2792208 1773840 180296776    0    0 164400 145592 244171 1438601 30 40 29  1  0  0
130  0 133236 2788048 1773840 180297456    0    0 189280 104836 250484 1501069 32 41 26  1  0  0
61  2 133236 2789824 1773848 180297708    0    0 164560 69968 252777 1533413 33 43 23  1  0  0
135  7 133236 2787628 1773848 180298116    0    0 154784 120940 244868 1435431 30 40 29  1  0  0
 6  0 133236 2785112 1773848 180298632    0    0 172768 108436 251972 1509705 32 42 25  1  0  0
 0  1 133236 2786756 1773848 180299212    0    0 183296 114824 250202 1481250 32 41 27  1  0  0
242  0 133236 2788376 1773848 180299520    0    0 179744 91000 249935 1483887 32 41 26  1  0  0
24  8 133236 2786628 1773852 180299824    0    0 140192 112844 242301 1442495 30 41 28  0  0  0
91  9 133236 2788132 1773852 180300408    0    0 195888 118248 247925 1483039 32 41 26  1  0  0
154  2 133236 2787300 1773852 180301076    0    0 203248 140312 250026 1448868 31 38 29  1  0  0
23  1 133236 2785792 1773852 180301208    0    0 135504 52204 262482 1553305 31 45 23  0  0  0
53  7 133236 2789500 1773852 180301732    0    0 192272 135024 257809 1451211 31 39 29  1  0  0
 4  0 133236 2787196 1773852 180302260    0    0 168352 127972 257266 1455519 31 41 28  1  0  0
12  0 133236 2786328 1773852 180302880    0    0 190320 114608 256892 1504364 32 41 26  1  0  0
55  1 133236 2782080 1773852 180303032    0    0 162080 78956 250176 1512870 32 43 24  1  0  0
52  1 133236 2781588 1773852 180303576    0    0 182640 122128 248019 1442601 31 41 28  1  0  0
54  0 133236 2785740 1773852 180304184    0    0 201040 130116 247045 1456502 31 40 27  2  0  0
47  1 133236 2782732 1773852 180304700    0    0 173600 125476 249791 1474732 31 41 27  1  0  0
116  1 133236 2778952 1773852 180304844    0    0 133584 51564 250757 1532635 32 44 23  0  0  0
47  1 133236 2778232 1773852 180305376    0    0 179808 134328 250365 1437832 30 40 29  1  0  0
procs -----------memory---------- ---swap-- -----io---- -system-- -------cpu-------
 r  b   swpd   free   buff  cache   si   so    bi    bo   in   cs us sy id wa st gu
74  5 133236 2779484 1773852 180305904    0    0 189472 128460 259404 1491493 32 40 27  1  0  0
143  0 133236 2781488 1773852 180306524    0    0 192272 114184 257832 1484730 32 40 27  1  0  0
 8  2 133236 2782536 1773856 180306860    0    0 177488 83692 259932 1520758 33 42 24  1  0  0
149  0 133236 2784408 1773856 180307188    0    0 156128 110028 255522 1469454 30 42 27  1  0  0
81  0 133236 2782488 1773856 180307684    0    0 175280 135124 254036 1439544 30 40 29  1  0  0
 6  0 133236 2783060 1773856 180308260    0    0 180912 124976 257978 1497501 31 41 27  1  0  0
27  0 133236 2784164 1773856 180308740    0    0 191280 95304 262564 1515966 32 42 24  1  0  0
65  0 133236 2783692 1773864 180308960    0    0 140032 82296 248237 1484758 31 43 26  0  0  0
 6  0 133236 2784752 1773864 180309532    0    0 175072 127892 246895 1443161 31 39 29  1  0  0
 1  0 133236 2782732 1773864 180310092    0    0 183584 106416 253105 1504094 32 42 25  1  0  0
24  0 133236 2783296 1773864 180310496    0    0 196800 123476 246969 1458604 31 40 28  1  0  0
26  0 133236 2782716 1773864 180310860    0    0 160064 76980 248984 1502062 31 43 25  1  0  0
74  0 133236 2781596 1773876 180311364    0    0 173440 129932 248577 1437830 31 39 29  1  0  0
30  3 133236 2779908 1773876 180311896    0    0 194784 115124 252443 1507566 33 40 26  1  0  0
85  1 133236 2779680 1773876 180312280    0    0 156352 80032 250900 1541574 33 42 24  1  0  0
15  0 133236 2775728 1773876 180312628    0    0 151936 113420 250300 1461413 31 41 28  1  0  0
45  9 133236 2772752 1773876 180313132    0    0 148256 144128 258463 1503975 31 42 27  1  0  0
58  1 133236 2771760 1773884 180313760    0    0 214640 99900 261918 1533615 34 40 25  1  0  0
28  0 133236 2773476 1773884 180313956    0    0 159392 73944 255882 1537885 31 43 25  1  0  0
161  1 133236 2773060 1773884 180314452    0    0 183584 124900 244406 1433571 30 41 28  1  0  0
 6  0 133236 2770792 1773884 180314936    0    0 164224 112760 249121 1483869 31 42 27  1  0  0
procs -----------memory---------- ---swap-- -----io---- -system-- -------cpu-------
 r  b   swpd   free   buff  cache   si   so    bi    bo   in   cs us sy id wa st gu
69 13 133236 2766820 1773884 180315556    0    0 204512 151232 247726 1459955 33 38 28  1  0  0
 2  0 133236 2766356 1773888 180315844    0    0 166592 78972 252781 1522742 33 42 25  1  0  0
44  3 133236 2764104 1773888 180316272    0    0 165056 103092 245613 1456776 31 41 27  1  0  0
126  1 133236 2760580 1773888 180316776    0    0 165984 128316 245813 1443509 31 39 29  1  0  0
46  1 133236 2759272 1773888 180317416    0    0 200816 120816 256460 1489970 33 40 27  1  0  0
14  0 133236 2756000 1773888 180317492    0    0 130064 53544 259676 1545106 32 44 23  0  0  0
69  0 133236 2754856 1773896 180318036    0    0 181920 129428 254736 1467535 31 39 29  1  0  0
95  7 133236 2756272 1773896 180318576    0    0 188688 139044 258767 1471616 31 40 28  1  0  0
28  8 133236 2756260 1773896 180319136    0    0 181776 103728 259522 1505057 31 42 27  1  0  0
 4  0 133236 2756676 1773896 180319512    0    0 199664 103404 260794 1511464 33 40 26  1  0  0
117 10 133236 2754792 1773896 180319856    0    0 143376 95352 244903 1457869 30 42 27  0  0  0
78  0 133236 2753420 1773900 180320388    0    0 171152 133028 246283 1433041 30 40 29  1  0  0
32  0 133236 2750844 1773900 180320972    0    0 189488 106412 256719 1498431 33 41 26  1  0  0
72  1 133236 2750380 1773900 180321152    0    0 150592 67216 252348 1524558 32 44 24  0  0  0
30 11 133236 2752064 1773900 180321624    0    0 168192 122880 247686 1445668 31 40 29  1  0  0
47  1 133236 2753828 1773900 180322204    0    0 192016 134504 250050 1434994 31 40 28  1  0  0
37  0 133236 2751108 1773900 180322772    0    0 183648 104996 253966 1501582 32 42 25  1  0  0
 8  0 133236 2748388 1773900 180323072    0    0 184032 102296 252791 1494048 32 41 26  1  0  0
25  0 133236 2749412 1773900 180323576    0    0 171888 102900 249170 1478487 31 42 26  1  0  0
190  0 133236 2754872 1773900 180324128    0    0 179904 136400 246748 1422618 31 39 30  1  0  0
 7  2 133236 2752352 1773900 180324632    0    0 156096 123204 251790 1481595 31 42 26  1  0  0
procs -----------memory---------- ---swap-- -----io---- -system-- -------cpu-------
 r  b   swpd   free   buff  cache   si   so    bi    bo   in   cs us sy id wa st gu
62  4 133236 2752384 1773912 180324860    0    0 151072 67808 254779 1534709 33 43 24  0  0  0
206  0 133236 2750408 1773912 180325348    0    0 177840 116572 244415 1443666 31 40 28  1  0  0
120  0 133236 2751568 1773912 180325892    0    0 193664 135728 251250 1457787 31 41 28  1  0  0
76  8 133236 2753228 1773912 180326452    0    0 184096 120776 254391 1485808 32 41 26  1  0  0
168  0 133236 2750580 1773912 180326944    0    0 179008 95696 250826 1507386 32 42 25  1  0  0
33  1 133236 2752852 1773916 180327200    0    0 171360 91960 248554 1488176 32 41 26  1  0  0
84  0 133236 2753752 1773916 180327652    0    0 173648 129604 244204 1429937 31 39 29  1  0  0
 7  0 133236 2753484 1773916 180328216    0    0 195968 135308 253389 1441398 31 39 30  1  0  0
73  0 133236 2756680 1773916 180328780    0    0 181584 115460 259221 1511667 32 42 26  1  0  0
54  9 133236 2756208 1773916 180329044    0    0 171088 76668 262202 1543896 33 43 23  1  0  0
155  0 133236 2754284 1773920 180329504    0    0 161248 109456 253646 1465670 30 42 27  1  0  0
53  3 133236 2755504 1773920 180330076    0    0 177536 131652 246492 1433778 31 39 30  1  0  0
96  0 133236 2755156 1773920 180330636    0    0 186624 113936 250238 1502718 32 42 25  1  0  0
48  2 133236 2750876 1773920 180330768    0    0 122928 55760 246869 1530035 31 45 24  0  0  0
329  0 133236 2754748 1773920 180331312    0    0 176032 126528 244872 1442908 30 40 29  1  0  0
10  0 133236 2752240 1773924 180331844    0    0 162960 129416 248409 1472278 31 41 28  1  0  0
106 12 133236 2749864 1773924 180332068    0    0 160032 64568 253406 1544411 33 43 23  1  0  0
11  0 133236 2749472 1773924 180332568    0    0 179888 104380 246886 1468769 31 42 27  1  0  0
20  0 133236 2750176 1773924 180333092    0    0 176288 129804 245831 1454996 31 40 29  1  0  0
50  0 133236 2749584 1773924 180333620    0    0 166240 125544 248263 1480018 32 41 27  1  0  0
197  0 133236 2753244 1773928 180333880    0    0 167904 68592 251090 1544083 33 43 23  1  0  0
procs -----------memory---------- ---swap-- -----io---- -system-- -------cpu-------
 r  b   swpd   free   buff  cache   si   so    bi    bo   in   cs us sy id wa st gu
158  0 133236 2755288 1773928 180334248    0    0 143808 112040 241237 1443375 30 42 28  0  0  0
60  0 133236 2755876 1773928 180334828    0    0 187856 121392 252013 1465224 31 40 28  1  0  0
30  0 133236 2753136 1773928 180335400    0    0 182880 105964 254622 1504837 32 41 26  1  0  0
102  6 133236 2748704 1773932 180335660    0    0 164176 74476 251627 1527950 32 44 23  1  0  0
144  0 133236 2749692 1773932 180336160    0    0 173680 118656 246467 1446108 31 39 29  1  0  0
99  2 133236 2752020 1773932 180336708    0    0 186192 140304 243156 1416574 31 38 30  1  0  0
 2  0 133236 2751548 1773932 180337008    0    0 157488 106260 251528 1489858 32 42 26  1  0  0
 2  0 133236 2747040 1773932 180337556    0    0 225200 107988 248351 1483838 34 39 26  1  0  0
51  0 133236 2746296 1773936 180338172    0    0 210576 116176 249970 1468427 32 40 27  1  0  0
122  2 133236 2743024 1773936 180338804    0    0 198176 131384 251843 1482256 33 39 27  1  0  0
78  0 133236 2744976 1773936 180339048    0    0 182288 151868 240805 1406061 30 39 30  1  0  0
158  3 133236 2744048 1773936 180339812    0    0 214512 120380 252121 1496446 34 38 27  1  0  0
188  0 133236 2742328 1773936 180340040    0    0 161728 80916 250708 1516201 32 43 24  1  0  0
111  0 133236 2747200 1773944 180340640    0    0 177328 145212 247003 1426231 31 39 29  1  0  0
 7  0 133236 2747212 1773944 180341240    0    0 200304 108032 257897 1507496 33 41 25  1  0  0
75  2 133236 2751372 1773944 180341532    0    0 205984 142264 244510 1422315 31 39 29  1  0  0
146  1 133236 2748120 1773944 180341944    0    0 131744 69768 249875 1519315 31 45 23  0  0  0
88  0 133236 2748928 1773944 180342484    0    0 165344 117892 249559 1457227 31 41 27  1  0  0
134  1 133236 2751092 1773948 180342952    0    0 198960 117696 255567 1507470 33 41 25  1  0  0
118 10 133236 2748656 1773948 180343196    0    0 142032 61828 251935 1531040 32 44 23  0  0  0
165  1 133236 2750412 1773948 180343720    0    0 169136 129700 246856 1439795 30 40 29  1  0  0
procs -----------memory---------- ---swap-- -----io---- -system-- -------cpu-------
 r  b   swpd   free   buff  cache   si   so    bi    bo   in   cs us sy id wa st gu
200 14 133236 2748172 1773948 180344296    0    0 185968 146012 258057 1472892 31 40 28  1  0  0
26  0 133236 2746936 1773948 180344832    0    0 188640 108460 260195 1504927 33 40 26  1  0  0
78  1 133236 2749704 1773952 180345016    0    0 154768 66524 251649 1524900 32 44 24  1  0  0
37  2 133236 2750128 1773952 180345524    0    0 178832 125752 244933 1437605 31 39 29  1  0  0
33  1 133236 2748676 1773952 180346048    0    0 163328 115688 247480 1463513 31 41 27  1  0  0
33 13 133236 2747848 1773952 180346580    0    0 190208 117864 246280 1458955 31 40 28  1  0  0
111  2 133236 2747728 1773952 180346808    0    0 152928 62668 252460 1515717 32 44 24  1  0  0
74  2 133236 2743948 1773952 180347332    0    0 184416 134824 245309 1422735 31 39 30  1  0  0
17  8 133236 2743136 1773952 180347868    0    0 179280 133020 249166 1440971 31 39 29  1  0  0
37  9 133236 2742896 1773952 180348428    0    0 179744 103616 255624 1517276 33 42 25  1  0  0
73  7 133236 2746492 1773952 180348668    0    0 160160 48096 247088 1497744 31 44 24  1  0  0
235  0 133236 2746612 1773952 180349212    0    0 199104 165396 255758 1475240 31 41 27  1  0  0
 9  0 133236 2742144 1773952 180349780    0    0 178384 133304 257453 1450261 32 39 29  1  0  0
104  2 133236 2743460 1773952 180350064    0    0 162192 95716 261141 1514739 32 41 26  1  0  0
30  0 133236 2743688 1773952 180350528    0    0 177552 90444 258997 1519794 32 43 25  1  0  0
144  0 133236 2741848 1773952 180351092    0    0 196576 130164 255573 1439680 31 40 28  1  0  0
16  0 133236 2740588 1773952 180351648    0    0 183616 135780 250558 1451594 32 39 28  1  0  0
86  0 133236 2735852 1773956 180352204    0    0 204256 112644 254611 1514403 33 41 26  1  0  0
73  1 133236 2733092 1773956 180352500    0    0 156864 87368 248429 1495549 32 42 25  1  0  0
110  0 133236 2731944 1773956 180352984    0    0 154016 111680 247640 1473384 31 42 26  1  0  0
75  2 133236 2732084 1773956 180353536    0    0 194192 129484 247894 1464724 31 40 27  1  0  0
procs -----------memory---------- ---swap-- -----io---- -system-- -------cpu-------
 r  b   swpd   free   buff  cache   si   so    bi    bo   in   cs us sy id wa st gu
80  3 133236 2729976 1773956 180354044    0    0 195792 127612 248834 1464718 32 40 27  1  0  0
69  0 133236 2730916 1773960 180354296    0    0 158816 72116 251116 1516853 32 43 24  1  0  0
 9  0 133236 2726900 1773960 180354848    0    0 190512 119152 250333 1450531 31 41 27  1  0  0
82  0 133236 2728824 1773960 180355412    0    0 190928 138064 246097 1448983 31 40 28  1  0  0
168  2 133236 2730728 1773960 180355936    0    0 213888 147788 251076 1440143 32 39 28  2  0  0
54  5 133236 2728584 1773960 180356268    0    0 160928 88824 249916 1484229 31 43 25  1  0  0
31  0 133236 2725068 1773968 180356804    0    0 181328 107456 249743 1487381 31 42 26  1  0  0
94  0 133236 2725828 1773968 180357356    0    0 186304 122056 247238 1458772 32 40 27  1  0  0
114 18 133236 2726100 1773968 180357776    0    0 191872 149900 254159 1465933 32 40 27  1  0  0
15  0 133236 2723716 1773968 180358080    0    0 135088 56360 249362 1517406 31 45 23  0  0  0
14  3 133236 2721908 1773968 180358628    0    0 182576 107784 248517 1468769 32 40 27  1  0  0
186  0 133236 2727492 1773972 180359240    0    0 213600 149876 248957 1435389 32 38 29  1  0  0
94  0 133236 2727048 1773972 180359512    0    0 162096 96804 249986 1481502 32 41 26  1  0  0
27  0 133236 2726276 1773972 180360012    0    0 169776 107856 252151 1486437 32 42 26  1  0  0
206  0 133236 2724304 1773972 180360564    0    0 161456 122296 255388 1461317 30 41 28  1  0  0
245  0 133236 2724448 1773972 180360940    0    0 168176 108244 259780 1498325 31 42 26  1  0  0
216  0 133236 2726728 1773972 180361232    0    0 163072 80844 256905 1508818 31 44 25  1  0  0
19  0 133236 2721716 1773972 180361804    0    0 195072 117412 251537 1481285 32 40 27  1  0  0
106  0 133236 2721124 1773972 180362344    0    0 180560 120676 246491 1455568 31 40 28  1  0  0
172  0 133236 2719640 1773972 180362848    0    0 152688 108540 249251 1491535 32 42 26  1  0  0
126  1 133236 2723088 1773972 180362992    0    0 154240 41392 247461 1520805 32 43 24  1  0  0
procs -----------memory---------- ---swap-- -----io---- -system-- -------cpu-------
 r  b   swpd   free   buff  cache   si   so    bi    bo   in   cs us sy id wa st gu
108  0 133236 2726008 1773972 180363572    0    0 197680 164976 244037 1440377 31 40 28  1  0  0
38  2 133236 2723016 1773972 180364204    0    0 198208 136204 248837 1441601 32 38 29  1  0  0
52  0 133236 2719388 1773972 180364640    0    0 157472 110252 250565 1495715 32 41 26  1  0  0
70  0 133236 2717148 1773972 180364812    0    0 135360 56040 251232 1536751 32 45 23  0  0  0
32 27 133236 2715956 1773972 180365352    0    0 187008 124192 248490 1450498 31 40 28  1  0  0
199  0 133236 2714712 1773976 180365948    0    0 194816 140256 245856 1428124 31 39 29  1  0  0
163  0 133236 2712604 1773976 180366400    0    0 159888 87956 249919 1494911 31 43 25  1  0  0
87  1 133236 2712508 1773976 180366612    0    0 155664 77072 249698 1498226 32 43 24  1  0  0
40  1 133236 2713228 1773976 180367192    0    0 182944 127688 244550 1437347 31 40 29  1  0  0
37  0 133236 2711972 1773976 180367768    0    0 181632 138124 246645 1443851 31 39 29  1  0  0
76  1 133236 2713936 1773988 180367948    0    0 145952 66928 254434 1531258 32 44 23  0  0  0
125  0 133236 2716340 1773988 180368524    0    0 186576 86584 252475 1500636 33 40 26  1  0  0
71  0 133236 2712092 1773988 180369060    0    0 174368 153040 245604 1428891 30 40 29  1  0  0
13  0 133236 2711744 1773988 180369544    0    0 171872 136036 250286 1454816 31 40 28  1  0  0
42  1 133236 2710588 1773988 180369736    0    0 151424 59668 253190 1534973 31 45 23  1  0  0
147  0 133236 2712864 1773996 180370384    0    0 206448 128396 253960 1471247 32 39 27  1  0  0
59  0 133236 2712668 1773996 180370956    0    0 170992 125908 252341 1469516 32 40 27  1  0  0
150  0 133236 2710404 1773996 180371108    0    0 179744 97832 263786 1525092 32 43 24  1  0  0
45  1 133236 2706188 1773996 180371636    0    0 143152 73636 258038 1523823 31 44 24  1  0  0
76  3 133236 2706444 1773996 180372292    0    0 197952 154044 248492 1422779 30 38 30  1  0  0
124  1 133236 2705004 1773996 180372520    0    0 178000 108924 253990 1506203 33 42 25  1  0  0
procs -----------memory---------- ---swap-- -----io---- -system-- -------cpu-------
 r  b   swpd   free   buff  cache   si   so    bi    bo   in   cs us sy id wa st gu
45  3 133236 2705992 1773996 180372928    0    0 141456 59588 245782 1522918 31 44 24  1  0  0
92 10 133236 2704040 1773996 180373484    0    0 163120 118836 242664 1436798 31 40 29  1  0  0
43  0 133236 2706660 1773996 180374008    0    0 167696 124608 248571 1470332 31 41 27  1  0  0
194 10 133236 2706924 1773996 180374272    0    0 202928 97676 255826 1534493 34 41 24  1  0  0
120  6 133236 2705656 1773996 180374728    0    0 154448 91552 243529 1463938 31 42 27  1  0  0
71  0 133236 2705236 1773996 180375336    0    0 207232 117680 246942 1459846 31 40 28  1  0  0
58  0 133236 2703204 1773996 180375928    0    0 186288 133288 247196 1450128 31 40 28  1  0  0
52  7 133236 2704708 1773996 180376124    0    0 148400 117192 245880 1469799 31 41 27  1  0  0
 1  4 133236 2700960 1773996 180376804    0    0 242208 115740 242805 1417654 33 36 30  1  0  0
162  0 133236 2702684 1774000 180377440    0    0 189056 129436 255081 1484895 33 39 27  1  0  0
102  1 133236 2703768 1774000 180377652    0    0 206624 128056 261743 1503748 33 40 26  1  0  0
77  1 133236 2705980 1774000 180378216    0    0 171632 105040 240334 1445210 30 41 28  1  0  0
18 20 133236 2705080 1774000 180379056    0    0 235616 112960 243841 1457363 33 38 29  1  0  0
129  0 133236 2706124 1774000 180379596    0    0 193536 133040 249542 1478541 32 41 26  1  0  0
121  2 133236 2706784 1774008 180379724    0    0 151168 146300 242032 1429361 30 41 28  1  0  0
147  1 133236 2702524 1774008 180380464    0    0 225872 116724 259382 1495635 34 39 27  1  0  0
52  7 133236 2701592 1774008 180381036    0    0 178288 94812 259127 1502881 32 42 26  1  0  0
93  9 133236 2700900 1774008 180381160    0    0 144672 121304 257056 1475121 30 41 28  0  0  0
68  2 133236 2699804 1774008 180381640    0    0 160912 69156 260567 1524739 31 44 24  1  0  0
132  0 133236 2700056 1774016 180382224    0    0 195184 148872 254963 1447050 30 39 30  1  0  0
39  8 133236 2701180 1774016 180382832    0    0 173248 114152 256186 1475896 31 40 28  1  0  0
procs -----------memory---------- ---swap-- -----io---- -system-- -------cpu-------
 r  b   swpd   free   buff  cache   si   so    bi    bo   in   cs us sy id wa st gu
178  0 133236 2699588 1774016 180383116    0    0 186000 107000 254395 1499230 32 41 26  1  0  0
 6  1 133236 2699508 1774016 180383488    0    0 153776 69708 248112 1515504 31 44 24  1  0  0
37  0 133236 2699672 1774016 180384120    0    0 197872 131664 249428 1469564 32 40 27  1  0  0
 6  0 133236 2700688 1774016 180384652    0    0 175536 147456 244731 1432237 31 39 30  1  0  0
14  0 133236 2698652 1774016 180384904    0    0 144560 83048 250587 1496951 32 42 25  0  0  0
 4  0 133236 2699148 1774016 180385432    0    0 170304 88108 252845 1518988 33 41 24  1  0  0
146  0 133236 2700620 1774016 180385952    0    0 190000 123664 246000 1452281 31 40 28  1  0  0
 4  0 133236 2699612 1774016 180386356    0    0 166912 114376 250315 1473262 32 40 27  1  0  0
19  0 133236 2699284 1774020 180386608    0    0 146384 72132 252241 1526004 32 43 24  0  0  0
122  0 133236 2696068 1774020 180387224    0    0 198032 116024 248912 1469207 32 41 26  1  0  0
25  0 133236 2694596 1774020 180387752    0    0 176240 131648 245569 1444805 31 40 29  1  0  0
113  5 133236 2691220 1774020 180388220    0    0 170112 109596 252139 1482343 31 41 27  1  0  0
99  2 133236 2790520 1774020 180290096    0    0 161248 93264 257274 1526493 32 44 23  1  0  0
13  9 133236 2788148 1774024 180290252    0    0 179680 98528 248102 1469503 31 42 26  1  0  0
42  3 133236 2789104 1774024 180290816    0    0 187152 137644 247802 1427412 30 40 29  1  0  0
88  1 133236 2790720 1774024 180291388    0    0 192480 141896 247455 1427792 31 38 30  1  0  0
99  0 133236 2787708 1774024 180291560    0    0 155376 72004 255721 1528358 32 44 23  0  0  0
82  0 133236 2786540 1774024 180292028    0    0 143680 91648 252204 1503572 31 44 24  1  0  0
128  0 133236 2786412 1774032 180292636    0    0 192608 124028 249175 1468745 31 41 28  1  0  0
112  1 133236 2785116 1774032 180293100    0    0 172576 124320 248232 1448355 30 40 29  1  0  0
59  2 133236 2785424 1774032 180293276    0    0 147632 69220 254745 1517584 33 42 24  0  0  0
procs -----------memory---------- ---swap-- -----io---- -system-- -------cpu-------
 r  b   swpd   free   buff  cache   si   so    bi    bo   in   cs us sy id wa st gu
53  0 133236 2782388 1774032 180293908    0    0 179472 98372 259458 1503656 32 42 25  1  0  0
88  0 133236 2783496 1774032 180294468    0    0 185024 150488 255007 1437960 30 39 30  1  0  0
12 12 133236 2783808 1774036 180294660    0    0 155648 76852 262408 1521911 32 44 24  1  0  0
10  0 133236 2785556 1774040 180295224    0    0 175652 97324 255772 1502005 32 43 24  1  0  0
66  7 133236 2783752 1774040 180295800    0    0 192352 126180 247411 1455688 31 40 28  1  0  0
123  0 133236 2785312 1774040 180296212    0    0 167104 127524 246569 1450473 31 40 29  1  0  0
91  3 133236 2786464 1774040 180296492    0    0 182224 94432 249255 1479450 32 42 25  1  0  0
59  0 133236 2786180 1774040 180297096    0    0 191696 120876 248690 1441764 30 41 28  2  0  0
15  1 133236 2783812 1774040 180297680    0    0 182320 108864 250507 1470116 31 42 26  1  0  0
50  0 133236 2785528 1774040 180298056    0    0 181488 122044 250777 1473767 31 41 27  1  0  0
18  0 133236 2786444 1774040 180298384    0    0 149712 85868 259852 1517226 32 43 25  1  0  0
125  6 133236 2788592 1774040 180298984    0    0 178320 117528 256948 1471902 31 41 26  1  0  0
11  0 133236 2788584 1774044 180299536    0    0 193728 130868 254740 1458896 32 39 28  1  0  0
237  0 133236 2788680 1774044 180300016    0    0 182256 119956 251264 1458550 31 41 27  1  0  0
101 14 133236 2787328 1774044 180300268    0    0 159216 75412 253882 1522777 32 44 23  1  0  0
16 12 133236 2788432 1774044 180300868    0    0 195648 118260 250708 1485007 32 41 26  1  0  0
21 31 133236 2786896 1774044 180301408    0    0 199824 147820 251322 1442678 32 38 28  1  0  0
145  0 133236 2784800 1774048 180301716    0    0 178704 128056 246369 1449507 30 42 27  1  0  0
11  0 133236 2784084 1774048 180302436    0    0 209184 125932 249600 1451574 31 39 28  1  0  0
 0  1 133236 2783096 1774048 180302940    0    0 209648 103248 249707 1487180 32 40 26  1  0  0
49  0 133236 2782444 1774048 180303280    0    0 214224 144356 251953 1469727 33 39 27  1  0  0
procs -----------memory---------- ---swap-- -----io---- -system-- -------cpu-------
 r  b   swpd   free   buff  cache   si   so    bi    bo   in   cs us sy id wa st gu
58  1 133236 2782520 1774048 180303932    0    0 231968 169024 250070 1405432 31 36 31  1  0  0
18  0 133236 2780784 1774048 180304552    0    0 197152 110584 245089 1446292 31 40 28  1  0  0
178  0 133236 2780540 1774048 180305112    0    0 171392 102536 248671 1481633 31 41 27  1  0  0
23 23 133236 2784600 1774048 180305508    0    0 211152 143356 249733 1449401 32 39 28  1  0  0
75 15 133236 2782548 1774048 180305848    0    0 149936 85364 252655 1515201 32 44 24  1  0  0
86  2 133236 2784516 1774048 180306404    0    0 176016 106476 253340 1511375 33 42 25  1  0  0
 6  2 133236 2784708 1774048 180306980    0    0 173376 126752 248294 1452504 31 40 28  1  0  0
 2  0 133236 2784856 1774048 180307248    0    0 166848 99812 249449 1491088 32 41 27  1  0  0
139  5 133236 2784272 1774048 180307596    0    0 146464 84144 246722 1511530 32 43 25  1  0  0
63  0 133236 2783100 1774048 180308264    0    0 196256 118628 246849 1486671 32 41 26  1  0  0
 8  0 133236 2780580 1774048 180308836    0    0 184592 139480 247603 1460669 32 39 28  1  0  0
 3  0 133236 2780420 1774052 180309048    0    0 157824 99988 246262 1495223 32 41 27  1  0  0
70  6 133236 2781264 1774052 180309456    0    0 140256 72556 245026 1502549 31 43 25  1  0  0
72  6 133236 2782476 1774052 180310036    0    0 182048 127620 245767 1463842 31 39 28  1  0  0
 2  0 133236 2779452 1774052 180310596    0    0 182224 137768 245802 1443248 30 40 29  1  0  0
226  0 133236 2779560 1774052 180310816    0    0 185056 96528 249321 1492419 33 41 26  1  0  0
53  1 133236 2779232 1774060 180311264    0    0 136512 82180 250455 1511388 31 44 24  0  0  0
169  0 133236 2775008 1774060 180311876    0    0 192688 118512 244974 1463986 32 39 28  1  0  0
94  0 133236 2776832 1774060 180312412    0    0 191696 137192 244240 1445831 31 39 29  1  0  0
 1  0 133236 2773544 1774060 180312696    0    0 177424 114128 251089 1481543 32 40 27  1  0  0
74  8 133236 2768780 1774060 180313092    0    0 132288 63076 252025 1515017 31 45 24  0  0  0
procs -----------memory---------- ---swap-- -----io---- -system-- -------cpu-------
 r  b   swpd   free   buff  cache   si   so    bi    bo   in   cs us sy id wa st gu
179  0 133236 2770540 1774068 180313636    0    0 177328 125196 244768 1450528 31 41 28  1  0  0
91  0 133236 2771328 1774068 180314200    0    0 198080 136068 247314 1437856 31 40 28  1  0  0
66 13 133236 2767564 1774068 180314704    0    0 182512 98856 249684 1490264 32 42 26  1  0  0
10  0 133236 2768080 1774068 180314840    0    0 133728 75180 247568 1497672 31 44 25  1  0  0
136  7 133236 2766356 1774068 180315408    0    0 173520 118456 246975 1464763 31 40 28  1  0  0
130  0 133236 2767972 1774072 180315980    0    0 199840 131480 245472 1448646 31 39 29  1  0  0
28  0 133236 2768156 1774072 180316568    0    0 190992 134124 244784 1435426 32 39 28  1  0  0
 8  0 133236 2768120 1774072 180316704    0    0 176224 78152 255299 1522789 33 42 25  1  0  0
102  0 133236 2766388 1774072 180317216    0    0 139296 93632 248482 1502558 31 44 25  0  0  0
172  7 133236 2766392 1774072 180317804    0    0 194656 127644 255833 1479038 32 39 28  1  0  0
100  0 133236 2767972 1774080 180318360    0    0 187792 136868 251225 1441136 31 40 29  1  0  0
 3  0 133236 2766872 1774080 180318552    0    0 169104 97112 250511 1485910 31 42 26  1  0  0
79  1 133236 2768448 1774080 180318984    0    0 140640 86224 250634 1498409 31 44 25  0  0  0
141  0 133236 2767468 1774080 180319528    0    0 174704 115400 246312 1477848 31 41 27  1  0  0
116  0 133236 2768488 1774080 180320136    0    0 204192 129968 248621 1462712 32 40 28  1  0  0
82  2 133236 2765996 1774088 180320612    0    0 196320 139288 247849 1436225 32 38 29  1  0  0
 8 14 133236 2764988 1774088 180320832    0    0 172480 65664 256100 1535711 34 43 23  1  0  0
41  1 133236 2766708 1774088 180321396    0    0 167072 116476 247111 1459676 30 42 27  1  0  0
34  0 133236 2768116 1774088 180321916    0    0 195584 121860 248914 1468297 32 40 27  1  0  0
 7  0 133236 2766496 1774088 180322544    0    0 196848 137628 247404 1436901 31 40 28  1  0  0
100  8 133236 2767832 1774092 180322856    0    0 168000 121560 248378 1449376 31 41 28  1  0  0
procs -----------memory---------- ---swap-- -----io---- -system-- -------cpu-------
 r  b   swpd   free   buff  cache   si   so    bi    bo   in   cs us sy id wa st gu
197  8 133236 2763804 1774092 180323148    0    0 140320 64272 252822 1518479 32 44 23  0  0  0
23  1 133236 2761312 1774092 180323668    0    0 155120 105540 246714 1490296 31 41 27  1  0  0
84  0 133236 2762144 1774092 180324236    0    0 182096 123148 244769 1455128 31 40 28  1  0  0
134  0 133236 2758484 1774092 180324588    0    0 181104 78104 251905 1513450 33 42 24  1  0  0
15  1 133236 2754984 1774092 180324884    0    0 138624 87880 248231 1490544 31 43 26  0  0  0
33  0 133236 2756920 1774092 180325396    0    0 179024 116108 251273 1483331 32 42 26  1  0  0
43  0 133236 2755840 1774092 180325988    0    0 198912 138904 246463 1429649 30 39 29  1  0  0
37  0 133236 2755880 1774092 180326564    0    0 187328 130208 245491 1437688 32 39 29  1  0  0
202  1 133236 2756412 1774092 180326748    0    0 175424 82824 253223 1510842 32 42 25  1  0  0
51  0 133236 2757676 1774096 180327204    0    0 136560 100572 246799 1462822 30 43 27  0  0  0
159  2 133236 2754560 1774096 180327816    0    0 190672 113464 248838 1487303 32 40 27  1  0  0
97  0 133236 2752664 1774096 180328308    0    0 176176 128224 246873 1458374 32 39 29  1  0  0
241  0 133236 2755820 1774096 180328524    0    0 186896 118284 249813 1466104 32 39 28  1  0  0
35  1 133236 2756796 1774096 180329008    0    0 137504 69032 253813 1505715 31 44 24  0  0  0
60  0 133236 2757636 1774096 180329628    0    0 193408 118760 250737 1472221 32 40 27  1  0  0
 8  0 133236 2758696 1774096 180330100    0    0 179776 136740 247553 1432011 31 39 29  1  0  0
53  1 133236 2757948 1774096 180330516    0    0 198000 118252 248579 1461848 31 41 27  1  0  0
20  0 133236 2759496 1774096 180330880    0    0 192768 95500 252626 1495956 32 41 26  1  0  0
95  1 133236 2758748 1774096 180331352    0    0 130288 94224 246378 1479508 31 43 26  0  0  0
26  1 133236 2759952 1774100 180331996    0    0 197296 121788 248027 1462859 32 40 28  1  0  0
106  3 133236 2758428 1774100 180332220    0    0 156832 108436 245927 1463137 31 41 28  1  0  0
procs -----------memory---------- ---swap-- -----io---- -system-- -------cpu-------
 r  b   swpd   free   buff  cache   si   so    bi    bo   in   cs us sy id wa st gu
41  0 133236 2760164 1774100 180332584    0    0 155520 69460 250850 1519701 32 44 24  1  0  0
97  0 133236 2760340 1774100 180333120    0    0 169776 112884 249947 1485553 31 42 26  1  0  0
161  0 133236 2759872 1774100 180333660    0    0 194768 143356 244502 1444485 31 38 29  1  0  0
213  0 133236 2762952 1774112 180334080    0    0 193184 140436 250213 1438564 32 39 29  1  0  0
10  0 133236 2761168 1774112 180334472    0    0 126800 48228 250564 1535736 31 45 24  0  0  0
61  1 133236 2760216 1774112 180335024    0    0 182800 104592 251653 1506734 32 42 25  1  0  0
88  0 133236 2760268 1774112 180335584    0    0 172336 110788 247099 1478260 32 39 28  1  0  0
95  0 133236 2759520 1774112 180335792    0    0 166096 109348 247932 1487767 31 41 26  1  0  0
194  0 133236 2759664 1774116 180336316    0    0 156736 95372 249719 1485774 31 43 26  1  0  0
 6  0 133236 2755572 1774116 180336928    0    0 180720 132416 248882 1466601 32 40 28  1  0  0
124  0 133236 2755412 1774116 180337060    0    0 162624 102460 247261 1483800 32 40 27  1  0  0
107  0 133236 2750472 1774116 180337552    0    0 142272 75876 250898 1523196 31 44 24  0  0  0
70  3 133236 2750044 1774116 180338148    0    0 192176 109756 257321 1517741 33 41 25  1  0  0
 2  0 133236 2749492 1774124 180338652    0    0 181056 146388 254170 1457776 30 40 29  1  0  0
20 23 133236 2745780 1774124 180338864    0    0 170624 81128 260732 1539888 33 41 25  1  0  0
 7  0 133236 2745300 1774124 180339352    0    0 142032 105992 255887 1477357 31 41 28  0  0  0
86  5 133236 2744152 1774124 180339948    0    0 193392 112860 251567 1491637 32 42 25  1  0  0
32 12 133236 2746208 1774124 180340516    0    0 195200 138140 245486 1435627 31 39 29  1  0  0
112  0 133236 2741292 1774124 180340840    0    0 176080 118136 245599 1455261 31 41 28  1  0  0
 2  0 133236 2739532 1774124 180341196    0    0 169920 83876 250351 1497685 32 42 25  1  0  0
39  7 133236 2742472 1774124 180341688    0    0 148944 107476 246415 1470507 32 41 26  1  0  0
procs -----------memory---------- ---swap-- -----io---- -system-- -------cpu-------
 r  b   swpd   free   buff  cache   si   so    bi    bo   in   cs us sy id wa st gu
117  0 133236 2740104 1774124 180342236    0    0 181136 118036 243556 1460413 30 42 27  1  0  0
34  1 133236 2741228 1774124 180342704    0    0 166368 81752 250889 1509663 32 42 25  1  0  0
 7  0 133236 2737512 1774124 180342840    0    0 185760 107568 250109 1468863 32 40 27  1  0  0
60 23 133236 2734760 1774124 180343408    0    0 135056 102028 244535 1483393 31 42 26  0  0  0
224  0 133236 2738884 1774124 180343992    0    0 192352 122816 248971 1466717 31 41 27  1  0  0
14  0 133236 2736912 1774124 180344480    0    0 196144 136968 245161 1433464 30 39 29  1  0  0
 8  0 133236 2735956 1774124 180344732    0    0 169072 105012 249688 1471028 32 41 27  1  0  0
139  0 133236 2735860 1774132 180345244    0    0 154352 75480 249946 1492779 31 43 26  0  0  0
95  1 133236 2736012 1774132 180345824    0    0 196768 119852 246583 1467436 31 41 27  1  0  0
 6  0 133236 2696588 1774132 180346400    0    0 197344 132916 243731 1433931 30 40 29  1  0  0
103  9 133236 2695456 1774132 180346556    0    0 152144 86172 248608 1499261 31 43 26  0  0  0
42  0 133236 2695560 1774132 180347172    0    0 175808 107828 252803 1482159 32 41 26  1  0  0
70 10 133236 2695124 1774136 180347752    0    0 239456 132108 259874 1487926 34 37 28  1  0  0
74  1 133236 2696264 1774136 180348216    0    0 196704 133972 252298 1465389 31 40 27  1  0  0
188  0 133236 2698388 1774136 180348812    0    0 208960 136340 248331 1437538 32 38 28  1  0  0
150  7 133236 2699116 1774136 180349372    0    0 171232 102880 248407 1484120 31 41 26  1  0  0
77  0 133236 2699392 1774136 180349520    0    0 202656 134844 245711 1434517 31 39 29  1  0  0
149  1 133236 2700316 1774140 180350108    0    0 179968 111248 244975 1462162 31 42 27  1  0  0
68  3 133236 2696752 1774140 180350776    0    0 201584 108368 247580 1487838 33 39 27  1  0  0
85 12 133236 2695076 1774140 180351096    0    0 153584 150792 247891 1491878 31 43 26  1  0  0
81  0 133236 2695576 1774140 180351824    0    0 228976 119132 253802 1479791 33 39 27  1  0  0
procs -----------memory---------- ---swap-- -----io---- -system-- -------cpu-------
 r  b   swpd   free   buff  cache   si   so    bi    bo   in   cs us sy id wa st gu
41  1 133236 2696244 1774140 180352008    0    0 176672 103592 262330 1515112 33 40 26  1  0  0
94  4 133236 2696340 1774140 180352568    0    0 179344 106536 254367 1492906 32 41 26  1  0  0
97  1 133236 2696560 1774140 180353212    0    0 201232 133856 252411 1465908 31 40 28  1  0  0
70  0 133236 2693348 1774140 180353860    0    0 205056 139768 242113 1433048 31 38 29  1  0  0
81  3 133236 2694296 1774140 180353932    0    0 159392 109716 247436 1466590 31 41 27  1  0  0
204  0 133236 2695068 1774140 180354436    0    0 144080 65908 251950 1523652 32 44 23  0  0  0
 9  0 133236 2690868 1774152 180355032    0    0 185344 120880 252573 1496067 33 40 26  1  0  0
 9  0 133236 2939132 1774152 180111940    0    0 175728 120532 248473 1468568 31 40 28  1  0  0
106  0 133236 2938016 1774152 180112144    0    0 149072 74240 251212 1504890 31 44 24  1  0  0
84  7 133236 2937264 1774152 180112632    0    0 162400 128600 250678 1454570 31 40 28  1  0  0
57  3 133236 2936344 1774152 180113256    0    0 189728 119140 247875 1471990 31 40 27  1  0  0
179  0 133236 2937672 1774152 180113412    0    0 179104 115932 246366 1448673 31 41 28  1  0  0
92  6 133236 2938492 1774152 180113880    0    0 141296 66748 252459 1511738 32 44 24  0  0  0
173  0 133236 2992844 1774160 180114492    0    0 172976 129868 251295 1456447 31 41 27  1  0  0
 1  1 133236 2991552 1774160 180114868    0    0 177728 119980 247174 1456367 32 40 27  1  0  0
92  0 133236 2990600 1774160 180115120    0    0 163392 64396 252874 1531114 33 43 24  1  0  0
105 10 133236 2991956 1774164 180115616    0    0 138464 111440 241822 1451401 29 42 29  0  0  0
43  1 133236 2991072 1774164 180116156    0    0 185808 112324 250459 1506296 32 42 25  1  0  0
47  1 133236 2992156 1774164 180116608    0    0 190720 136868 244898 1451278 31 39 29  1  0  0
47  3 133236 2991116 1774164 180116992    0    0 193616 94188 250366 1514747 32 41 26  1  0  0
58  1 133236 2989164 1774164 180117476    0    0 143216 97128 246839 1468912 30 43 27  0  0  0
procs -----------memory---------- ---swap-- -----io---- -system-- -------cpu-------
 r  b   swpd   free   buff  cache   si   so    bi    bo   in   cs us sy id wa st gu
36  1 133236 2990440 1774168 180118032    0    0 186096 140820 246627 1444523 31 40 29  1  0  0
59  4 133236 2992036 1774168 180118412    0    0 205520 116348 253692 1489416 32 41 26  1  0  0
73  1 133236 2992500 1774168 180118816    0    0 129312 66304 257254 1555393 32 44 24  0  0  0
13  0 133236 2995020 1774168 180119412    0    0 169248 118444 246521 1458675 31 41 28  1  0  0
179  2 133236 2996420 1774168 180119928    0    0 167088 103444 249565 1508854 32 42 25  1  0  0
 2  0 133236 2996844 1774176 180120092    0    0 174864 104368 247523 1494119 32 41 27  1  0  0
84  0 133236 2994296 1774176 180120608    0    0 167456 102860 243492 1462257 31 41 27  1  0  0
70  0 133236 2993956 1774176 180121148    0    0 167872 107580 247930 1506225 33 40 26  1  0  0
83  0 133236 2993576 1774176 180121812    0    0 205024 137888 247367 1454494 32 39 28  1  0  0
14  0 133236 2989076 1774176 180121912    0    0 172800 123588 244686 1443064 31 39 29  1  0  0
74  0 133236 2991856 1774180 180122476    0    0 147328 66184 251045 1540885 31 45 23  1  0  0
228  0 133236 2987608 1774180 180123008    0    0 163584 112484 249174 1498957 32 42 26  1  0  0
260  0 133236 2986144 1774180 180123352    0    0 190224 131440 248315 1459371 31 40 28  1  0  0
34  8 133236 2986520 1774180 180123748    0    0 177968 88660 249785 1508246 32 42 26  1  0  0
62  6 133236 2985332 1774180 180124280    0    0 154400 102264 246577 1467581 31 42 27  1  0  0
14  3 133236 2987060 1774192 180124804    0    0 178192 130420 248219 1471397 32 41 27  1  0  0
78  6 133236 2987044 1774192 180125080    0    0 167856 113248 250808 1488973 32 41 27  1  0  0
50  0 133236 2984024 1774192 180125596    0    0 169136 76916 254937 1513384 31 44 24  1  0  0
113  0 133236 2982316 1774192 180126156    0    0 181296 131264 255435 1456688 30 40 29  1  0  0
 7  0 133236 2982624 1774192 180126612    0    0 191472 117892 254184 1490814 32 40 27  1  0  0
 2  0 133236 2985708 1774196 180126884    0    0 150192 106380 246835 1480060 31 43 26  1  0  0
procs -----------memory---------- ---swap-- -----io---- -system-- -------cpu-------
 r  b   swpd   free   buff  cache   si   so    bi    bo   in   cs us sy id wa st gu
145  0 133236 2986536 1774196 180127456    0    0 164208 82424 247944 1485501 30 43 26  1  0  0
97  0 133236 2986364 1774196 180128024    0    0 173152 132492 245951 1450024 31 39 29  1  0  0
69  6 133236 2988656 1774196 180128268    0    0 187808 105684 249693 1490816 33 41 26  1  0  0
130  0 133236 2988300 1774196 180128704    0    0 149760 73076 248723 1512023 32 43 25  1  0  0
97  0 133236 2986012 1774200 180129296    0    0 172384 129712 249468 1455226 31 39 28  1  0  0
117  0 133236 2980972 1774200 180129884    0    0 199504 104760 254506 1527291 34 41 24  1  0  0
27  7 133236 2984268 1774200 180130116    0    0 189328 155480 245188 1437160 31 38 30  1  0  0
168  0 133236 2981524 1774200 180130584    0    0 138336 54448 252681 1525531 32 45 23  0  0  0
63  3 133236 2978540 1774200 180131132    0    0 178768 132072 250134 1456568 31 39 28  1  0  0
134  0 133236 2975632 1774208 180131708    0    0 194848 127444 250093 1467447 32 38 28  1  0  0
207  1 133236 2973900 1774208 180132004    0    0 196768 127424 256090 1482291 32 39 28  1  0  0
20  2 133236 2973616 1774208 180132448    0    0 144592 70140 249268 1508177 31 44 25  0  0  0
53  0 133236 2969344 1774208 180132972    0    0 171072 118260 247103 1455231 31 41 28  1  0  0
62  1 133236 2968376 1774208 180133604    0    0 207248 127880 254325 1484727 33 40 27  1  0  0
49  4 133236 2969088 1774212 180133796    0    0 168736 133848 247842 1454333 31 40 28  1  0  0
38  0 133236 2969460 1774212 180134396    0    0 179200 77496 252809 1526951 34 42 24  1  0  0
192  0 133236 2968864 1774212 180134908    0    0 181696 120020 250429 1481245 32 41 26  1  0  0
 5  0 133236 2964636 1774212 180135484    0    0 207952 140156 251029 1410246 30 39 30  2  0  0
203  0 133236 2966184 1774212 180135684    0    0 172000 99360 255736 1500091 32 42 25  1  0  0
31 13 133236 2963268 1774212 180136184    0    0 189744 94824 252755 1485008 31 42 26  1  0  0
73  0 133236 2962976 1774212 180136704    0    0 144064 113212 245934 1466072 30 43 27  1  0  0
procs -----------memory---------- ---swap-- -----io---- -system-- -------cpu-------
 r  b   swpd   free   buff  cache   si   so    bi    bo   in   cs us sy id wa st gu
163  0 133236 2962232 1774212 180137292    0    0 207152 148980 249690 1480641 33 39 28  1  0  0
90  4 133236 2960284 1774212 180137600    0    0 201536 140820 246435 1442711 32 39 28  1  0  0
 3  0 133236 2963212 1774212 180138176    0    0 155984 81388 246835 1498898 32 43 24  1  0  0
57 12 133236 2962716 1774220 180138836    0    0 252096 149864 256008 1470984 34 36 29  1  0  0
40  9 133236 2962420 1774220 180139168    0    0 159440 105344 257479 1509289 32 41 26  1  0  0
13  0 133236 2961736 1774220 180139696    0    0 187360 139636 255060 1443686 31 39 29  1  0  0
40  0 133236 2962508 1774220 180140312    0    0 181920 89524 260451 1529005 33 42 24  1  0  0
61  6 133236 2962924 1774220 180140584    0    0 230432 157060 256077 1437671 31 38 29  2  0  0
20  0 133236 2958896 1774228 180141080    0    0 145296 100808 256530 1507693 31 42 26  0  0  0
161  0 133236 2957628 1774228 180141620    0    0 166160 95784 260605 1527105 32 42 25  1  0  0
39  0 133236 2953920 1774228 180142164    0    0 190080 142612 248340 1440761 31 39 28  1  0  0
30  1 133236 2955720 1774228 180142580    0    0 186704 115316 249162 1479991 32 41 27  1  0  0
144  0 133236 2956120 1774228 180142880    0    0 180960 91608 252403 1503074 32 42 25  1  0  0
41  2 133236 2954744 1774236 180143444    0    0 152768 97716 245376 1465576 30 42 27  1  0  0
31  2 133236 2955592 1774236 180143984    0    0 180864 130676 246790 1462699 31 40 28  1  0  0
 7  0 133236 2953864 1774236 180144592    0    0 216384 128732 252543 1485792 32 40 26  1  0  0
33  0 133236 2955368 1774236 180144832    0    0 207856 136000 247487 1437859 32 38 29  1  0  0
129  0 133236 2954508 1774236 180145348    0    0 128416 59820 253447 1533759 32 45 23  0  0  0
19  0 133236 2954680 1774240 180145932    0    0 170576 129528 245408 1445551 31 40 29  1  0  0
68  2 133236 2957056 1774240 180146308    0    0 170352 117556 248558 1472834 31 41 27  1  0  0
82  3 133236 2955644 1774240 180146560    0    0 150464 64344 250890 1528885 32 44 24  1  0  0
procs -----------memory---------- ---swap-- -----io---- -system-- -------cpu-------
 r  b   swpd   free   buff  cache   si   so    bi    bo   in   cs us sy id wa st gu
56  1 133236 2956628 1774240 180147188    0    0 174688 109348 249599 1461467 31 41 27  1  0  0
267  0 133236 2958320 1774240 180147772    0    0 178368 139448 246159 1443439 30 40 29  1  0  0
58 17 133236 2956984 1774244 180148076    0    0 180432 97592 248986 1501390 33 40 26  1  0  0
46  0 133236 2953596 1774244 180148568    0    0 165408 85884 253465 1517693 32 43 25  1  0  0
123  0 133236 2952108 1774244 180148948    0    0 157488 124588 244586 1441824 30 40 29  0  0  0
147  0 133236 2947728 1774244 180149524    0    0 196384 124256 249907 1440553 31 39 28  1  0  0
46  2 133236 2943808 1774244 180150068    0    0 174816 110816 253362 1493123 31 42 26  1  0  0
 2  0 133236 2944856 1774248 180150224    0    0 210592 118648 258577 1489711 32 40 26  1  0  0
80  3 133236 2942908 1774248 180150896    0    0 160256 88332 257474 1509772 31 43 25  1  0  0
168  1 133236 2941416 1774248 180151396    0    0 163472 127588 258045 1464598 31 40 29  1  0  0
46  0 133236 2940880 1774248 180151776    0    0 176384 112732 256910 1516786 32 42 25  1  0  0
73  5 133236 2941408 1774248 180152072    0    0 185120 100876 251235 1490398 32 41 26  1  0  0
70  5 133236 2939940 1774252 180152660    0    0 146592 87916 245118 1475809 31 42 26  1  0  0
83  8 133236 2938432 1774252 180153216    0    0 193728 137676 246678 1452819 31 40 28  1  0  0
94  0 133236 2941428 1774252 180153672    0    0 207456 134636 251795 1477218 32 40 27  1  0  0
38  2 133236 2940452 1774252 180154000    0    0 144096 74816 250299 1535359 32 43 24  0  0  0
40  0 133236 2944136 1774252 180154580    0    0 176848 115036 249538 1467122 31 41 27  1  0  0
30  0 133236 2945756 1774256 180155096    0    0 170192 129652 248594 1470238 32 40 27  1  0  0
58  3 133236 2944856 1774256 180155292    0    0 179424 107460 252506 1504014 33 41 25  1  0  0
114 17 133236 2943384 1774256 180155768    0    0 190880 101808 246629 1476045 32 41 26  1  0  0
37  0 133236 2945232 1774256 180156348    0    0 152944 102288 246571 1470851 31 42 27  0  0  0
procs -----------memory---------- ---swap-- -----io---- -system-- -------cpu-------
 r  b   swpd   free   buff  cache   si   so    bi    bo   in   cs us sy id wa st gu
47  7 133236 2941708 1774256 180156872    0    0 177648 130424 246946 1449730 31 40 29  1  0  0
29  0 133236 2942948 1774260 180157396    0    0 167296 107964 250448 1493063 32 42 26  1  0  0
 1  0 133236 2943288 1774260 180157512    0    0 200480 109296 251224 1474900 32 40 26  1  0  0
73  1 133236 2943068 1774260 180158108    0    0 141616 89568 245542 1474111 31 42 26  0  0  0
37  0 133236 2939048 1774260 180158676    0    0 178272 130220 247732 1436799 31 40 29  1  0  0
110  1 133236 2937288 1774260 180159068    0    0 180160 105428 256078 1514570 32 43 24  1  0  0
97  1 133236 2936856 1774260 180159340    0    0 139440 61812 250792 1534094 32 44 23  0  0  0
74  0 133236 2932700 1774260 180159892    0    0 177936 129564 254267 1442900 30 40 29  1  0  0
244  0 133236 2935260 1774260 180160428    0    0 179136 130728 253985 1450018 30 41 29  1  0  0
66  2 133236 2932012 1774260 180160940    0    0 174064 107352 258266 1506848 32 42 26  1  0  0
23  0 133236 2931736 1774260 180161172    0    0 199184 90168 262669 1534958 34 41 24  1  0  0
20  0 133236 2931008 1774268 180161664    0    0 152080 109116 243066 1452467 31 41 28  1  0  0
75  0 133236 2930256 1774268 180162232    0    0 184384 122720 245070 1438437 30 40 29  1  0  0
47  4 133236 2927764 1774268 180162788    0    0 166704 127740 243804 1439158 31 39 29  1  0  0
64  3 133236 2929580 1774268 180162924    0    0 189104 94320 256054 1522536 33 41 25  1  0  0
27  1 133236 2926808 1774268 180163464    0    0 149824 77052 248984 1506134 32 42 25  1  0  0
74  0 133236 2928152 1774272 180164036    0    0 178752 124772 246713 1438588 31 40 29  1  0  0
51  0 133236 2924796 1774272 180164560    0    0 166704 117872 253370 1482604 32 41 26  1  0  0
 9 10 133236 2925556 1774272 180164660    0    0 185152 101480 252958 1493679 33 41 26  1  0  0
 6  0 133236 2925140 1774272 180165304    0    0 155968 85136 249126 1484501 31 42 26  1  0  0
57  0 133236 2925468 1774272 180165884    0    0 177984 137352 249920 1436918 30 41 28  1  0  0
procs -----------memory---------- ---swap-- -----io---- -system-- -------cpu-------
 r  b   swpd   free   buff  cache   si   so    bi    bo   in   cs us sy id wa st gu
81  0 133236 2928692 1774280 180166060    0    0 170800 107984 251193 1492935 32 41 26  1  0  0
161  0 133236 2928420 1774280 180166536    0    0 146496 55916 251975 1525561 32 45 23  1  0  0
36  0 133236 2925140 1774280 180167140    0    0 191680 138724 247763 1424863 30 40 29  1  0  0
68  5 133236 2921940 1774280 180167624    0    0 172016 131692 249297 1459890 31 41 28  1  0  0
57  6 133236 2922112 1774280 180167824    0    0 166480 88872 252042 1510689 32 42 25  1  0  0
69  1 133236 2924424 1774288 180168396    0    0 150064 85324 250493 1491074 31 43 25  1  0  0
171  0 133236 2922160 1774288 180168968    0    0 183360 140744 249411 1452587 31 40 28  1  0  0
66  8 133236 2919344 1774288 180169096    0    0 189296 98964 254307 1502658 32 42 25  1  0  0
62  0 133236 2919420 1774288 180169692    0    0 122848 63288 247402 1521474 31 45 24  0  0  0
126  0 133236 2921336 1774288 180170164    0    0 171184 135236 243566 1436784 31 39 30  1  0  0
61  2 133236 2920508 1774292 180170584    0    0 196976 119756 254736 1487075 33 40 27  1  0  0
17  0 133236 2915772 1774292 180170900    0    0 147712 61996 258236 1549898 33 44 23  1  0  0
87  0 133236 2917504 1774292 180171512    0    0 182512 134012 254930 1442357 31 39 29  1  0  0
70  0 133236 2917032 1774292 180172076    0    0 191856 130260 254774 1472988 31 41 27  1  0  0
54  0 133236 2914108 1774292 180172304    0    0 205968 133008 252339 1476038 32 40 27  1  0  0
15  0 133236 2914600 1774296 180172924    0    0 151488 82336 250951 1505171 32 43 24  1  0  0
17  0 133236 2917896 1774296 180173432    0    0 207008 122468 250709 1485694 33 39 27  1  0  0
156  0 133236 2916128 1774296 180174048    0    0 195200 146024 248404 1449171 32 39 28  1  0  0
144  2 133236 2916412 1774296 180174304    0    0 179392 129280 251130 1477160 32 41 26  1  0  0
81  2 133236 2914916 1774296 180174816    0    0 152624 67312 248703 1516881 32 43 24  1  0  0
114  0 133236 2914488 1774304 180175396    0    0 182016 123504 248732 1475438 31 40 27  1  0  0
procs -----------memory---------- ---swap-- -----io---- -system-- -------cpu-------
 r  b   swpd   free   buff  cache   si   so    bi    bo   in   cs us sy id wa st gu
63  7 133236 2914876 1774304 180175864    0    0 205472 138512 254795 1455242 31 40 28  1  0  0
47  6 133236 2914616 1774304 180176192    0    0 179136 129936 264332 1520952 33 41 25  1  0  0
54  4 133236 2914460 1774304 180176812    0    0 168816 91740 265025 1541943 33 43 24  1  0  0
66  0 133236 2911968 1774304 180177344    0    0 194336 123456 258671 1491783 31 41 26  1  0  0
82  0 133236 2913640 1774308 180177852    0    0 185776 116236 252449 1486572 31 41 27  1  0  0
207  0 133236 2911304 1774308 180178052    0    0 178016 111540 246117 1476069 32 41 26  1  0  0
31  0 133236 2909832 1774308 180178548    0    0 157776 96364 243215 1480017 30 43 26  1  0  0
30  2 133236 2912076 1774308 180179140    0    0 191920 108832 247439 1482158 31 41 27  1  0  0
76  1 133236 2912804 1774308 180179708    0    0 187184 136132 246920 1462077 32 39 28  1  0  0
81  0 133236 2915088 1774312 180180068    0    0 197648 137428 252025 1487304 32 40 27  1  0  0
102  0 133236 2913096 1774312 180180396    0    0 166480 71904 261400 1566411 33 43 24  1  0  0
208  0 133236 2911584 1774312 180180936    0    0 141296 108740 248421 1460936 31 41 28  0  0  0
196  0 133236 2912224 1774312 180181472    0    0 196176 121948 257185 1484665 31 41 27  1  0  0
84 10 133236 2913152 1774312 180181852    0    0 171072 155484 248943 1440136 31 38 30  1  0  0
67  4 133236 2914056 1774316 180182192    0    0 203824 97108 251099 1511622 33 41 25  1  0  0
11  0 133236 2910688 1774316 180182784    0    0 146928 64156 249953 1517045 31 44 25  0  0  0
118  2 133236 2908676 1774316 180183328    0    0 172048 122940 243237 1443591 31 40 29  1  0  0
39  0 133236 2905680 1774316 180183708    0    0 190672 129696 248790 1467428 31 40 27  1  0  0
28  1 133236 2901788 1774316 180184008    0    0 156784 78592 251939 1533162 33 43 24  1  0  0
132  1 133236 2902872 1774316 180184692    0    0 188864 111904 249748 1475680 32 41 27  1  0  0
161  0 133236 2900896 1774316 180185204    0    0 173504 125048 242446 1439790 30 40 29  1  0  0
procs -----------memory---------- ---swap-- -----io---- -system-- -------cpu-------
 r  b   swpd   free   buff  cache   si   so    bi    bo   in   cs us sy id wa st gu
47  0 133236 2896364 1774316 180185324    0    0 185504 115372 249510 1465868 32 40 27  1  0  0
 6  0 133236 2899772 1774316 180185912    0    0 142160 75820 254181 1529147 31 44 25  1  0  0
48  1 133236 2900812 1774320 180186524    0    0 198756 121400 252902 1478081 32 40 27  1  0  0
121  0 133236 2899632 1774320 180186980    0    0 172448 133264 244322 1460424 31 40 28  1  0  0
33  2 133236 2902664 1774320 180187212    0    0 148736 88044 254349 1545689 32 43 24  0  0  0
109  0 133236 2899696 1774320 180187916    0    0 220192 112984 249265 1494571 34 39 27  1  0  0
37  1 133236 2899788 1774320 180188428    0    0 166752 119356 246522 1472488 31 41 27  1  0  0
 3  0 133236 2899256 1774320 180188680    0    0 173952 136848 248612 1470653 31 40 28  1  0  0
 1  0 133236 2897596 1774324 180189088    0    0 170592 86236 253778 1531061 32 43 24  1  0  0
71  0 133236 2897744 1774324 180189668    0    0 186576 101352 247348 1486934 31 43 26  1  0  0
36  0 133236 2893392 1774324 180190296    0    0 196384 132616 247790 1458120 32 40 27  1  0  0
108  4 133236 2892188 1774324 180190500    0    0 209760 145120 250563 1469967 32 39 28  1  0  0
42  0 133236 2894748 1774324 180191204    0    0 184208 136476 243551 1427700 31 39 30  1  0  0
89  6 133236 2894948 1774324 180191804    0    0 214352 139932 257946 1486729 33 38 28  1  0  0
60  0 133236 2895384 1774324 180192148    0    0 193264 94188 258558 1531280 33 41 25  1  0  0
167  0 133236 2892164 1774324 180192900    0    0 220608 140412 249427 1464643 33 38 28  1  0  0
119 14 133236 2895268 1774324 180193216    0    0 212480 150140 250054 1486156 33 39 27  1  0  0
43  1 133236 2892052 1774324 180193844    0    0 171312 94024 245253 1507219 32 43 24  1  0  0
164  0 133236 2959128 1774328 180194432    0    0 185504 137076 255345 1475570 32 40 28  1  0  0
