procs -----------memory---------- ---swap-- -----io---- -system-- -------cpu-------
 r  b   swpd   free   buff  cache   si   so    bi    bo   in   cs us sy id wa st gu
 4  0 136820 2818824 1762176 184771560    4    6 26131 26299 12605    3  3  0 96  1  0  0
31  0 136820 2782964 1762176 184771616    0    0     0     0 81119 15361 39  0 60  0  0  0
 3  0 136820 2711188 1762184 184772720    0    0 877280 147688 189746 428205 19  4 64 14  0  0
18 18 136820 2698792 1762184 184775000    0    0 748196 493452 195092 439629 13  4 69 14  0  0
 3  0 136820 2952336 1762184 184531364    0    0 817056 465700 203377 474082 15  4 66 15  0  0
17 18 136820 2949720 1762184 184533328    0    0 812784 485240 202186 466771 14  4 67 15  0  0
18 16 136820 2946120 1762184 184535280    0    0 812384 490580 202288 472172 14  4 67 15  0  0
26 14 136820 2948436 1762188 184537256    0    0 820768 505576 204615 476351 14  4 66 16  0  0
14 21 136820 2944484 1762188 184539228    0    0 811472 487324 201637 466679 14  4 67 15  0  0
28  5 136820 2945768 1762188 184541256    0    0 820560 471104 203323 482217 15  4 66 15  0  0
19 15 136820 2944116 1762188 184543280    0    0 818352 486552 202179 466347 14  4 67 15  0  0
 9 25 136820 2937764 1762188 184545232    0    0 804992 482060 201985 465695 14  4 67 15  0  0
28  7 136820 2934068 1762196 184547216    0    0 817872 491932 203702 477743 15  4 67 14  0  0
 3  0 136820 2931236 1762196 184549276    0    0 790096 516616 202219 465790 14  4 68 14  0  0
 3  0 136820 2931100 1762196 184551144    0    0 778240 524552 201684 460170 14  4 69 14  0  0
19 16 136820 2931800 1762196 184553036    0    0 773296 517112 200777 452842 14  3 69 14  0  0
 2  0 136820 2928556 1762196 184554856    0    0 757456 509708 198746 451913 14  3 69 14  0  0
 4  0 136820 2927356 1762200 184556724    0    0 775888 501284 199826 452895 14  4 69 14  0  0
20 17 136820 2927376 1762200 184558644    0    0 780592 511700 199518 451290 13  4 69 14  0  0
20 14 136820 2926332 1762200 184560464    0    0 770112 503868 198595 450330 14  4 68 14  0  0
13 20 136820 2925616 1762204 184562392    0    0 775296 508364 200419 457793 14  4 68 14  0  0
procs -----------memory---------- ---swap-- -----io---- -system-- -------cpu-------
 r  b   swpd   free   buff  cache   si   so    bi    bo   in   cs us sy id wa st gu
19 14 136820 2919692 1762204 184564240    0    0 773744 507156 199223 452944 13  4 68 14  0  0
19 15 136820 2921112 1762212 184566172    0    0 786016 510288 200691 457966 14  4 68 14  0  0
 1  1 136820 2916776 1762212 184568056    0    0 794944 521480 202037 460099 14  4 68 14  0  0
 2  1 136820 2917564 1762212 184569960    0    0 779648 521152 201671 455956 14  4 69 14  0  0
20 15 136820 2916588 1762220 184571860    0    0 775888 510184 198907 451804 14  4 69 14  0  0
 2  0 136820 2910288 1762220 184573732    0    0 772784 511020 200057 459341 14  4 69 14  0  0
21 13 136820 2911880 1762232 184575660    0    0 793152 517116 202697 466686 14  4 68 14  0  0
 2  0 136820 2905168 1762232 184577468    0    0 763248 509232 197955 448054 13  4 69 14  0  0
21 15 136820 2904592 1762232 184579484    0    0 792576 518664 202757 459222 13  4 69 14  0  0
 4  0 136820 2903152 1762232 184581280    0    0 772736 513836 199106 452072 14  4 69 14  0  0
19 15 136820 2901992 1762232 184583176    0    0 786720 518504 201835 455937 14  4 69 14  0  0
 4  0 136820 2897016 1762232 184585096    0    0 792672 513276 202273 459628 14  4 69 14  0  0
16 20 136820 2895280 1762232 184586960    0    0 778128 522180 200939 456364 13  4 69 14  0  0
17 19 136820 2900040 1762232 184588884    0    0 782288 518980 201264 456816 13  4 69 14  0  0
15 19 136820 2897956 1762232 184590804    0    0 776128 515104 200621 456119 14  4 69 14  0  0
 4  0 136820 2899096 1762232 184592700    0    0 778448 502904 199746 453931 14  4 68 14  0  0
21 16 136820 2898204 1762240 184594612    0    0 776256 507976 199706 453180 14  4 68 14  0  0
 3  0 136820 2895132 1762240 184596464    0    0 784752 516508 202733 461436 14  4 68 15  0  0
16  0 136820 2893908 1762240 184598460    0    0 767936 508640 200059 456332 14  4 68 14  0  0
 8 12 136820 2893212 1762240 184600332    0    0 776688 511000 199855 455344 14  4 69 14  0  0
 9  0 136820 2890492 1762240 184602176    0    0 778256 514480 200070 453702 14  4 68 14  0  0
procs -----------memory---------- ---swap-- -----io---- -system-- -------cpu-------
 r  b   swpd   free   buff  cache   si   so    bi    bo   in   cs us sy id wa st gu
 2  1 136820 2888156 1762248 184604148    0    0 779936 523152 200729 453668 14  4 69 14  0  0
21 17 136820 2881432 1762248 184606000    0    0 775072 514804 199340 456378 14  4 69 13  0  0
31  6 136820 2886096 1762248 184607964    0    0 786784 514748 200865 455525 14  4 69 14  0  0
 0  1 136820 2879692 1762248 184609896    0    0 779616 519832 201602 459215 14  4 69 14  0  0
20 14 136820 2876720 1762248 184611712    0    0 784576 512564 201576 461191 14  4 69 14  0  0
 2  1 136820 2875984 1762256 184613632    0    0 782932 515212 201565 458681 14  4 68 14  0  0
 4  0 136820 2871984 1762256 184615536    0    0 775280 516296 200221 454608 14  4 69 14  0  0
22 15 136820 2873500 1762256 184617424    0    0 772096 520900 199763 453718 13  4 69 14  0  0
18 17 136820 2871848 1762256 184619328    0    0 785104 511668 200230 458348 14  4 69 14  0  0
 5  0 136820 2873616 1762256 184621248    0    0 792720 520836 201876 459667 14  4 69 14  0  0
 3  0 136820 2871916 1762264 184623140    0    0 789808 517304 201623 462188 14  4 69 14  0  0
21 10 136820 2870716 1762264 184625080    0    0 802064 519424 202899 463175 14  4 68 14  0  0
16 19 136820 2865428 1762264 184626944    0    0 770512 509588 198944 463494 14  4 69 14  0  0
21 14 136820 2864196 1762264 184628844    0    0 792800 529688 202320 464884 14  4 68 14  0  0
23 10 136820 2863096 1762264 184630796    0    0 812640 516596 203442 470676 14  4 68 14  0  0
 4  0 136820 2862832 1762264 184632716    0    0 780976 516076 201631 467547 14  4 69 14  0  0
 6  0 136820 2859688 1762264 184634628    0    0 778320 517700 200224 454836 14  4 69 14  0  0
 4  0 136820 2858828 1762264 184636512    0    0 784224 515144 200792 456186 14  3 69 14  0  0
 4  0 136820 2858036 1762264 184638376    0    0 783808 513600 202046 463165 14  4 69 14  0  0
 1  0 136820 2854616 1762264 184640228    0    0 783360 530812 203004 463149 14  4 68 14  0  0
20 15 136820 2856800 1762268 184642220    0    0 785904 519748 202950 472562 14  4 68 14  0  0
procs -----------memory---------- ---swap-- -----io---- -system-- -------cpu-------
 r  b   swpd   free   buff  cache   si   so    bi    bo   in   cs us sy id wa st gu
26  7 136820 2851664 1762268 184644124    0    0 800816 521528 203584 464692 14  4 68 14  0  0
 6  0 136820 2850060 1762268 184646100    0    0 778128 527444 201512 461507 14  4 69 14  0  0
 4  0 136820 2849748 1762268 184648000    0    0 782704 519180 201536 459218 14  4 69 14  0  0
 5  0 136820 2828652 1762268 184649892    0    0 764288 500340 197967 445572 14  4 70 13  0  0
 6 31 136820 2831224 1762276 184651840    0    0 782416 520652 201085 453681 13  4 69 14  0  0
 3  0 136820 2829396 1762276 184653748    0    0 783936 511216 201296 458592 14  4 69 14  0  0
 2  0 136820 2829092 1762276 184655648    0    0 778336 514992 200722 457646 14  4 68 14  0  0
 2  0 136820 2821420 1762276 184657536    0    0 801152 527808 203404 465646 14  4 68 14  0  0
14 19 136820 2824820 1762276 184659472    0    0 790720 521376 202350 462785 14  4 68 14  0  0
18 18 136820 2817900 1762276 184661364    0    0 786944 517012 201720 461963 14  4 69 14  0  0
13 20 136820 2820180 1762276 184663260    0    0 781440 520044 201016 458022 14  3 69 14  0  0
22 14 136820 2817548 1762276 184665188    0    0 779088 519088 201098 456655 14  4 69 14  0  0
 2  0 136820 2816600 1762276 184667064    0    0 784000 523452 201525 461906 14  4 69 14  0  0
19 16 136820 2817212 1762276 184668952    0    0 792016 517660 201865 463642 14  4 69 14  0  0
 4  0 136820 2815692 1762276 184670856    0    0 791232 518000 202990 461188 14  4 68 14  0  0
 2  0 136820 2809388 1762276 184672800    0    0 780368 521668 201304 458674 14  4 69 14  0  0
 4  0 136820 2809404 1762276 184674724    0    0 802384 519480 202742 463941 14  4 68 14  0  0
 4  0 136820 2807096 1762276 184676684    0    0 786000 524332 202795 463984 14  4 69 14  0  0
 5  0 136820 2799724 1762276 184678648    0    0 800208 527092 204345 469642 14  4 68 14  0  0
17 17 136820 2798572 1762276 184680560    0    0 794944 523412 203987 470752 14  4 68 14  0  0
18 19 136820 2793508 1762276 184682548    0    0 789696 527912 202498 461717 14  4 68 14  0  0
procs -----------memory---------- ---swap-- -----io---- -system-- -------cpu-------
 r  b   swpd   free   buff  cache   si   so    bi    bo   in   cs us sy id wa st gu
18 17 136820 2792988 1762276 184684420    0    0 788208 517232 201616 460219 14  4 69 14  0  0
16 17 136820 2793076 1762276 184686340    0    0 789072 516168 202931 462183 14  4 69 14  0  0
 0  1 136820 2788968 1762276 184688296    0    0 790720 524692 201596 461506 14  4 68 14  0  0
15 19 136820 2787056 1762280 184690276    0    0 784944 520592 200865 461349 14  4 69 14  0  0
24  9 136820 2784188 1762280 184692236    0    0 799440 521912 203226 468846 14  4 68 14  0  0
12 21 136820 2782184 1762280 184694120    0    0 771568 521504 199591 448644 14  4 68 14  0  0
25  7 136820 2777116 1762280 184696036    0    0 796688 517376 203222 463510 14  4 68 14  0  0
 2  0 136820 2773108 1762280 184697956    0    0 784176 524380 202158 457275 14  4 69 14  0  0
 4  1 136820 2770124 1762288 184700004    0    0 806128 518972 203695 471329 14  4 68 14  0  0
15 18 136820 2768152 1762288 184701892    0    0 810912 535864 204781 469369 14  4 67 14  0  0
 4  0 136820 2768492 1762288 184703956    0    0 796096 524636 202353 461465 14  4 68 14  0  0
 4  0 136820 2765168 1762288 184705908    0    0 787056 519332 202628 464684 14  4 69 14  0  0
17 18 136820 2760872 1762288 184707892    0    0 791584 517824 203233 466336 14  4 68 14  0  0
 4  0 136820 2759804 1762292 184709820    0    0 772784 510292 200244 459115 14  4 68 14  0  0
21 13 136820 2755656 1762292 184711696    0    0 778672 510708 200578 452160 14  4 68 14  0  0
 3  0 136820 2753028 1762292 184713632    0    0 767328 515408 200809 451046 14  4 68 14  0  0
12 23 136820 2736872 1762292 184715580    0    0 761808 501392 197523 457339 14  4 69 14  0  0
20 10 136820 2735716 1762292 184717468    0    0 777712 504012 200608 457630 14  4 68 14  0  0
 3  0 136820 2734956 1762296 184719428    0    0 780176 510192 200595 453461 14  4 68 15  0  0
19 16 136820 2733188 1762296 184721408    0    0 781744 527060 202030 458244 14  4 69 14  0  0
 4  0 136820 2732196 1762296 184723324    0    0 785152 516040 202992 470096 14  4 68 14  0  0
procs -----------memory---------- ---swap-- -----io---- -system-- -------cpu-------
 r  b   swpd   free   buff  cache   si   so    bi    bo   in   cs us sy id wa st gu
20 18 136820 2730280 1762296 184725308    0    0 798064 532812 204209 467849 14  4 68 14  0  0
 4  1 136820 2726200 1762296 184727304    0    0 792464 524048 201582 461475 14  4 68 14  0  0
16 17 136820 2725748 1762304 184729216    0    0 797136 523840 203231 468824 14  4 68 14  0  0
19 15 136820 2722312 1762304 184731232    0    0 785312 521712 202824 460143 14  4 69 14  0  0
20 14 136820 2719808 1762304 184733188    0    0 790528 521624 201852 459970 14  4 69 14  0  0
22 15 136820 2715720 1762304 184735136    0    0 790288 518048 202195 463307 14  4 68 14  0  0
19 16 136820 2714824 1762304 184737140    0    0 797568 530224 203969 469047 14  4 68 14  0  0
 0  1 136820 2710896 1762304 184739120    0    0 796704 530328 203857 467538 14  4 68 14  0  0
 6  0 136820 2709876 1762304 184741040    0    0 792368 523164 203315 465950 14  4 68 14  0  0
 3  0 136820 2707720 1762304 184743048    0    0 796832 522672 202462 465427 14  4 68 14  0  0
 4  0 136820 2711584 1762304 184745048    0    0 809456 529308 204050 469539 14  4 68 14  0  0
 3  0 136820 2708524 1762304 184747024    0    0 782512 507816 200200 463067 14  4 68 15  0  0
 3  0 136820 2707836 1762316 184748940    0    0 780724 523560 200186 459822 14  4 68 14  0  0
28  6 136820 2708980 1762316 184750920    0    0 782256 507248 199446 461389 14  3 68 15  0  0
19 15 136820 2706172 1762316 184752872    0    0 770336 519428 199603 455736 14  3 68 15  0  0
 4  2 136820 2705640 1762316 184754792    0    0 776976 510740 199408 459567 14  4 68 15  0  0
 3  0 136820 2702472 1762316 184756700    0    0 785680 513324 201160 461917 14  4 68 15  0  0
21 14 136820 2969964 1762308 184511780    0    0 796400 521244 202780 467001 14  4 67 15  0  0
 1  0 136820 2967516 1762308 184513660    0    0 783616 527296 201036 455654 14  4 68 15  0  0
17 16 136820 2963116 1762308 184515672    0    0 802816 524292 202301 465011 14  4 67 15  0  0
 2  0 136820 2961804 1762308 184517616    0    0 789200 529772 201038 463222 14  4 68 15  0  0
procs -----------memory---------- ---swap-- -----io---- -system-- -------cpu-------
 r  b   swpd   free   buff  cache   si   so    bi    bo   in   cs us sy id wa st gu
12 22 136820 2961244 1762308 184519512    0    0 783856 518924 199437 455424 14  4 68 15  0  0
21 13 136820 2953288 1762312 184521436    0    0 796416 511544 201082 463809 14  4 68 15  0  0
 5  2 136820 2954804 1762312 184523348    0    0 773872 510780 199884 456877 14  3 68 15  0  0
 4  0 136820 2954748 1762312 184525204    0    0 761104 514832 199443 455356 14  3 68 15  0  0
 2  0 136820 2953292 1762312 184527072    0    0 779152 512996 199901 456820 14  4 68 15  0  0
17 17 136820 2946364 1762312 184529040    0    0 794720 520036 201977 459057 14  4 68 15  0  0
20 14 136820 2946680 1762312 184530928    0    0 788432 517164 200667 459035 14  4 68 15  0  0
 5  1 136820 2941672 1762312 184532892    0    0 785648 519812 200690 459805 14  4 68 15  0  0
21  1 136820 2942204 1762316 184534764    0    0 785280 525064 201591 459070 13  4 68 15  0  0
 5  0 136820 2940588 1762316 184536692    0    0 784944 513512 200895 457680 14  4 68 14  0  0
16 19 136820 2936848 1762316 184538644    0    0 789136 521968 201800 460140 14  4 68 15  0  0
18 16 136820 2939380 1762320 184540512    0    0 789616 522592 201689 456635 14  4 68 15  0  0
16 19 136820 2932160 1762320 184542436    0    0 777408 511972 199731 456124 14  4 68 14  0  0
 2  1 136820 2932452 1762320 184544312    0    0 771808 510452 200008 457222 14  4 68 14  0  0
20 13 136820 2928628 1762320 184546176    0    0 783408 512216 201242 454461 13  4 68 15  0  0
 4  0 136820 2924924 1762320 184548104    0    0 781664 516500 201479 455624 14  4 68 15  0  0
 7 26 136820 2924248 1762324 184549992    0    0 787280 516996 203357 477465 14  4 68 14  0  0
29  4 136820 2924880 1762324 184551912    0    0 804976 521060 204834 474617 14  4 68 14  0  0
15 21 136820 2922568 1762324 184553816    0    0 789200 524968 201330 458324 14  4 69 14  0  0
26  8 136820 2914552 1762324 184555828    0    0 798784 520780 204506 470722 14  4 68 14  0  0
23 14 136820 2918108 1762324 184557764    0    0 806336 533856 205525 470917 14  4 68 14  0  0
procs -----------memory---------- ---swap-- -----io---- -system-- -------cpu-------
 r  b   swpd   free   buff  cache   si   so    bi    bo   in   cs us sy id wa st gu
28  9 136820 2917680 1762332 184559648    0    0 807200 529740 205186 473381 14  4 68 14  0  0
 0  1 136820 2914788 1762332 184561632    0    0 788672 535280 203575 465602 14  4 68 14  0  0
17 17 136820 2907520 1762332 184563576    0    0 791632 524084 202595 459599 14  4 68 14  0  0
22 14 136820 2902288 1762332 184565488    0    0 768656 514008 199487 456467 14  4 69 14  0  0
22 12 136820 2902956 1762332 184567420    0    0 797648 523932 203228 464405 14  4 68 14  0  0
 4  0 136820 2901484 1762332 184569396    0    0 807328 527040 204145 470289 14  4 68 14  0  0
11  0 136820 2899644 1762332 184571352    0    0 785616 524228 202523 464096 14  4 68 14  0  0
13 21 136820 2896932 1762332 184573264    0    0 799248 524792 203913 468441 14  4 68 14  0  0
 4  2 136820 2891232 1762332 184575224    0    0 788896 528476 202722 463446 14  4 68 14  0  0
25  8 136820 2886856 1762332 184577164    0    0 802816 519388 204089 467258 14  4 68 14  0  0
 2  0 136820 2886932 1762336 184579036    0    0 786592 528488 202114 461824 14  4 69 14  0  0
14 17 136820 2884508 1762336 184580980    0    0 800432 521456 204867 471870 14  4 68 14  0  0
24 11 136820 2878860 1762336 184582908    0    0 787264 528808 204121 468916 14  4 68 14  0  0
 2  1 136820 2878536 1762336 184584776    0    0 784848 525120 202365 460629 14  4 69 14  0  0
27 13 136820 2873312 1762340 184586744    0    0 807040 528972 204906 468881 14  4 68 14  0  0
18 17 136820 2870620 1762340 184588696    0    0 806128 535940 205344 471332 14  4 68 14  0  0
18 18 136820 2874212 1762340 184590648    0    0 804288 531744 205910 468524 14  4 68 14  0  0
23 12 136820 2875696 1762340 184592592    0    0 799840 525592 206294 474653 14  4 68 14  0  0
17 18 136820 2874032 1762340 184594532    0    0 794640 530188 203674 464551 14  4 68 14  0  0
 5  1 136820 2875732 1762340 184596496    0    0 796928 523944 204540 465548 14  4 68 14  0  0
14 22 136820 2868968 1762344 184598428    0    0 790736 526492 204758 464642 14  4 68 14  0  0
procs -----------memory---------- ---swap-- -----io---- -system-- -------cpu-------
 r  b   swpd   free   buff  cache   si   so    bi    bo   in   cs us sy id wa st gu
25  7 136820 2870424 1762344 184600380    0    0 803584 525556 204807 469304 14  4 68 14  0  0
 5  0 136820 2869324 1762344 184602252    0    0 781360 528060 201961 458935 14  4 69 14  0  0
 5  1 136820 2867084 1762344 184604172    0    0 783856 522332 201952 455671 14  3 69 14  0  0
16 20 136820 2865008 1762344 184606116    0    0 786944 520772 201527 460872 14  4 68 14  0  0
 4  2 136820 2861904 1762352 184608092    0    0 801104 529608 204568 469542 14  4 68 14  0  0
 2  0 136820 2856964 1762352 184610012    0    0 803904 533884 204339 467374 14  4 68 14  0  0
15 19 136820 2854516 1762352 184611964    0    0 788592 523316 203907 474135 14  4 68 14  0  0
 3  0 136820 2851400 1762352 184613928    0    0 790560 531208 204530 470573 14  4 69 14  0  0
18 16 136820 2848156 1762352 184615872    0    0 808224 530412 205963 475275 14  4 68 14  0  0
20 14 136820 2847016 1762356 184617812    0    0 813504 532748 206059 474741 14  4 68 14  0  0
17 18 136820 2843956 1762356 184619804    0    0 808384 538192 205330 471979 14  4 68 14  0  0
21 14 136820 2841860 1762356 184621756    0    0 807952 530892 204557 471866 14  4 67 14  0  0
 1  0 136820 2841164 1762356 184623764    0    0 785552 534112 202212 466015 14  4 68 14  0  0
12 24 136820 2843692 1762356 184625736    0    0 799280 524400 203699 470001 14  4 68 14  0  0
 5  0 136820 2839872 1762356 184627668    0    0 787984 520168 202859 465132 14  4 68 14  0  0
 7  0 136820 2837648 1762356 184629596    0    0 785888 523712 201959 457429 14  4 68 14  0  0
25 10 136820 2835256 1762356 184631660    0    0 798656 522992 203576 467726 14  4 68 14  0  0
16 19 136820 2832472 1762356 184633640    0    0 784688 536608 202920 461865 14  4 69 14  0  0
12 20 136820 2827372 1762356 184635640    0    0 792304 522328 203456 465447 14  4 68 14  0  0
 4  0 136820 2825372 1762360 184637544    0    0 796048 523108 204602 473700 14  4 68 14  0  0
 3  0 136820 2823756 1762360 184639508    0    0 784352 520612 202649 469763 14  4 68 14  0  0
procs -----------memory---------- ---swap-- -----io---- -system-- -------cpu-------
 r  b   swpd   free   buff  cache   si   so    bi    bo   in   cs us sy id wa st gu
23 13 136820 2819824 1762360 184641500    0    0 789648 528460 202950 464254 14  4 68 14  0  0
19 17 136820 2817580 1762360 184643448    0    0 780080 516704 200554 460043 14  4 68 14  0  0
 4  0 136820 2813476 1762360 184645376    0    0 776272 517836 201815 463740 14  4 68 14  0  0
 2  0 136820 2811036 1762364 184647336    0    0 780608 523280 202171 463160 14  4 68 14  0  0
15 20 136820 2807048 1762364 184649272    0    0 802848 528640 204560 466058 14  4 68 14  0  0
 4  0 136820 2803960 1762364 184651280    0    0 790832 529408 203226 462568 14  4 68 15  0  0
25 10 136820 2798784 1762364 184653208    0    0 788704 522548 201775 457180 14  4 68 15  0  0
 3  1 136820 2800124 1762364 184655236    0    0 803872 517532 203445 467202 14  4 67 15  0  0
30  4 136820 2796524 1762368 184657236    0    0 782560 519420 203273 459428 14  4 68 14  0  0
 2  0 136820 2795060 1762372 184659140    0    0 783280 521008 200648 453546 13  4 68 15  0  0
17  1 136820 2792172 1762372 184661120    0    0 783424 511428 202009 462089 14  4 68 15  0  0
20 17 136820 2794500 1762372 184663068    0    0 787072 518792 201490 457384 14  4 68 15  0  0
20 15 136820 2790712 1762372 184664984    0    0 798560 522960 201586 457579 14  4 68 14  0  0
14 19 136820 2790704 1762372 184666980    0    0 790528 522068 202788 465705 14  4 69 14  0  0
23 12 136820 2753948 1762372 184668828    0    0 745184 484952 193630 433398 13  3 70 13  0  0
24 11 136820 2751116 1762372 184670816    0    0 804656 525184 204097 466676 14  4 68 14  0  0
 4  0 136820 2753808 1762372 184672776    0    0 784304 524660 202648 464695 14  4 68 14  0  0
15 10 136820 2750900 1762372 184674740    0    0 809520 529860 204678 471886 14  4 68 14  0  0
16 19 136820 2748708 1762380 184676788    0    0 796832 528260 203859 463592 14  4 69 14  0  0
23  7 136820 2745392 1762380 184678784    0    0 795216 521452 202914 464209 14  4 68 14  0  0
28  7 136820 2804540 1762384 184680724    0    0 807056 527412 202517 462802 14  4 68 14  0  0
procs -----------memory---------- ---swap-- -----io---- -system-- -------cpu-------
 r  b   swpd   free   buff  cache   si   so    bi    bo   in   cs us sy id wa st gu
21 13 136820 2800700 1762384 184682776    0    0 778864 527508 201808 457265 14  4 69 14  0  0
 4  0 136820 2801212 1762384 184684716    0    0 787296 525672 202744 457571 14  4 68 14  0  0
18 17 136820 2798780 1762384 184686668    0    0 804432 525984 202868 462191 14  4 68 14  0  0
20 15 136820 2795288 1762384 184688652    0    0 795184 521348 202965 464797 14  4 68 14  0  0
10 16 136820 2793436 1762384 184690652    0    0 799968 521332 204026 465147 14  4 68 15  0  0
21 11 136820 2795572 1762384 184692616    0    0 777360 510240 199426 449609 14  4 68 15  0  0
19 17 136820 2792772 1762384 184694560    0    0 771120 517660 199010 447763 13  4 69 14  0  0
21 13 136820 2787280 1762384 184696496    0    0 785200 518072 202841 456904 14  4 68 15  0  0
 5  0 136820 2786536 1762388 184698456    0    0 789888 517496 202256 457006 14  4 68 15  0  0
27  7 136820 2785320 1762388 184700428    0    0 782976 512300 200355 451354 14  4 68 15  0  0
22 13 136820 2782928 1762388 184702308    0    0 783744 515852 201331 459731 14  4 68 15  0  0
 4  0 136820 2780832 1762388 184704296    0    0 785056 520984 201841 459060 14  4 68 15  0  0
 4  0 136820 2777128 1762388 184706276    0    0 783744 517664 200319 452533 14  4 68 15  0  0
14 21 136820 2772712 1762392 184708252    0    0 784320 521740 200897 458715 13  4 68 15  0  0
21 16 136820 2770860 1762392 184710152    0    0 777792 514880 200043 457715 14  4 68 15  0  0
21 15 136820 2768724 1762392 184712168    0    0 784560 518636 201906 457035 14  4 68 15  0  0
17 17 136820 2766316 1762392 184714128    0    0 790848 517968 201486 461768 14  4 68 15  0  0
24  9 136820 2761916 1762392 184716064    0    0 793984 519536 201854 460060 14  4 68 15  0  0
 2  0 136820 2761728 1762396 184718008    0    0 783760 524468 202549 468253 14  4 68 14  0  0
19 14 136820 2758884 1762396 184719996    0    0 788928 522420 203162 470924 14  4 68 14  0  0
 4  0 136820 2755204 1762396 184721956    0    0 800720 517736 202548 467562 14  4 67 15  0  0
procs -----------memory---------- ---swap-- -----io---- -system-- -------cpu-------
 r  b   swpd   free   buff  cache   si   so    bi    bo   in   cs us sy id wa st gu
23 16 136820 2753524 1762396 184723956    0    0 804000 524708 203328 465828 14  4 68 14  0  0
24 10 136820 2752664 1762396 184725948    0    0 780544 521932 201742 455494 14  4 68 14  0  0
23 12 136820 2751644 1762396 184727884    0    0 789808 515708 201845 455428 14  4 68 14  0  0
22 11 136820 2746104 1762396 184729896    0    0 805040 521280 203164 464133 14  4 68 14  0  0
21 16 136820 2742400 1762396 184731832    0    0 790512 530244 202648 461933 14  4 68 14  0  0
17 16 136820 2742728 1762396 184733820    0    0 798960 526188 203861 465412 14  4 68 14  0  0
18 17 136820 2742768 1762396 184735888    0    0 794512 527668 203159 464792 14  4 68 14  0  0
20 15 136820 2738152 1762400 184737888    0    0 796784 522828 201923 463665 14  4 68 14  0  0
 3  0 136820 2735580 1762400 184739788    0    0 784624 528136 202529 464169 14  4 68 14  0  0
17 18 136820 2732708 1762400 184741764    0    0 800912 522628 203651 465947 14  4 68 14  0  0
19 16 136820 2734436 1762400 184743784    0    0 791856 532156 204084 465844 14  4 68 14  0  0
17 16 136820 2732792 1762400 184745772    0    0 791376 522976 202728 461411 14  4 68 14  0  0
23 14 136820 2733816 1762400 184747808    0    0 806672 527876 204495 470162 14  4 68 14  0  0
18 18 136820 2731124 1762400 184749844    0    0 812864 527312 205453 471447 14  4 68 14  0  0
 3  0 136820 2728604 1762400 184751804    0    0 811936 536028 207312 473229 14  4 68 14  0  0
18 17 136820 2728120 1762400 184753844    0    0 801248 527836 203257 465531 14  4 69 14  0  0
23 13 136820 2728552 1762400 184755816    0    0 799152 531616 204923 470831 14  4 68 14  0  0
26  7 136820 2725972 1762408 184757816    0    0 816112 534880 205454 478025 14  4 68 14  0  0
16 18 136820 2718824 1762408 184759856    0    0 790096 536844 204019 467792 14  4 69 14  0  0
24 15 136820 2712608 1762408 184761832    0    0 815008 528884 205621 474778 14  4 68 14  0  0
22 12 136820 2706376 1762408 184763856    0    0 798800 529000 203800 470643 14  4 68 14  0  0
procs -----------memory---------- ---swap-- -----io---- -system-- -------cpu-------
 r  b   swpd   free   buff  cache   si   so    bi    bo   in   cs us sy id wa st gu
20 16 136820 2705444 1762408 184765872    0    0 804096 530364 205290 473856 14  4 68 14  0  0
22 15 136820 2703172 1762416 184767864    0    0 806160 528352 205465 470603 14  4 68 14  0  0
17 17 136820 2702160 1762416 184769868    0    0 772528 523916 201046 459081 14  4 68 14  0  0
38  0 136820 2701748 1762416 184771800    0    0 782352 522780 199744 456717 14  4 69 14  0  0
27 11 136820 2799736 1762420 184678452    0    0 803444 519288 203790 473197 14  4 67 15  0  0
 6  1 136820 2797788 1762420 184680356    0    0 785184 522284 202230 460956 14  4 68 14  0  0
 3 29 136820 2796744 1762424 184682316    0    0 784160 516220 200774 461057 14  4 68 14  0  0
24 13 136820 2792392 1762424 184684188    0    0 800080 510400 203185 465798 14  4 68 14  0  0
17 18 136820 2790016 1762424 184686216    0    0 791312 523016 202144 461246 14  4 68 14  0  0
26  5 136820 2789636 1762424 184688124    0    0 799136 523048 203448 463859 14  4 68 14  0  0
14 10 136820 2787380 1762424 184690080    0    0 786096 522164 202306 464392 14  4 68 14  0  0
16 18 136820 2787420 1762432 184692024    0    0 798192 523516 202723 461638 14  4 68 14  0  0
 5  0 136820 2783412 1762432 184693944    0    0 793296 524364 202396 461637 14  4 68 14  0  0
 9 23 136820 2783180 1762432 184695880    0    0 786528 521552 201701 459383 14  4 68 14  0  0
 2  1 136820 2778744 1762432 184697896    0    0 804336 524144 202476 464452 14  4 68 14  0  0
 2  1 136820 2778676 1762432 184699864    0    0 810448 533764 205064 474524 14  4 68 14  0  0
16 18 136820 2777092 1762436 184701892    0    0 802000 528676 205332 475398 14  4 68 14  0  0
 4  1 136820 2773624 1762436 184703828    0    0 813440 536972 205669 474089 14  4 68 14  0  0
16 19 136820 2773384 1762436 184705888    0    0 802624 531524 202867 465290 14  4 69 14  0  0
20 14 136820 2771976 1762436 184707804    0    0 788672 530140 201814 465340 14  4 69 14  0  0
 2  1 136820 2767824 1762436 184709800    0    0 808352 525884 205484 478981 15  4 68 14  0  0
procs -----------memory---------- ---swap-- -----io---- -system-- -------cpu-------
 r  b   swpd   free   buff  cache   si   so    bi    bo   in   cs us sy id wa st gu
 4  0 136820 2765616 1762440 184711724    0    0 806304 533352 204746 469453 14  4 68 14  0  0
 3  0 136820 2760636 1762440 184713740    0    0 803840 532744 204179 472555 14  4 68 14  0  0
20 15 136820 2764224 1762440 184715736    0    0 816480 532956 205665 475156 14  4 68 14  0  0
18 18 136820 2760964 1762440 184717740    0    0 809888 528740 203838 472614 14  4 68 14  0  0
22 12 136820 2759312 1762440 184719768    0    0 818464 537204 207142 480343 14  4 68 14  0  0
 3  0 136820 2755988 1762444 184721844    0    0 812832 542884 207686 491148 15  4 67 14  0  0
22 14 136820 2751260 1762444 184723792    0    0 790640 534360 202802 465958 14  4 69 13  0  0
 2  0 136820 2748816 1762444 184725780    0    0 803632 524000 204274 471720 14  4 68 14  0  0
19 16 136820 2748172 1762444 184727760    0    0 809328 525808 204650 472243 14  4 68 14  0  0
32  5 136820 2743780 1762444 184729796    0    0 814560 531260 205309 473711 14  4 68 14  0  0
17 19 136820 2743084 1762448 184731796    0    0 802928 537972 204490 470514 14  4 68 14  0  0
26  7 136820 2738048 1762448 184733784    0    0 813216 535564 205551 473242 14  4 68 14  0  0
20 15 136820 2734196 1762448 184735844    0    0 805104 535140 204959 472534 14  4 68 14  0  0
17 18 136820 2733644 1762448 184737800    0    0 801648 528044 204638 474972 14  4 68 14  0  0
16 18 136820 2731240 1762448 184739772    0    0 798912 533172 203724 466970 14  4 69 14  0  0
 2  1 136820 2730212 1762452 184741824    0    0 802624 521876 203667 468431 14  4 69 14  0  0
 3  2 136820 2726008 1762452 184743808    0    0 810912 534912 204724 466105 14  4 68 14  0  0
27  6 136820 2725844 1762452 184745860    0    0 808608 528768 204530 471687 14  4 68 14  0  0
17 17 136820 2721684 1762452 184747848    0    0 792176 524856 201877 461478 14  4 69 14  0  0
 7 25 136820 2719976 1762452 184749840    0    0 777968 524152 200650 457604 14  4 69 14  0  0
17 17 136820 2717272 1762456 184751792    0    0 793296 514900 201861 459041 14  4 68 14  0  0
procs -----------memory---------- ---swap-- -----io---- -system-- -------cpu-------
 r  b   swpd   free   buff  cache   si   so    bi    bo   in   cs us sy id wa st gu
 2  0 136820 2719088 1762456 184753804    0    0 765888 513684 198428 448582 14  4 69 14  0  0
22 14 136820 2716948 1762456 184755712    0    0 788768 514168 201255 459840 14  4 68 14  0  0
20 16 136820 2715984 1762456 184757644    0    0 788672 516676 201298 455560 14  4 68 14  0  0
31  9 136820 2710536 1762456 184759592    0    0 779744 511140 201027 463535 14  4 68 14  0  0
23 13 136820 2710148 1762460 184761584    0    0 794560 515416 201165 460095 14  4 68 14  0  0
 4  0 136820 2707004 1762460 184763624    0    0 783744 520496 201601 460747 14  4 68 14  0  0
17 17 136820 2704348 1762460 184765560    0    0 779936 515560 200971 455897 14  4 68 14  0  0
22 11 136820 2705596 1762464 184767524    0    0 799104 518036 201925 460907 14  4 68 14  0  0
22 13 136820 2698932 1762468 184769484    0    0 782432 516268 200760 459487 14  4 69 14  0  0
18 15 136820 3044756 1762468 184436012    0    0 786704 510112 201388 461628 14  5 67 14  0  0
24 11 136820 3033724 1762468 184438008    0    0 783168 514920 200543 457643 14  4 68 14  0  0
 3  0 136820 3035080 1762468 184439872    0    0 787216 527148 203500 468575 14  4 69 14  0  0
 4  0 136820 3034948 1762468 184441832    0    0 808064 535904 205836 476320 14  4 68 14  0  0
16 19 136820 3036412 1762468 184443784    0    0 801968 533568 204692 465821 14  4 69 14  0  0
 3  0 136820 3036164 1762476 184445768    0    0 817296 529380 206409 478177 14  4 68 14  0  0
18 17 136820 3033708 1762476 184447764    0    0 804880 532800 205715 471882 14  4 68 14  0  0
 4  1 136820 3028204 1762476 184449704    0    0 791808 528576 202689 464159 14  4 69 14  0  0
22 10 136820 3026756 1762476 184451608    0    0 806064 523256 204952 471056 14  4 68 14  0  0
22 15 136820 3021528 1762476 184453640    0    0 785600 538868 202883 463468 14  4 68 14  0  0
 4  0 136820 3017652 1762480 184455520    0    0 806240 531380 205050 472562 14  4 68 14  0  0
 8  2 136820 3016440 1762480 184457528    0    0 810352 530048 205537 474835 14  4 68 14  0  0
procs -----------memory---------- ---swap-- -----io---- -system-- -------cpu-------
 r  b   swpd   free   buff  cache   si   so    bi    bo   in   cs us sy id wa st gu
 3  0 136820 3017860 1762480 184459436    0    0 806544 528912 206400 479558 14  4 68 14  0  0
23 13 136820 3017580 1762480 184461436    0    0 802688 533620 204883 479386 14  4 68 14  0  0
19 15 136820 3014720 1762480 184463392    0    0 802768 528008 205263 480044 14  4 68 14  0  0
18 16 136820 3009988 1762480 184465352    0    0 806528 533272 206289 474647 14  4 68 14  0  0
 4  0 136820 3008748 1762480 184467256    0    0 793904 527884 202941 471014 14  4 68 14  0  0
19 15 136820 3005248 1762480 184469288    0    0 802848 526044 205229 470410 14  4 68 14  0  0
19 16 136820 3003696 1762480 184471124    0    0 804640 532040 205023 469868 14  4 68 14  0  0
16  0 136820 3002880 1762480 184473136    0    0 793568 541116 205350 469394 14  4 69 14  0  0
19 14 136820 2999536 1762484 184475056    0    0 798592 526600 204152 471093 14  4 69 14  0  0
20 15 136820 2997672 1762484 184476992    0    0 797264 532812 203602 466177 14  4 69 14  0  0
 3  0 136820 2996696 1762484 184478940    0    0 802848 531488 204233 470099 14  4 69 14  0  0
19 16 136820 2995276 1762484 184480888    0    0 788096 529456 202837 468694 14  4 69 13  0  0
13 21 136820 2994000 1762484 184482792    0    0 807152 533804 205799 473862 14  4 68 14  0  0
 1  0 136820 2991396 1762488 184484752    0    0 796960 533856 204394 468962 14  4 69 14  0  0
 2  1 136820 2989408 1762488 184486672    0    0 807344 522340 205968 476429 14  4 68 14  0  0
19 19 136820 2984028 1762488 184488644    0    0 801248 527872 204687 474837 14  4 68 13  0  0
 4  0 136820 2976568 1762488 184490556    0    0 790288 531200 203995 468888 14  4 68 14  0  0
14 20 136820 2974836 1762488 184492452    0    0 773920 519504 201205 461687 14  4 68 14  0  0
 5  0 136820 2975416 1762492 184494364    0    0 792080 518260 201131 461940 14  4 68 14  0  0
 3  0 136820 2969832 1762492 184496256    0    0 784848 523700 200594 458054 14  4 68 14  0  0
23 16 136820 2968788 1762492 184498256    0    0 798960 521060 201749 462072 14  4 68 15  0  0
procs -----------memory---------- ---swap-- -----io---- -system-- -------cpu-------
 r  b   swpd   free   buff  cache   si   so    bi    bo   in   cs us sy id wa st gu
21 19 136820 2965208 1762492 184500112    0    0 798368 525000 203006 464317 14  4 68 14  0  0
19 16 136820 2965512 1762492 184502092    0    0 785344 525684 202083 462461 14  4 68 14  0  0
15 19 136820 2963160 1762492 184504008    0    0 795168 524868 203422 468256 14  4 68 14  0  0
20 13 136820 2962816 1762492 184505972    0    0 806720 520044 202746 470854 14  4 67 15  0  0
19 14 136820 2961932 1762492 184507792    0    0 779024 519960 201067 457509 14  4 69 14  0  0
 3  0 136820 2960004 1762492 184509772    0    0 787472 510736 201223 461533 14  4 68 14  0  0
22 12 136820 2959580 1762492 184511708    0    0 787264 525904 202219 459016 14  4 68 14  0  0
27  4 136820 2957864 1762496 184513652    0    0 797296 518032 202816 465040 14  4 68 14  0  0
17 17 136820 2940236 1762496 184515508    0    0 766528 522316 198613 446509 14  4 69 14  0  0
22 12 136820 2937364 1762496 184517392    0    0 799904 520284 203579 470319 14  4 68 14  0  0
21 13 136820 2937228 1762496 184519352    0    0 804464 524424 202531 469465 14  4 68 15  0  0
 4  0 136820 2934204 1762496 184521284    0    0 789936 528120 202154 465125 14  4 68 14  0  0
22 13 136820 2933624 1762504 184523212    0    0 796848 518020 202193 464467 14  4 68 14  0  0
25  9 136820 2931864 1762504 184525140    0    0 786832 520092 200990 465493 14  4 67 15  0  0
 4  0 136820 2927648 1762504 184527096    0    0 783552 518416 201023 459873 14  4 68 14  0  0
 4  0 136820 2929488 1762504 184529020    0    0 794464 519092 202000 463790 14  4 68 14  0  0
 4  0 136820 2924932 1762504 184530972    0    0 803024 524204 202950 470884 14  4 68 14  0  0
23 11 136820 2926668 1762508 184532920    0    0 804112 525664 203536 473366 14  4 68 14  0  0
19 15 136820 2927756 1762508 184534856    0    0 808608 535960 204670 471334 14  4 68 14  0  0
26 12 136820 2927432 1762508 184536848    0    0 808896 540652 203815 467923 14  4 68 14  0  0
21 14 136820 2927556 1762508 184538804    0    0 809216 538156 205712 478848 14  4 68 14  0  0
procs -----------memory---------- ---swap-- -----io---- -system-- -------cpu-------
 r  b   swpd   free   buff  cache   si   so    bi    bo   in   cs us sy id wa st gu
20 17 136820 2926728 1762508 184540804    0    0 822736 536500 207916 485347 15  4 68 14  0  0
12 13 136820 2926524 1762512 184542756    0    0 797712 542876 204362 469279 14  4 68 14  0  0
12 22 136820 2924128 1762512 184544740    0    0 814096 534352 205096 475809 14  4 68 14  0  0
12 23 136820 2922568 1762512 184546744    0    0 804912 535112 204650 475611 14  4 68 14  0  0
14 21 136820 2919868 1762512 184548628    0    0 802832 533908 205303 474488 14  4 68 14  0  0
22 15 136820 2913612 1762512 184550684    0    0 808560 542984 205159 471758 14  4 68 14  0  0
16 20 136820 2914072 1762516 184552584    0    0 805904 526236 204959 477138 14  4 68 14  0  0
10 26 136820 2909436 1762516 184554668    0    0 811984 541928 205596 479659 14  4 68 14  0  0
12 26 136820 2907792 1762516 184556580    0    0 799744 539820 204367 472027 14  4 68 14  0  0
13 26 136820 2906392 1762516 184558536    0    0 806752 530100 204291 470094 14  4 69 14  0  0
19 17 136820 2904536 1762516 184560536    0    0 810400 535096 206232 474499 14  4 68 14  0  0
19 17 136820 2904088 1762520 184562536    0    0 803664 543184 205260 479287 14  4 68 14  0  0
21 18 136820 2898916 1762520 184564504    0    0 803872 545656 205118 475325 14  4 68 14  0  0
19 19 136820 2893652 1762520 184566496    0    0 806272 524352 204852 476304 14  4 68 14  0  0
19 19 136820 2892292 1762520 184568460    0    0 786144 515112 201605 466154 14  4 69 14  0  0
17 18 136820 2889048 1762520 184570432    0    0 808608 535848 205122 472217 14  4 68 14  0  0
22 17 136820 2885752 1762520 184572440    0    0 812160 526948 204899 474121 14  4 68 14  0  0
15 21 136820 2884280 1762520 184574440    0    0 800112 538072 202367 464677 14  4 69 14  0  0
12 24 136820 2879504 1762520 184576448    0    0 818224 520688 206666 480247 15  4 68 14  0  0
21 17 136820 2877956 1762520 184578520    0    0 801136 543216 206708 477341 14  4 68 14  0  0
15 23 136820 2846120 1762520 184580544    0    0 799456 515512 201908 467494 14  4 69 14  0  0
procs -----------memory---------- ---swap-- -----io---- -system-- -------cpu-------
 r  b   swpd   free   buff  cache   si   so    bi    bo   in   cs us sy id wa st gu
20 17 136820 2842952 1762524 184582464    0    0 810160 533772 206878 478382 14  4 68 14  0  0
19 17 136820 2835960 1762524 184584512    0    0 801504 544236 205377 476066 14  4 68 14  0  0
17 20 136820 2835744 1762524 184586488    0    0 800640 530012 204844 471712 14  4 69 14  0  0
19 18 136820 2836108 1762524 184588516    0    0 808592 526064 205497 473878 14  4 68 14  0  0
18 19 136820 2831300 1762524 184590544    0    0 818624 542292 206680 477309 14  4 68 14  0  0
16 19 136820 2827252 1762532 184592584    0    0 807952 537020 204421 472220 14  4 68 14  0  0
10 24 136820 2822908 1762532 184594532    0    0 816048 531300 206568 476346 14  4 68 14  0  0
16 20 136820 2822344 1762532 184596588    0    0 801536 527196 204952 475502 14  4 68 14  0  0
36 14 136820 2816848 1762532 184598596    0    0 813488 538228 205527 475849 14  4 68 14  0  0
15 22 136820 2817436 1762532 184600604    0    0 825744 541300 206940 479980 14  4 68 14  0  0
16 21 136820 2819392 1762536 184602688    0    0 811488 539436 205463 472150 14  4 68 14  0  0
18 20 136820 2814696 1762536 184604628    0    0 799504 535004 204254 468949 14  4 68 14  0  0
 6 29 136820 2810332 1762536 184606596    0    0 770160 504924 199265 459950 14  3 68 14  0  0
13 22 136820 2807100 1762536 184608528    0    0 781856 501452 200276 456646 14  4 68 14  0  0
11 22 136820 2810720 1762536 184610456    0    0 778480 510216 200557 456629 14  4 68 14  0  0
 9 25 136820 2803904 1762540 184612432    0    0 787264 524136 200916 457237 14  4 68 15  0  0
16 20 136820 2802180 1762544 184614400    0    0 796996 519368 202196 461890 14  4 68 14  0  0
25 16 136820 2807260 1762544 184616372    0    0 801888 522364 204000 466441 14  4 68 15  0  0
13 23 136820 2804788 1762544 184618396    0    0 805344 529964 204978 470501 14  4 67 15  0  0
15 25 136820 2807824 1762544 184620432    0    0 797152 537928 205195 468926 14  4 67 15  0  0
23 15 136820 2803684 1762552 184622388    0    0 792016 509012 201190 460544 14  4 68 14  0  0
procs -----------memory---------- ---swap-- -----io---- -system-- -------cpu-------
 r  b   swpd   free   buff  cache   si   so    bi    bo   in   cs us sy id wa st gu
 7 29 136820 2803224 1762552 184624376    0    0 798672 519100 203315 466761 14  4 68 14  0  0
15 23 136820 2800032 1762552 184626420    0    0 797520 523440 203643 472252 14  4 68 15  0  0
21 17 136820 2798916 1762552 184628352    0    0 795904 521644 202880 473262 14  4 67 15  0  0
20 16 136820 2796524 1762552 184630316    0    0 801648 521148 202938 469948 14  4 68 14  0  0
17 20 136820 2792936 1762556 184632260    0    0 790896 528952 203574 472007 14  4 68 14  0  0
24 16 136820 2789808 1762556 184634324    0    0 796032 522212 202892 466443 14  4 68 14  0  0
12 24 136820 2788548 1762556 184636284    0    0 789232 523172 202757 463213 14  4 68 14  0  0
17 19 136820 2791256 1762556 184638212    0    0 801872 529624 203066 463349 14  4 68 14  0  0
13 23 136820 2789148 1762556 184640292    0    0 796032 523288 203776 468701 14  4 68 14  0  0
19 18 136820 2786420 1762564 184642260    0    0 794800 524504 203183 468736 14  4 68 14  0  0
15 23 136820 2784716 1762564 184644236    0    0 792688 518356 201759 463564 14  4 68 14  0  0
15 21 136820 2785248 1762564 184646264    0    0 812704 527572 203584 467898 14  4 68 14  0  0
30 21 136820 2783948 1762564 184648164    0    0 802752 532476 204819 471984 14  4 68 14  0  0
20 19 136820 2779776 1762564 184650216    0    0 810704 523032 205146 477035 14  4 68 14  0  0
18 19 136820 2777024 1762564 184652232    0    0 815088 540216 205911 474997 14  4 68 14  0  0
21 16 136820 2778624 1762564 184654276    0    0 808544 537872 204664 471234 14  4 68 14  0  0
18 17 136820 2776104 1762564 184656284    0    0 811280 532588 205705 476760 14  4 68 14  0  0
10 26 136820 2772228 1762564 184658244    0    0 820176 531880 205387 474580 14  4 68 14  0  0
28 10 136820 2773984 1762564 184660308    0    0 811424 534296 205865 471970 14  4 68 14  0  0
25 14 136820 2772632 1762564 184662356    0    0 813488 536480 205217 471746 14  4 68 14  0  0
10 24 136820 2771176 1762564 184664376    0    0 801696 531732 204197 467610 14  4 69 14  0  0
procs -----------memory---------- ---swap-- -----io---- -system-- -------cpu-------
 r  b   swpd   free   buff  cache   si   so    bi    bo   in   cs us sy id wa st gu
17 20 136820 2768252 1762564 184666380    0    0 803584 532028 203731 470657 14  4 68 14  0  0
11 26 136820 2763340 1762564 184668336    0    0 812144 521656 205002 472911 14  4 68 14  0  0
14 22 136820 2764192 1762564 184670400    0    0 816592 536192 205703 477878 14  4 68 14  0  0
19 18 136820 2762480 1762568 184672356    0    0 806672 536484 204779 473010 14  4 68 14  0  0
13 23 136820 2758880 1762568 184674488    0    0 810592 522812 204122 470163 14  4 68 14  0  0
20 20 136820 2755988 1762568 184676524    0    0 810800 534352 204944 473748 14  4 68 14  0  0
18 19 136820 2756684 1762568 184678520    0    0 809520 532352 204701 472671 14  4 68 14  0  0
24 18 136820 2754048 1762568 184680556    0    0 794656 522492 202506 466518 14  4 68 14  0  0
20 18 136820 2750180 1762576 184682480    0    0 794288 522512 203350 465061 14  4 68 14  0  0
22 14 136820 2750376 1762576 184684500    0    0 791904 511820 201766 462516 14  4 68 14  0  0
11 27 136820 2750968 1762576 184686528    0    0 796448 535744 203830 466299 14  4 68 14  0  0
21 15 136820 2749648 1762576 184688508    0    0 792848 517100 202604 466224 14  4 68 14  0  0
29  5 136820 2750312 1762576 184690532    0    0 804192 527284 204007 470364 14  4 68 14  0  0
19 16 136820 2747648 1762580 184692420    0    0 792288 523732 203514 466809 14  4 68 14  0  0
23 17 136820 2743396 1762580 184694476    0    0 805776 530672 204294 471432 14  4 68 14  0  0
13 24 136820 2741004 1762580 184696500    0    0 807024 531616 204480 468028 14  4 68 14  0  0
21 17 136820 2736524 1762580 184698444    0    0 810592 527204 203195 468142 14  4 68 14  0  0
19 19 136820 2733656 1762580 184700492    0    0 803008 529964 204772 473939 14  4 68 14  0  0
21 16 136820 2731664 1762584 184702520    0    0 807888 530368 204703 469185 14  4 68 14  0  0
18 18 136820 2733060 1762584 184704476    0    0 800416 538156 204166 467192 14  4 68 14  0  0
13 23 136820 2732272 1762584 184706480    0    0 796768 530344 203224 469656 14  4 68 14  0  0
procs -----------memory---------- ---swap-- -----io---- -system-- -------cpu-------
 r  b   swpd   free   buff  cache   si   so    bi    bo   in   cs us sy id wa st gu
34 14 136820 2729896 1762584 184708436    0    0 795184 526452 203454 467587 14  4 68 14  0  0
 1  0 136820 2725308 1762584 184710424    0    0 805168 522552 203886 465618 14  4 68 14  0  0
 3  0 136820 2724852 1762592 184712432    0    0 808928 512724 202687 471551 14  4 68 14  0  0
21 15 136820 2723916 1762592 184714352    0    0 796736 525528 202487 463947 14  4 68 14  0  0
 1  0 136820 2721396 1762592 184716412    0    0 791424 532808 204258 467716 14  4 68 14  0  0
 4  0 136820 2719012 1762592 184718396    0    0 803408 526872 204192 472720 14  4 68 14  0  0
 3  0 136820 2718336 1762592 184720396    0    0 800432 520860 203968 472166 14  4 68 14  0  0
11 22 136820 2714912 1762596 184722368    0    0 786608 519324 200848 456123 14  4 68 15  0  0
11 22 136820 2711616 1762596 184724340    0    0 777712 511696 200927 464148 14  4 68 15  0  0
 2  0 136820 2715244 1762596 184726232    0    0 774240 520976 199977 452832 14  4 68 15  0  0
19 16 136820 2713716 1762596 184728148    0    0 789760 515696 200999 458617 14  4 68 15  0  0
 2  1 136820 2708604 1762596 184730108    0    0 781664 503800 200239 460176 14  4 67 15  0  0
17 17 136820 2707188 1762596 184732016    0    0 782912 512936 199235 453074 13  4 68 15  0  0
25  8 136820 2701464 1762600 184733984    0    0 803424 514792 202857 467732 14  4 68 15  0  0
20 15 136820 2703824 1762600 184736012    0    0 792912 527144 202122 462494 14  4 68 15  0  0
 4  0 136820 2700740 1762600 184737936    0    0 794016 523968 201598 460140 14  4 68 15  0  0
15 20 136820 2797764 1762600 184651036    0    0 787408 519252 201231 457249 14  4 68 14  0  0
18 17 136820 2794276 1762600 184652952    0    0 794272 513360 201992 462809 14  4 68 15  0  0
 4  0 136820 2793068 1762600 184654824    0    0 792096 520916 201587 461612 14  4 68 15  0  0
 4  1 136820 2791932 1762600 184656768    0    0 782672 518384 199526 453350 14  4 68 14  0  0
 4  1 136820 2790348 1762600 184658728    0    0 802608 526664 203191 467783 14  4 68 14  0  0
procs -----------memory---------- ---swap-- -----io---- -system-- -------cpu-------
 r  b   swpd   free   buff  cache   si   so    bi    bo   in   cs us sy id wa st gu
13 20 136820 2787476 1762600 184660704    0    0 811856 529696 205400 473504 14  4 68 14  0  0
23  9 136820 2781652 1762600 184662628    0    0 796352 524656 203457 464892 14  4 68 14  0  0
19 16 136820 2778160 1762608 184664556    0    0 786960 526784 202395 465112 14  4 68 14  0  0
12 22 136820 2776440 1762608 184666536    0    0 799360 520932 203212 468151 14  4 67 14  0  0
 2  0 136820 2778116 1762608 184668428    0    0 784592 524732 201490 458310 14  4 69 14  0  0
 1  0 136820 2775816 1762608 184670412    0    0 791808 514312 201856 467372 14  4 68 14  0  0
 4  0 136820 2772812 1762608 184672256    0    0 799568 517240 202571 461419 14  4 68 14  0  0
 2  0 136820 2772236 1762612 184674232    0    0 785472 526776 202569 463966 14  4 68 14  0  0
18 16 136820 2769412 1762612 184676144    0    0 791712 518204 201921 461634 14  4 68 15  0  0
 3  1 136820 2767776 1762612 184678056    0    0 793264 524376 203463 468061 14  4 68 14  0  0
17 19 136820 2766520 1762612 184679956    0    0 796384 527228 203061 468100 14  4 68 14  0  0
20 15 136820 2765452 1762612 184681900    0    0 801440 521632 202886 468630 14  4 68 15  0  0
 1  4 136820 2764348 1762616 184683840    0    0 806320 523188 203928 469619 14  4 68 15  0  0
29  6 136820 2760864 1762616 184685756    0    0 796432 523024 202264 463889 14  4 68 14  0  0
 1  0 136820 2756416 1762616 184687664    0    0 782736 528380 202698 461067 14  4 68 14  0  0
 2  1 136820 2756804 1762616 184689584    0    0 807232 520856 203743 473029 14  4 68 15  0  0
20 15 136820 2754832 1762616 184691552    0    0 791792 524796 201790 462884 14  4 68 14  0  0
 2  0 136820 2716572 1762616 184693492    0    0 748816 494176 195371 435747 13  4 69 14  0  0
13 21 136820 2715740 1762616 184695324    0    0 791008 523448 203534 469752 14  4 68 14  0  0
21 11 136820 2716236 1762616 184697236    0    0 801696 516736 203833 470939 14  4 68 14  0  0
21 13 136820 2713740 1762616 184699248    0    0 793920 522028 202486 459892 14  4 68 14  0  0
procs -----------memory---------- ---swap-- -----io---- -system-- -------cpu-------
 r  b   swpd   free   buff  cache   si   so    bi    bo   in   cs us sy id wa st gu
28  5 136820 2709260 1762616 184701172    0    0 785216 520084 202703 471609 14  4 68 14  0  0
10  9 136820 2706304 1762616 184703224    0    0 812496 534980 204961 474533 14  4 67 15  0  0
19 18 136820 2764916 1762620 184705164    0    0 792464 528756 202851 463723 14  4 68 14  0  0
 2  0 136820 2764184 1762620 184707056    0    0 796352 523896 203524 463535 14  4 68 14  0  0
11 23 136820 2760504 1762620 184709044    0    0 786784 511804 200629 456153 13  4 68 15  0  0
13 22 136820 2754352 1762620 184711012    0    0 783856 508256 200415 459722 14  4 67 15  0  0
 4  0 136820 2760160 1762620 184712904    0    0 774640 514260 200403 449379 13  4 68 16  0  0
 2  1 136820 2757720 1762620 184714780    0    0 763376 504748 198659 444917 13  4 68 15  0  0
 4  0 136820 2755720 1762620 184716704    0    0 779040 507592 198793 447891 13  4 68 15  0  0
 4  0 136820 2751360 1762620 184718712    0    0 786928 506424 200321 454623 13  4 68 15  0  0
26 10 136820 2747276 1762620 184720600    0    0 770880 509472 200074 457218 14  4 68 15  0  0
16 19 136820 2746476 1762624 184722576    0    0 786608 516128 201442 462828 14  4 68 15  0  0
23  9 136820 2744964 1762624 184724484    0    0 787728 521232 202129 461294 14  4 68 15  0  0
12  1 136820 2742060 1762624 184726468    0    0 781440 512484 201078 465420 14  4 67 15  0  0
23 14 136820 2740228 1762624 184728484    0    0 788336 523440 201293 456349 14  4 68 15  0  0
 4  0 136820 2736792 1762624 184730384    0    0 779184 510720 201130 459906 14  4 68 15  0  0
17 17 136820 2734740 1762624 184732320    0    0 768432 508640 198730 448297 13  4 69 15  0  0
 1  0 136820 2733432 1762624 184734364    0    0 795520 523488 202397 460217 14  4 67 15  0  0
18 16 136820 2731588 1762624 184736348    0    0 805408 533056 204678 465335 14  4 68 15  0  0
 1  0 136820 2730064 1762624 184738300    0    0 806352 527560 203952 469444 14  4 68 15  0  0
25  9 136820 2722184 1762624 184740304    0    0 806512 524116 204465 474629 14  4 67 15  0  0
procs -----------memory---------- ---swap-- -----io---- -system-- -------cpu-------
 r  b   swpd   free   buff  cache   si   so    bi    bo   in   cs us sy id wa st gu
13 21 136820 2719188 1762624 184742228    0    0 783920 526232 201860 459141 14  4 68 14  0  0
20 15 136820 2717084 1762624 184744240    0    0 795984 518068 202581 463310 14  4 68 14  0  0
26  9 136820 2717348 1762624 184746264    0    0 790256 521412 202263 467849 14  4 68 14  0  0
22 15 136820 2716848 1762624 184748212    0    0 784128 522056 202020 459762 14  4 68 14  0  0
 3  0 136820 2715604 1762624 184750188    0    0 800064 516852 203933 465693 14  4 68 14  0  0
22 14 136820 2713712 1762628 184752132    0    0 792784 532764 203389 467861 14  4 68 14  0  0
21 18 136820 2710660 1762628 184754144    0    0 776736 515932 200640 456318 14  4 68 15  0  0
15 19 136820 2708060 1762628 184756036    0    0 795616 522004 202766 467050 14  4 68 14  0  0
18 18 136820 2705860 1762628 184758040    0    0 799360 526732 204089 477767 14  4 67 14  0  0
16 18 136820 2701760 1762628 184759980    0    0 804800 520208 203032 465037 14  4 68 15  0  0
 6  1 136820 2958456 1762632 184515036    0    0 794736 515896 203824 469706 14  4 68 14  0  0
 4  2 136820 2955380 1762632 184516552    0    0 784896 528852 202419 458258 14  4 69 14  0  0
14 22 136820 2954244 1762632 184518496    0    0 785728 519020 202013 468573 14  4 68 14  0  0
25 10 136820 2951352 1762632 184520428    0    0 795376 520448 203137 466391 14  4 68 14  0  0
18 17 136820 2949608 1762632 184522340    0    0 794192 526200 203466 466037 14  4 68 14  0  0
 0  1 136820 2951000 1762640 184524224    0    0 780688 522708 201540 458501 14  4 68 15  0  0
 3  0 136820 2944272 1762640 184526136    0    0 781008 511572 202622 468102 14  4 68 14  0  0
31  7 136820 2937280 1762640 184528032    0    0 804192 526696 205848 472784 14  4 67 14  0  0
17 19 136820 2940216 1762640 184529984    0    0 799776 528604 203572 464824 14  4 68 15  0  0
 4  0 136820 2934872 1762640 184531980    0    0 790000 521920 202412 464514 14  4 68 14  0  0
24 12 136820 2933764 1762640 184533860    0    0 800336 514508 203454 469723 14  4 68 14  0  0
procs -----------memory---------- ---swap-- -----io---- -system-- -------cpu-------
 r  b   swpd   free   buff  cache   si   so    bi    bo   in   cs us sy id wa st gu
16  0 136820 2926384 1762640 184535788    0    0 785776 522652 201758 460283 14  4 68 14  0  0
 3  0 136820 2929252 1762640 184537636    0    0 786272 516904 201186 458638 14  4 68 14  0  0
15 20 136820 2926820 1762640 184539572    0    0 783968 515016 200501 457106 14  4 68 15  0  0
20 16 136820 2923644 1762640 184541572    0    0 789776 509496 201444 464668 14  4 67 15  0  0
15 18 136820 2924328 1762644 184543396    0    0 757184 501904 197555 450181 14  3 68 15  0  0
 3  0 136820 2922192 1762644 184545276    0    0 751040 501812 197376 451612 14  4 68 15  0  0
16 19 136820 2920512 1762644 184547136    0    0 794048 512440 201573 460893 14  4 67 15  0  0
 3  0 136820 2917896 1762644 184549060    0    0 789936 518212 201535 457269 14  4 67 15  0  0
17 18 136820 2911684 1762652 184550952    0    0 766456 508376 198685 450717 14  4 68 15  0  0
 5  0 136820 2915276 1762656 184552888    0    0 794384 515056 202220 461939 14  4 67 15  0  0
16  0 136820 2910312 1762656 184554792    0    0 781152 518216 200507 455100 14  4 68 15  0  0
20 16 136820 2913560 1762656 184556728    0    0 789280 518616 201277 457876 14  4 68 15  0  0
10 24 136820 2908876 1762656 184558640    0    0 789280 515072 202533 462638 14  4 68 15  0  0
 8 25 136820 2906192 1762656 184560572    0    0 777632 510260 199515 452918 14  4 68 15  0  0
14 22 136820 2902180 1762656 184562412    0    0 780832 510652 199560 453434 13  4 68 15  0  0
 1  3 136820 2903860 1762656 184564316    0    0 796240 520480 203841 472869 14  4 68 14  0  0
 8  0 136820 2905568 1762656 184566276    0    0 788560 512760 203267 468324 14  4 68 14  0  0
16 18 136820 2902360 1762656 184568188    0    0 790368 519596 201490 465951 14  4 68 14  0  0
16 19 136820 2901324 1762656 184570076    0    0 806560 523788 203810 467324 14  4 67 15  0  0
29  7 136820 2897476 1762660 184572084    0    0 782128 521628 203114 464702 14  4 68 14  0  0
24 10 136820 2898772 1762660 184574008    0    0 798880 535188 204562 464972 14  4 68 15  0  0
procs -----------memory---------- ---swap-- -----io---- -system-- -------cpu-------
 r  b   swpd   free   buff  cache   si   so    bi    bo   in   cs us sy id wa st gu
25 12 136820 2895628 1762660 184575928    0    0 797792 525932 202900 460328 14  4 68 15  0  0
21 13 136820 2892308 1762660 184577932    0    0 794240 515936 203218 467838 14  4 67 15  0  0
20 14 136820 2891476 1762660 184579856    0    0 791056 525960 203632 462154 14  4 68 15  0  0
14 20 136820 2885696 1762660 184581776    0    0 763408 501528 197796 440969 13  3 68 15  0  0
19 15 136820 2889376 1762660 184583624    0    0 765488 494740 197571 444908 13  4 68 15  0  0
 4  0 136820 2885192 1762660 184585456    0    0 768688 503092 197256 445622 13  4 67 16  0  0
 2  0 136820 2884272 1762660 184587320    0    0 749232 502428 196636 443768 13  4 68 15  0  0
10  0 136820 2861704 1762660 184589192    0    0 761392 495368 198224 452868 14  4 68 15  0  0
29 10 136820 2862012 1762664 184591048    0    0 788128 507372 201451 456847 14  4 67 16  0  0
13 22 136820 2855260 1762664 184592992    0    0 771280 504096 198993 453733 14  4 68 15  0  0
17 18 136820 2855588 1762664 184594836    0    0 771776 503228 199121 449517 13  3 67 16  0  0
 3  0 136820 2855664 1762664 184596720    0    0 758048 508232 197172 441374 13  3 68 16  0  0
 9 26 136820 2853220 1762664 184598600    0    0 730224 471148 191680 420984 13  3 67 17  0  0
17 17 136820 2853920 1762668 184600416    0    0 736528 472740 193380 431660 13  3 67 17  0  0
14 21 136820 2852112 1762668 184602248    0    0 790352 503716 200580 456408 14  4 67 15  0  0
 1  0 136820 2851044 1762668 184604192    0    0 785584 514348 201288 463695 14  4 68 14  0  0
16 19 136820 2843972 1762668 184606136    0    0 787504 515760 201310 456454 13  4 69 14  0  0
19 11 136820 2840860 1762668 184608068    0    0 793040 517680 202005 464931 14  4 68 15  0  0
20 15 136820 2839900 1762672 184609988    0    0 778816 523632 201833 459227 14  4 69 14  0  0
 3  0 136820 2836956 1762672 184611888    0    0 785536 524616 203081 463026 14  4 68 14  0  0
 5  0 136820 2835720 1762672 184613836    0    0 780128 513576 200285 453044 14  4 68 15  0  0
procs -----------memory---------- ---swap-- -----io---- -system-- -------cpu-------
 r  b   swpd   free   buff  cache   si   so    bi    bo   in   cs us sy id wa st gu
21 14 136820 2834940 1762672 184615800    0    0 775088 513144 199467 451270 14  4 68 15  0  0
 9  1 136820 2829232 1762672 184617720    0    0 790720 517656 201589 463406 14  4 68 15  0  0
 1  0 136820 2829564 1762676 184619724    0    0 780560 519500 201322 466423 14  4 68 14  0  0
16 20 136820 2824972 1762676 184621652    0    0 791360 522832 202790 464611 14  4 68 14  0  0
24 11 136820 2820460 1762676 184623592    0    0 799552 520148 201722 458575 14  4 68 14  0  0
16 16 136820 2822192 1762676 184625544    0    0 773920 512800 199745 452383 14  4 68 15  0  0
17 19 136820 2816248 1762676 184627484    0    0 783264 511452 200141 457359 14  4 68 15  0  0
 1  0 136820 2813452 1762676 184629448    0    0 795536 519352 202570 463031 14  4 68 15  0  0
25 10 136820 2808416 1762676 184631432    0    0 803696 518184 202753 467400 14  4 68 15  0  0
21 20 136820 2805912 1762676 184633444    0    0 801776 522144 203486 462243 14  4 68 15  0  0
21 15 136820 2802432 1762676 184635452    0    0 793920 526004 203547 469998 14  4 68 14  0  0
 6 27 136820 2800772 1762676 184637376    0    0 806384 531540 204335 472264 14  4 68 14  0  0
27  6 136820 2799404 1762680 184639392    0    0 817488 531232 206289 473751 14  4 68 14  0  0
27  8 136820 2798084 1762680 184641464    0    0 803408 537196 205354 474066 14  4 69 14  0  0
 7  1 136820 2793508 1762680 184643416    0    0 808816 536064 206750 481684 15  4 68 14  0  0
 4  0 136820 2790576 1762680 184645452    0    0 807984 539788 205830 476117 14  4 68 14  0  0
21 13 136820 2793100 1762680 184647456    0    0 799616 527820 203858 472475 14  4 68 14  0  0
15 19 136820 2791340 1762680 184649456    0    0 796352 526060 201764 465512 14  4 69 14  0  0
15 20 136820 2790996 1762680 184651448    0    0 810176 530912 205092 471500 14  4 68 14  0  0
 4  0 136820 2788316 1762680 184653480    0    0 793040 521500 202639 466732 14  4 68 14  0  0
 2  0 136820 2787932 1762680 184655404    0    0 784336 521608 201299 460297 14  4 69 14  0  0
procs -----------memory---------- ---swap-- -----io---- -system-- -------cpu-------
 r  b   swpd   free   buff  cache   si   so    bi    bo   in   cs us sy id wa st gu
20 15 136820 2786808 1762680 184657396    0    0 802528 526664 204701 468880 14  4 68 14  0  0
21 15 136820 2780936 1762680 184659392    0    0 784512 521056 200986 457324 14  4 68 14  0  0
21 17 136820 2782900 1762680 184661380    0    0 783712 521260 202229 468850 14  4 68 14  0  0
 5  0 136820 2780784 1762680 184663272    0    0 779408 510244 199696 454239 14  4 68 15  0  0
28  6 136820 2778264 1762680 184665216    0    0 779200 513536 200390 452647 13  4 68 15  0  0
 4  0 136820 2777304 1762680 184667148    0    0 784688 518448 201591 462526 14  4 68 14  0  0
 4  0 136820 2774068 1762684 184669112    0    0 782544 512376 200649 459402 14  4 68 14  0  0
10  5 136820 2775664 1762684 184671116    0    0 802768 518120 203201 467883 14  4 68 15  0  0
 4  0 136820 2774816 1762684 184673100    0    0 808608 535816 203437 469192 14  4 68 14  0  0
 2  0 136820 2772160 1762684 184675092    0    0 804896 534672 204945 470457 14  4 69 14  0  0
 4  0 136820 2770268 1762684 184677140    0    0 806016 521824 204085 474995 15  4 68 14  0  0
11 23 136820 2769376 1762688 184679072    0    0 795760 528396 202636 464323 14  4 69 14  0  0
17 19 136820 2764768 1762688 184681064    0    0 806560 528636 203989 468975 14  4 68 14  0  0
20 14 136820 2765168 1762688 184683116    0    0 806304 525696 203403 465776 14  4 69 14  0  0
16 19 136820 2763400 1762696 184685156    0    0 801668 534104 205095 474320 14  4 68 14  0  0
15 23 136820 2760396 1762704 184687084    0    0 796824 534796 203962 469448 14  4 68 14  0  0
 2  0 136820 2754928 1762704 184689248    0    0 798144 528180 203822 474989 15  4 68 14  0  0
23 13 136820 2751348 1762704 184691200    0    0 796320 533140 204190 471294 14  4 68 14  0  0
 5  0 136820 2747152 1762704 184693208    0    0 790016 525316 201897 461926 14  4 68 14  0  0
17 18 136820 2750576 1762708 184695160    0    0 793888 518368 202097 462506 14  4 68 14  0  0
17 17 136820 2748392 1762708 184697136    0    0 805840 520884 202912 466968 14  4 68 14  0  0
procs -----------memory---------- ---swap-- -----io---- -system-- -------cpu-------
 r  b   swpd   free   buff  cache   si   so    bi    bo   in   cs us sy id wa st gu
 3  1 136820 2748148 1762708 184699172    0    0 794704 526712 202926 460740 14  4 68 14  0  0
15 19 136820 2745288 1762708 184701112    0    0 777312 513712 200013 454499 13  4 68 15  0  0
21 13 136820 2742868 1762708 184703048    0    0 773712 511560 199571 458076 14  4 68 15  0  0
17 18 136820 2745696 1762708 184704956    0    0 784000 515876 200302 460575 14  4 68 15  0  0
24 13 136820 2742588 1762716 184706968    0    0 784416 514900 200707 458010 14  4 68 14  0  0
14 20 136820 2739724 1762716 184708972    0    0 786432 512088 201173 465377 14  4 68 14  0  0
25 10 136820 2737956 1762716 184710920    0    0 789152 517764 201170 461123 14  4 68 14  0  0
20 14 136820 2732740 1762720 184712876    0    0 802100 533268 203381 467410 14  4 69 14  0  0
19 15 136820 2732572 1762720 184714828    0    0 800544 530984 204137 475867 14  4 68 14  0  0
24 13 136820 2731116 1762720 184716896    0    0 818320 537476 205299 471890 14  4 68 14  0  0
 1  0 136820 2730516 1762720 184718908    0    0 794224 535116 203337 465942 14  4 69 13  0  0
22 12 136820 2728484 1762720 184720944    0    0 813904 525392 204697 475795 14  4 68 14  0  0
 6  1 136820 2727320 1762720 184722912    0    0 778368 525292 201251 456901 14  4 69 13  0  0
 2  0 136820 2723288 1762720 184724880    0    0 803872 530504 204748 474101 14  4 69 14  0  0
27  7 136820 2723760 1762724 184726848    0    0 807488 534936 205621 473556 14  4 68 14  0  0
 3  0 136820 2723200 1762724 184728900    0    0 811264 528892 206083 478414 14  4 68 14  0  0
21 16 136820 2719892 1762724 184730908    0    0 811392 531648 205091 471568 14  4 68 14  0  0
 1  0 136820 2716092 1762724 184732928    0    0 800336 531088 203737 462400 14  4 68 14  0  0
20  9 136820 2712216 1762724 184734940    0    0 809392 516884 203784 472325 14  4 68 15  0  0
21 13 136820 2712984 1762732 184736912    0    0 799248 529432 204089 467706 14  4 68 14  0  0
28 10 136820 2708212 1762732 184738924    0    0 788352 522832 202691 460759 14  4 68 15  0  0
procs -----------memory---------- ---swap-- -----io---- -system-- -------cpu-------
 r  b   swpd   free   buff  cache   si   so    bi    bo   in   cs us sy id wa st gu
 5  0 136820 2705832 1762732 184740888    0    0 782048 517456 200855 453624 14  4 68 15  0  0
 3  0 136820 2704624 1762732 184742832    0    0 781280 507220 199668 455622 14  4 68 15  0  0
20 16 136820 2703580 1762732 184744752    0    0 788016 525484 203210 459349 14  4 68 15  0  0
 2  0 136820 2703524 1762736 184746796    0    0 780384 518012 201095 457547 14  4 68 14  0  0
15 15 136820 2958572 1762736 184501288    0    0 794288 517496 202928 468777 14  4 68 14  0  0
 4  0 136820 2960188 1762736 184502744    0    0 794752 525592 204610 465127 14  4 68 14  0  0
22 11 136820 2958244 1762736 184504680    0    0 808208 531680 205851 475064 14  4 68 14  0  0
16 19 136820 2953412 1762736 184506592    0    0 806960 540664 205318 470268 14  4 68 14  0  0
26  5 136820 2952028 1762740 184508596    0    0 802496 525836 204715 474012 15  4 68 14  0  0
 4  1 136820 2945716 1762740 184510552    0    0 805520 530368 204441 470780 14  4 68 14  0  0
24 12 136820 2944916 1762740 184512536    0    0 808320 537940 205181 469990 14  4 69 14  0  0
24 14 136820 2944700 1762740 184514524    0    0 808944 538660 205601 469386 14  4 68 14  0  0
16 18 136820 2939660 1762740 184516484    0    0 800720 529780 204441 472642 14  4 68 14  0  0
21 16 136820 2942244 1762740 184518392    0    0 803072 524452 202314 467615 14  4 69 14  0  0
25 10 136820 2940192 1762740 184520424    0    0 823664 530128 206715 480483 14  4 68 14  0  0
24 10 136820 2938260 1762740 184522416    0    0 782240 527420 202085 460484 14  4 69 14  0  0
 4  1 136820 2933004 1762740 184524288    0    0 804432 529064 205413 469507 14  4 68 15  0  0
 2  1 136820 2930368 1762740 184526268    0    0 786704 526688 202953 461377 14  4 68 14  0  0
18 16 136820 2927472 1762744 184528204    0    0 798320 525908 202570 463519 14  4 68 14  0  0
 4  0 136820 2925400 1762744 184530140    0    0 767616 510356 198753 452555 13  4 68 15  0  0
 5  0 136820 2917964 1762744 184531960    0    0 782416 512196 200221 455641 14  4 68 15  0  0
procs -----------memory---------- ---swap-- -----io---- -system-- -------cpu-------
 r  b   swpd   free   buff  cache   si   so    bi    bo   in   cs us sy id wa st gu
 3  0 136820 2918428 1762744 184533868    0    0 782576 511604 201134 459622 14  4 68 15  0  0
21  9 136820 2912172 1762744 184535776    0    0 803856 525048 202781 467666 14  4 67 15  0  0
14 21 136820 2915308 1762748 184537744    0    0 799248 526472 203006 465157 14  4 68 15  0  0
21 15 136820 2913064 1762748 184539692    0    0 800416 523480 202590 466831 14  4 68 14  0  0
18  1 136820 2883060 1762748 184541584    0    0 796368 524784 202091 464304 14  4 68 14  0  0
21 17 136820 2880368 1762748 184543576    0    0 810352 528248 204669 477103 14  4 68 14  0  0
20 17 136820 2881936 1762748 184545540    0    0 820112 531260 206939 479065 14  4 68 14  0  0
15 21 136820 2879880 1762752 184547512    0    0 788576 525952 202643 468358 14  4 69 13  0  0
17 20 136820 2878672 1762752 184549408    0    0 820800 533744 207362 478861 14  4 68 14  0  0
22 12 136820 2879004 1762752 184551424    0    0 798896 533092 204815 476184 14  4 68 14  0  0
17 19 136820 2879236 1762752 184553336    0    0 802368 533672 204646 474616 14  4 68 14  0  0
28  6 136820 2878348 1762752 184555268    0    0 800992 534920 204789 469409 14  4 69 14  0  0
14 21 136820 2876936 1762752 184557192    0    0 807632 535580 204833 472773 14  4 68 14  0  0
20 14 136820 2875352 1762752 184559268    0    0 796368 524228 202351 461380 14  4 68 14  0  0
 4  0 136820 2874848 1762752 184561188    0    0 789904 524444 201536 458644 14  4 68 14  0  0
16 18 136820 2874116 1762756 184563104    0    0 786432 524060 203013 464247 14  4 68 14  0  0
16 16 136820 2869060 1762756 184565040    0    0 786800 522144 201172 455463 14  4 68 14  0  0
 4  0 136820 2867492 1762756 184566956    0    0 804112 521200 203114 462770 14  4 68 14  0  0
16 18 136820 2862776 1762756 184568940    0    0 764768 507236 198011 446041 13  4 68 15  0  0
 4  0 136820 2857052 1762756 184570788    0    0 776464 508292 199588 453877 14  4 68 15  0  0
12 22 136820 2864256 1762760 184572668    0    0 792832 513880 201604 462928 14  4 68 14  0  0
procs -----------memory---------- ---swap-- -----io---- -system-- -------cpu-------
 r  b   swpd   free   buff  cache   si   so    bi    bo   in   cs us sy id wa st gu
15 19 136820 2859120 1762760 184574648    0    0 790224 518372 201651 460470 14  4 68 14  0  0
 3  0 136820 2857060 1762760 184576596    0    0 790384 524296 201649 458714 14  4 68 15  0  0
19 16 136820 2858592 1762760 184578528    0    0 797264 521164 203514 472312 14  4 68 14  0  0
21 15 136820 2855220 1762760 184580536    0    0 799296 530052 203990 468940 14  4 68 14  0  0
 6  0 136820 2853756 1762760 184582476    0    0 800160 532288 204127 467934 14  4 68 14  0  0
 2  1 136820 2853168 1762764 184584448    0    0 806016 532856 204831 472650 14  4 68 14  0  0
20 15 136820 2848444 1762764 184586456    0    0 805984 534696 204557 476527 14  4 68 14  0  0
23  9 136820 2844208 1762764 184588360    0    0 810544 540276 205244 479816 14  4 68 14  0  0
16 18 136820 2843480 1762764 184590424    0    0 793312 542332 202588 469284 14  4 69 14  0  0
17 19 136820 2841076 1762764 184592416    0    0 821056 535872 205882 479815 14  4 68 14  0  0
 6  0 136820 2838252 1762764 184594364    0    0 804256 535092 205012 474716 14  4 68 14  0  0
16 18 136820 2836684 1762764 184596384    0    0 794912 525240 203447 467609 14  4 68 14  0  0
22 10 136820 2834992 1762764 184598368    0    0 794432 518340 202244 463462 14  4 68 14  0  0
29  5 136820 2830668 1762768 184600320    0    0 784004 517148 201055 454417 14  4 69 14  0  0
18 17 136820 2832548 1762776 184602348    0    0 799280 516428 202688 469348 14  4 68 14  0  0
21 12 136820 2826828 1762776 184604308    0    0 788496 524728 202782 462327 14  4 68 14  0  0
17 18 136820 2824088 1762776 184606244    0    0 780128 518056 200775 461436 14  4 68 15  0  0
 2  0 136820 2824788 1762776 184608280    0    0 770400 511588 198391 453045 14  4 68 15  0  0
18 17 136820 2818180 1762776 184610104    0    0 798752 516948 201523 463253 14  4 68 15  0  0
17 16 136820 2821384 1762780 184612068    0    0 793296 520300 201109 458925 14  4 68 15  0  0
20 14 136820 2818184 1762780 184614084    0    0 793216 514052 200715 461401 14  4 68 15  0  0
procs -----------memory---------- ---swap-- -----io---- -system-- -------cpu-------
 r  b   swpd   free   buff  cache   si   so    bi    bo   in   cs us sy id wa st gu
18  0 136820 2813716 1762780 184615992    0    0 796144 523988 202607 463334 14  4 68 15  0  0
24  9 136820 2809880 1762780 184618060    0    0 804848 531744 203832 468598 14  4 68 14  0  0
 2  1 136820 2805324 1762780 184620024    0    0 813152 531096 204338 472603 14  4 68 14  0  0
15 19 136820 2804064 1762788 184622028    0    0 796688 533128 203320 462128 14  4 69 14  0  0
28  8 136820 2802576 1762788 184624176    0    0 813680 531944 205152 473698 15  4 68 14  0  0
21 14 136820 2799624 1762788 184626048    0    0 807232 541612 204802 473932 14  4 68 14  0  0
19 15 136820 2799096 1762788 184628004    0    0 788800 530708 202169 462332 14  4 69 14  0  0
25  8 136820 2796600 1762788 184630164    0    0 809552 522524 204046 473691 14  4 68 14  0  0
20 14 136820 2794720 1762796 184631988    0    0 818016 534416 206237 482407 14  4 68 14  0  0
18 17 136820 2792588 1762796 184634100    0    0 801424 542164 205369 471745 14  4 68 14  0  0
 4  0 136820 2789796 1762796 184636088    0    0 803760 528520 202584 469698 14  4 68 14  0  0
16 18 136820 2788244 1762796 184638084    0    0 798976 520940 202829 463988 14  4 68 14  0  0
23 13 136820 2786368 1762796 184640132    0    0 785920 521032 201449 467395 14  4 68 14  0  0
23 14 136820 2785544 1762800 184641992    0    0 803792 518120 202840 468924 14  4 67 14  0  0
20 14 136820 2779028 1762800 184643956    0    0 785504 523852 202892 465620 14  4 68 14  0  0
17 16 136820 2780180 1762800 184646112    0    0 778416 514964 200745 458723 14  4 68 15  0  0
14 21 136820 2779712 1762800 184647876    0    0 761328 504112 197884 447635 13  3 68 15  0  0
11 10 136820 2779912 1762800 184649848    0    0 792752 517100 201467 460582 14  4 68 14  0  0
 4  0 136820 2777236 1762800 184651700    0    0 781552 516516 198419 445851 13  4 69 14  0  0
26  6 136820 2773928 1762800 184653676    0    0 808288 518368 202983 463330 14  4 68 15  0  0
20 15 136820 2774240 1762800 184655888    0    0 799232 521596 201378 460125 14  4 68 14  0  0
procs -----------memory---------- ---swap-- -----io---- -system-- -------cpu-------
 r  b   swpd   free   buff  cache   si   so    bi    bo   in   cs us sy id wa st gu
16 20 136820 2769252 1762800 184657708    0    0 797264 525056 201668 464518 14  4 69 14  0  0
15 17 136820 2766892 1762800 184659676    0    0 804560 527416 203582 470878 14  4 68 14  0  0
27 11 136820 2765496 1762808 184661912    0    0 806288 526876 203993 470041 14  4 68 14  0  0
21 11 136820 2762400 1762808 184663688    0    0 813104 536900 205714 474045 14  4 68 14  0  0
14 19 136820 2762240 1762808 184665764    0    0 786912 543920 202754 462102 14  4 69 14  0  0
23 12 136820 2759724 1762808 184667916    0    0 801968 527028 204320 474089 14  4 68 14  0  0
 4  0 136820 2753972 1762808 184669664    0    0 812752 535848 204741 474446 14  4 68 14  0  0
 4  0 136820 2751124 1762808 184671864    0    0 810528 538432 204685 470410 14  4 68 14  0  0
24  9 136820 2750388 1762808 184673720    0    0 809840 530440 203499 467906 14  4 68 14  0  0
14 20 136820 2747236 1762808 184675748    0    0 804528 521884 202369 467190 14  4 68 14  0  0
14 21 136820 2741516 1762808 184678020    0    0 780576 511176 199227 462332 14  4 69 14  0  0
16 18 136820 2742100 1762808 184679784    0    0 787760 516876 201299 466166 14  4 68 14  0  0
18 19 136820 2739848 1762816 184681808    0    0 791728 522928 201493 457074 14  4 68 14  0  0
16 19 136820 2738420 1762816 184683964    0    0 788032 514808 200379 458218 14  4 68 15  0  0
16 19 136820 2738128 1762816 184685720    0    0 781696 517500 200882 454138 13  4 68 15  0  0
19 16 136820 2738156 1762816 184687844    0    0 790896 518836 201254 463241 14  4 67 15  0  0
 4  0 136820 2734388 1762816 184689988    0    0 787632 522160 200974 458579 14  4 68 15  0  0
21 13 136820 2731644 1762816 184691600    0    0 805824 523564 202728 468377 14  4 67 15  0  0
17 17 136820 2727504 1762820 184693872    0    0 801120 527240 203155 465090 14  4 68 15  0  0
19 18 136820 2727000 1762820 184695600    0    0 808560 527180 203353 470500 14  4 68 14  0  0
23 13 136820 2723840 1762820 184697764    0    0 810624 532624 204330 470136 14  4 68 14  0  0
procs -----------memory---------- ---swap-- -----io---- -system-- -------cpu-------
 r  b   swpd   free   buff  cache   si   so    bi    bo   in   cs us sy id wa st gu
13 21 136820 2721172 1762820 184700000    0    0 812016 531884 203777 476650 14  4 68 14  0  0
22 17 136820 2720264 1762820 184701608    0    0 812496 536220 205738 472019 14  4 68 14  0  0
21 15 136820 2717052 1762824 184703828    0    0 803472 534592 203011 467534 14  4 68 14  0  0
17 17 136820 2718712 1762824 184706096    0    0 803584 534580 204304 469125 14  4 68 14  0  0
21 13 136820 2715988 1762824 184707744    0    0 811424 530584 204842 473749 14  4 68 14  0  0
16 19 136820 2711664 1762824 184709936    0    0 792896 528792 203116 471340 15  4 68 13  0  0
15 20 136820 2708864 1762824 184712172    0    0 809136 534984 204441 473491 14  4 68 14  0  0
18 16 136820 2710100 1762828 184713788    0    0 785488 526212 201102 460241 14  4 68 14  0  0
22 13 136820 2705712 1762828 184715952    0    0 789392 519188 201254 458994 14  4 68 14  0  0
24 17 136820 2704292 1762828 184717748    0    0 801856 522564 202561 465295 14  4 68 14  0  0
13 20 136820 2701780 1762828 184719764    0    0 787872 523200 199604 453874 14  4 68 14  0  0
12 23 136820 2701644 1762828 184721920    0    0 793696 518564 201462 462153 14  4 68 14  0  0
22 11 136820 2700676 1762828 184723620    0    0 780096 514460 199926 454921 14  4 68 15  0  0
18 18 136820 2797700 1762828 184633124    0    0 786880 507548 200185 461499 14  4 67 15  0  0
23 15 136820 2798152 1762828 184634488    0    0 779744 510392 200027 461751 14  4 68 15  0  0
19 16 136820 2794316 1762828 184636128    0    0 798192 514412 202595 463387 14  4 67 15  0  0
 4  0 136820 2795484 1762828 184638180    0    0 786640 518364 201510 463127 14  4 68 14  0  0
15 19 136820 2792420 1762836 184640324    0    0 788304 520472 199992 455461 14  4 68 14  0  0
15 20 136820 2786188 1762836 184641936    0    0 798304 517132 200800 456954 14  4 68 15  0  0
16 19 136820 2783396 1762836 184644104    0    0 797360 526424 203589 475188 14  4 68 14  0  0
 2  2 136820 2780704 1762836 184645828    0    0 801088 528636 203956 470951 14  4 67 15  0  0
procs -----------memory---------- ---swap-- -----io---- -system-- -------cpu-------
 r  b   swpd   free   buff  cache   si   so    bi    bo   in   cs us sy id wa st gu
 9 12 136820 2779504 1762836 184647968    0    0 784496 523424 200686 460798 14  4 68 14  0  0
22  6 136820 2741180 1762840 184649972    0    0 753712 504808 195581 440892 13  3 69 14  0  0
20 15 136820 2737056 1762840 184651580    0    0 803008 524524 202358 464215 14  4 68 15  0  0
17 16 136820 2739172 1762840 184653776    0    0 780560 517896 201030 457630 14  4 68 14  0  0
 4  0 136820 2738988 1762840 184655920    0    0 794208 524248 203033 462311 14  4 68 15  0  0
21 16 136820 2736132 1762840 184657496    0    0 762192 509020 198110 448892 14  3 69 14  0  0
 5  1 136820 2735708 1762844 184659648    0    0 769488 511940 198737 447290 13  4 68 15  0  0
 3  0 136820 2791924 1762848 184661724    0    0 780720 496700 198289 451501 14  4 68 15  0  0
 2  1 136820 2791396 1762848 184663272    0    0 784384 520848 200592 455790 14  4 68 15  0  0
 4  0 136820 2789168 1762848 184665516    0    0 784800 510444 198632 458277 14  4 68 14  0  0
18 17 136820 2786164 1762848 184667180    0    0 771984 502912 197465 451458 13  3 68 15  0  0
22 14 136820 2783396 1762852 184669232    0    0 786496 508232 200223 460557 14  4 68 15  0  0
 4  0 136820 2776944 1762852 184671392    0    0 787232 521696 201862 462081 14  4 68 14  0  0
 5  0 136820 2775584 1762852 184672904    0    0 811376 529340 205405 466969 14  4 67 15  0  0
25  9 136820 2773616 1762852 184675180    0    0 782256 513260 200343 453697 14  4 68 15  0  0
18 18 136820 2771140 1762852 184677316    0    0 797952 515964 201512 463611 14  4 68 15  0  0
 5  0 136820 2770404 1762856 184679024    0    0 790640 516932 201558 466156 14  4 69 14  0  0
17 16 136820 2767576 1762856 184681304    0    0 804896 531860 204592 467685 14  4 68 14  0  0
17 20 136820 2765096 1762856 184683484    0    0 801056 535876 203659 469374 14  4 68 14  0  0
26 14 136820 2759868 1762856 184685092    0    0 797344 528380 202631 465137 14  4 69 14  0  0
24 11 136820 2761768 1762856 184687332    0    0 806032 524228 202968 463800 14  4 69 14  0  0
procs -----------memory---------- ---swap-- -----io---- -system-- -------cpu-------
 r  b   swpd   free   buff  cache   si   so    bi    bo   in   cs us sy id wa st gu
24 11 136820 2762040 1762856 184689008    0    0 809520 525640 204134 469087 14  4 68 14  0  0
13 21 136820 2760516 1762856 184691060    0    0 802176 532980 203630 466010 14  4 69 14  0  0
 4  0 136820 2756200 1762856 184693372    0    0 791376 529212 202635 464813 14  4 69 14  0  0
17 20 136820 2753772 1762856 184694964    0    0 802256 526636 203181 468194 14  4 68 14  0  0
25 11 136820 2748588 1762856 184697136    0    0 788256 522276 200209 458329 14  4 69 14  0  0
 4  0 136820 2751460 1762860 184699344    0    0 786976 527512 200011 460193 14  4 68 14  0  0
20 14 136820 2749248 1762860 184700936    0    0 803488 527876 202853 466346 14  4 68 14  0  0
 3  0 136820 2741276 1762860 184703232    0    0 785776 520076 199752 455001 14  4 68 14  0  0
 4  0 136820 2739752 1762860 184705308    0    0 780688 515448 200930 459085 14  4 68 14  0  0
 6  0 136820 2737124 1762860 184707112    0    0 783264 511424 200070 456633 14  4 68 15  0  0
17 22 136820 2735552 1762860 184709184    0    0 785088 515944 201029 459408 14  4 68 15  0  0
17 17 136820 2736000 1762860 184710716    0    0 799920 521768 201670 463342 14  4 68 15  0  0
 3  0 136820 2733544 1762860 184712996    0    0 781424 518944 200812 459652 14  4 68 14  0  0
23  9 136820 2726152 1762860 184715092    0    0 776480 506016 198729 453236 14  4 68 14  0  0
 3  0 136820 2727236 1762860 184716828    0    0 772048 516460 198893 454364 13  4 69 14  0  0
21 15 136820 2724316 1762860 184718864    0    0 793168 529592 202116 463757 14  4 69 14  0  0
 4  0 136820 2722984 1762860 184721080    0    0 798496 523568 202341 471695 14  4 68 14  0  0
23 13 136820 2719320 1762860 184722668    0    0 817056 527604 204819 470331 14  4 68 14  0  0
 4  0 136820 2716872 1762860 184724980    0    0 798544 536444 203906 469809 14  4 69 14  0  0
18 17 136820 2714556 1762860 184726968    0    0 792432 518884 201743 470412 14  4 68 14  0  0
21 16 136820 2713180 1762860 184728728    0    0 796272 526644 202767 471129 14  4 68 14  0  0
procs -----------memory---------- ---swap-- -----io---- -system-- -------cpu-------
 r  b   swpd   free   buff  cache   si   so    bi    bo   in   cs us sy id wa st gu
14 21 136820 2710244 1762860 184730976    0    0 797104 527172 202349 467012 14  4 69 14  0  0
15 20 136820 2709904 1762860 184732656    0    0 806128 530240 203755 465549 14  4 68 14  0  0
15 22 136820 2705536 1762860 184734904    0    0 808640 528796 204152 475324 14  4 68 14  0  0
 6  5 136820 2704536 1762860 184736952    0    0 787888 524348 202538 466354 14  4 68 14  0  0
16  2 136820 2702144 1762864 184738720    0    0 785440 514380 200203 459649 14  4 69 14  0  0
19 18 136820 2698048 1762864 184740888    0    0 781168 520088 200312 453951 14  4 69 14  0  0
15 21 136820 2955196 1762864 184494512    0    0 785488 511144 200142 457881 14  4 68 14  0  0
 7 28 136820 2948832 1762864 184495836    0    0 785984 505216 200020 457297 14  4 68 15  0  0
 8 28 136820 2945164 1762864 184497860    0    0 786656 525040 201900 457967 14  4 67 15  0  0
16 19 136820 2944172 1762872 184499496    0    0 780848 495944 198612 456069 14  4 68 14  0  0
19 20 136820 2939064 1762872 184501568    0    0 787216 513608 200594 453328 14  4 68 14  0  0
19 19 136820 2938780 1762872 184503740    0    0 778992 509652 199249 454348 13  4 69 14  0  0
16 22 136820 2932812 1762872 184505252    0    0 779168 502832 198008 449737 14  4 68 14  0  0
12 22 136820 2935224 1762872 184507400    0    0 789200 523888 201080 461801 14  4 68 14  0  0
26 21 136820 2933548 1762872 184509424    0    0 808192 515240 203092 475898 14  4 68 14  0  0
15 21 136820 2931112 1762872 184511104    0    0 797328 530504 202387 468234 14  4 68 14  0  0
16 20 136820 2931020 1762872 184513236    0    0 802352 521120 202077 467305 14  4 69 14  0  0
15 20 136820 2928992 1762872 184515304    0    0 793520 521980 202170 463755 14  4 69 14  0  0
 7 29 136820 2927120 1762872 184517012    0    0 797296 514448 203309 471974 14  4 69 13  0  0
19 18 136820 2920944 1762876 184519112    0    0 793312 525324 201555 463603 14  4 69 14  0  0
19 18 136820 2918944 1762876 184520660    0    0 791568 515956 202042 464329 14  4 69 13  0  0
procs -----------memory---------- ---swap-- -----io---- -system-- -------cpu-------
 r  b   swpd   free   buff  cache   si   so    bi    bo   in   cs us sy id wa st gu
12 24 136820 2918396 1762876 184522820    0    0 791760 534068 202230 463465 14  4 69 14  0  0
17 20 136820 2912664 1762876 184525072    0    0 798896 519016 201342 465654 14  4 68 14  0  0
15 21 136820 2914408 1762876 184526684    0    0 790016 508724 200297 455972 14  4 68 14  0  0
13 24 136820 2913920 1762880 184528812    0    0 801440 526684 203156 463268 14  4 68 14  0  0
18 19 136820 2906976 1762880 184531016    0    0 794880 529960 203045 464501 14  4 68 14  0  0
16 22 136820 2900984 1762880 184532668    0    0 796992 513676 201996 462110 14  4 68 14  0  0
11 26 136820 2904952 1762880 184534804    0    0 774752 512156 200000 453699 13  4 68 15  0  0
 8 26 136820 2907612 1762880 184536740    0    0 764544 505548 198604 451499 13  3 68 15  0  0
20 18 136820 2905712 1762884 184538540    0    0 779984 504972 198731 449122 14  4 68 15  0  0
32 18 136820 2899664 1762884 184540596    0    0 786624 517888 200953 460056 14  4 68 14  0  0
 6 29 136820 2901208 1762884 184542240    0    0 793616 503296 201336 462532 14  4 68 14  0  0
18 17 136820 2898312 1762884 184544272    0    0 782480 518180 201502 458578 14  4 68 14  0  0
17 19 136820 2887988 1762884 184546316    0    0 773248 503032 199281 453958 14  4 69 14  0  0
17 19 136820 2888052 1762892 184548056    0    0 785360 519616 202155 464146 14  4 68 15  0  0
13 23 136820 2883512 1762892 184550200    0    0 777824 511392 200042 457203 14  4 69 14  0  0
21 16 136820 2883700 1762892 184552268    0    0 789328 515208 202070 462998 14  4 68 14  0  0
17 21 136820 2882748 1762892 184554020    0    0 786528 516772 202206 465105 14  4 68 14  0  0
10 26 136820 2877940 1762892 184556076    0    0 792304 511532 200919 459918 14  4 68 14  0  0
12 23 136820 2875824 1762896 184558276    0    0 781504 523224 200900 460314 14  4 69 14  0  0
13 23 136820 2875348 1762896 184559856    0    0 782160 519716 201751 463712 14  4 68 15  0  0
23 14 136820 2869064 1762896 184562000    0    0 791776 518940 201917 462396 14  4 68 14  0  0
procs -----------memory---------- ---swap-- -----io---- -system-- -------cpu-------
 r  b   swpd   free   buff  cache   si   so    bi    bo   in   cs us sy id wa st gu
11 25 136820 2867556 1762896 184563752    0    0 776912 510108 199473 457987 14  4 69 14  0  0
18 17 136820 2870632 1762896 184565844    0    0 777248 495592 197581 448908 13  4 68 15  0  0
15 23 136820 2861312 1762900 184567884    0    0 772272 494324 199191 461656 14  4 68 15  0  0
12 23 136820 2863780 1762900 184569540    0    0 771440 505288 198145 451380 14  4 68 15  0  0
17 19 136820 2862044 1762900 184571684    0    0 778448 505520 198219 451765 14  4 68 15  0  0
21 15 136820 2855064 1762900 184573752    0    0 771376 500092 197621 445912 14  4 68 15  0  0
15 24 136820 2856480 1762900 184575476    0    0 782944 514208 199323 453192 14  4 68 15  0  0
18 21 136820 2851352 1762900 184577596    0    0 783776 512416 200033 453163 14  4 68 15  0  0
17 20 136820 2830872 1762900 184579816    0    0 776736 508956 199564 455631 14  4 68 14  0  0
20 16 136820 2834176 1762900 184581436    0    0 787664 513388 200357 459439 14  4 68 14  0  0
20 17 136820 2835016 1762900 184583460    0    0 793968 515424 200274 463736 14  4 68 14  0  0
 5  0 136820 2834220 1762900 184585224    0    0 798016 539736 204036 466161 14  4 68 14  0  0
 4  0 136820 2832216 1762904 184587316    0    0 798304 524864 203819 466765 14  4 68 14  0  0
 3  0 136820 2828992 1762904 184589672    0    0 798992 534568 204233 466292 14  4 69 14  0  0
 6  0 136820 2828472 1762904 184591288    0    0 805920 524076 205949 476123 14  4 68 14  0  0
 4  0 136820 2822060 1762904 184593484    0    0 796816 532896 204556 469476 14  4 69 14  0  0
24 13 136820 2820968 1762904 184595736    0    0 799008 526592 202687 468330 14  4 69 14  0  0
27  4 136820 2819936 1762904 184597288    0    0 798896 523188 204627 475651 14  4 69 14  0  0
 6  1 136820 2820776 1762904 184599496    0    0 797488 532724 203832 468303 14  4 68 14  0  0
26 14 136820 2815732 1762904 184601672    0    0 798000 529196 203879 469738 14  4 68 14  0  0
 4  0 136820 2811768 1762904 184603448    0    0 794624 520676 204676 477564 14  4 68 14  0  0
procs -----------memory---------- ---swap-- -----io---- -system-- -------cpu-------
 r  b   swpd   free   buff  cache   si   so    bi    bo   in   cs us sy id wa st gu
 3  0 136820 2809796 1762904 184605472    0    0 777392 514584 200359 452475 14  4 69 14  0  0
 4  0 136820 2807336 1762908 184607320    0    0 782976 505944 199551 453866 14  4 68 15  0  0
 3  0 136820 2806444 1762908 184609276    0    0 784688 511832 200189 453611 13  4 68 15  0  0
16 19 136820 2803616 1762908 184611432    0    0 770848 509120 198332 446258 13  4 69 15  0  0
 4  1 136820 2802148 1762908 184612968    0    0 772096 510392 200096 457296 14  4 68 14  0  0
 6  0 136820 2799668 1762908 184615192    0    0 784800 521152 200754 453638 14  3 68 15  0  0
15 19 136820 2799188 1762912 184617316    0    0 783008 516236 201149 459515 14  4 68 14  0  0
 2  1 136820 2794132 1762912 184618872    0    0 806480 523476 204773 471984 14  4 68 14  0  0
24 15 136820 2790656 1762912 184620932    0    0 796768 526936 202767 460161 14  4 69 14  0  0
 4  0 136820 2789552 1762912 184623300    0    0 789904 530264 202902 462470 14  4 69 14  0  0
14 20 136820 2789736 1762912 184624860    0    0 795184 524624 203613 468025 14  4 69 13  0  0
21 11 136820 2785020 1762916 184627272    0    0 792928 521792 202887 465542 14  4 68 14  0  0
23 15 136820 2786336 1762916 184628804    0    0 788112 528812 201829 460755 14  4 69 13  0  0
 2  0 136820 2784940 1762916 184631056    0    0 808096 533036 203733 467533 14  4 68 14  0  0
18 16 136820 2779992 1762916 184633028    0    0 802400 530164 203425 466793 14  4 69 14  0  0
18 19 136820 2778052 1762916 184634844    0    0 816128 534428 205327 478240 14  4 68 14  0  0
23 10 136820 2777720 1762920 184636936    0    0 807216 530516 204444 471581 14  4 69 14  0  0
 4  0 136820 2772708 1762920 184639240    0    0 787376 525888 202576 466195 14  4 69 14  0  0
29  5 136820 2773720 1762920 184640920    0    0 805168 529740 204269 473627 14  4 68 14  0  0
19 17 136820 2767744 1762920 184643088    0    0 775248 522328 199761 454238 14  4 69 14  0  0
18 17 136820 2767268 1762920 184644928    0    0 784640 511068 200033 450913 14  4 68 15  0  0
procs -----------memory---------- ---swap-- -----io---- -system-- -------cpu-------
 r  b   swpd   free   buff  cache   si   so    bi    bo   in   cs us sy id wa st gu
13 22 136820 2764356 1762924 184646732    0    0 777152 514532 200327 452502 14  4 68 15  0  0
16 18 136820 2762684 1762924 184649028    0    0 784160 512136 199996 452678 14  4 68 15  0  0
18 16 136820 2761424 1762924 184650528    0    0 790784 516996 201339 461835 14  4 68 15  0  0
22 10 136820 2760120 1762924 184652704    0    0 788336 512804 200443 459129 14  4 67 15  0  0
16 17 136820 2754912 1762924 184654972    0    0 774832 513976 198739 447064 13  4 68 15  0  0
20 18 136820 2756208 1762932 184656568    0    0 808080 535028 204277 465094 14  4 68 14  0  0
 0  1 136820 2756116 1762932 184658716    0    0 810128 528548 205797 477033 15  4 68 14  0  0
19 14 136820 2757140 1762932 184661028    0    0 803936 529412 204192 467674 14  4 69 14  0  0
14 21 136820 2753252 1762932 184662700    0    0 809760 531428 204638 475502 14  4 68 14  0  0
15  0 136820 2751000 1762932 184664652    0    0 802912 533040 205078 470736 14  4 69 14  0  0
16 17 136820 2744152 1762940 184666828    0    0 796608 532684 203539 465670 14  4 69 14  0  0
 4  0 136820 2740748 1762944 184668784    0    0 789892 526220 202846 468153 14  4 69 14  0  0
 5  0 136820 2742804 1762944 184670920    0    0 809392 537416 205384 471347 14  4 68 14  0  0
19 17 136820 2742364 1762944 184672600    0    0 798416 527216 203426 464886 14  4 69 14  0  0
 4  1 136820 2739888 1762944 184674672    0    0 804816 523532 201934 464442 14  4 69 14  0  0
 4  0 136820 2735404 1762948 184677076    0    0 797184 530448 203562 471220 14  4 68 14  0  0
27  4 136820 2732472 1762948 184678676    0    0 804464 526776 204727 474890 14  4 68 14  0  0
14 21 136820 2732256 1762948 184680824    0    0 797696 522224 201749 465750 14  4 68 14  0  0
17  0 136820 2726676 1762948 184683020    0    0 790176 526536 201655 463004 14  4 68 14  0  0
