procs -----------memory---------- ---swap-- -----io---- -system-- -------cpu-------
 r  b   swpd   free   buff  cache   si   so    bi    bo   in   cs us sy id wa st gu
 6  0 135032 80693872 1709592 73072716    4    6 25709 25706 12354    3  3  0 96  1  0  0
 1  0 135032 80670208 1709592 73072788    0    0     0 181076 92877 55147  1  0 98  0  0  0
 2  0 135032 80668260 1709592 73073348    0    0     0 41420 85952 46860  1  0 98  0  0  0
 1  0 135032 80660872 1709592 73073688    0    0     0 41356 86067 45204  1  0 98  0  0  0
 1  0 135032 80657032 1709596 73074052    0    0     0 41848 86329 46430  1  0 98  0  0  0
 1  0 135032 80666108 1709596 73074076    0    0     0 41888 85850 46510  1  0 98  0  0  0
 2  0 135032 80661680 1709596 73074712    0    0     0 41820 85939 47512  1  0 98  0  0  0
 2  0 135032 80659644 1709596 73075092    0    0     0 41004 85740 46175  1  0 98  0  0  0
 2  0 135032 80658180 1709596 73075120    0    0     0 41436 85950 47418  1  0 98  0  0  0
 1  0 135032 80662160 1709604 73075516    0    0     0 41688 85907 47195  1  0 98  0  0  0
 1  0 135032 80662996 1709604 73075832    0    0     0 41736 85856 47375  1  0 98  0  0  0
 1  0 135032 80658724 1709604 73076172    0    0     0 41664 85794 47185  1  0 98  0  0  0
 2  0 135032 80655612 1709604 73076868    0    0     0 41728 85875 47642  1  0 98  0  0  0
 1  0 135032 80654744 1709604 73076892    0    0     0 41676 85958 47840  1  0 98  0  0  0
 1  0 135032 80657932 1709608 73077544    0    0     0 41912 85870 47767  1  0 98  0  0  0
 2  0 135032 80658984 1709608 73077908    0    0     0 41676 85913 47109  1  0 98  0  0  0
 1  0 135032 80658428 1709608 73077940    0    0     0 41984 85573 46865  1  0 98  0  0  0
 3  0 135032 80661112 1709608 73078604    0    0     0 41412 85870 46914  1  0 98  0  0  0
 1  0 135032 80661824 1709608 73078644    0    0     0 43064 85687 47058  1  0 98  0  0  0
 1  0 135032 80659764 1709612 73079128    0    0     0 42744 85877 47130  1  0 98  0  0  0
 3  0 135032 80661820 1709612 73079664    0    0     0 42624 85689 47041  1  0 98  0  0  0
procs -----------memory---------- ---swap-- -----io---- -system-- -------cpu-------
 r  b   swpd   free   buff  cache   si   so    bi    bo   in   cs us sy id wa st gu
 1  0 135032 80659808 1709612 73079704    0    0     0 42644 85995 47043  1  0 98  0  0  0
 1  0 135032 80657340 1709612 73080352    0    0     0 39844 85558 46709  1  0 98  0  0  0
 1  0 135032 80661408 1709612 73080712    0    0     0 40168 85843 46850  1  0 98  0  0  0
 5  0 135032 80659396 1709616 73080736    0    0     0 40216 85606 46773  1  0 98  0  0  0
 1  0 135032 80659300 1709616 73081388    0    0     0 40300 85835 46823  1  0 98  0  0  0
 1  0 135032 80657432 1709616 73081768    0    0     0 40084 85542 46936  1  0 98  0  0  0
 1  0 135032 80653032 1709616 73081796    0    0     0 40712 85814 47585  1  0 98  0  0  0
 1  0 135032 80657460 1709616 73082460    0    0     0 39932 85617 47509  1  0 98  0  0  0
 1  0 135032 80661676 1709620 73082484    0    0     0 40496 85916 47530  1  0 98  0  0  0
 1  0 135032 80660560 1709620 73083140    0    0     0 40424 85567 47022  1  0 98  0  0  0
 1  0 135032 80667808 1709620 73083508    0    0     0 40456 85751 46779  1  0 98  0  0  0
 1  0 135032 80663544 1709620 73083532    0    0     0 40684 85601 47154  1  0 98  0  0  0
 1  0 135032 80665908 1709620 73084196    0    0     0 40604 85846 47310  1  0 98  0  0  0
 2  0 135032 80664624 1709624 73084576    0    0     0 40564 85527 46891  1  0 98  0  0  0
 1  0 135032 80667960 1709624 73084912    0    0     0 40904 85714 46762  1  0 98  0  0  0
 1  0 135032 80667992 1709624 73085268    0    0     0 40524 85681 47179  1  0 98  0  0  0
 2  0 135032 80667024 1709624 73085624    0    0     0 40888 85780 47108  1  0 98  0  0  0
 1  0 135032 80665796 1709624 73085956    0    0     0 41008 85645 47114  1  0 98  0  0  0
 1  0 135032 80662992 1709632 73086332    0    0     0 41460 85718 47282  1  0 98  0  0  0
 1  0 135032 80662220 1709632 73086440    0    0     0 41128 85729 47214  1  0 98  0  0  0
 1  0 135032 80660584 1709632 73087020    0    0     0 40948 85801 47315  1  0 98  0  0  0
procs -----------memory---------- ---swap-- -----io---- -system-- -------cpu-------
 r  b   swpd   free   buff  cache   si   so    bi    bo   in   cs us sy id wa st gu
 1  0 135032 80661796 1709632 73087400    0    0     0 40836 85688 47147  1  0 98  0  0  0
 4  0 135032 80667052 1709632 73087764    0    0     0 40208 85673 46831  1  0 98  0  0  0
 1  0 135032 80665572 1709640 73088132    0    0     0 40444 85656 46893  1  0 98  0  0  0
 1  0 135032 80668520 1709640 73088488    0    0     0 40588 85862 47235  1  0 98  0  0  0
 1  0 135032 80673220 1709640 73088820    0    0     0 40564 85711 47027  1  0 98  0  0  0
 1  0 135032 80671460 1709640 73089192    0    0     0 40952 85754 47175  1  0 98  0  0  0
 2  0 135032 80670488 1709640 73089344    0    0     0 40852 85678 46967  1  0 98  0  0  0
 2  0 135032 80672092 1709648 73089868    0    0     0 41412 85891 47628  1  0 98  0  0  0
 1  0 135032 80671856 1709648 73090240    0    0     0 40984 85777 47395  1  0 98  0  0  0
 1  0 135032 80672724 1709648 73090568    0    0     0 40728 85727 46963  1  0 98  0  0  0
 1  0 135032 80668824 1709648 73090948    0    0     0 41424 85762 47336  1  0 98  0  0  0
 2  0 135032 80667952 1709648 73091300    0    0     0 41192 85792 47159  1  0 99  0  0  0
 1  0 135032 80672780 1709652 73091620    0    0     0 41356 85748 47326  1  0 98  0  0  0
 1  0 135032 80675092 1709652 73092004    0    0     0 41336 85746 47272  1  0 98  0  0  0
 1  0 135032 80669764 1709652 73092428    0    0     0 41236 85708 47334  1  0 98  0  0  0
 2  0 135032 80669188 1709652 73092764    0    0     0 40844 85792 47181  1  0 98  0  0  0
 1  0 135032 80664540 1709652 73093124    0    0     0 41012 85680 47010  1  0 98  0  0  0
 1  0 135032 80662076 1709660 73093440    0    0     0 41144 85724 47171  1  0 98  0  0  0
 3  0 135032 80662208 1709660 73093828    0    0     0 40804 85795 47427  1  0 98  0  0  0
 1  0 135032 80664720 1709660 73094200    0    0     0 40856 85764 47419  1  0 98  0  0  0
 1  0 135032 80659056 1709660 73094528    0    0     0 40820 85768 47517  1  0 98  0  0  0
procs -----------memory---------- ---swap-- -----io---- -system-- -------cpu-------
 r  b   swpd   free   buff  cache   si   so    bi    bo   in   cs us sy id wa st gu
 1  0 135032 80657388 1709660 73094892    0    0     0 40612 85732 47689  1  0 98  0  0  0
 2  0 135032 80659272 1709668 73095256    0    0     0 41304 85798 47873  1  0 98  0  0  0
 1  0 135032 80667432 1709668 73095584    0    0     0 40788 85987 47766  1  0 98  0  0  0
 1  0 135032 80667476 1709668 73095956    0    0     0 42084 85762 47217  1  0 98  0  0  0
 1  0 135032 80667448 1709668 73096280    0    0     0 42064 85758 47217  1  0 98  0  0  0
 1  0 135032 80670112 1709668 73096660    0    0     0 42236 85833 47311  1  0 98  0  0  0
 1  0 135032 80665852 1709676 73097032    0    0     0 42616 85821 47794  1  0 98  0  0  0
 1  0 135032 80672528 1709676 73097100    0    0     0 42040 85722 46969  1  0 98  0  0  0
 2  0 135032 80674876 1709676 73097712    0    0     0 42124 85687 47097  1  0 99  0  0  0
 1  0 135032 80674100 1709676 73098068    0    0     0 42060 85795 47149  1  0 98  0  0  0
 1  0 135032 80670452 1709676 73098392    0    0     0 42356 85748 47778  1  0 98  0  0  0
 1  0 135032 80673104 1709680 73098776    0    0     0 42224 85855 47659  1  0 98  0  0  0
 1  0 135032 80668684 1709680 73099108    0    0     0 42312 85655 47535  1  0 98  0  0  0
 1  0 135032 80673360 1709680 73099460    0    0     0 42204 85845 47364  1  0 98  0  0  0
 1  0 135032 80675608 1709680 73099828    0    0     0 42224 85720 47658  1  0 98  0  0  0
 1  0 135032 80677244 1709680 73100152    0    0     0 42536 85887 47781  1  0 98  0  0  0
 1  0 135032 80675888 1709688 73100516    0    0     0 42436 85770 47514  1  0 98  0  0  0
 3  0 135032 80672196 1709688 73100860    0    0     0 42252 85870 47162  1  0 98  0  0  0
 1  0 135032 80669488 1709688 73101204    0    0     0 42092 85852 47449  1  0 98  0  0  0
 1  0 135032 80671380 1709688 73101580    0    0     0 42212 85915 47491  1  0 98  0  0  0
 1  0 135032 80668356 1709688 73101916    0    0     0 42156 85780 47272  1  0 98  0  0  0
procs -----------memory---------- ---swap-- -----io---- -system-- -------cpu-------
 r  b   swpd   free   buff  cache   si   so    bi    bo   in   cs us sy id wa st gu
 1  0 135032 80671044 1709696 73102276    0    0     0 41952 85813 47089  1  0 98  0  0  0
 1  0 135032 80674684 1709696 73102632    0    0     0 41756 85832 47573  1  0 98  0  0  0
 1  0 135032 80669672 1709696 73102980    0    0     0 41668 85724 47452  1  0 98  0  0  0
 1  0 135032 80670344 1709696 73103336    0    0     0 41876 85657 47572  1  0 98  0  0  0
 1  0 135032 80669932 1709696 73103660    0    0     0 41824 85817 47616  1  0 98  0  0  0
 2  0 135032 80669744 1709696 73104036    0    0     0 41944 85799 47152  1  0 99  0  0  0
 1  0 135032 80670852 1709696 73104400    0    0     0 41744 85909 46703  1  0 98  0  0  0
 1  0 135032 80671508 1709696 73104764    0    0     0 41952 85736 47024  1  0 98  0  0  0
 1  0 135032 80673684 1709696 73105104    0    0     0 41580 85794 47006  1  0 98  0  0  0
 1  0 135032 80674192 1709696 73105436    0    0     0 41572 85747 47132  1  0 98  0  0  0
 2  0 135032 80671732 1709696 73105800    0    0     0 41804 85832 47403  1  0 98  0  0  0
 1  0 135032 80672452 1709696 73106172    0    0     0 41392 85689 47200  1  0 98  0  0  0
 1  0 135032 80673104 1709696 73106520    0    0     0 41640 85713 46950  1  0 98  0  0  0
 1  0 135032 80668344 1709696 73106876    0    0     0 41540 85796 47190  1  0 98  0  0  0
 1  0 135032 80670772 1709696 73107224    0    0     0 41584 85670 47275  1  0 98  0  0  0
 1  0 135032 80665444 1709700 73107568    0    0     0 41952 85550 47431  1  0 98  0  0  0
 1  0 135032 80663524 1709700 73107920    0    0     0 41880 85720 47456  1  0 98  0  0  0
 1  0 135032 80663800 1709700 73108292    0    0     0 42032 85775 47093  1  0 98  0  0  0
 1  0 135032 80663356 1709700 73108624    0    0     0 42180 85747 46771  1  0 98  0  0  0
 1  0 135032 80665664 1709700 73108988    0    0     0 42168 85722 46985  1  0 98  0  0  0
 1  0 135032 80661572 1709704 73109336    0    0     0 41976 85748 47147  1  0 98  0  0  0
procs -----------memory---------- ---swap-- -----io---- -system-- -------cpu-------
 r  b   swpd   free   buff  cache   si   so    bi    bo   in   cs us sy id wa st gu
 1  0 135032 80654776 1709704 73109684    0    0     0 41504 85810 47071  1  0 98  0  0  0
 1  0 135032 80657872 1709704 73110036    0    0     0 41432 85654 46957  1  0 98  0  0  0
 2  0 135032 80661888 1709704 73110372    0    0     0 42080 85750 46870  1  0 98  0  0  0
 1  0 135032 80662484 1709704 73110732    0    0     0 41536 85618 46718  1  0 98  0  0  0
 1  0 135032 80661168 1709708 73111100    0    0     0 41976 85898 47104  1  0 98  0  0  0
 1  0 135032 80655704 1709708 73111440    0    0     0 41776 85782 47177  1  0 98  0  0  0
 1  0 135032 80658968 1709708 73111796    0    0     0 41584 85771 46985  1  0 98  0  0  0
 1  0 135032 80655900 1709708 73112132    0    0     0 42160 85708 47472  1  0 98  0  0  0
 1  0 135032 80658284 1709708 73112504    0    0     0 42124 85960 47266  1  0 98  0  0  0
 1  0 135032 80657360 1709708 73112856    0    0     0 41964 85684 47161  1  0 98  0  0  0
 1  0 135032 80656960 1709712 73113196    0    0     0 42296 85858 47099  1  0 98  0  0  0
 2  0 135032 80658048 1709712 73113636    0    0     0 42404 85712 47311  1  0 98  0  0  0
 1  0 135032 80658736 1709712 73113984    0    0     0 42080 85961 47410  1  0 98  0  0  0
 1  0 135032 80656520 1709712 73114348    0    0     0 42160 85682 47167  1  0 98  0  0  0
 1  0 135032 80660292 1709712 73114704    0    0     0 42216 85888 47224  1  0 98  0  0  0
 1  0 135032 80657520 1709716 73115044    0    0     0 41984 85730 47261  1  0 98  0  0  0
 1  0 135032 80653968 1709716 73115412    0    0     0 41756 85966 47477  1  0 98  0  0  0
 1  0 135032 80657468 1709716 73115768    0    0     0 41848 85700 47369  1  0 98  0  0  0
 1  0 135032 80653224 1709716 73116108    0    0     0 42220 85787 47283  1  0 98  0  0  0
 1  0 135032 80650436 1709716 73116468    0    0     0 41912 85730 47296  1  0 98  0  0  0
 2  0 135032 80651936 1709720 73116816    0    0     0 42112 85921 47410  1  0 99  0  0  0
procs -----------memory---------- ---swap-- -----io---- -system-- -------cpu-------
 r  b   swpd   free   buff  cache   si   so    bi    bo   in   cs us sy id wa st gu
 2  0 135032 80659932 1709720 73117160    0    0     0 41716 85739 47052  1  0 98  0  0  0
 1  0 135032 80657652 1709720 73117524    0    0     0 41756 85837 47299  1  0 98  0  0  0
 2  0 135032 80655644 1709720 73117860    0    0     0 42016 85675 47160  1  0 98  0  0  0
 2  0 135032 80654372 1709720 73118216    0    0     0 41892 85765 47192  1  0 98  0  0  0
 1  0 135032 80656864 1709720 73118580    0    0     0 41900 85727 47442  1  0 98  0  0  0
 1  0 135032 80656796 1709720 73118920    0    0     0 42536 85906 47782  1  0 98  0  0  0
 1  0 135032 80659164 1709720 73119284    0    0     0 42668 85810 47259  1  0 98  0  0  0
 1  0 135032 80660148 1709720 73119640    0    0     0 42808 85885 47343  1  0 98  0  0  0
 1  0 135032 80658076 1709728 73119964    0    0     0 43072 85777 47570  1  0 98  0  0  0
 1  0 135032 80660996 1709728 73120344    0    0     0 42620 85892 47832  1  0 98  0  0  0
 2  0 135032 80659644 1709728 73120688    0    0     0 42824 85685 47861  1  0 98  0  0  0
 1  0 135032 80656068 1709728 73121064    0    0     0 42604 85976 47951  1  0 98  0  0  0
 1  0 135032 80657532 1709728 73121404    0    0     0 42392 85712 47306  1  0 98  0  0  0
 1  0 135032 80651128 1709736 73121740    0    0     0 42904 85970 47440  1  0 98  0  0  0
 2  0 135032 80651132 1709736 73122096    0    0     0 44096 85834 47152  1  0 98  0  0  0
 3  0 135032 80651988 1709736 73122456    0    0     0 43188 85808 47237  1  0 98  0  0  0
 3  0 135032 80653628 1709736 73122796    0    0     0 43592 85799 47057  1  0 98  0  0  0
 2  0 135032 80650936 1709736 73123160    0    0     0 43416 85794 47126  1  0 98  0  0  0
 1  0 135032 80658728 1709736 73123520    0    0     0 43576 85841 47152  1  0 98  0  0  0
 1  0 135032 80656068 1709736 73123860    0    0     0 43624 85869 47405  1  0 98  0  0  0
 1  0 135032 80658740 1709736 73124216    0    0     0 43836 85801 47318  1  0 98  0  0  0
procs -----------memory---------- ---swap-- -----io---- -system-- -------cpu-------
 r  b   swpd   free   buff  cache   si   so    bi    bo   in   cs us sy id wa st gu
 1  0 135032 80658296 1709736 73124556    0    0     0 43888 85862 47858  1  0 98  0  0  0
 1  0 135032 80657260 1709736 73124916    0    0     0 43560 86034 48211  1  0 98  0  0  0
 1  0 135032 80655884 1709740 73125268    0    0     0 43652 85816 47974  1  0 98  0  0  0
 1  0 135032 80658744 1709740 73125616    0    0     0 43480 85927 47546  1  0 98  0  0  0
 1  0 135032 80652020 1709740 73125968    0    0     0 43588 85667 47229  1  0 98  0  0  0
 1  0 135032 80654916 1709740 73126312    0    0     0 44056 86011 47832  1  0 98  0  0  0
 1  0 135032 80650716 1709740 73126676    0    0     0 44016 85855 47718  1  0 98  0  0  0
 1  0 135032 80655080 1709744 73127028    0    0     0 44312 86030 47454  1  0 98  0  0  0
 1  0 135032 80649796 1709744 73127404    0    0     0 44072 85791 47539  1  0 98  0  0  0
 1  0 135032 80651016 1709744 73127760    0    0     0 43668 85943 47539  1  0 98  0  0  0
 1  0 135032 80646628 1709744 73128108    0    0     0 43620 85941 47635  1  0 98  0  0  0
 1  0 135032 80649896 1709744 73128456    0    0     0 43956 85909 47560  1  0 98  0  0  0
 1  0 135032 80658132 1709748 73128808    0    0     0 43724 85786 47411  1  0 98  0  0  0
 1  0 135032 80652372 1709748 73129152    0    0     0 44104 85806 47228  1  0 98  0  0  0
 2  0 135032 80650740 1709748 73129552    0    0     0 44168 85843 47543  1  0 98  0  0  0
 1  0 135032 80648280 1709748 73129916    0    0     0 44168 85823 47196  1  0 98  0  0  0
 1  0 135032 80651760 1709748 73130252    0    0     0 43916 85810 47123  1  0 98  0  0  0
 1  0 135032 80652364 1709748 73130600    0    0     0 43884 85843 47408  1  0 98  0  0  0
 1  0 135032 80652928 1709752 73130948    0    0     0 44208 85927 47623  1  0 98  0  0  0
 1  0 135032 80648224 1709752 73131308    0    0     0 44576 85798 47706  1  0 98  0  0  0
 1  0 135032 80645368 1709752 73131672    0    0     0 44260 85883 47766  1  0 98  0  0  0
procs -----------memory---------- ---swap-- -----io---- -system-- -------cpu-------
 r  b   swpd   free   buff  cache   si   so    bi    bo   in   cs us sy id wa st gu
 1  0 135032 80638932 1709752 73132024    0    0     0 44152 85824 47676  1  0 98  0  0  0
 1  0 135032 80645060 1709752 73132372    0    0     0 44152 85976 47793  1  0 98  0  0  0
 1  0 135032 80642708 1709760 73132724    0    0     0 44252 85824 47389  1  0 98  0  0  0
 1  0 135032 80642556 1709760 73133092    0    0     0 44112 85932 47681  1  0 98  0  0  0
 1  0 135032 80640392 1709760 73133428    0    0     0 44284 85859 47497  1  0 98  0  0  0
 1  0 135032 80642160 1709760 73133768    0    0     0 44292 86052 47511  1  0 98  0  0  0
 1  0 135032 80643276 1709760 73134132    0    0     0 44088 85754 47582  1  0 98  0  0  0
 2  0 135032 80641088 1709760 73134492    0    0     0 44480 85858 47650  1  0 98  0  0  0
 1  0 135032 80641128 1709760 73134896    0    0     0 44520 85929 48046  1  0 98  0  0  0
 1  0 135032 80638848 1709760 73135252    0    0     0 44228 86067 48292  1  0 98  0  0  0
 2  0 135032 80638064 1709760 73135604    0    0     0 44184 85709 47911  1  0 98  0  0  0
 2  0 135032 80643412 1709760 73135944    0    0     0 44324 85871 47506  1  0 98  0  0  0
 1  0 135032 80641928 1709760 73136308    0    0     0 44548 85860 47192  1  0 98  0  0  0
 1  0 135032 80640592 1709764 73136660    0    0     4 44968 86056 47644  1  0 98  0  0  0
 1  0 135032 80640048 1709764 73137016    0    0     0 44880 85885 47634  1  0 98  0  0  0
 1  0 135032 80641944 1709764 73137384    0    0     0 45176 85993 47571  1  0 98  0  0  0
 1  0 135032 80639496 1709764 73137740    0    0     0 45072 85839 47816  1  0 98  0  0  0
 1  0 135032 80637700 1709764 73138084    0    0     0 45320 85997 47912  1  0 98  0  0  0
 2  0 135032 80633124 1709764 73138412    0    0     0 44756 85833 47489  1  0 98  0  0  0
 1  0 135032 80631648 1709764 73138772    0    0     0 44932 85861 47709  1  0 98  0  0  0
 1  0 135032 80630548 1709764 73139132    0    0     0 44404 85707 47323  1  0 98  0  0  0
procs -----------memory---------- ---swap-- -----io---- -system-- -------cpu-------
 r  b   swpd   free   buff  cache   si   so    bi    bo   in   cs us sy id wa st gu
 1  0 135032 80629864 1709764 73139476    0    0     0 44564 85939 47713  1  0 98  0  0  0
 2  0 135032 80638900 1709768 73139832    0    0     0 44368 85754 47496  1  0 98  0  0  0
 1  0 135032 80636488 1709768 73140188    0    0     0 44432 85960 47525  1  0 98  0  0  0
 1  0 135032 80637528 1709768 73140528    0    0     0 44476 85781 47522  1  0 98  0  0  0
 1  0 135032 80633820 1709768 73140888    0    0     0 44704 85978 48010  1  0 98  0  0  0
 1  0 135032 80635304 1709768 73141232    0    0     0 44392 85709 47624  1  0 98  0  0  0
 1  0 135032 80630944 1709776 73141600    0    0     0 44320 85839 47613  1  0 98  0  0  0
 1  1 135032 80627288 1709776 73141960    0    0     0 44408 85835 47597  1  0 98  0  0  0
 2  0 135032 80630992 1709776 73142308    0    0     0 44648 86023 47931  1  0 98  0  0  0
 1  0 135032 80635364 1709776 73142664    0    0     0 44352 85867 47690  1  0 98  0  0  0
 2  0 135032 80636544 1709776 73143012    0    0     0 44164 85926 47560  1  0 98  0  0  0
 2  0 135032 80631816 1709780 73143360    0    0     0 44604 85837 47602  1  0 98  0  0  0
 2  0 135032 80631056 1709780 73143736    0    0     0 44608 85923 47931  1  0 98  0  0  0
 3  0 135032 80635472 1709780 73144072    0    0     0 45020 85895 47765  1  0 98  0  0  0
 3  0 135032 80635464 1709780 73144432    0    0     0 44784 85885 47520  1  0 98  0  0  0
 2  0 135032 80632968 1709780 73144788    0    0     0 44820 85831 47788  1  0 98  0  0  0
 2  0 135032 80630500 1709780 73145140    0    0     0 45020 86063 48082  1  0 98  0  0  0
 2  0 135032 80627808 1709780 73145504    0    0     0 45180 85838 47817  1  0 98  0  0  0
 2  0 135032 80633864 1709780 73145868    0    0     0 44964 85926 47686  1  0 98  0  0  0
 2  0 135032 80629080 1709780 73146212    0    0     0 44960 85743 47646  1  0 98  0  0  0
 2  0 135032 80632020 1709780 73146572    0    0     0 44952 86025 47918  1  0 98  0  0  0
procs -----------memory---------- ---swap-- -----io---- -system-- -------cpu-------
 r  b   swpd   free   buff  cache   si   so    bi    bo   in   cs us sy id wa st gu
 2  0 135032 80634304 1709784 73146904    0    0     0 44688 85800 47747  1  0 98  0  0  0
 2  0 135032 80632148 1709784 73147260    0    0     0 44780 85899 47861  1  0 98  0  0  0
 1  0 135032 80628200 1709784 73147628    0    0     0 44864 85802 47799  1  0 98  0  0  0
 1  0 135032 80625316 1709784 73148004    0    0     0 45268 86133 47926  1  0 98  0  0  0
 1  0 135032 80627592 1709784 73148372    0    0     0 45092 85836 47668  1  0 98  0  0  0
 2  0 135032 80626564 1709788 73148732    0    0     0 45140 85936 47596  1  0 98  0  0  0
 1  0 135032 80628600 1709788 73149072    0    0     0 44984 85860 47917  1  0 99  0  0  0
 1  0 135032 80623264 1709788 73149428    0    0     0 44708 86080 48356  1  0 98  0  0  0
 1  0 135032 80624404 1709788 73149784    0    0     0 45168 85944 48047  1  0 98  0  0  0
 1  0 135032 80625272 1709788 73150128    0    0     0 45248 85886 47965  1  0 98  0  0  0
 1  0 135032 80621108 1709788 73150496    0    0     0 44908 86026 47836  1  0 98  0  0  0
 1  0 135032 80627380 1709788 73150836    0    0     0 44736 86027 48392  1  0 98  0  0  0
 1  0 135032 80629092 1709788 73151192    0    0     0 44480 85966 48090  1  0 98  0  0  0
 1  0 135032 80631992 1709788 73151564    0    0     0 44176 85838 48204  1  0 98  0  0  0
 1  0 135032 80631100 1709788 73151904    0    0     0 44468 85973 48250  1  0 98  0  0  0
 3  0 135032 80635408 1709792 73152252    0    0     0 44332 85964 48124  1  0 98  0  0  0
 1  0 135032 80632712 1709792 73152608    0    0     0 44192 85917 47656  1  0 98  0  0  0
 1  0 135032 80633524 1709792 73152956    0    0     0 44564 85828 47734  1  0 98  0  0  0
 1  0 135032 80629888 1709792 73153324    0    0     0 44496 85927 47769  1  0 98  0  0  0
 1  0 135032 80630516 1709792 73153672    0    0     0 44848 86003 48079  1  0 98  0  0  0
 1  0 135032 80629284 1709796 73154020    0    0     0 45204 85878 47991  1  0 98  0  0  0
procs -----------memory---------- ---swap-- -----io---- -system-- -------cpu-------
 r  b   swpd   free   buff  cache   si   so    bi    bo   in   cs us sy id wa st gu
 1  0 135032 80625028 1709796 73154384    0    0     0 44932 85939 47766  1  0 98  0  0  0
 1  0 135032 80626268 1709796 73154728    0    0     0 44904 85873 47830  1  0 98  0  0  0
 2  0 135032 80625488 1709796 73155092    0    0     0 44988 86063 48161  1  0 98  0  0  0
 1  0 135032 80629012 1709796 73155432    0    0     0 44852 85840 47670  1  0 99  0  0  0
 1  0 135032 80630996 1709800 73155824    0    0     0 45204 85873 47844  1  0 98  0  0  0
 1  0 135032 80631668 1709800 73156264    0    0     0 44788 85917 47739  1  0 98  0  0  0
 1  0 135032 80629880 1709800 73156632    0    0     0 45200 86044 48203  1  0 98  0  0  0
 1  0 135032 80626200 1709800 73156972    0    0     0 44700 86018 48495  1  0 98  0  0  0
 1  0 135032 80627216 1709800 73157340    0    0     0 45024 85871 48016  1  0 98  0  0  0
 1  0 135032 80625708 1709800 73157680    0    0     0 44876 86101 48096  1  0 98  0  0  0
 1  0 135032 80626760 1709800 73158048    0    0     0 44816 85914 48104  1  0 98  0  0  0
 1  0 135032 80629648 1709800 73158392    0    0     0 44848 86070 47794  1  0 98  0  0  0
 1  0 135032 80630444 1709800 73158740    0    0     0 44684 85781 47740  1  0 98  0  0  0
 1  0 135032 80630188 1709800 73159104    0    0     0 45296 86020 48177  1  0 98  0  0  0
 1  0 135032 80630492 1709800 73159452    0    0     0 45072 86039 48446  1  0 98  0  0  0
 1  0 135032 80630548 1709800 73159812    0    0     0 45084 86062 48229  1  0 98  0  0  0
 1  0 135032 80627016 1709800 73160184    0    0     0 45032 85851 48032  1  0 98  0  0  0
 1  0 135032 80620908 1709800 73160532    0    0     0 44836 86029 48010  1  0 98  0  0  0
 1  0 135032 80620108 1709800 73160896    0    0     0 44892 85938 48043  1  0 98  0  0  0
 1  0 135032 80616668 1709800 73161240    0    0     0 44840 86146 47672  1  0 98  0  0  0
 2  0 135032 80616292 1709800 73161596    0    0     0 45168 85900 48259  1  0 98  0  0  0
procs -----------memory---------- ---swap-- -----io---- -system-- -------cpu-------
 r  b   swpd   free   buff  cache   si   so    bi    bo   in   cs us sy id wa st gu
 1  0 135032 80618604 1709800 73161956    0    0     0 44840 85864 47887  1  0 98  0  0  0
 1  0 135032 80615320 1709800 73162296    0    0     0 45108 85896 47737  1  0 98  0  0  0
 1  0 135032 80614184 1709800 73162656    0    0     0 45424 85882 47684  1  0 98  0  0  0
 1  0 135032 80615560 1709800 73163016    0    0     0 45340 85874 47913  1  0 98  0  0  0
 1  0 135032 80616672 1709800 73163356    0    0     0 44596 85774 47885  1  0 98  0  0  0
 1  0 135032 80613280 1709800 73163716    0    0     0 44480 85985 48326  1  0 98  0  0  0
 2  0 135032 80613540 1709800 73164060    0    0     0 44312 85822 48446  1  0 98  0  0  0
 1  0 135032 80608696 1709800 73164424    0    0     0 44532 85863 48231  1  0 98  0  0  0
 1  0 135032 80613652 1709800 73164772    0    0     0 45144 85886 47714  1  0 98  0  0  0
 0  1 135032 80613184 1709800 73165116    0    0     0 44748 85961 48346  1  0 98  0  0  0
 1  0 135032 80612328 1709800 73165488    0    0     0 45140 85883 48511  1  0 98  0  0  0
 1  0 135032 80608932 1709800 73165844    0    0     0 45332 86139 48218  1  0 98  0  0  0
 1  0 135032 80610140 1709800 73166188    0    0     0 44892 85910 48132  1  0 98  0  0  0
 1  0 135032 80605468 1709804 73166544    0    0     0 44756 85897 48010  1  0 98  0  0  0
 1  0 135032 80612956 1709804 73166888    0    0     0 45756 85962 47969  1  0 98  0  0  0
 1  0 135032 80610576 1709804 73167284    0    0     0 45124 85839 47563  1  0 98  0  0  0
 2  0 135032 80608032 1709804 73167648    0    0     0 44896 85974 47881  1  0 98  0  0  0
 2  0 135032 80605572 1709804 73167992    0    0     0 44524 85906 47733  1  0 98  0  0  0
 1  0 135032 80608636 1709804 73168344    0    0     0 44760 86107 48210  1  0 99  0  0  0
 1  0 135032 80605764 1709804 73168728    0    0     0 45232 85857 47828  1  0 98  0  0  0
 1  0 135032 80601564 1709804 73169068    0    0     0 45380 85976 48438  1  0 98  0  0  0
procs -----------memory---------- ---swap-- -----io---- -system-- -------cpu-------
 r  b   swpd   free   buff  cache   si   so    bi    bo   in   cs us sy id wa st gu
 1  0 135032 80604584 1709804 73169428    0    0     0 45264 85918 48558  1  0 98  0  0  0
 1  0 135032 80605608 1709804 73169768    0    0     0 44764 86013 48593  1  0 98  0  0  0
 1  0 135032 80605060 1709804 73170120    0    0     0 44908 85811 48449  1  0 98  0  0  0
 1  0 135032 80602404 1709804 73170492    0    0     0 44796 85858 48524  1  0 98  0  0  0
 1  0 135032 80602772 1709804 73170836    0    0     0 44732 86015 48658  1  0 98  0  0  0
 1  0 135032 80603020 1709804 73171192    0    0     0 44680 85716 48344  1  0 98  0  0  0
 1  0 135032 80600008 1709804 73171532    0    0     0 45356 86035 48860  1  0 98  0  0  0
 1  0 135032 80598108 1709808 73171864    0    0     0 45988 85756 48139  1  0 98  0  0  0
 1  0 135032 80596240 1709808 73172240    0    0     0 46116 86075 47860  1  0 98  0  0  0
 1  0 135032 80600548 1709808 73172604    0    0     0 46240 85879 48005  1  0 98  0  0  0
 1  0 135032 80609924 1709808 73172960    0    0     0 46256 86041 48080  1  0 98  0  0  0
 1  0 135032 80604964 1709808 73173304    0    0     0 46188 85784 47934  1  0 98  0  0  0
 2  0 135032 80605548 1709816 73173632    0    0     0 46292 86121 48289  1  0 98  0  0  0
 1  0 135032 80608608 1709816 73174020    0    0     0 46240 85943 47838  1  0 98  0  0  0
 2  0 135032 80636376 1709820 73174348    0    0     0 46596 86158 47758  1  0 98  0  0  0
 2  0 135032 80636808 1709820 73174740    0    0     0 46848 85842 47920  1  0 98  0  0  0
 1  0 135032 80639680 1709828 73175068    0    0     0 47532 86218 48435  1  0 98  0  0  0
 1  0 135032 80640940 1709828 73175444    0    0     0 46940 85847 48149  1  0 98  0  0  0
 1  0 135032 80637668 1709828 73175764    0    0     0 46688 86021 48258  1  0 98  0  0  0
 1  0 135032 80636348 1709828 73176144    0    0     0 46420 85802 47662  1  0 98  0  0  0
 1  0 135032 80639564 1709828 73176500    0    0     0 46564 86084 48126  1  0 98  0  0  0
procs -----------memory---------- ---swap-- -----io---- -system-- -------cpu-------
 r  b   swpd   free   buff  cache   si   so    bi    bo   in   cs us sy id wa st gu
 1  0 135032 80634684 1709836 73176864    0    0     0 47072 85917 47980  1  0 98  0  0  0
 1  0 135032 80637396 1709836 73177204    0    0     0 47852 85995 48201  1  0 98  0  0  0
 1  0 135032 80635552 1709836 73177632    0    0     0 48316 85946 48224  1  0 98  0  0  0
 1  0 135032 80631384 1709836 73177996    0    0     0 48364 86046 48499  1  0 98  0  0  0
 1  0 135032 80630148 1709836 73178344    0    0     0 48128 86130 48167  1  0 98  0  0  0
 1  0 135032 80628496 1709840 73178712    0    0     0 47808 85905 48070  1  0 98  0  0  0
 1  0 135032 80628428 1709840 73179064    0    0     0 47596 86105 48211  1  0 98  0  0  0
 1  0 135032 80634600 1709840 73179392    0    0     0 47872 86044 48152  1  0 98  0  0  0
 1  0 135032 80634332 1709840 73179780    0    0     0 48188 86060 48336  1  0 98  0  0  0
 1  0 135032 80628240 1709840 73180100    0    0     0 48544 85960 48133  1  0 98  0  0  0
 1  0 135032 80621888 1709844 73180500    0    0     0 47632 85980 47955  1  0 98  0  0  0
 2  0 135032 80619360 1709844 73180828    0    0     0 47440 86090 48483  1  0 98  0  0  0
 1  0 135032 80628964 1709844 73181184    0    0     0 47328 86143 48855  1  0 99  0  0  0
 1  0 135032 80631860 1709844 73181528    0    0     0 47492 86007 48449  1  0 98  0  0  0
 1  0 135032 80633384 1709844 73181932    0    0     0 47616 85986 48293  1  0 98  0  0  0
 1  0 135032 80635496 1709852 73182268    0    0     0 47448 86213 48328  1  0 98  0  0  0
 1  0 135032 80634004 1709852 73182616    0    0     0 47324 85917 48443  1  0 98  0  0  0
 1  0 135032 80631980 1709852 73182980    0    0     0 47176 86077 48615  1  0 98  0  0  0
 1  0 135032 80629284 1709852 73183340    0    0     0 47136 85943 48686  1  0 98  0  0  0
 1  0 135032 80627820 1709852 73183672    0    0     0 47344 86162 48556  1  0 98  0  0  0
 1  0 135032 80624256 1709856 73184028    0    0     0 47488 85930 48297  1  0 98  0  0  0
procs -----------memory---------- ---swap-- -----io---- -system-- -------cpu-------
 r  b   swpd   free   buff  cache   si   so    bi    bo   in   cs us sy id wa st gu
 1  0 135032 80628412 1709856 73184356    0    0     0 47004 86037 47757  1  0 98  0  0  0
 1  0 135032 80623736 1709856 73184720    0    0     0 46992 86037 48662  1  0 98  0  0  0
 1  0 135032 80628292 1709856 73185064    0    0     0 47428 86133 49088  1  0 98  0  0  0
 1  0 135032 80630356 1709856 73185420    0    0     0 47284 86086 48795  1  0 98  0  0  0
 1  0 135032 80622740 1709864 73185780    0    0     0 47564 86013 48515  1  0 98  0  0  0
 2  0 135032 80619964 1709864 73186136    0    0     0 47180 86079 47779  1  0 98  0  0  0
 1  0 135032 80615164 1709864 73186496    0    0     0 47196 85994 48188  1  0 98  0  0  0
 1  0 135032 80617436 1709864 73186856    0    0     0 47336 86101 48066  1  0 98  0  0  0
 2  0 135032 80613760 1709864 73187216    0    0     0 47444 85836 48023  1  0 98  0  0  0
 1  0 135032 80623508 1709872 73187544    0    0     0 47468 86118 47810  1  0 99  0  0  0
 1  0 135032 80619628 1709872 73187908    0    0     0 47232 85910 47941  1  0 98  0  0  0
 1  0 135032 80625292 1709872 73188248    0    0     0 47464 86128 47947  1  0 98  0  0  0
 1  0 135032 80621516 1709872 73188628    0    0     0 47308 85796 47901  1  0 98  0  0  0
 1  0 135032 80620408 1709872 73189016    0    0     0 47208 85996 47707  1  0 98  0  0  0
 1  0 135032 80615492 1709880 73189328    0    0     0 47024 85932 47552  1  0 98  0  0  0
 1  0 135032 80615168 1709880 73189668    0    0     0 46744 85976 47635  1  0 98  0  0  0
 1  0 135032 80614160 1709880 73190028    0    0     0 46580 85897 47735  1  0 98  0  0  0
 1  0 135032 80621784 1709880 73190360    0    0     0 46900 86044 47950  1  0 98  0  0  0
 1  0 135032 80620872 1709880 73190728    0    0     0 46916 85987 47915  1  0 98  0  0  0
 2  0 135032 80616996 1709884 73191072    0    0     0 48164 85872 47566  1  0 98  0  0  0
 1  0 135032 80614808 1709884 73191428    0    0     0 46860 85929 47736  1  0 98  0  0  0
procs -----------memory---------- ---swap-- -----io---- -system-- -------cpu-------
 r  b   swpd   free   buff  cache   si   so    bi    bo   in   cs us sy id wa st gu
 1  0 135032 80616984 1709884 73191788    0    0     0 46600 85957 47744  1  0 98  0  0  0
 1  0 135032 80615460 1709884 73192156    0    0     0 46640 85969 47960  1  0 98  0  0  0
 2  0 135032 80616912 1709884 73192476    0    0     0 46268 85885 47618  1  0 98  0  0  0
 1  0 135032 80614716 1709892 73192856    0    0     0 46644 85887 47713  1  0 98  0  0  0
 1  0 135032 80610844 1709892 73193204    0    0     0 45964 85847 47613  1  0 98  0  0  0
 2  0 135032 80608240 1709892 73193540    0    0     0 46220 85933 47856  1  0 98  0  0  0
 2  0 135032 80613160 1709892 73193920    0    0     0 46040 85887 47502  1  0 99  0  0  0
 1  0 135032 80613840 1709892 73194264    0    0     0 46300 85830 47525  1  0 98  0  0  0
 1  0 135032 80616096 1709892 73194620    0    0     0 46408 85962 47536  1  0 98  0  0  0
 1  0 135032 80617268 1709892 73194968    0    0     0 46068 85883 47961  1  0 98  0  0  0
 1  0 135032 80610164 1709892 73195312    0    0     0 46288 85991 47757  1  0 98  0  0  0
 1  0 135032 80607860 1709892 73195712    0    0     0 46284 85844 47632  1  0 98  0  0  0
 1  0 135032 80600048 1709892 73196024    0    0     0 46620 85985 47953  1  0 98  0  0  0
 1  0 135032 80604028 1709896 73196376    0    0     0 47144 85975 48103  1  0 98  0  0  0
 1  0 135032 80602680 1709896 73196732    0    0     0 47336 86034 47866  1  0 98  0  0  0
 1  0 135032 80603684 1709896 73197080    0    0     0 47132 85895 47723  1  0 98  0  0  0
 1  0 135032 80600688 1709896 73197440    0    0     0 46984 85879 47355  1  0 98  0  0  0
 0  1 135032 80604812 1709896 73197796    0    0     0 47040 86019 47933  1  0 98  0  0  0
 1  0 135032 80602364 1709900 73198132    0    0     0 46920 85894 47637  1  0 98  0  0  0
 1  0 135032 80605772 1709900 73198508    0    0     0 46704 85980 47576  1  0 98  0  0  0
 1  0 135032 80604532 1709900 73198904    0    0     0 46420 85808 47788  1  0 98  0  0  0
procs -----------memory---------- ---swap-- -----io---- -system-- -------cpu-------
 r  b   swpd   free   buff  cache   si   so    bi    bo   in   cs us sy id wa st gu
 1  0 135032 80602340 1709900 73199252    0    0     0 46420 85975 47762  1  0 98  0  0  0
 1  0 135032 80600888 1709900 73199600    0    0     0 46496 85854 47719  1  0 98  0  0  0
 2  0 135032 80597516 1709904 73199976    0    0     0 46504 85906 47677  1  0 98  0  0  0
 1  0 135032 80604708 1709904 73200320    0    0     0 47024 85846 47637  1  0 99  0  0  0
 1  0 135032 80603600 1709904 73200664    0    0     0 46624 86021 47455  1  0 98  0  0  0
 1  0 135032 80601788 1709904 73201020    0    0     0 46700 85881 47748  1  0 98  0  0  0
 1  0 135032 80603068 1709904 73201372    0    0     0 46784 85920 47627  1  0 98  0  0  0
 1  0 135032 80597212 1709908 73201732    0    0     0 46508 85897 47640  1  0 98  0  0  0
 1  0 135032 80597172 1709908 73202068    0    0     0 47460 85918 48176  1  0 98  0  0  0
 1  0 135032 80600040 1709908 73202460    0    0     0 46756 85869 47867  1  0 98  0  0  0
 1  0 135032 80600168 1709908 73202764    0    0     0 46896 85928 47572  1  0 98  0  0  0
 1  0 135032 80601856 1709908 73203132    0    0     0 46700 85855 47508  1  0 98  0  0  0
 1  0 135032 80601552 1709916 73203488    0    0     0 46792 86037 47837  1  0 98  0  0  0
 1  0 135032 80596876 1709916 73203808    0    0     0 47388 85929 47915  1  0 98  0  0  0
 1  0 135032 80590000 1709916 73204180    0    0     0 47260 85901 47562  1  0 98  0  0  0
 1  0 135032 80585784 1709916 73204524    0    0     0 47240 85824 47614  1  0 98  0  0  0
 1  0 135032 80586080 1709916 73204892    0    0     0 46868 86017 47771  1  0 98  0  0  0
 1  0 135032 80590048 1709920 73205252    0    0     0 46876 85865 48194  1  0 98  0  0  0
 1  0 135032 80584752 1709920 73205584    0    0     0 46672 85947 47931  1  0 98  0  0  0
 1  0 135032 80587256 1709920 73205940    0    0     0 47044 85905 47799  1  0 98  0  0  0
 3  0 135032 80586728 1709920 73206340    0    0     0 46920 86156 47884  1  0 98  0  0  0
procs -----------memory---------- ---swap-- -----io---- -system-- -------cpu-------
 r  b   swpd   free   buff  cache   si   so    bi    bo   in   cs us sy id wa st gu
 1  0 135032 80586584 1709920 73206720    0    0     0 46968 85905 48065  1  0 99  0  0  0
 1  0 135032 80587944 1709924 73207060    0    0     0 47024 85992 48110  1  0 98  0  0  0
 4  0 135032 80584680 1709924 73207408    0    0     0 46792 85811 48390  1  0 98  0  0  0
 1  0 135032 80584284 1709924 73207784    0    0     0 46660 86052 48371  1  0 98  0  0  0
 1  0 135032 80581912 1709924 73208100    0    0     0 46980 85863 48303  1  0 98  0  0  0
 1  0 135032 80587728 1709924 73208440    0    0     0 46848 86018 47787  1  0 98  0  0  0
 1  0 135032 80587532 1709932 73208840    0    0     0 47008 85842 47670  1  0 98  0  0  0
 1  0 135032 80586632 1709932 73209188    0    0     0 46764 86091 47943  1  0 98  0  0  0
 1  0 135032 80583908 1709932 73209536    0    0     0 46740 85914 48112  1  0 98  0  0  0
 1  0 135032 80581484 1709932 73209884    0    0     0 47020 85861 48290  1  0 98  0  0  0
 1  0 135032 80581036 1709932 73210188    0    0     0 46816 85942 48368  1  0 98  0  0  0
 1  0 135032 80583404 1709940 73210568    0    0     0 46996 86013 48714  1  0 98  0  0  0
 1  0 135032 80581084 1709940 73210960    0    0     0 46776 86058 48169  1  0 98  0  0  0
 2  0 135032 80579572 1709940 73211268    0    0     0 46620 85883 47834  1  0 98  0  0  0
 1  0 135032 80580272 1709940 73211648    0    0     0 46340 85944 47344  1  0 98  0  0  0
 2  0 135032 80579664 1709940 73212004    0    0     0 46388 85965 47824  1  0 98  0  0  0
 1  0 135032 80583556 1709948 73212324    0    0     0 46060 85893 47691  1  0 98  0  0  0
 2  0 135032 80581832 1709948 73212684    0    0     0 46888 85814 48053  1  0 98  0  0  0
 2  0 135032 80581616 1709948 73213040    0    0     0 46040 85887 48229  1  0 99  0  0  0
 1  0 135032 80582928 1709948 73213404    0    0     0 46456 86010 47715  1  0 98  0  0  0
 1  0 135032 80577616 1709948 73213704    0    0     0 46296 85812 47651  1  0 98  0  0  0
procs -----------memory---------- ---swap-- -----io---- -system-- -------cpu-------
 r  b   swpd   free   buff  cache   si   so    bi    bo   in   cs us sy id wa st gu
 1  0 135032 80578904 1709956 73214064    0    0     0 46872 85940 47303  1  0 98  0  0  0
 1  0 135032 80581564 1709956 73214400    0    0     0 46456 85844 47586  1  0 98  0  0  0
 1  0 135032 80581760 1709956 73214756    0    0     0 46836 86043 47934  1  0 98  0  0  0
 0  1 135032 80578408 1709956 73215116    0    0     0 46596 85872 47743  1  0 98  0  0  0
 1  0 135032 80581980 1709956 73215480    0    0     0 46572 85871 47530  1  0 98  0  0  0
 1  0 135032 80580188 1709960 73215812    0    0     0 46572 85803 47789  1  0 98  0  0  0
 1  0 135032 80577788 1709960 73216168    0    0     0 46612 86019 47762  1  0 98  0  0  0
 1  0 135032 80578096 1709960 73216520    0    0     0 46612 85888 47310  1  0 98  0  0  0
 1  0 135032 80576964 1709960 73216892    0    0     0 46708 85887 47861  1  0 98  0  0  0
 1  0 135032 80579780 1709960 73217256    0    0     0 46280 85930 48233  1  0 98  0  0  0
 1  0 135032 80580696 1709968 73217604    0    0     0 46060 85835 47833  1  0 98  0  0  0
 2  0 135032 80557784 1709968 73217952    0    0     0 46252 85960 49361  1  1 98  0  0  0
 1  0 135032 80547524 1709968 73218340    0    0     0 46224 85823 51353  1  1 98  0  0  0
 1  0 135032 80544664 1709968 73218752    0    0     0 46356 85988 47712  1  0 98  0  0  0
 2  0 135032 80545968 1709968 73219156    0    0     0 46288 85838 48436  1  0 99  0  0  0
 1  0 135032 80546488 1709980 73219500    0    0     0 46424 85988 48261  1  0 99  0  0  0
 1  0 135032 80547024 1709980 73219852    0    0     0 46280 85866 48402  1  0 98  0  0  0
 1  0 135032 80549136 1709980 73220300    0    0     0 45816 85917 48383  1  0 98  0  0  0
 1  0 135032 80546368 1709980 73220660    0    0     0 45960 85949 48570  1  0 98  0  0  0
 1  0 135032 80550740 1709980 73220980    0    0     0 46208 85883 48039  1  0 98  0  0  0
 1  0 135032 80550744 1709988 73221356    0    0     0 46088 85905 48161  1  0 98  0  0  0
procs -----------memory---------- ---swap-- -----io---- -system-- -------cpu-------
 r  b   swpd   free   buff  cache   si   so    bi    bo   in   cs us sy id wa st gu
 1  0 135032 80543376 1709988 73221696    0    0     0 46276 86006 49381  1  0 98  0  0  0
 1  0 135032 80544692 1709988 73222028    0    0     0 46412 85878 48187  1  0 98  0  0  0
 1  0 135032 80549596 1709988 73222420    0    0     0 46228 85851 47486  1  0 98  0  0  0
 1  0 135032 80549220 1709988 73222756    0    0     0 46108 85831 47685  1  0 98  0  0  0
 1  0 135032 80551532 1709996 73223100    0    0     0 46316 85932 47683  1  0 98  0  0  0
 2  0 135032 80546640 1709996 73223476    0    0     0 46860 85886 48014  1  0 98  0  0  0
 1  0 135032 80545800 1709996 73223796    0    0     0 46608 85989 47834  1  0 98  0  0  0
 1  0 135032 80542580 1709996 73224172    0    0     0 46500 85795 47839  1  0 98  0  0  0
 2  0 135032 80548128 1709996 73224504    0    0     0 47032 86024 48132  1  0 98  0  0  0
 1  0 135032 80544852 1710000 73224872    0    0     0 46460 85923 48175  1  0 98  0  0  0
 1  0 135032 80544012 1710000 73225276    0    0     0 46280 85916 48012  1  0 98  0  0  0
 2  0 135032 80546696 1710000 73225580    0    0     0 46848 85798 47863  1  0 98  0  0  0
 1  0 135032 80546980 1710000 73225936    0    0     0 45792 85954 48085  1  0 99  0  0  0
 1  0 135032 80549456 1710000 73226280    0    0     0 45820 86055 48231  1  0 98  0  0  0
 1  0 135032 80551016 1710008 73226632    0    0     0 45644 85835 48384  1  0 98  0  0  0
 1  0 135032 80550204 1710008 73226996    0    0     0 45712 86005 48081  1  0 98  0  0  0
 1  0 135032 80554724 1710008 73227328    0    0     0 46108 85851 48093  1  0 98  0  0  0
 1  0 135032 80555552 1710008 73227736    0    0     0 46036 86079 48310  1  0 98  0  0  0
 1  0 135032 80554168 1710008 73228060    0    0     0 45752 85962 47684  1  0 98  0  0  0
 1  0 135032 80552140 1710016 73228380    0    0     0 45972 86087 48086  1  0 98  0  0  0
 1  0 135032 80554368 1710016 73228780    0    0     0 45508 86024 48005  1  0 98  0  0  0
procs -----------memory---------- ---swap-- -----io---- -system-- -------cpu-------
 r  b   swpd   free   buff  cache   si   so    bi    bo   in   cs us sy id wa st gu
 1  0 135032 80552996 1710016 73229112    0    0     0 45748 86514 47574  1  0 98  0  0  0
 1  0 135032 80549760 1710016 73229472    0    0     0 45664 85981 48453  1  0 98  0  0  0
 1  0 135032 80549228 1710016 73229828    0    0     0 45988 85937 48007  1  0 98  0  0  0
 1  0 135032 80545992 1710016 73230160    0    0     0 45628 86366 47061  1  0 98  0  0  0
 1  0 135032 80551000 1710016 73230492    0    0     0 45860 86388 47314  1  0 98  0  0  0
 1  0 135032 80551120 1710016 73230840    0    0     0 45940 86013 48069  1  0 98  0  0  0
 1  0 135032 80554580 1710016 73231156    0    0     0 46076 85946 48232  1  0 98  0  0  0
 1  0 135032 80550120 1710016 73231532    0    0     0 45820 86246 47905  1  0 98  0  0  0
 2  0 135032 80552488 1710020 73231876    0    0     0 46216 86503 47503  1  0 98  0  0  0
 1  0 135032 80556060 1710020 73232204    0    0     0 46144 86375 47444  1  0 99  0  0  0
 1  0 135032 80555060 1710020 73232496    0    0     0 46004 86100 48015  1  0 98  0  0  0
 1  0 135032 80553068 1710020 73232864    0    0     0 46336 86222 48109  1  0 98  0  0  0
 1  0 135032 80551676 1710020 73233232    0    0     0 46060 86272 48116  1  0 98  0  0  0
 1  0 135032 80553828 1710024 73233568    0    0     0 46000 85960 47488  1  0 98  0  0  0
 1  0 135032 80550120 1710024 73233920    0    0     0 45824 86492 47223  1  0 98  0  0  0
 1  0 135032 80548200 1710024 73234248    0    0     0 45804 86382 47616  1  0 98  0  0  0
 1  0 135032 80551008 1710024 73234544    0    0     0 46112 86498 47972  1  0 98  0  0  0
 1  0 135032 80546976 1710024 73234912    0    0     0 45904 86239 47427  1  0 98  0  0  0
 1  0 135032 80542628 1710032 73235220    0    0     0 45644 86234 48331  1  0 98  0  0  0
 1  0 135032 80539264 1710032 73235556    0    0     0 45704 85883 48379  1  0 98  0  0  0
 1  0 135032 80543212 1710032 73235940    0    0     0 45260 86358 47974  1  0 98  0  0  0
procs -----------memory---------- ---swap-- -----io---- -system-- -------cpu-------
 r  b   swpd   free   buff  cache   si   so    bi    bo   in   cs us sy id wa st gu
 2  0 135032 80543616 1710032 73236280    0    0     0 46456 86288 47682  1  0 98  0  0  0
 1  0 135032 80540456 1710032 73236604    0    0     0 45268 86533 47286  1  0 98  0  0  0
 1  0 135032 80536840 1710040 73236932    0    0     0 45640 86043 48716  1  0 98  0  0  0
 1  0 135032 80536612 1710040 73237272    0    0     0 45724 86086 48619  1  0 98  0  0  0
 1  0 135032 80535716 1710040 73237672    0    0     0 45892 85738 48059  1  0 98  0  0  0
 3  0 135032 80532204 1710040 73238008    0    0     0 46172 85809 48255  1  0 98  0  0  0
 4  0 135032 80535196 1710040 73238348    0    0     0 45632 85811 48087  1  0 98  0  0  0
 1  0 135032 80537056 1710048 73238720    0    0     0 45308 85997 48105  1  0 98  0  0  0
 1  0 135032 80538724 1710048 73239060    0    0     0 45088 85651 48134  1  0 98  0  0  0
 1  0 135032 80541344 1710048 73239384    0    0     0 45216 85819 48332  1  0 98  0  0  0
 1  0 135032 80541748 1710048 73239744    0    0     0 45472 85787 48078  1  0 98  0  0  0
 1  0 135032 80546724 1710048 73240088    0    0     0 45368 85951 48284  1  0 98  0  0  0
 1  0 135032 80543432 1710052 73240472    0    0     0 45212 85797 48419  1  0 98  0  0  0
 1  0 135032 80543492 1710052 73240820    0    0     0 45308 85805 48148  1  0 98  0  0  0
 1  0 135032 80543168 1710052 73241236    0    0     0 45096 85756 48241  1  0 98  0  0  0
 1  0 135032 80547120 1710052 73241576    0    0     0 44976 85870 48286  1  0 98  0  0  0
 2  0 135032 80545948 1710052 73241948    0    0     0 44896 85787 48005  1  0 98  0  0  0
 1  0 135032 80545324 1710056 73242268    0    0     0 45096 85878 48440  1  0 98  0  0  0
 1  0 135032 80543988 1710056 73242636    0    0     0 45164 85915 48327  1  0 98  0  0  0
 1  0 135032 80540972 1710056 73242992    0    0     0 45164 85840 48275  1  0 98  0  0  0
 1  0 135032 80544116 1710056 73243332    0    0     0 45052 85810 48276  1  0 98  0  0  0
procs -----------memory---------- ---swap-- -----io---- -system-- -------cpu-------
 r  b   swpd   free   buff  cache   si   so    bi    bo   in   cs us sy id wa st gu
 1  0 135032 80544392 1710056 73243728    0    0     0 45480 85768 48098  1  0 98  0  0  0
 2  0 135032 80542060 1710056 73244068    0    0     0 45196 85818 47840  1  0 98  0  0  0
 2  0 135032 80540180 1710056 73244428    0    0     0 45228 85847 47663  1  0 98  0  0  0
 1  0 135032 80549120 1710056 73244724    0    0     0 45480 85876 47719  1  0 99  0  0  0
 1  0 135032 80550248 1710056 73245132    0    0     0 45508 85831 47737  1  0 98  0  0  0
 1  0 135032 80548468 1710056 73245472    0    0     0 45564 85781 47693  1  0 98  0  0  0
 1  0 135032 80544836 1710064 73245808    0    0     0 45608 85928 48125  1  0 98  0  0  0
 1  0 135032 80544024 1710064 73246220    0    0     0 45388 85772 48244  1  0 98  0  0  0
 1  0 135032 80540828 1710064 73246564    0    0     0 45172 85864 48273  1  0 98  0  0  0
 1  0 135032 80545848 1710064 73246880    0    0     0 45236 85811 48397  1  0 98  0  0  0
 1  0 135032 80548120 1710064 73247256    0    0     0 46144 85924 48088  1  0 98  0  0  0
 1  0 135032 80548832 1710072 73247604    0    0     0 45480 85871 47897  1  0 98  0  0  0
 2  0 135032 80543196 1710072 73247988    0    0     0 44988 85716 47574  1  0 98  0  0  0
 1  0 135032 80541444 1710072 73248316    0    0     0 44724 85848 48135  1  0 98  0  0  0
 1  0 135032 80542748 1710072 73248648    0    0     0 44932 85777 48398  1  0 98  0  0  0
 1  0 135032 80540664 1710072 73249052    0    0     0 45080 85913 48219  1  0 98  0  0  0
 1  0 135032 80538652 1710076 73249372    0    0     0 45268 85684 48226  1  0 98  0  0  0
 1  0 135032 80535392 1710076 73249708    0    0     0 45320 85962 48469  1  0 98  0  0  0
 1  0 135032 80535524 1710076 73250072    0    0     0 45340 85834 48581  1  0 98  0  0  0
 1  0 135032 80536020 1710076 73250480    0    0     0 45008 85788 47920  1  0 98  0  0  0
 2  0 135032 80531648 1710076 73250844    0    0     0 44844 85809 47840  1  0 98  0  0  0
procs -----------memory---------- ---swap-- -----io---- -system-- -------cpu-------
 r  b   swpd   free   buff  cache   si   so    bi    bo   in   cs us sy id wa st gu
 1  0 135032 80530768 1710076 73251176    0    0     0 45448 85898 48113  1  0 99  0  0  0
 0  1 135032 80533940 1710076 73251540    0    0     0 45396 85887 48046  1  0 98  0  0  0
 1  0 135032 80533356 1710076 73251912    0    0     0 45788 85814 47730  1  0 98  0  0  0
 1  0 135032 80530108 1710076 73252256    0    0     0 45400 85810 47799  1  0 98  0  0  0
 2  0 135032 80529460 1710076 73252600    0    0     0 45352 86027 47983  1  0 98  0  0  0
 2  1 135032 80530560 1710080 73252980    0    0     0 45016 85814 48371  1  0 98  0  0  0
 2  0 135032 80532412 1710080 73253320    0    0     0 45244 85896 48336  1  0 98  0  0  0
 1  0 135032 80529916 1710080 73253680    0    0     0 45220 85727 48306  1  0 98  0  0  0
 1  0 135032 80530612 1710080 73254020    0    0     0 45404 85934 48215  1  0 98  0  0  0
 1  0 135032 80535764 1710080 73254372    0    0     0 45160 85861 48441  1  0 98  0  0  0
 1  0 135032 80534592 1710084 73254744    0    0     0 45248 85913 48260  1  0 98  0  0  0
 2  0 135032 80532548 1710084 73255096    0    0     0 45060 85712 48445  1  0 98  0  0  0
 1  0 135032 80531700 1710084 73255432    0    0     0 45056 85927 48165  1  0 98  0  0  0
 1  0 135032 80526568 1710084 73255788    0    0     0 45348 86006 48071  1  0 98  0  0  0
 1  0 135032 80528896 1710084 73256140    0    0     0 45148 85884 47927  1  0 98  0  0  0
 1  0 135032 80527184 1710084 73256504    0    0     0 45252 85979 48360  1  0 98  0  0  0
 1  0 135032 80523924 1710084 73256840    0    0     0 45656 85879 48669  1  0 98  0  0  0
 2  0 135032 80520312 1710084 73257184    0    0     0 45800 86004 48077  1  0 98  0  0  0
 1  0 135032 80521000 1710084 73257568    0    0     0 45704 85808 47798  1  0 99  0  0  0
 1  0 135032 80525592 1710084 73257912    0    0     0 46256 85957 48040  1  0 98  0  0  0
 1  0 135032 80524100 1710088 73258260    0    0     0 45752 85796 48157  1  0 98  0  0  0
procs -----------memory---------- ---swap-- -----io---- -system-- -------cpu-------
 r  b   swpd   free   buff  cache   si   so    bi    bo   in   cs us sy id wa st gu
 1  0 135032 80526616 1710088 73258628    0    0     0 45896 86013 48099  1  0 98  0  0  0
 1  0 135032 80527976 1710088 73258968    0    0     0 46832 85843 48221  1  0 98  0  0  0
 1  0 135032 80521792 1710088 73259328    0    0     0 47164 85862 48311  1  0 98  0  0  0
 1  0 135032 80527364 1710088 73259692    0    0     0 47384 85949 48505  1  0 98  0  0  0
 1  0 135032 80522924 1710096 73260032    0    0     0 47140 85964 48671  1  0 98  0  0  0
 1  0 135032 80521520 1710096 73260388    0    0     0 47036 86059 48411  1  0 98  0  0  0
 2  0 135032 80518156 1710096 73260756    0    0     0 46972 85784 48173  1  0 98  0  0  0
 1  0 135032 80515860 1710096 73261112    0    0     0 47032 85946 48565  1  0 98  0  0  0
 1  0 135032 80518672 1710096 73261472    0    0     0 47156 85933 48679  1  0 98  0  0  0
 1  0 135032 80519608 1710104 73261800    0    0     0 47460 85876 48519  1  0 98  0  0  0
 1  0 135032 80517904 1710104 73262172    0    0     0 47216 85816 48579  1  0 98  0  0  0
 1  0 135032 80522236 1710104 73262592    0    0     0 46592 85901 48550  1  0 98  0  0  0
 1  0 135032 80523336 1710104 73262944    0    0     0 46772 85951 48660  1  0 98  0  0  0
 6  0 135032 80517660 1710104 73263304    0    0     0 46748 85824 48087  1  0 98  0  0  0
 2  0 135032 80514408 1710104 73263644    0    0     0 47156 85902 47794  1  0 98  0  0  0
 1  0 135032 80516852 1710108 73264004    0    0     0 46780 85766 47881  1  0 98  0  0  0
 1  0 135032 80519800 1710108 73264376    0    0     0 46732 86011 48603  1  0 98  0  0  0
 1  0 135032 80514568 1710108 73264732    0    0     0 46584 85745 48385  1  0 98  0  0  0
 1  0 135032 80515924 1710108 73265088    0    0     0 46940 85942 48376  1  0 98  0  0  0
 2  0 135032 80517944 1710108 73265432    0    0     0 47036 85751 48593  1  0 98  0  0  0
 1  0 135032 80515932 1710116 73265792    0    0     0 47096 86049 48577  1  0 98  0  0  0
procs -----------memory---------- ---swap-- -----io---- -system-- -------cpu-------
 r  b   swpd   free   buff  cache   si   so    bi    bo   in   cs us sy id wa st gu
 1  0 135032 80515428 1710116 73266160    0    0     0 46836 85810 48524  1  0 98  0  0  0
 1  0 135032 80509772 1710116 73266496    0    0     0 46644 85860 48281  1  0 98  0  0  0
 1  0 135032 80506064 1710116 73266840    0    0     0 46672 85795 48467  1  0 98  0  0  0
 1  0 135032 80515536 1710116 73267192    0    0     0 46860 86016 48017  1  0 98  0  0  0
 2  1 135032 80510756 1710124 73267552    0    0     0 47068 85836 47704  1  0 98  0  0  0
 4  0 135032 80511916 1710124 73267904    0    0     0 47108 85874 47658  1  0 98  0  0  0
 1  0 135032 80509836 1710124 73268256    0    0     0 47004 85846 47998  1  0 98  0  0  0
 1  0 135032 80505380 1710124 73268616    0    0     0 47292 85991 48037  1  0 98  0  0  0
 1  0 135032 80507388 1710124 73268976    0    0     0 47184 85793 47874  1  0 98  0  0  0
 1  0 135032 80507428 1710128 73269316    0    0     0 47444 85962 47847  1  0 98  0  0  0
 1  0 135032 80504244 1710128 73269660    0    0     0 47004 85782 47767  1  0 98  0  0  0
 1  0 135032 80507400 1710128 73270032    0    0     0 46976 86025 47894  1  0 98  0  0  0
 2  0 135032 80512272 1710128 73270372    0    0     0 47216 85775 47864  1  0 98  0  0  0
 1  0 135032 80509444 1710128 73270732    0    0     0 48092 85945 48452  1  0 98  0  0  0
 2  0 135032 80506012 1710132 73271072    0    0     0 47368 85890 48583  1  0 98  0  0  0
 1  0 135032 80505088 1710132 73271436    0    0     0 47076 85972 48371  1  0 98  0  0  0
 1  0 135032 80502432 1710132 73271808    0    0     0 47500 85892 48656  1  0 98  0  0  0
 1  0 135032 80502288 1710132 73272172    0    0     0 47148 85835 48377  1  0 98  0  0  0
 1  0 135032 80506592 1710132 73272492    0    0     0 47580 85913 48531  1  0 98  0  0  0
 1  0 135032 80503508 1710132 73272852    0    0     0 47272 86013 48464  1  0 98  0  0  0
 1  0 135032 80504860 1710132 73273200    0    0     0 47172 85889 48633  1  0 98  0  0  0
procs -----------memory---------- ---swap-- -----io---- -system-- -------cpu-------
 r  b   swpd   free   buff  cache   si   so    bi    bo   in   cs us sy id wa st gu
 2  0 135032 80505948 1710132 73273552    0    0     0 47176 85792 48577  1  0 98  0  0  0
 1  0 135032 80505828 1710132 73273928    0    0     0 46980 85898 47935  1  0 98  0  0  0
 1  0 135032 80507056 1710132 73274300    0    0     0 47008 85898 48101  1  0 98  0  0  0
 1  0 135032 80502696 1710140 73274636    0    0     0 47332 85901 48621  1  0 98  0  0  0
 1  0 135032 80498552 1710140 73274984    0    0     0 47020 85778 48368  1  0 98  0  0  0
 1  0 135032 80498688 1710140 73275328    0    0     0 47188 85823 48476  1  0 98  0  0  0
 1  0 135032 80496304 1710140 73275696    0    0     0 46932 85967 48540  1  0 98  0  0  0
 1  0 135032 80499612 1710140 73276048    0    0     0 47036 85791 48472  1  0 98  0  0  0
 2  0 135032 80491664 1710148 73276408    0    0     0 46932 85879 48427  1  0 98  0  0  0
 2  0 135032 80495672 1710148 73276752    0    0     0 46756 85770 48123  1  0 99  0  0  0
 1  0 135032 80495180 1710148 73277100    0    0     0 46760 85975 48562  1  0 98  0  0  0
 1  0 135032 80490280 1710148 73277468    0    0     0 46964 85796 48413  1  0 98  0  0  0
 1  0 135032 80486376 1710148 73277812    0    0     0 46968 85917 48049  1  0 98  0  0  0
 1  0 135032 80484740 1710156 73278168    0    0     0 47212 85895 48052  1  0 98  0  0  0
 2  0 135032 80486264 1710156 73278548    0    0     0 46800 85842 48039  1  0 98  0  0  0
 1  0 135032 80491356 1710156 73278904    0    0     0 46896 85985 48553  1  0 98  0  0  0
 1  0 135032 80491828 1710156 73279252    0    0     0 46144 85686 48216  1  0 98  0  0  0
 1  0 135032 80492104 1710156 73279592    0    0     0 46264 85916 48147  1  0 98  0  0  0
 1  0 135032 80485788 1710160 73279940    0    0     0 46516 85790 48616  1  0 98  0  0  0
 1  0 135032 80483360 1710160 73280308    0    0     0 46708 85964 48580  1  0 98  0  0  0
 2  0 135032 80482080 1710160 73280648    0    0     0 46688 85800 48399  1  0 98  0  0  0
procs -----------memory---------- ---swap-- -----io---- -system-- -------cpu-------
 r  b   swpd   free   buff  cache   si   so    bi    bo   in   cs us sy id wa st gu
 1  0 135032 80477164 1710160 73281000    0    0     0 46736 85837 48417  1  0 98  0  0  0
 2  0 135032 80477740 1710160 73281340    0    0     0 46984 85962 48461  1  0 98  0  0  0
 1  0 135032 80476232 1710164 73281708    0    0     0 48060 85885 47872  1  0 98  0  0  0
 1  0 135032 80477216 1710164 73282064    0    0     0 46884 85817 47890  1  0 98  0  0  0
 1  0 135032 80481236 1710164 73282404    0    0     0 47224 85919 47877  1  0 98  0  0  0
 1  0 135032 80479228 1710164 73282776    0    0     0 46808 85888 48145  1  0 98  0  0  0
 2  0 135032 80482876 1710164 73283132    0    0     0 46696 85885 48020  1  0 98  0  0  0
 1  0 135032 80481844 1710172 73283476    0    0     0 46792 85829 48137  1  0 98  0  0  0
 1  0 135032 80480200 1710172 73283924    0    0     0 46640 85926 48388  1  0 98  0  0  0
 1  0 135032 80474028 1710172 73284272    0    0     0 46904 85868 48481  1  0 98  0  0  0
 1  0 135032 80477464 1710172 73284644    0    0     0 47112 85973 48645  1  0 98  0  0  0
 1  0 135032 80474920 1710172 73285000    0    0     0 47236 85753 48546  1  0 98  0  0  0
 1  0 135032 80477904 1710180 73285332    0    0     0 47372 86027 48510  1  0 98  0  0  0
 1  0 135032 80479864 1710180 73285692    0    0     0 47292 85853 48300  1  0 98  0  0  0
 1  0 135032 80486664 1710180 73286056    0    0     0 47128 85913 47752  1  0 98  0  0  0
 1  0 135032 80485724 1710180 73286408    0    0     0 47396 85801 47918  1  0 98  0  0  0
 1  0 135032 80483848 1710180 73286760    0    0     0 47452 85944 48442  1  0 98  0  0  0
 1  0 135032 80483540 1710188 73287100    0    0     0 47384 85925 48396  1  0 98  0  0  0
 1  0 135032 80484172 1710188 73287464    0    0     0 47156 85843 48352  1  0 98  0  0  0
 1  0 135032 80477612 1710188 73287820    0    0     0 46932 85936 47975  1  0 98  0  0  0
 1  0 135032 80477020 1710192 73288168    0    0     4 47456 85838 48048  1  0 98  0  0  0
procs -----------memory---------- ---swap-- -----io---- -system-- -------cpu-------
 r  b   swpd   free   buff  cache   si   so    bi    bo   in   cs us sy id wa st gu
 1  0 135032 80477632 1710192 73288520    0    0     0 46972 85962 48210  1  0 98  0  0  0
 1  0 135032 80476776 1710196 73288900    0    0     0 46932 85754 48031  1  0 98  0  0  0
 2  0 135032 80473360 1710196 73289240    0    0     0 47008 85873 47985  1  0 98  0  0  0
 2  0 135032 80476336 1710196 73289592    0    0     0 47656 85816 48120  1  0 99  0  0  0
 1  0 135032 80476696 1710196 73289940    0    0     0 47488 85962 48144  1  0 98  0  0  0
 1  0 135032 80478756 1710196 73290296    0    0     0 47788 85962 48234  1  0 98  0  0  0
 1  0 135032 80477812 1710196 73290676    0    0     0 47616 85881 48653  1  0 98  0  0  0
 1  0 135032 80475328 1710196 73291012    0    0     0 47848 85908 48195  1  0 98  0  0  0
 1  0 135032 80474528 1710196 73291360    0    0     0 47512 85905 48133  1  0 98  0  0  0
 2  0 135032 80474092 1710196 73291708    0    0     0 47864 85869 48447  1  0 98  0  0  0
 1  0 135032 80474156 1710196 73292092    0    0     0 47992 85879 48454  1  0 98  0  0  0
 1  0 135032 80473020 1710200 73292428    0    0     0 47984 85939 48593  1  0 98  0  0  0
 1  0 135032 80472544 1710200 73292780    0    0     0 48976 85887 48549  1  0 98  0  0  0
 1  0 135032 80471184 1710200 73293132    0    0     0 47964 85945 48812  1  0 98  0  0  0
 1  0 135032 80471280 1710200 73293496    0    0     0 47988 85995 48678  1  0 98  0  0  0
 1  0 135032 80470056 1710200 73293840    0    0     0 47728 85825 48553  1  0 98  0  0  0
 1  0 135032 80470016 1710204 73294192    0    0     0 48016 86036 48746  1  0 98  0  0  0
 1  0 135032 80464668 1710204 73294532    0    0     0 48196 85817 48533  1  0 98  0  0  0
 1  0 135032 80469712 1710204 73294912    0    0     0 48256 85892 48458  1  0 98  0  0  0
 1  0 135032 80470772 1710204 73295256    0    0     0 48124 85771 48676  1  0 98  0  0  0
 1  0 135032 80471192 1710204 73295600    0    0     0 48332 86090 48954  1  0 98  0  0  0
procs -----------memory---------- ---swap-- -----io---- -system-- -------cpu-------
 r  b   swpd   free   buff  cache   si   so    bi    bo   in   cs us sy id wa st gu
 2  0 135032 80470028 1710208 73295964    0    0     0 48408 85823 48662  1  0 99  0  0  0
 1  0 135032 80473444 1710208 73296316    0    0     0 48700 86065 48290  1  0 98  0  0  0
 1  0 135032 80469224 1710208 73296664    0    0     0 48432 85901 48831  1  0 98  0  0  0
 1  0 135032 80471844 1710208 73297028    0    0     0 48620 85999 48967  1  0 98  0  0  0
 1  0 135032 80469024 1710208 73297368    0    0     0 48264 85842 48760  1  0 98  0  0  0
 1  0 135032 80462244 1710208 73297756    0    0     0 48316 86040 48224  1  0 98  0  0  0
 2  0 135032 80462428 1710208 73298108    0    0     0 48028 85873 48013  1  0 98  0  0  0
 2  0 135032 80461644 1710208 73298460    0    0     0 47896 85985 48773  1  0 98  0  0  0
 2  0 135032 80461960 1710208 73298828    0    0     0 47992 85827 48863  1  0 98  0  0  0
 1  0 135032 80459512 1710208 73299168    0    0     0 48112 85885 48913  1  0 98  0  0  0
 4  0 135032 80459248 1710212 73299532    0    0     0 48364 85859 48549  1  0 98  0  0  0
 6  0 135032 80459588 1710212 73299896    0    0     0 48244 85960 48377  1  0 98  0  0  0
 1  0 135032 80460968 1710212 73300256    0    0     0 48092 85840 48006  1  0 98  0  0  0
 1  0 135032 80461688 1710212 73300600    0    0     0 47720 85911 48118  1  0 98  0  0  0
 2  0 135032 80459204 1710212 73300948    0    0     0 47916 85808 47949  1  0 98  0  0  0
 1  0 135032 80459620 1710216 73301324    0    0     0 48096 86069 48185  1  0 98  0  0  0
 1  0 135032 80460368 1710216 73301672    0    0     0 48292 85866 47970  1  0 98  0  0  0
 1  0 135032 80462132 1710216 73302032    0    0     0 48136 85921 48162  1  0 98  0  0  0
 4  0 135032 80462924 1710216 73302388    0    0     0 48008 85841 48196  1  0 98  0  0  0
 1  0 135032 80461944 1710224 73302732    0    0     0 47884 85992 48144  1  0 98  0  0  0
 1  0 135032 80461484 1710224 73303072    0    0     0 48020 85843 48441  1  0 98  0  0  0
procs -----------memory---------- ---swap-- -----io---- -system-- -------cpu-------
 r  b   swpd   free   buff  cache   si   so    bi    bo   in   cs us sy id wa st gu
 1  0 135032 80465696 1710224 73303444    0    0     0 48172 85977 47943  1  0 98  0  0  0
 1  0 135032 80461852 1710224 73303784    0    0     0 48476 85872 48488  1  0 98  0  0  0
 1  0 135032 80465572 1710224 73304148    0    0     0 48292 86062 48150  1  0 98  0  0  0
 1  0 135032 80463764 1710232 73304492    0    0     0 48240 85973 47848  1  0 98  0  0  0
 1  0 135032 80462464 1710232 73304828    0    0     0 48480 85864 47913  1  0 98  0  0  0
 1  0 135032 80455780 1710232 73305260    0    0     0 48364 85958 47926  1  0 98  0  0  0
 1  0 135032 80457364 1710232 73305612    0    0     0 48092 85940 48387  1  0 98  0  0  0
 1  0 135032 80454244 1710232 73305960    0    0     0 48504 85938 48557  1  0 98  0  0  0
 1  0 135032 80455372 1710236 73306320    0    0     0 48180 85915 48606  1  0 98  0  0  0
 1  0 135032 80459452 1710236 73306668    0    0     0 48220 85920 48527  1  0 98  0  0  0
 1  1 135032 80458876 1710236 73307020    0    0     0 48132 86036 49041  1  0 98  0  0  0
 1  0 135032 80455800 1710236 73307380    0    0     0 48096 85985 48261  1  0 98  0  0  0
 1  0 135032 80452736 1710236 73307708    0    0     0 47884 85848 48309  1  0 98  0  0  0
 1  0 135032 80450760 1710244 73308052    0    0     0 47772 85909 47921  1  0 98  0  0  0
 1  0 135032 80450920 1710244 73308464    0    0     0 48012 86141 48226  1  0 98  0  0  0
 3  0 135032 80450828 1710244 73308776    0    0     0 48412 85916 48019  1  0 98  0  0  0
 1  0 135032 80455776 1710244 73309108    0    0     0 49496 86030 48128  1  0 98  0  0  0
 1  0 135032 80456572 1710244 73309468    0    0     0 47664 85954 48160  1  0 98  0  0  0
 1  0 135032 80451336 1710248 73309812    0    0     0 47540 86063 48337  1  0 98  0  0  0
 1  0 135032 80453160 1710248 73310208    0    0     0 47508 85904 47867  1  0 98  0  0  0
 1  0 135032 80452692 1710248 73310544    0    0     0 47788 85996 47989  1  0 98  0  0  0
procs -----------memory---------- ---swap-- -----io---- -system-- -------cpu-------
 r  b   swpd   free   buff  cache   si   so    bi    bo   in   cs us sy id wa st gu
 1  0 135032 80456900 1710248 73310924    0    0     0 47584 85958 47948  1  0 98  0  0  0
 2  0 135032 80456608 1710248 73311232    0    0     0 47608 85923 48239  1  0 98  0  0  0
 1  0 135032 80456916 1710252 73311612    0    0     0 47348 86008 47657  1  0 98  0  0  0
 1  0 135032 80453164 1710252 73311964    0    0     0 47560 85799 48435  1  0 98  0  0  0
 1  0 135032 80457624 1710252 73312324    0    0     0 47008 86033 48378  1  0 98  0  0  0
 1  0 135032 80454692 1710252 73312704    0    0     0 47524 85913 48757  1  0 98  0  0  0
 1  0 135032 80457244 1710252 73313048    0    0     0 47196 85950 48313  1  0 98  0  0  0
 1  0 135032 80455600 1710260 73313384    0    0     0 48428 85908 48336  1  0 98  0  0  0
 1  0 135032 80453752 1710260 73313740    0    0     0 47240 86094 48470  1  0 98  0  0  0
 1  0 135032 80450172 1710260 73314132    0    0     0 47284 85840 48549  1  0 98  0  0  0
 2  0 135032 80450776 1710260 73314472    0    0     0 48460 86037 48672  1  0 98  0  0  0
 1  0 135032 80449220 1710260 73314836    0    0     0 48400 85864 48614  1  0 98  0  0  0
 2  0 135032 80450128 1710268 73315168    0    0     0 46920 85874 47769  1  0 98  0  0  0
 1  0 135032 80451924 1710268 73315536    0    0     0 46844 85955 47924  1  0 98  0  0  0
 1  0 135032 80454828 1710268 73315896    0    0     0 48320 85923 47775  1  0 98  0  0  0
 1  0 135032 80454264 1710268 73316224    0    0     0 47488 85824 47744  1  0 98  0  0  0
 1  0 135032 80459472 1710268 73316564    0    0     0 47260 85882 47985  1  0 98  0  0  0
 1  0 135032 80458668 1710272 73316912    0    0     0 48556 85977 47932  1  0 98  0  0  0
 1  0 135032 80456836 1710272 73317248    0    0     0 47520 85854 47862  1  0 98  0  0  0
 4  0 135032 80458108 1710272 73317656    0    0     0 47840 85876 47991  1  0 98  0  0  0
 1  0 135032 80458364 1710272 73318000    0    0     0 47408 85917 48007  1  0 98  0  0  0
procs -----------memory---------- ---swap-- -----io---- -system-- -------cpu-------
 r  b   swpd   free   buff  cache   si   so    bi    bo   in   cs us sy id wa st gu
 1  0 135032 80454684 1710272 73318300    0    0     0 47452 85911 48115  1  0 98  0  0  0
 1  0 135032 80457084 1710280 73318660    0    0     0 47016 85914 48009  1  0 98  0  0  0
 1  0 135032 80458552 1710280 73319024    0    0     0 48236 85892 48118  1  0 98  0  0  0
 1  0 135032 80453576 1710280 73319372    0    0     0 48304 85965 47803  1  0 98  0  0  0
 0  1 135032 80459944 1710280 73319756    0    0     0 48228 85936 47958  1  0 98  0  0  0
 1  0 135032 80455620 1710280 73320108    0    0     0 48508 85978 48579  1  0 98  0  0  0
 1  0 135032 80455576 1710280 73320464    0    0     0 48524 85951 48625  1  0 98  0  0  0
 1  0 135032 80453996 1710280 73320780    0    0     0 48344 85946 48011  1  0 98  0  0  0
 1  0 135032 80450964 1710280 73321176    0    0     0 48032 85953 48233  1  0 98  0  0  0
 3  0 135032 80453136 1710280 73321492    0    0     0 48040 85904 47518  1  0 98  0  0  0
 1  0 135032 80455372 1710280 73321892    0    0     0 48432 86021 47796  1  0 98  0  0  0
 1  0 135032 80452536 1710288 73322228    0    0     0 48508 85866 48535  1  0 98  0  0  0
 1  0 135032 80452584 1710288 73322584    0    0     0 48616 86076 48395  1  0 98  0  0  0
 1  0 135032 80451428 1710288 73322928    0    0     0 48268 85913 48161  1  0 98  0  0  0
 2  0 135032 80453572 1710288 73323288    0    0     0 48432 85932 48194  1  0 98  0  0  0
 1  0 135032 80451468 1710288 73323644    0    0     0 48236 85846 48029  1  0 98  0  0  0
 2  0 135032 80447904 1710296 73324012    0    0     0 48556 86018 48407  1  0 98  0  0  0
 1  0 135032 80444372 1710296 73324360    0    0     0 48648 85848 48153  1  0 98  0  0  0
 1  0 135032 80443140 1710296 73324724    0    0     0 48388 85933 47974  1  0 98  0  0  0
 1  0 135032 80437808 1710296 73325076    0    0     0 48892 85981 48040  1  0 98  0  0  0
 1  0 135032 80440316 1710296 73325428    0    0     0 48764 85923 48196  1  0 98  0  0  0
procs -----------memory---------- ---swap-- -----io---- -system-- -------cpu-------
 r  b   swpd   free   buff  cache   si   so    bi    bo   in   cs us sy id wa st gu
 1  0 135032 80440088 1710300 73325784    0    0     0 48160 85904 48104  1  0 98  0  0  0
 1  0 135032 80440936 1710300 73326140    0    0     0 47736 85911 48249  1  0 98  0  0  0
 1  0 135032 80435464 1710300 73326580    0    0     0 47848 85795 48145  1  0 98  0  0  0
 1  0 135032 80436896 1710300 73326940    0    0     0 47724 86056 48325  1  0 98  0  0  0
 1  0 135032 80435456 1710300 73327300    0    0     0 47228 85868 48158  1  0 98  0  0  0
 1  0 135032 80434804 1710304 73327644    0    0     0 48096 86017 48196  1  0 98  0  0  0
 2  0 135032 80431820 1710304 73328000    0    0     0 48048 85928 48316  1  0 98  0  0  0
 1  0 135032 80434240 1710304 73328368    0    0     0 47808 86086 48539  1  0 98  0  0  0
 1  0 135032 80430764 1710304 73328700    0    0     0 47080 85785 48162  1  0 98  0  0  0
 1  0 135032 80432516 1710304 73329068    0    0     0 47724 86072 48219  1  0 98  0  0  0
 2  0 135032 80434688 1710308 73329420    0    0     0 48352 85806 48369  1  0 98  0  0  0
 1  0 135032 80431516 1710308 73329772    0    0     0 47552 86064 48498  1  0 98  0  0  0
 1  0 135032 80428368 1710308 73330136    0    0     0 47856 85811 48138  1  0 98  0  0  0
 2  0 135032 80426832 1710308 73330496    0    0     0 47928 86061 48051  1  0 98  0  0  0
 1  0 135032 80425912 1710308 73330824    0    0     0 48100 85825 48226  1  0 98  0  0  0
 1  0 135032 80425896 1710308 73331184    0    0     0 48088 86090 48384  1  0 98  0  0  0
 1  0 135032 80424404 1710308 73331552    0    0     0 46632 85844 48081  1  0 98  0  0  0
 1  0 135032 80426960 1710308 73331888    0    0     0 47644 85922 48667  1  0 98  0  0  0
 1  0 135032 80427752 1710308 73332236    0    0     0 46388 85788 48521  1  0 98  0  0  0
 1  0 135032 80432456 1710308 73332588    0    0     0 47364 85882 48702  1  0 98  0  0  0
 1  0 135032 80432300 1710312 73332948    0    0     0 47412 85930 48699  1  0 98  0  0  0
procs -----------memory---------- ---swap-- -----io---- -system-- -------cpu-------
 r  b   swpd   free   buff  cache   si   so    bi    bo   in   cs us sy id wa st gu
 1  0 135032 80430652 1710312 73333320    0    0     0 47680 85859 48795  1  0 98  0  0  0
 1  0 135032 80429628 1710312 73333656    0    0     0 47940 85968 48770  1  0 98  0  0  0
 1  0 135032 80436992 1710312 73334020    0    0     0 47744 85944 49001  1  0 98  0  0  0
 2  0 135032 80434408 1710312 73334424    0    0     0 47740 85953 48156  1  0 98  0  0  0
 1  0 135032 80432664 1710316 73334752    0    0     0 47620 85942 47905  1  0 98  0  0  0
 1  0 135032 80428924 1710316 73335108    0    0     0 47588 85928 48277  1  0 98  0  0  0
 1  0 135032 80427132 1710316 73335480    0    0     0 47696 86041 48361  1  0 98  0  0  0
 1  0 135032 80424492 1710316 73335832    0    0     0 47504 85852 48631  1  0 98  0  0  0
 1  0 135032 80429340 1710316 73336192    0    0     0 46872 85989 48707  1  0 98  0  0  0
 1  0 135032 80431428 1710316 73336540    0    0     0 47008 85829 48718  1  0 98  0  0  0
 0  1 135032 80429848 1710316 73336892    0    0     0 47384 86014 48758  1  0 98  0  0  0
 1  0 135032 80426608 1710316 73337232    0    0     0 47376 85826 48794  1  0 98  0  0  0
 1  0 135032 80424400 1710316 73337608    0    0     0 47436 85900 48188  1  0 98  0  0  0
 1  0 135032 80427816 1710316 73337960    0    0     0 48048 85829 48277  1  0 98  0  0  0
 2  0 135032 80433584 1710320 73338300    0    0     0 47516 86030 48273  1  0 98  0  0  0
 1  0 135032 80431912 1710320 73338664    0    0     0 47156 85872 48039  1  0 98  0  0  0
 1  0 135032 80427836 1710320 73339032    0    0     0 47632 85826 48099  1  0 98  0  0  0
 1  0 135032 80426760 1710320 73339376    0    0     0 47520 85951 47823  1  0 98  0  0  0
 1  0 135032 80424340 1710320 73339736    0    0     0 47892 85969 48310  1  0 98  0  0  0
 1  0 135032 80421076 1710328 73340068    0    0     0 47924 85940 48236  1  0 98  0  0  0
 1  0 135032 80429840 1710328 73340424    0    0     0 48348 85859 48288  1  0 98  0  0  0
procs -----------memory---------- ---swap-- -----io---- -system-- -------cpu-------
 r  b   swpd   free   buff  cache   si   so    bi    bo   in   cs us sy id wa st gu
 2  0 135032 80427932 1710328 73340792    0    0     0 47752 86001 47820  1  0 98  0  0  0
 1  0 135032 80428396 1710328 73341144    0    0     0 47280 85925 48232  1  0 98  0  0  0
 1  0 135032 80425420 1710328 73341524    0    0     0 47744 85988 48093  1  0 98  0  0  0
 1  0 135032 80421328 1710332 73341828    0    0     0 47480 85797 47895  1  0 98  0  0  0
 1  0 135032 80422488 1710332 73342240    0    0     0 47960 86015 48423  1  0 98  0  0  0
 1  0 135032 80419940 1710332 73342576    0    0     0 47752 85973 48704  1  0 98  0  0  0
 1  0 135032 80417960 1710332 73342936    0    0     0 47496 85873 48483  1  0 98  0  0  0
 1  0 135032 80416852 1710332 73343296    0    0     0 47520 85856 48405  1  0 98  0  0  0
 1  0 135032 80417480 1710336 73343648    0    0     0 47596 85906 48158  1  0 98  0  0  0
 1  0 135032 80418904 1710336 73344000    0    0     0 47788 85938 48248  1  0 98  0  0  0
 1  0 135032 80420836 1710336 73344360    0    0     0 48064 86020 48051  1  0 98  0  0  0
 1  0 135032 80420552 1710336 73344672    0    0     0 47684 85873 47969  1  0 98  0  0  0
 1  0 135032 80419916 1710336 73345060    0    0     0 47576 85926 47886  1  0 98  0  0  0
 1  0 135032 80417124 1710344 73345444    0    0     0 47324 85941 48154  1  0 98  0  0  0
 2  0 135032 80414316 1710344 73345768    0    0     0 47912 85969 48065  1  0 98  0  0  0
 1  0 135032 80413496 1710344 73346160    0    0     0 47756 85831 48515  1  0 98  0  0  0
 1  0 135032 80411588 1710344 73346508    0    0     0 47848 86038 48775  1  0 98  0  0  0
 1  0 135032 80413268 1710344 73346852    0    0     0 47736 85816 48731  1  0 98  0  0  0
 2  0 135032 80416128 1710348 73347216    0    0     0 47564 85961 48251  1  0 98  0  0  0
 1  0 135032 80415000 1710348 73347536    0    0     0 47740 85809 48431  1  0 99  0  0  0
 1  0 135032 80417656 1710348 73347976    0    0     0 47660 85989 48145  1  0 98  0  0  0
procs -----------memory---------- ---swap-- -----io---- -system-- -------cpu-------
 r  b   swpd   free   buff  cache   si   so    bi    bo   in   cs us sy id wa st gu
 1  0 135032 80418636 1710348 73348300    0    0     0 47884 85883 48080  1  0 98  0  0  0
 1  0 135032 80420708 1710348 73348672    0    0     0 47840 85895 47983  1  0 98  0  0  0
 1  0 135032 80420700 1710352 73349016    0    0     0 48156 85886 48006  1  0 98  0  0  0
 3  0 135032 80415924 1710352 73349368    0    0     0 47840 85956 47970  1  0 98  0  0  0
 1  0 135032 80415884 1710352 73349740    0    0     0 47968 85967 48108  1  0 98  0  0  0
 1  0 135032 80414312 1710352 73350104    0    0     0 47604 85906 47989  1  0 98  0  0  0
 1  0 135032 80411376 1710352 73350484    0    0     0 47716 85952 48128  1  0 98  0  0  0
 1  0 135032 80412784 1710360 73350820    0    0     0 47688 85933 48074  1  0 98  0  0  0
 1  0 135032 80412752 1710360 73351180    0    0     0 47472 85942 48164  1  0 98  0  0  0
 1  0 135032 80408536 1710360 73351524    0    0     0 47388 85908 48157  1  0 98  0  0  0
 1  0 135032 80405736 1710360 73351908    0    0     0 47548 85932 48205  1  0 98  0  0  0
 1  0 135032 80404064 1710360 73352248    0    0     0 47520 85858 48191  1  0 98  0  0  0
 1  0 135032 80409848 1710364 73352584    0    0     0 47096 85974 48082  1  0 98  0  0  0
 1  0 135032 80407756 1710364 73352944    0    0     0 48216 85786 47961  1  0 98  0  0  0
 1  0 135032 80407212 1710364 73353328    0    0     0 47404 85922 48189  1  0 98  0  0  0
 1  0 135032 80408336 1710364 73353672    0    0     0 47552 85948 48297  1  0 98  0  0  0
 3  0 135032 80414904 1710364 73354004    0    0     0 47580 85863 48040  1  0 98  0  0  0
 1  0 135032 80415024 1710364 73354332    0    0     0 47552 85942 48725  1  0 98  0  0  0
 1  0 135032 80416420 1710364 73354708    0    0     0 47444 85841 48760  1  0 98  0  0  0
 1  0 135032 80414616 1710364 73355060    0    0     0 47312 85925 48187  1  0 98  0  0  0
 1  0 135032 80411944 1710364 73355436    0    0     0 47360 85894 48119  1  0 98  0  0  0
procs -----------memory---------- ---swap-- -----io---- -system-- -------cpu-------
 r  b   swpd   free   buff  cache   si   so    bi    bo   in   cs us sy id wa st gu
 1  0 135032 80412184 1710364 73355792    0    0     0 47036 85921 48167  1  0 98  0  0  0
 1  0 135032 80409312 1710364 73356148    0    0     0 47512 85910 48319  1  0 98  0  0  0
 1  0 135032 80404900 1710364 73356468    0    0     0 47324 86013 48211  1  0 98  0  0  0
 3  0 135032 80404824 1710364 73356824    0    0     0 46976 85986 48130  1  0 98  0  0  0
 1  0 135032 80406320 1710364 73357172    0    0     0 47424 85827 48053  1  0 98  0  0  0
 1  0 135032 80410608 1710364 73357568    0    0     0 47884 86001 48175  1  0 98  0  0  0
 1  0 135032 80409016 1710372 73357904    0    0     0 47676 85872 48171  1  0 98  0  0  0
 1  0 135032 80409668 1710372 73358280    0    0     0 47280 86042 48098  1  0 98  0  0  0
 1  0 135032 80394420 1710372 73358636    0    0     0 47164 85765 48085  1  0 98  0  0  0
 1  0 135032 80393728 1710372 73358952    0    0     0 47292 86021 48119  1  0 98  0  0  0
 1  0 135032 80393512 1710372 73359300    0    0     0 47756 85803 48251  1  0 98  0  0  0
 1  0 135032 80394600 1710380 73359696    0    0     0 47700 86042 48342  1  0 98  0  0  0
 1  0 135032 80394580 1710380 73360016    0    0     0 47492 85805 48142  1  0 98  0  0  0
 3  0 135032 80394176 1710380 73360416    0    0     0 47828 85957 48015  1  0 98  0  0  0
 2  0 135032 80394904 1710380 73360760    0    0     0 47372 85948 48067  1  0 98  0  0  0
 1  0 135032 80390440 1710380 73361088    0    0     0 47160 85938 48131  1  0 98  0  0  0
 1  0 135032 80395360 1710380 73361436    0    0     0 47176 85848 48128  1  0 98  0  0  0
 1  0 135032 80400264 1710380 73361800    0    0     0 47728 85887 48115  1  0 98  0  0  0
 0  1 135032 80396816 1710380 73362176    0    0     0 47556 85932 48176  1  0 98  0  0  0
 2  0 135032 80392940 1710380 73362556    0    0     0 47508 85939 48226  1  0 98  0  0  0
 1  0 135032 80394560 1710380 73362888    0    0     0 47320 85841 48224  1  0 98  0  0  0
procs -----------memory---------- ---swap-- -----io---- -system-- -------cpu-------
 r  b   swpd   free   buff  cache   si   so    bi    bo   in   cs us sy id wa st gu
 1  0 135032 80396876 1710380 73363256    0    0     0 47376 85890 48124  1  0 98  0  0  0
 1  0 135032 80393776 1710380 73363564    0    0     0 47476 85938 48866  1  0 98  0  0  0
 1  0 135032 80390724 1710380 73363924    0    0     0 47304 85891 48637  1  0 98  0  0  0
 1  0 135032 80392824 1710380 73364320    0    0     0 47284 85838 48231  1  0 98  0  0  0
 1  0 135032 80387940 1710380 73364688    0    0     0 47184 85949 47575  1  0 98  0  0  0
 1  0 135032 80388360 1710384 73365016    0    0     0 47252 86018 47995  1  0 98  0  0  0
 1  0 135032 80382236 1710384 73365384    0    0     0 47296 85921 47987  1  0 98  0  0  0
 1  0 135032 80383992 1710384 73365708    0    0     0 47324 85886 47939  1  0 98  0  0  0
 1  0 135032 80383900 1710384 73366088    0    0     0 47312 85949 48633  1  0 98  0  0  0
 1  0 135032 80385872 1710384 73366440    0    0     0 47856 86043 48925  1  0 98  0  0  0
 2  0 135032 80386852 1710392 73366780    0    0     0 47520 85926 48341  1  0 99  0  0  0
 1  0 135032 80389612 1710392 73367148    0    0     0 47592 85853 48206  1  0 98  0  0  0
 1  0 135032 80388396 1710392 73367508    0    0     0 47372 85998 47910  1  0 98  0  0  0
 1  0 135032 80386084 1710392 73367848    0    0     0 47452 86030 48273  1  0 98  0  0  0
 1  0 135032 80387980 1710392 73368184    0    0     0 47568 85892 47699  1  0 98  0  0  0
 2  0 135032 80386620 1710396 73368500    0    0     0 47784 86016 48128  1  0 98  0  0  0
 2  0 135032 80383344 1710396 73368872    0    0     0 47388 86095 48277  1  0 98  0  0  0
 1  0 135032 80385180 1710396 73369332    0    0     0 47332 86081 48822  1  0 98  0  0  0
 1  0 135032 80385644 1710396 73369680    0    0     0 47272 85920 48323  1  0 98  0  0  0
 1  0 135032 80383836 1710396 73370056    0    0     0 47332 85955 48356  1  0 98  0  0  0
 1  0 135032 80381160 1710404 73370416    0    0     0 47576 85961 47723  1  0 98  0  0  0
procs -----------memory---------- ---swap-- -----io---- -system-- -------cpu-------
 r  b   swpd   free   buff  cache   si   so    bi    bo   in   cs us sy id wa st gu
 1  0 135032 80385832 1710404 73370740    0    0     0 47604 86055 48426  1  0 98  0  0  0
 1  0 135032 80385168 1710404 73371140    0    0     0 47712 85982 48541  1  0 98  0  0  0
 1  0 135032 80381124 1710404 73371472    0    0     0 48772 85910 48660  1  0 98  0  0  0
 1  0 135032 80381804 1710404 73371828    0    0     0 47524 85918 47840  1  0 98  0  0  0
 1  0 135032 80380992 1710404 73372152    0    0     0 47836 85991 48321  1  0 98  0  0  0
 1  0 135032 80380616 1710412 73372544    0    0     0 47920 85982 47969  1  0 98  0  0  0
 2  0 135032 80380444 1710412 73372908    0    0     0 47960 85963 47843  1  0 98  0  0  0
 4  0 135032 80380124 1710412 73373252    0    0     0 47920 85991 48033  1  0 98  0  0  0
 1  0 135032 80382804 1710412 73373648    0    0     0 47448 85955 48106  1  0 98  0  0  0
 2  0 135032 80379384 1710412 73374004    0    0     0 47488 85894 47769  1  0 98  0  0  0
 1  0 135032 80379528 1710420 73374344    0    0     0 47588 85943 48648  1  0 98  0  0  0
 1  0 135032 80380236 1710420 73374700    0    0     0 47544 85867 48002  1  0 98  0  0  0
 1  0 135032 80382556 1710420 73375052    0    0     0 47676 86106 48019  1  0 98  0  0  0
 1  0 135032 80381480 1710420 73375404    0    0     0 47284 85820 48363  1  0 98  0  0  0
 1  0 135032 80381748 1710420 73375772    0    0     0 47560 86059 48644  1  0 98  0  0  0
 1  0 135032 80376732 1710428 73376116    0    0     0 47556 85853 48403  1  0 98  0  0  0
 1  0 135032 80374404 1710428 73376468    0    0     0 47376 86062 48389  1  0 98  0  0  0
 1  0 135032 80379492 1710428 73376788    0    0     0 47392 85899 48535  1  0 98  0  0  0
 1  0 135032 80376372 1710428 73377168    0    0     0 47284 86066 48409  1  0 98  0  0  0
 1  0 135032 80377404 1710428 73377500    0    0     0 47108 85859 48327  1  0 98  0  0  0
 1  0 135032 80375572 1710436 73377868    0    0     0 47628 86026 48083  1  0 98  0  0  0
procs -----------memory---------- ---swap-- -----io---- -system-- -------cpu-------
 r  b   swpd   free   buff  cache   si   so    bi    bo   in   cs us sy id wa st gu
 1  0 135032 80376704 1710436 73378228    0    0     0 47500 86008 47810  1  0 98  0  0  0
 1  0 135032 80373688 1710436 73378548    0    0     0 47284 85946 48007  1  0 98  0  0  0
 1  0 135032 80372120 1710436 73378932    0    0     0 47492 85835 48508  1  0 98  0  0  0
 2  0 135032 80375552 1710436 73379248    0    0     0 47232 85966 48260  1  0 98  0  0  0
 3  0 135032 80376428 1710444 73379596    0    0     0 47360 85990 47938  1  0 98  0  0  0
 2  0 135032 80374096 1710444 73379984    0    0     0 47012 85969 47853  1  0 98  0  0  0
 1  0 135032 80375808 1710444 73380344    0    0     0 47480 85819 47642  1  0 98  0  0  0
 1  0 135032 80377148 1710444 73380696    0    0     0 47776 86061 48045  1  0 98  0  0  0
 1  0 135032 80376912 1710444 73381064    0    0     0 47504 85954 48225  1  0 98  0  0  0
 1  0 135032 80377516 1710448 73381392    0    0     0 47624 85956 48108  1  0 98  0  0  0
 1  0 135032 80378004 1710448 73381760    0    0     0 47068 85864 47967  1  0 98  0  0  0
 1  0 135032 80377064 1710448 73382148    0    0     0 47108 86056 48046  1  0 98  0  0  0
 1  0 135032 80377648 1710448 73382488    0    0     0 47156 85944 48157  1  0 98  0  0  0
 1  0 135032 80376984 1710448 73382836    0    0     0 47588 86011 47900  1  0 98  0  0  0
 1  0 135032 80372536 1710452 73383200    0    0     0 47752 85883 47614  1  0 98  0  0  0
 1  0 135032 80371716 1710452 73383528    0    0     0 47568 86064 47665  1  0 98  0  0  0
 1  0 135032 80375168 1710452 73383880    0    0     0 47260 85966 47784  1  0 98  0  0  0
 1  0 135032 80374044 1710452 73384212    0    0     0 47380 85884 47839  1  0 98  0  0  0
 1  0 135032 80369456 1710452 73384604    0    0     0 47836 85998 47678  1  0 98  0  0  0
 2  0 135032 80369124 1710456 73384920    0    0     0 47488 86079 47903  1  0 98  0  0  0
 1  0 135032 80363652 1710456 73385340    0    0     0 47380 86004 47405  1  0 98  0  0  0
procs -----------memory---------- ---swap-- -----io---- -system-- -------cpu-------
 r  b   swpd   free   buff  cache   si   so    bi    bo   in   cs us sy id wa st gu
 1  0 135032 80360764 1710456 73385704    0    0     0 47272 85907 47732  1  0 98  0  0  0
 2  0 135032 80357516 1710456 73386056    0    0     0 47368 85972 48239  1  0 98  0  0  0
 1  0 135032 80361056 1710456 73386396    0    0     0 47592 85995 48154  1  0 98  0  0  0
 1  0 135032 80361132 1710460 73386740    0    0     0 47872 85947 48144  1  0 98  0  0  0
 1  0 135032 80365640 1710460 73387112    0    0     0 47480 85849 48135  1  0 98  0  0  0
 1  0 135032 80369840 1710460 73387452    0    0     0 47264 85892 48221  1  0 98  0  0  0
 1  0 135032 80364872 1710460 73387836    0    0     0 47088 85945 48524  1  0 98  0  0  0
 1  0 135032 80367412 1710460 73388160    0    0     0 47004 86009 48148  1  0 98  0  0  0
 1  0 135032 80373668 1710468 73388508    0    0     0 46968 85790 47892  1  0 98  0  0  0
 1  0 135032 80370816 1710468 73388864    0    0     0 47452 86150 48053  1  0 98  0  0  0
 1  0 135032 80369432 1710468 73389228    0    0     0 47900 86309 48325  1  0 98  0  0  0
 1  0 135032 80371796 1710468 73389596    0    0     0 48044 86003 48512  1  0 98  0  0  0
 1  0 135032 80370344 1710468 73389904    0    0     0 48304 85980 48028  1  0 98  0  0  0
 1  0 135032 80371500 1710472 73390268    0    0     0 47904 86118 48030  1  0 98  0  0  0
 1  0 135032 80370160 1710472 73390660    0    0     0 47344 85979 48239  1  0 98  0  0  0
 1  0 135032 80372132 1710472 73391028    0    0     0 47264 85848 48031  1  0 98  0  0  0
 1  0 135032 80369200 1710472 73391400    0    0     0 47264 85822 48353  1  0 98  0  0  0
 2  0 135032 80371640 1710472 73391716    0    0     0 48724 86020 48391  1  0 98  0  0  0
