procs -----------memory---------- ---swap-- -----io---- -system-- -------cpu-------
 r  b   swpd   free   buff  cache   si   so    bi    bo   in   cs us sy id wa st gu
 4  0 135032 57181240 1719276 95975084    4    6 25703 25758 12382    3  3  0 96  1  0  0
19  0 135032 57122396 1719276 95975140    0    0     0 320128 104419 42132 39  1 60  0  0  0
34  0 135032 57026252 1719276 95978220    0    0     0 457556 146355 734733 30  7 63  0  0  0
35  1 135032 57017284 1719276 95985528    0    0     0 473888 164536 910253 31  8 59  1  0  0
35  1 135032 57009276 1719280 95992944    0    0     0 479676 168497 899528 31  8 60  1  0  0
35  0 135032 57004844 1719280 96000544    0    0     0 497020 170098 917566 31  8 59  1  0  0
37  1 135032 57004100 1719280 96008152    0    0     0 517268 172614 952749 32  8 58  1  0  0
35  0 135032 57003000 1719280 96015360    0    0     0 500804 168367 906935 31  8 60  1  0  0
38  0 135032 56995828 1719280 96023056    0    0     0 521232 176469 959648 33  8 58  1  0  0
33  1 135032 56990552 1719284 96031184    0    0     0 516636 173117 955724 33  8 58  1  0  0
35  0 135032 56979092 1719284 96038744    0    0     0 523096 177845 963738 33  9 58  1  0  0
41  0 135032 56974840 1719284 96046532    0    0     0 522436 175086 963993 32  8 58  1  0  0
37  1 135032 56971888 1719284 96054340    0    0     0 525108 176759 966641 33  8 58  1  0  0
34  1 135032 56965492 1719284 96062168    0    0     0 525464 175041 970822 33  8 58  1  0  0
36  0 135032 56966944 1719292 96069984    0    0     0 522216 175018 966030 33  8 58  1  0  0
36  1 135032 56955280 1719292 96077904    0    0     0 528384 176309 969680 33  9 58  1  0  0
37  0 135032 56955192 1719292 96085608    0    0     0 531472 175588 972411 32  8 58  1  0  0
35  2 135032 56951596 1719292 96093188    0    0     0 502440 170496 934633 32  8 58  1  0  0
33  0 135032 56938396 1719292 96100764    0    0     0 507884 172219 933236 32  8 59  1  0  0
32  1 135032 56893600 1719296 96108032    0    0     0 482668 165015 866924 30  8 62  1  0  0
33  1 135032 56913136 1719296 96115484    0    0     0 506456 170794 928389 32  8 59  1  0  0
procs -----------memory---------- ---swap-- -----io---- -system-- -------cpu-------
 r  b   swpd   free   buff  cache   si   so    bi    bo   in   cs us sy id wa st gu
35  0 135032 56909908 1719296 96123068    0    0     0 489224 165848 919601 32  8 59  1  0  0
34  0 135032 56910784 1719296 96130668    0    0     0 457184 165642 921159 32  8 59  1  0  0
38  0 135032 56895676 1719300 96138348    0    0     0 458168 165857 923310 32  8 59  1  0  0
35  2 135032 56899708 1719304 96145868    0    0     0 450612 162017 900295 31  8 59  1  0  0
33  2 135032 56892884 1719304 96153296    0    0     0 447776 162156 900601 31  8 60  1  0  0
33  1 135032 56887016 1719304 96160820    0    0     0 454260 164958 921526 32  8 59  1  0  0
30  2 135032 56879056 1719304 96168336    0    0     0 461616 165560 924645 32  8 58  1  0  0
35  0 135032 56868620 1719304 96176200    0    0     0 479040 170927 952004 33  9 58  1  0  0
32  0 135032 56864712 1719312 96183896    0    0     0 479948 170655 949139 33  9 58  1  0  0
36  1 135032 56858408 1719312 96191820    0    0     0 480788 169932 940833 32  8 58  1  0  0
34  0 135032 56847492 1719312 96199480    0    0     0 488228 172293 957968 33  9 58  1  0  0
38  0 135032 56841996 1719312 96207488    0    0     0 494320 174624 971460 33  9 57  1  0  0
34  0 135032 56835292 1719312 96214780    0    0     0 489468 171690 926414 31  8 60  1  0  0
33  0 135032 56828772 1719320 96222652    0    0     0 504004 175515 965149 33  8 58  1  0  0
34  0 135032 56820536 1719324 96230556    0    0     0 507648 173595 976123 33  9 58  1  0  0
36  1 135032 56816428 1719324 96238596    0    0     0 505508 175006 969318 33  9 58  1  0  0
37  2 135032 56811524 1719324 96246336    0    0     0 504228 174875 968550 33  8 58  1  0  0
37  1 135032 56798660 1719324 96253948    0    0     0 493072 172435 946539 32  8 59  1  0  0
35  0 135032 56792040 1719328 96261756    0    0     0 502848 174175 965017 33  8 58  1  0  0
34  0 135032 56781960 1719328 96269564    0    0     0 511824 178273 976359 33  8 58  1  0  0
36  0 135032 56771724 1719328 96277512    0    0     0 501980 174942 972064 33  9 58  1  0  0
procs -----------memory---------- ---swap-- -----io---- -system-- -------cpu-------
 r  b   swpd   free   buff  cache   si   so    bi    bo   in   cs us sy id wa st gu
35  0 135032 56767140 1719328 96285364    0    0     0 511464 178308 980658 33  9 57  1  0  0
37  0 135032 56758444 1719328 96293164    0    0     0 502316 174215 967008 33  9 58  1  0  0
35  0 135032 56751072 1719336 96301016    0    0     0 510356 175839 978194 33  9 58  1  0  0
36  1 135032 56743196 1719336 96308896    0    0     0 506684 175201 962161 33  8 58  1  0  0
38  0 135032 56730880 1719336 96316628    0    0     0 482956 170287 934748 32  8 59  1  0  0
32  0 135032 56726596 1719336 96324040    0    0     0 472288 167040 915497 31  8 59  1  0  0
40  0 135032 56714552 1719336 96331784    0    0     0 500544 172862 957131 32  8 58  1  0  0
40  1 135032 56712056 1719340 96339304    0    0     0 496340 173703 946242 32  8 58  1  0  0
33  8 135032 56700416 1719340 96347204    0    0     0 510124 174013 946574 32  8 58  1  0  0
29  7 135032 56690596 1719340 96354688    0    0     0 502796 174793 956159 33  8 58  1  0  0
21  7 135032 56685428 1719340 96362152    0    0     0 502492 172312 920254 31  8 59  1  0  0
11  8 135032 56680320 1719340 96369772    0    0     0 509292 173414 947930 32  8 58  1  0  0
 9  6 135032 56670304 1719348 96377456    0    0     0 517240 176586 964486 33  8 58  1  0  0
 0  9 135032 56666740 1719348 96385164    0    0     0 504824 173453 941304 32  8 59  1  0  0
 5  5 135032 56656500 1719348 96392836    0    0     0 516128 175540 958300 32  9 58  1  0  0
 7  4 135032 56649904 1719348 96400296    0    0     0 505892 172485 933754 32  8 59  1  0  0
13  2 135032 56642816 1719348 96408052    0    0     0 514036 175316 956540 33  8 58  1  0  0
13  2 135032 56632516 1719356 96415880    0    0     0 521688 176057 966336 32  9 58  1  0  0
 7  2 135032 56622772 1719356 96423424    0    0     0 514804 173330 948753 32  8 58  1  0  0
10  2 135032 56614832 1719356 96431204    0    0     0 515564 174972 960597 33  8 58  1  0  0
 6  3 135032 56603352 1719356 96438812    0    0     0 520744 176757 964299 33  9 58  1  0  0
procs -----------memory---------- ---swap-- -----io---- -system-- -------cpu-------
 r  b   swpd   free   buff  cache   si   so    bi    bo   in   cs us sy id wa st gu
 5  4 135032 56579072 1719356 96446712    0    0     0 510536 173286 946777 32  8 58  1  0  0
 2  5 135032 56579016 1719364 96454280    0    0     0 513680 176454 963718 33  8 58  1  0  0
42  2 135032 56574160 1719364 96461912    0    0     0 517088 175146 965270 33  8 58  1  0  0
 5  6 135032 56561772 1719364 96469828    0    0     0 522396 172705 965803 33  9 58  1  0  0
 2  5 135032 56564124 1719364 96477620    0    0     0 519760 176972 966974 33  8 58  1  0  0
 2  4 135032 56555488 1719364 96485396    0    0     0 526172 177119 973779 33  9 58  1  0  0
 6  6 135032 56546924 1719376 96493236    0    0     0 526988 173745 964989 33  8 58  1  0  0
 1  6 135032 56540264 1719376 96500992    0    0     0 513396 174018 965222 33  8 58  1  0  0
 5  5 135032 56528380 1719376 96508704    0    0     0 515132 171817 955553 32  8 58  1  0  0
 6  6 135032 56513088 1719376 96516368    0    0     0 484692 166457 915460 32  8 59  1  0  0
 8  5 135032 56504908 1719376 96523792    0    0     0 510096 170915 937064 32  8 59  1  0  0
 0  9 135032 56495640 1719384 96531540    0    0     0 519660 176138 965694 33  9 58  1  0  0
 4  9 135032 56487752 1719384 96539404    0    0     0 519248 176417 962369 32  9 58  1  0  0
 6  8 135032 56483684 1719384 96546956    0    0     0 507932 172034 956239 32  8 58  1  0  0
 6  5 135032 56472744 1719384 96554892    0    0     0 523300 174046 956515 33  8 58  1  0  0
 2  8 135032 56468044 1719384 96562416    0    0     0 507472 174107 938068 32  8 59  1  0  0
 4  7 135032 56458116 1719392 96569884    0    0     0 511012 172722 936123 32  8 59  1  0  0
 3  5 135032 56453452 1719392 96577604    0    0     0 531996 176289 962779 33  9 58  1  0  0
 7  5 135032 56445696 1719392 96585556    0    0     0 511548 175986 965827 33  8 58  1  0  0
 6  4 135032 56439732 1719392 96593156    0    0     0 530620 174955 959866 33  9 58  1  0  0
 6  0 135032 56430456 1719392 96600840    0    0     0 515420 172352 946396 32  8 59  1  0  0
procs -----------memory---------- ---swap-- -----io---- -system-- -------cpu-------
 r  b   swpd   free   buff  cache   si   so    bi    bo   in   cs us sy id wa st gu
 9  2 135032 56424632 1719400 96608456    0    0     0 525388 175724 950212 32  8 59  1  0  0
 5  3 135032 56413132 1719400 96616016    0    0     0 517736 174331 949704 32  8 58  1  0  0
17  5 135032 56404364 1719400 96623472    0    0     0 519076 173553 918388 31  8 60  1  0  0
21  7 135032 56396048 1719400 96631040    0    0     0 521224 173790 947905 32  8 58  1  0  0
 4  6 135032 56387636 1719400 96638916    0    0     0 523252 177676 959895 33  8 58  1  0  0
 6  2 135032 56381828 1719408 96646400    0    0     0 505908 169154 899299 30  8 61  1  0  0
 4  4 135032 56375380 1719408 96653796    0    0     0 525424 174496 960321 32  8 58  1  0  0
 2  7 135032 56395884 1719416 96661336    0    0     4 523028 172937 950580 32  8 58  1  0  0
 5  5 135032 56390904 1719416 96669048    0    0     0 529028 175526 950868 32  8 58  1  0  0
15  6 135032 56385476 1719416 96676772    0    0     0 520892 172957 958319 32  9 58  1  0  0
 0  9 135032 56373992 1719420 96684372    0    0     0 520020 175510 954782 33  8 58  1  0  0
 5  4 135032 56361540 1719420 96692196    0    0     0 529032 175197 954047 32  9 58  1  0  0
 5  8 135032 56355572 1719420 96699952    0    0     0 521180 176777 960672 33  8 58  1  0  0
 8  7 135032 56342004 1719420 96707448    0    0     0 498912 169907 933499 32  8 59  1  0  0
 4  5 135032 56335220 1719420 96714868    0    0     0 495152 167093 915009 31  8 59  1  0  0
 8  3 135032 56331256 1719420 96722504    0    0     0 505984 169058 916781 31  8 60  1  0  0
32  3 135032 56324320 1719420 96730048    0    0     0 500664 167546 937670 32  8 59  1  0  0
 3  4 135032 56312768 1719420 96737516    0    0     0 500160 168398 924143 32  8 59  1  0  0
 6  4 135032 56312436 1719420 96745040    0    0     0 503096 168970 931305 32  8 59  1  0  0
 3  7 135032 56302072 1719420 96752632    0    0     0 500376 170693 927761 31  8 59  1  0  0
 6  8 135032 56293300 1719420 96759984    0    0     0 486936 168773 912550 31  8 59  1  0  0
procs -----------memory---------- ---swap-- -----io---- -system-- -------cpu-------
 r  b   swpd   free   buff  cache   si   so    bi    bo   in   cs us sy id wa st gu
 3  6 135032 56286692 1719420 96767436    0    0     0 533488 171346 910663 31  8 60  1  0  0
 1  8 135032 56284644 1719420 96775108    0    0     0 524568 176281 962517 33  9 58  1  0  0
 9  4 135032 56272660 1719420 96782744    0    0     0 520208 172790 955930 33  8 58  1  0  0
10  4 135032 56255532 1719420 96790516    0    0     0 509508 173684 941291 32  8 59  1  0  0
 3  5 135032 56250372 1719420 96798092    0    0     0 527336 175183 943316 32  8 58  1  0  0
12  4 135032 56235308 1719420 96805700    0    0     0 546552 176266 946045 32  8 58  1  0  0
37  1 135032 56231320 1719420 96813212    0    0     0 480292 171417 934594 32  8 59  1  0  0
 4  6 135032 56222188 1719420 96820580    0    0     0 509472 169929 909146 31  8 60  1  0  0
 1  5 135032 56215472 1719420 96828232    0    0     0 521268 169777 925982 32  8 59  1  0  0
 5  8 135032 56210368 1719424 96835844    0    0     0 513792 173522 947869 32  9 58  1  0  0
 4  6 135032 56199680 1719424 96843444    0    0     0 506848 173268 939436 32  8 59  1  0  0
33  5 135032 56194792 1719424 96851108    0    0     0 503752 170356 932008 32  8 59  1  0  0
 6  4 135032 56190424 1719424 96858732    0    0     0 502716 170345 933193 32  9 59  1  0  0
 4  7 135032 56181764 1719424 96866332    0    0     0 533968 171313 929330 32  8 59  1  0  0
11  3 135032 56170108 1719432 96874092    0    0     0 518584 174225 954243 33  9 58  1  0  0
 8  4 135032 56160896 1719440 96881836    0    0     8 533232 176360 965255 33  9 58  1  0  0
 3  7 135032 56152120 1719440 96889544    0    0     0 515748 175124 963621 33  9 58  1  0  0
 9  5 135032 56142512 1719440 96897108    0    0     0 498400 168802 927797 32  8 59  1  0  0
36  7 135032 56136740 1719440 96904736    0    0     0 502256 169622 928770 32  8 59  1  0  0
 2  7 135032 56130420 1719440 96912264    0    0     0 521628 172380 931703 32  8 59  1  0  0
 0  7 135032 56123584 1719440 96919948    0    0     0 543240 177034 955569 32  8 58  1  0  0
procs -----------memory---------- ---swap-- -----io---- -system-- -------cpu-------
 r  b   swpd   free   buff  cache   si   so    bi    bo   in   cs us sy id wa st gu
 4  4 135032 56119188 1719440 96927392    0    0     0 524584 172380 938578 32  8 59  1  0  0
 5  4 135032 56110952 1719440 96935048    0    0     0 526248 176404 957803 32  9 58  1  0  0
11  3 135032 56106548 1719440 96942640    0    0     0 531612 176032 946918 32  8 59  1  0  0
 5  6 135032 56089124 1719444 96950484    0    0     0 544528 175258 954869 32  8 58  1  0  0
10  2 135032 56078884 1719444 96957992    0    0     0 510628 173532 939268 32  8 59  1  0  0
12  3 135032 56077020 1719444 96965476    0    0     0 525396 174150 940189 32  8 59  1  0  0
14  4 135032 56065588 1719444 96973208    0    0     0 538056 173737 948451 32  8 58  1  0  0
 5  7 135032 56058552 1719444 96981040    0    0     0 533804 177006 957041 32  8 58  1  0  0
 8  3 135032 56034392 1719448 96988484    0    0     0 508772 170661 927217 32  8 59  1  0  0
 4  5 135032 56025060 1719448 96996156    0    0     0 522008 174726 949373 32  8 58  1  0  0
 1  4 135032 56015792 1719448 97003784    0    0     0 535704 174948 948065 32  8 58  1  0  0
39  5 135032 56013380 1719448 97010968    0    0     0 557748 173103 925815 31  8 59  1  0  0
 2  2 135032 55999436 1719452 97018612    0    0     4 570376 178038 954305 32  8 58  1  0  0
46  2 135032 55990976 1719460 97026204    0    0     0 563756 178348 955619 32  8 58  1  0  0
45  4 135032 55982272 1719464 97033856    0    0     0 544944 175064 941126 32  8 59  1  0  0
 5  3 135032 55975788 1719464 97041428    0    0     0 577528 177466 946002 32  8 59  1  0  0
21  1 135032 55964884 1719464 97049092    0    0     0 562856 179291 962317 32  9 58  1  0  0
38  4 135032 55959112 1719464 97056848    0    0     0 573248 175724 954058 32  8 58  1  0  0
 7  4 135032 55948700 1719468 97064608    0    0     0 553412 176727 964061 33  8 58  1  0  0
 4  8 135032 55950088 1719468 97072356    0    0     0 564728 178060 969947 33  9 58  1  0  0
20  5 135032 55942312 1719468 97079900    0    0     0 529988 172122 947781 33  8 58  1  0  0
procs -----------memory---------- ---swap-- -----io---- -system-- -------cpu-------
 r  b   swpd   free   buff  cache   si   so    bi    bo   in   cs us sy id wa st gu
 2  7 135032 55929188 1719468 97087664    0    0     0 538312 172628 940355 32  8 58  1  0  0
 3  7 135032 55927960 1719468 97095272    0    0     0 556404 175057 952577 32  8 58  1  0  0
 7  4 135032 55921500 1719472 97102904    0    0     0 561088 177814 969460 33  9 58  1  0  0
18  4 135032 55909632 1719472 97110868    0    0     0 552228 177939 963613 33  9 58  1  0  0
 9  6 135032 55898620 1719472 97118264    0    0     0 556704 175946 956984 32  8 58  1  0  0
15  2 135032 55887124 1719472 97125956    0    0     0 576312 177437 973911 33  9 58  1  0  0
 7  4 135032 55878272 1719472 97133984    0    0     0 502888 173500 958122 33  9 58  1  0  0
10  4 135032 55876284 1719476 97141320    0    0     0 558708 176325 936337 31  8 59  1  0  0
 7  3 135032 55871188 1719480 97149124    0    0     4 567604 176058 954400 32  8 58  1  0  0
 5  8 135032 55858604 1719480 97156824    0    0     0 563704 178738 969654 33  9 58  1  0  0
18  2 135032 55848496 1719480 97164552    0    0     0 558012 178419 968405 33  9 58  1  0  0
 6  3 135032 55844556 1719480 97172304    0    0     0 547560 176723 966203 33  8 58  1  0  0
12  4 135032 55837352 1719484 97180040    0    0     0 574144 178470 965858 33  8 58  1  0  0
 2  9 135032 55789184 1719484 97187832    0    0     0 508176 170971 905525 31  8 60  1  0  0
 2  6 135032 55777760 1719484 97195036    0    0     0 552276 176763 962134 33  8 58  1  0  0
55  1 135032 55831400 1719488 97202736    0    0     0 558860 177968 958125 33  8 58  1  0  0
 9  4 135032 55821428 1719488 97210624    0    0     0 553924 177590 958273 32  9 58  1  0  0
 5  9 135032 55817832 1719488 97218256    0    0     0 550212 175451 959715 33  8 58  1  0  0
39  5 135032 55810148 1719488 97225940    0    0     0 537384 171681 945781 32  8 58  1  0  0
 4  7 135032 55805404 1719488 97233528    0    0     0 542316 172878 939839 33  9 58  1  0  0
 4  6 135032 55796164 1719488 97241216    0    0     0 531396 175596 959315 33  9 57  1  0  0
procs -----------memory---------- ---swap-- -----io---- -system-- -------cpu-------
 r  b   swpd   free   buff  cache   si   so    bi    bo   in   cs us sy id wa st gu
 5  5 135032 55789384 1719488 97249072    0    0     0 520456 171961 939760 32  9 58  1  0  0
 3  5 135032 55787568 1719496 97256608    0    0     0 519016 168197 923107 32  8 59  1  0  0
 6  4 135032 55783000 1719496 97264200    0    0     0 514844 169914 932634 32  9 58  1  0  0
 2  5 135032 55773248 1719496 97271948    0    0     0 531148 173276 946380 32  8 58  1  0  0
 4  4 135032 55772896 1719496 97279472    0    0     0 549156 176576 952978 32  8 58  1  0  0
 1  6 135032 55765388 1719500 97287128    0    0     4 552044 177646 951141 32  8 58  1  0  0
37  6 135032 55755608 1719508 97294668    0    0     0 531104 174927 951155 32  9 58  1  0  0
37  2 135032 55749008 1719508 97302308    0    0     0 591592 179360 955991 32  8 58  1  0  0
14  4 135032 55743192 1719512 97310064    0    0     0 548400 177964 968900 33  8 58  1  0  0
20  2 135032 55729568 1719512 97317704    0    0     0 543460 176222 947268 32  8 58  1  0  0
46  3 135032 55724884 1719512 97325332    0    0     0 583796 179203 956171 32  8 58  1  0  0
10  2 135032 55709860 1719516 97332960    0    0     0 530144 172818 934784 32  8 58  1  0  0
 2  8 135032 55708004 1719516 97340624    0    0     0 536072 172929 944658 33  8 58  1  0  0
10  4 135032 55703172 1719516 97348232    0    0     0 529668 172981 950691 32  9 58  1  0  0
 3  7 135032 55689968 1719516 97356040    0    0     0 528592 174679 948468 32  8 58  1  0  0
 8  4 135032 55679088 1719516 97363656    0    0     0 541412 175477 950445 32  9 58  1  0  0
 0  7 135032 55667372 1719520 97371492    0    0     0 500804 173224 943449 32  9 58  1  0  0
13  5 135032 55661096 1719520 97378844    0    0     0 562328 178798 944866 32  8 59  1  0  0
 8  2 135032 55655692 1719520 97386584    0    0     0 584972 178187 955944 32  8 59  1  0  0
 4  4 135032 55646616 1719520 97394188    0    0     0 550076 176476 956057 32  8 58  1  0  0
10  2 135032 55642060 1719520 97401840    0    0     0 551796 177936 958495 33  8 58  1  0  0
procs -----------memory---------- ---swap-- -----io---- -system-- -------cpu-------
 r  b   swpd   free   buff  cache   si   so    bi    bo   in   cs us sy id wa st gu
 1  7 135032 55640040 1719524 97409536    0    0     0 564040 175861 955352 32  8 58  1  0  0
12  6 135032 55631644 1719524 97417232    0    0     0 549840 174886 964321 32  9 58  1  0  0
 7  3 135032 55626216 1719528 97424992    0    0     4 532964 171963 935718 32  8 59  1  0  0
 0  8 135032 55616808 1719528 97432368    0    0     0 490012 166014 918047 32  8 59  1  0  0
 8  2 135032 55603808 1719528 97440024    0    0     0 538156 171915 935768 32  8 58  1  0  0
11  8 135032 55597032 1719528 97447572    0    0     0 522060 171733 946137 33  9 58  1  0  0
14  2 135032 55591980 1719528 97455372    0    0     0 528956 172238 945028 33  8 58  1  0  0
 5  5 135032 55584468 1719528 97462944    0    0     0 519900 171017 921917 32  8 59  1  0  0
 6  5 135032 55572480 1719528 97470424    0    0     0 524176 172643 935164 32  8 58  1  0  0
34  5 135032 55570656 1719528 97478100    0    0     0 555348 176028 953733 32  8 58  1  0  0
 2  5 135032 55559060 1719536 97485836    0    0     0 553160 176371 952175 33  9 58  1  0  0
 4  4 135032 55550048 1719536 97493632    0    0     0 495756 176319 953688 33  8 58  1  0  0
 3  5 135032 55537900 1719536 97500916    0    0     0 524228 171025 914140 31  8 59  1  0  0
 6  5 135032 55534564 1719536 97508452    0    0     0 596208 176020 939834 32  8 59  1  0  0
 1  8 135032 55523508 1719536 97516184    0    0     0 538780 176361 959177 32  8 58  1  0  0
 7  2 135032 55514360 1719544 97523764    0    0     0 548464 177507 955154 32  8 58  1  0  0
39  5 135032 55483912 1719544 97531504    0    0     0 521036 174015 941904 32  8 59  1  0  0
 3  3 135032 55488256 1719544 97539060    0    0     0 546228 176842 941043 32  8 59  1  0  0
 3  3 135032 55478952 1719544 97546420    0    0     0 598968 178341 949106 32  9 58  1  0  0
12  5 135032 55469556 1719552 97554028    0    0     8 456616 171846 956836 33  8 58  1  0  0
 4  4 135032 55463136 1719560 97561500    0    0     0 546380 174482 916033 31  8 60  1  0  0
procs -----------memory---------- ---swap-- -----io---- -system-- -------cpu-------
 r  b   swpd   free   buff  cache   si   so    bi    bo   in   cs us sy id wa st gu
15  5 135032 55453716 1719560 97569052    0    0     0 594948 177232 941987 32  8 59  1  0  0
 3  6 135032 55442872 1719560 97576732    0    0     0 538620 178478 958020 33  9 58  1  0  0
 6  2 135032 55434328 1719560 97584404    0    0     0 551560 177389 961939 33  9 58  1  0  0
 7  6 135032 55417700 1719560 97592140    0    0     0 569116 179718 963045 33  8 58  1  0  0
15  5 135032 55415260 1719560 97600012    0    0     0 552260 179954 970825 33  8 58  1  0  0
 4  3 135032 55416332 1719560 97607476    0    0     0 537800 173536 950324 32  8 58  1  0  0
 6  2 135032 55410120 1719560 97615316    0    0     0 518032 169855 945705 32  8 58  1  0  0
 6  4 135032 55396356 1719560 97622952    0    0     0 546248 175237 955251 32  9 58  1  0  0
17  2 135032 55387276 1719560 97630560    0    0     0 546092 176840 966441 33  9 58  1  0  0
 1  6 135032 55379524 1719564 97638420    0    0     0 545988 179144 966445 33  8 58  1  0  0
29  5 135032 55368700 1719564 97646044    0    0     0 548252 177861 965292 33  8 58  1  0  0
 5  4 135032 55363396 1719564 97653804    0    0     0 528264 174137 953775 32  8 58  1  0  0
 2  7 135032 55353932 1719564 97661356    0    0     0 564504 178492 960832 32  9 58  1  0  0
35  0 135032 55339696 1719564 97669160    0    0     0 546112 177706 969517 33  9 57  1  0  0
39  6 135032 55331928 1719572 97677108    0    0     0 500884 173326 955043 32  9 58  1  0  0
 4  2 135032 55324608 1719572 97684452    0    0     0 550888 176555 938794 32  8 59  1  0  0
39  3 135032 55317384 1719576 97692056    0    0     4 565968 176739 961126 33  8 58  1  0  0
 3  7 135032 55304328 1719576 97699784    0    0     0 550492 177424 966054 33  8 58  1  0  0
19  9 135032 55294244 1719576 97707576    0    0     0 534940 175854 959893 33  9 58  1  0  0
45  2 135032 55284368 1719580 97715344    0    0     0 535064 177093 953464 32  8 58  1  0  0
44  0 135032 55282976 1719580 97722884    0    0     0 550284 172884 947192 32  8 59  1  0  0
procs -----------memory---------- ---swap-- -----io---- -system-- -------cpu-------
 r  b   swpd   free   buff  cache   si   so    bi    bo   in   cs us sy id wa st gu
 8  2 135032 55250392 1719580 97730584    0    0     0 524580 171190 901125 30  8 61  1  0  0
 3  4 135032 55246064 1719580 97737804    0    0     0 532140 175099 955028 32  9 58  1  0  0
 6  3 135032 55297660 1719588 97745284    0    0     4 526104 173597 945495 32  8 59  1  0  0
 5  4 135032 55286872 1719592 97752936    0    0     0 534500 173526 952888 32  8 58  1  0  0
 3  4 135032 55280352 1719592 97760736    0    0     0 537412 174378 937358 32  9 59  1  0  0
37  4 135032 55269664 1719592 97768284    0    0     0 537840 175340 943282 32  8 59  1  0  0
 3  6 135032 55263788 1719592 97775868    0    0     0 537512 174585 936354 32  8 59  1  0  0
 4  6 135032 55257288 1719592 97783348    0    0     0 544252 176507 945021 32  8 59  1  0  0
10  2 135032 55248512 1719592 97790852    0    0     0 525756 170901 928557 32  8 59  1  0  0
33  6 135032 55242548 1719592 97798236    0    0     0 512348 169773 924386 31  8 59  1  0  0
30  3 135032 55231388 1719592 97805932    0    0     0 519756 170920 922123 32  8 59  1  0  0
43  2 135032 55223004 1719592 97813320    0    0     0 545764 174362 948982 32  8 59  1  0  0
36  0 135032 55221872 1719592 97820968    0    0     0 542496 173558 950921 32  8 59  1  0  0
32  0 135032 55218984 1719600 97828604    0    0     4 534108 173741 953347 32  9 58  1  0  0
14  0 135032 55213296 1719600 97836612    0    0     0 523876 172171 942060 32  8 59  1  0  0
 5  2 135032 55198820 1719600 97844104    0    0     0 523516 172945 943843 32  8 58  1  0  0
34  0 135032 55195340 1719600 97851740    0    0     0 523020 171437 940865 32  9 58  1  0  0
36  0 135032 55189540 1719600 97859336    0    0     0 522792 172450 939422 32  9 58  1  0  0
 3  4 135032 55178672 1719600 97867048    0    0     0 489864 169631 917288 32  8 59  1  0  0
39  0 135032 55170884 1719600 97874232    0    0     0 539064 171342 921461 32  8 59  1  0  0
34  0 135032 55165116 1719600 97882108    0    0     0 523196 173690 945145 32  9 58  1  0  0
procs -----------memory---------- ---swap-- -----io---- -system-- -------cpu-------
 r  b   swpd   free   buff  cache   si   so    bi    bo   in   cs us sy id wa st gu
35  0 135032 55156616 1719600 97889568    0    0     0 523464 172175 945123 32  9 58  1  0  0
37  0 135032 55148072 1719600 97897320    0    0     0 524416 171889 941129 33  9 58  1  0  0
36  0 135032 55144744 1719608 97904976    0    0     0 522924 174168 943826 32  9 58  1  0  0
33  4 135032 55133616 1719608 97912808    0    0     0 512436 170678 938484 32  9 58  1  0  0
34  1 135032 55126080 1719608 97920312    0    0     0 523568 171539 936159 32  9 58  1  0  0
38  1 135032 55109560 1719608 97927920    0    0     0 518760 171911 940284 32  8 58  1  0  0
35  0 135032 55101232 1719608 97935612    0    0     0 520076 172893 936756 32  8 58  1  0  0
35  1 135032 55103632 1719612 97943180    0    0     0 535580 174262 958996 32  8 58  1  0  0
33  1 135032 55100984 1719612 97950936    0    0     0 545368 177332 971808 33  8 58  1  0  0
31  2 135032 55089076 1719612 97958556    0    0     0 543860 176898 964194 33  8 58  1  0  0
35  1 135032 55074188 1719620 97966500    0    0     8 545768 177792 966759 33  8 58  1  0  0
32  1 135032 55067564 1719620 97974148    0    0     0 536372 176182 955925 32  9 58  1  0  0
32  3 135032 55062336 1719628 97981948    0    0     0 518052 169643 935946 32  8 59  1  0  0
36  0 135032 55051284 1719628 97989552    0    0     0 520432 171967 938443 32  8 58  1  0  0
34  1 135032 55046336 1719628 97997076    0    0     0 542788 176272 967476 33  9 58  1  0  0
38  0 135032 55036248 1719628 98004952    0    0     0 532344 173215 942382 32  8 59  1  0  0
34  1 135032 55029176 1719628 98012500    0    0     0 533508 175795 951708 32  8 58  1  0  0
36  0 135032 55022856 1719628 98020160    0    0     0 538796 175508 960261 32  9 58  1  0  0
35  0 135032 55016012 1719628 98027760    0    0     0 532192 174367 947646 32  8 58  1  0  0
34  0 135032 55008020 1719628 98035472    0    0     0 540448 177200 949730 32  8 58  1  0  0
31  1 135032 54997992 1719628 98043212    0    0     0 548984 177708 963919 32  8 58  1  0  0
procs -----------memory---------- ---swap-- -----io---- -system-- -------cpu-------
 r  b   swpd   free   buff  cache   si   so    bi    bo   in   cs us sy id wa st gu
36  0 135032 54986236 1719628 98050912    0    0     0 539024 176495 944798 32  8 58  1  0  0
33  5 135032 54978396 1719628 98058520    0    0     0 542164 174100 940020 32  8 59  1  0  0
34  0 135032 54966468 1719628 98065916    0    0     0 543176 175914 953521 32  9 58  1  0  0
33  1 135032 54928764 1719628 98073832    0    0     0 537324 174768 943943 32  8 59  1  0  0
35  0 135032 54919080 1719628 98081168    0    0     0 544336 175379 955996 32  9 58  1  0  0
35  0 135032 54912540 1719628 98088880    0    0     0 537692 174341 940358 32  8 59  1  0  0
35  1 135032 54899732 1719636 98096384    0    0     4 535480 174400 936662 32  8 59  1  0  0
41  0 135032 54898128 1719636 98103948    0    0     0 548236 176346 964893 33  9 58  1  0  0
32  1 135032 54893404 1719636 98111620    0    0     0 545588 177537 960664 33  8 58  1  0  0
30  1 135032 54887204 1719636 98119412    0    0     0 545592 178389 952744 32  8 58  1  0  0
35  1 135032 54879308 1719636 98127012    0    0     0 549436 179017 971495 33  9 58  1  0  0
34  0 135032 54868856 1719644 98134800    0    0     0 547492 177259 964311 33  8 58  1  0  0
36  2 135032 54861120 1719644 98142516    0    0     0 545716 176630 956533 33  8 58  1  0  0
36  0 135032 54852768 1719644 98150404    0    0     0 541780 176150 960078 33  9 58  1  0  0
34  0 135032 54856948 1719644 98157772    0    0     0 547160 177762 966090 33  8 58  1  0  0
34  1 135032 54851056 1719644 98165552    0    0     0 521188 171140 939730 32  8 59  1  0  0
37  2 135032 54842240 1719656 98173160    0    0     0 520476 171413 940171 32  8 58  1  0  0
33  1 135032 54828468 1719656 98180924    0    0     0 536656 177170 958672 33  8 58  1  0  0
36  0 135032 54814936 1719656 98188620    0    0     0 540416 175573 962636 33  8 58  1  0  0
34  2 135032 54811032 1719656 98196256    0    0     0 539548 174602 962948 33  8 58  1  0  0
35  1 135032 54808196 1719656 98204072    0    0     0 545056 177027 962932 33  8 58  1  0  0
procs -----------memory---------- ---swap-- -----io---- -system-- -------cpu-------
 r  b   swpd   free   buff  cache   si   so    bi    bo   in   cs us sy id wa st gu
39  0 135032 54798948 1719660 98211876    0    0     0 544884 176260 955619 32  8 58  1  0  0
34  1 135032 54788436 1719660 98219372    0    0     0 542844 177205 954700 33  8 58  1  0  0
38  0 135032 54780848 1719660 98227196    0    0     0 543380 176603 957814 32  8 58  1  0  0
35  1 135032 54770308 1719664 98234780    0    0     4 536164 174642 948935 32  8 58  1  0  0
29  0 135032 54762016 1719664 98242332    0    0     0 538832 175707 939829 31  8 59  1  0  0
34  1 135032 54753816 1719664 98249796    0    0     0 543608 178847 958093 32  8 58  1  0  0
32  1 135032 54747084 1719664 98257380    0    0     0 542084 178842 958270 33  8 58  1  0  0
33  1 135032 54734644 1719664 98265112    0    0     0 545892 177669 960866 33  8 58  1  0  0
34  0 135032 54692792 1719664 98272796    0    0     0 521628 172129 898512 31  8 61  1  0  0
34  0 135032 54689136 1719664 98280016    0    0     0 536872 176615 941641 32  8 59  1  0  0
34  0 135032 54734280 1719668 98287432    0    0     0 535284 173199 943089 32  8 59  1  0  0
36  1 135032 54726436 1719672 98295004    0    0     0 546856 179242 963937 33  9 58  1  0  0
27  1 135032 54711504 1719672 98302844    0    0     0 527984 174258 915636 31  8 60  1  0  0
34  1 135032 54701116 1719672 98310088    0    0     0 533360 174185 947011 32  8 59  1  0  0
36  1 135032 54697072 1719672 98317704    0    0     0 542944 177002 971954 33  8 58  1  0  0
38  1 135032 54693992 1719672 98325420    0    0     0 545884 176527 970434 33  9 58  1  0  0
36  0 135032 54691824 1719676 98333256    0    0     0 542240 175012 964937 32  9 58  1  0  0
35  0 135032 54679384 1719676 98340964    0    0     0 548860 178175 972728 33  8 58  1  0  0
34  0 135032 54668672 1719676 98348892    0    0     0 522120 171744 939916 32  8 58  1  0  0
31  1 135032 54660820 1719676 98356300    0    0     0 522872 172614 945228 32  8 58  1  0  0
35  0 135032 54656876 1719684 98364072    0    0     0 533404 174464 955959 33  8 58  1  0  0
procs -----------memory---------- ---swap-- -----io---- -system-- -------cpu-------
 r  b   swpd   free   buff  cache   si   so    bi    bo   in   cs us sy id wa st gu
31  1 135032 54652452 1719688 98371812    0    0     4 550980 178697 976834 33  9 58  1  0  0
32  0 135032 54640584 1719688 98379468    0    0     0 536300 174421 951990 32  8 58  1  0  0
36  0 135032 54632912 1719688 98387156    0    0     0 536780 174938 956902 33  9 58  1  0  0
33  1 135032 54627484 1719688 98394912    0    0     0 540856 177728 958580 32  9 58  1  0  0
35  1 135032 54620172 1719696 98402620    0    0     0 541876 178245 955721 33  8 58  1  0  0
34  1 135032 54621636 1719696 98410312    0    0     0 537536 176536 956741 33  9 58  1  0  0
35  1 135032 54608032 1719696 98417860    0    0     0 538372 177638 948943 32  9 58  1  0  0
35  1 135032 54597996 1719696 98425616    0    0     0 540556 175995 953782 32  8 58  1  0  0
34  2 135032 54593236 1719696 98433256    0    0     0 535648 174803 939489 32  8 59  1  0  0
31  1 135032 54583980 1719704 98440760    0    0     0 514048 169210 923307 32  8 59  1  0  0
34  0 135032 54582348 1719704 98448164    0    0     0 510972 168901 920817 32  8 59  1  0  0
31  0 135032 54570460 1719704 98455788    0    0     0 510828 168773 918960 31  8 59  1  0  0
35  1 135032 54572316 1719704 98463136    0    0     0 518592 169383 926049 32  8 59  1  0  0
32  1 135032 54555476 1719704 98470716    0    0     0 512004 168435 912979 31  8 59  1  0  0
39  1 135032 54548924 1719708 98478220    0    0     0 522224 171598 945410 32  8 58  1  0  0
35  1 135032 54542504 1719708 98485832    0    0     0 519428 169692 927852 32  8 59  1  0  0
36  1 135032 54534476 1719708 98493244    0    0     0 516712 170033 922980 32  8 59  1  0  0
30  1 135032 54524436 1719708 98500832    0    0     0 519800 168370 938148 32  8 58  1  0  0
32  1 135032 54515092 1719712 98508520    0    0     4 513884 170486 925220 32  8 59  1  0  0
36  0 135032 54511392 1719712 98516088    0    0     0 509220 167315 918539 32  8 59  1  0  0
35  0 135032 54505560 1719712 98523580    0    0     0 510788 167667 916072 32  8 59  1  0  0
procs -----------memory---------- ---swap-- -----io---- -system-- -------cpu-------
 r  b   swpd   free   buff  cache   si   so    bi    bo   in   cs us sy id wa st gu
34  0 135032 54502636 1719712 98531024    0    0     0 495556 163643 904935 31  8 60  1  0  0
31  2 135032 54499060 1719712 98538424    0    0     0 495444 164301 907343 31  8 59  1  0  0
33  1 135032 54492580 1719712 98545880    0    0     0 526596 170905 943214 32  8 59  1  0  0
35  0 135032 54485296 1719712 98553404    0    0     0 544352 175515 965681 33  9 58  1  0  0
36  0 135032 54475088 1719712 98561332    0    0     0 550776 178539 971239 33  9 58  1  0  0
38  0 135032 54467176 1719712 98569072    0    0     0 541104 175774 957180 33  8 58  1  0  0
33  1 135032 54459968 1719712 98576680    0    0     0 544208 176896 951282 32  8 58  1  0  0
38  0 135032 54459424 1719712 98584068    0    0     0 529004 171174 941791 32  8 59  1  0  0
33  1 135032 54448316 1719712 98591904    0    0     0 520828 170671 936131 32  8 58  1  0  0
37  1 135032 54437416 1719712 98599440    0    0     0 518396 171663 920113 31  8 59  1  0  0
33  2 135032 54435900 1719712 98606808    0    0     0 510908 168144 916032 31  8 59  1  0  0
28  2 135032 54397808 1719712 98614232    0    0     0 507908 168923 909973 31  8 59  1  0  0
36  1 135032 54385484 1719712 98621684    0    0     0 511352 168741 901759 31  8 60  1  0  0
35  1 135032 54375908 1719716 98629084    0    0     0 533512 173538 947173 32  8 58  1  0  0
34  0 135032 54373340 1719720 98636744    0    0     4 541680 174172 957411 32  8 58  1  0  0
35  0 135032 54366508 1719720 98644348    0    0     0 543328 175481 956723 33  8 58  1  0  0
32  2 135032 54354872 1719720 98652200    0    0     0 541268 175283 944262 32  8 59  1  0  0
35  1 135032 54346696 1719720 98659796    0    0     0 537356 173854 939809 32  8 59  1  0  0
34  2 135032 54343408 1719724 98667388    0    0     0 541680 176335 961097 33  8 58  1  0  0
34  0 135032 54336024 1719724 98674932    0    0     0 537000 175716 948966 32  8 58  1  0  0
35  0 135032 54327052 1719724 98682500    0    0     0 536264 175414 946997 32  8 59  1  0  0
procs -----------memory---------- ---swap-- -----io---- -system-- -------cpu-------
 r  b   swpd   free   buff  cache   si   so    bi    bo   in   cs us sy id wa st gu
34  1 135032 54327400 1719724 98690252    0    0     0 544900 177681 961807 32  9 58  1  0  0
38  0 135032 54319204 1719724 98697740    0    0     0 539748 176759 948707 32  8 58  1  0  0
35  0 135032 54310028 1719728 98705520    0    0     0 542644 174321 944639 32  8 59  1  0  0
34  0 135032 54297336 1719728 98713028    0    0     0 528384 172759 933038 32  8 59  1  0  0
39  0 135032 54288108 1719728 98720440    0    0     0 512944 170081 927530 32  8 59  1  0  0
34  1 135032 54284676 1719728 98728024    0    0     0 543364 175061 966770 33  9 58  1  0  0
35  0 135032 54286028 1719728 98735892    0    0     0 545644 175017 970069 33  8 58  1  0  0
33  1 135032 54279892 1719728 98743752    0    0     0 542376 176794 972797 33  9 57  1  0  0
35  0 135032 54269424 1719728 98751664    0    0     0 537512 175138 951654 33  8 58  1  0  0
32  1 135032 54261320 1719728 98759212    0    0     0 526568 171842 939380 32  8 58  1  0  0
34  0 135032 54250896 1719728 98766852    0    0     0 521936 171619 940352 32  8 58  1  0  0
39  1 135032 54246096 1719732 98774500    0    0     4 529232 172981 942521 32  8 58  1  0  0
37  0 135032 54241388 1719736 98782036    0    0     0 545960 176629 963307 33  8 58  1  0  0
34  0 135032 54229716 1719736 98789748    0    0     0 543836 177108 964050 32  9 58  1  0  0
36  0 135032 54220508 1719736 98797588    0    0     0 541872 175853 963752 33  9 58  1  0  0
34  0 135032 54208580 1719736 98805320    0    0     0 542852 176809 957382 32  9 58  1  0  0
37  1 135032 54157584 1719736 98812924    0    0     0 515112 168773 880210 30  8 61  1  0  0
35  0 135032 54150400 1719740 98820004    0    0     0 533132 175120 958296 33  9 58  1  0  0
33  0 135032 54196868 1719744 98827612    0    0     0 530852 172817 933978 32  8 59  1  0  0
36  0 135032 54193928 1719744 98835296    0    0     0 532156 175199 954564 32  9 58  1  0  0
34  0 135032 54193092 1719744 98843052    0    0     0 526236 173632 943674 32  9 58  1  0  0
procs -----------memory---------- ---swap-- -----io---- -system-- -------cpu-------
 r  b   swpd   free   buff  cache   si   so    bi    bo   in   cs us sy id wa st gu
35  0 135032 54181348 1719744 98850632    0    0     0 529212 174801 950702 33  8 58  1  0  0
34  1 135032 54176156 1719748 98858392    0    0     0 517424 171376 919969 32  8 59  1  0  0
37  0 135032 54164508 1719748 98865936    0    0     0 520616 172353 929215 32  9 59  1  0  0
34  1 135032 54154660 1719748 98873540    0    0     0 533380 175575 954791 33  9 58  1  0  0
34  0 135032 54151812 1719748 98881280    0    0     0 527468 173205 953617 33  9 58  1  0  0
36  0 135032 54137704 1719748 98888940    0    0     0 524552 174749 938294 33  8 58  1  0  0
32  1 135032 54134232 1719752 98896696    0    0     0 525020 172125 932990 32  8 58  1  0  0
34  0 135032 54133256 1719752 98904140    0    0     0 503744 167645 921082 32  8 59  1  0  0
35  0 135032 54120932 1719756 98911752    0    0     4 510672 169871 940990 32  8 58  1  0  0
37  2 135032 54110588 1719756 98919464    0    0     0 544080 178267 968888 33  8 58  1  0  0
38  0 135032 54098204 1719756 98927064    0    0     0 541648 176640 960374 33  9 58  1  0  0
37  1 135032 54087684 1719764 98934752    0    0     0 549532 179066 971997 33  9 57  1  0  0
31  2 135032 54076296 1719764 98942756    0    0     0 543008 177347 958670 33  8 58  1  0  0
32  0 135032 54070176 1719764 98950328    0    0     0 526168 172109 941909 32  8 58  1  0  0
33  1 135032 54061928 1719764 98957920    0    0     0 516900 169585 931338 32  8 59  1  0  0
35  0 135032 54047896 1719764 98965548    0    0     0 539276 176378 971249 33  9 58  1  0  0
36  0 135032 54043892 1719768 98973304    0    0     0 542988 177205 961189 33  8 58  1  0  0
37  0 135032 54036208 1719768 98980852    0    0     0 544320 177764 970709 33  9 58  1  0  0
37  0 135032 54030900 1719768 98988828    0    0     0 544268 176972 964838 33  9 58  1  0  0
33  0 135032 54026604 1719768 98996676    0    0     0 538604 174584 946994 32  9 58  1  0  0
33  1 135032 54013588 1719768 99004136    0    0     0 539832 175865 940765 32  8 59  1  0  0
procs -----------memory---------- ---swap-- -----io---- -system-- -------cpu-------
 r  b   swpd   free   buff  cache   si   so    bi    bo   in   cs us sy id wa st gu
35  1 135032 54006604 1719776 99011700    0    0     0 544308 177768 966735 33  8 58  1  0  0
36  0 135032 54000568 1719776 99019428    0    0     0 541764 175187 954846 32  8 58  1  0  0
34  1 135032 54000780 1719776 99027028    0    0     0 546016 174819 961567 32  8 58  1  0  0
39  0 135032 53993032 1719776 99034796    0    0     0 544384 175557 956939 32  8 58  1  0  0
32  0 135032 53981768 1719780 99042348    0    0     4 535208 174187 947227 32  8 58  1  0  0
30  1 135032 53971248 1719788 99049880    0    0     0 533352 174333 927975 32  8 59  1  0  0
35  0 135032 53962040 1719788 99057620    0    0     0 539572 174826 942533 32  8 59  1  0  0
37  0 135032 53958556 1719788 99064972    0    0     0 551792 177515 968088 33  8 58  1  0  0
32  2 135032 53949484 1719788 99072728    0    0     0 541472 175910 954639 32  8 58  1  0  0
33  2 135032 53942248 1719788 99080324    0    0     0 542580 173610 941614 32  8 59  1  0  0
36  1 135032 53931772 1719792 99087880    0    0     0 511756 166933 902167 31  8 60  1  0  0
34  1 135032 53919404 1719792 99095204    0    0     0 528788 171601 952929 32  8 58  1  0  0
33  1 135032 53910768 1719792 99102892    0    0     0 552316 178134 974900 33  8 58  1  0  0
34  0 135032 53910332 1719792 99110524    0    0     0 541400 175836 963315 33  9 57  1  0  0
36  0 135032 53897476 1719792 99118396    0    0     0 529572 172143 952185 33  9 58  1  0  0
35  0 135032 53882212 1719796 99126184    0    0     0 506748 167182 923069 32  8 58  1  0  0
41  1 135032 53878440 1719796 99133788    0    0     0 507596 167063 921216 32  8 59  1  0  0
37  2 135032 53866360 1719796 99141292    0    0     0 530232 173214 948725 33  8 58  1  0  0
31  0 135032 53869400 1719796 99149004    0    0     0 528744 172917 947632 33  9 58  1  0  0
37  1 135032 53835808 1719796 99156784    0    0     0 525368 172624 939170 32  9 58  1  0  0
33  1 135032 53826028 1719804 99164380    0    0     0 527024 172868 946487 33  9 58  1  0  0
procs -----------memory---------- ---swap-- -----io---- -system-- -------cpu-------
 r  b   swpd   free   buff  cache   si   so    bi    bo   in   cs us sy id wa st gu
35  0 135032 53820180 1719804 99172056    0    0     0 535276 174226 957570 33  9 58  1  0  0
35  0 135032 53806372 1719808 99180008    0    0     4 543112 177330 964806 33  9 58  1  0  0
32  0 135032 53807076 1719808 99187700    0    0     0 537576 174453 936902 32  8 59  1  0  0
32  1 135032 53797548 1719808 99195268    0    0     0 534216 174297 935686 32  8 59  1  0  0
36  1 135032 53792664 1719812 99202848    0    0     0 548984 177156 969019 33  8 58  1  0  0
34  1 135032 53780516 1719812 99210608    0    0     0 547308 176087 962024 32  9 58  1  0  0
34  1 135032 53767628 1719812 99218300    0    0     0 545932 178028 955944 32  8 58  1  0  0
40  1 135032 53759584 1719812 99225804    0    0     0 547380 176667 961279 33  8 58  1  0  0
36  0 135032 53752432 1719812 99233696    0    0     0 534336 173461 930157 31  8 59  1  0  0
31  1 135032 53746908 1719820 99241008    0    0     0 540008 176215 942613 32  8 59  1  0  0
33  1 135032 53741024 1719820 99248584    0    0     0 540296 175723 952319 33  8 58  1  0  0
35  0 135032 53734056 1719820 99256292    0    0     0 543436 176314 953998 32  8 58  1  0  0
37  1 135032 53732944 1719820 99263748    0    0     0 536084 174125 956256 32  8 58  1  0  0
40  2 135032 53723820 1719820 99271560    0    0     0 519104 169506 926462 32  8 59  1  0  0
36  0 135032 53716644 1719828 99279036    0    0     0 515628 168711 924740 31  8 59  1  0  0
35  0 135032 53708964 1719828 99286608    0    0     0 541900 175780 958670 32  8 58  1  0  0
36  0 135032 53702496 1719828 99294216    0    0     0 540948 175527 951922 32  8 58  1  0  0
36  1 135032 53689732 1719828 99301860    0    0     0 542308 175900 957012 33  9 58  1  0  0
36  0 135032 53685312 1719828 99309492    0    0     0 522396 170318 930441 32  8 59  1  0  0
32  0 135032 53677744 1719836 99316984    0    0     4 514896 169524 915601 31  8 59  1  0  0
35  2 135032 53664072 1719836 99324408    0    0     0 524532 173168 930521 32  8 59  1  0  0
procs -----------memory---------- ---swap-- -----io---- -system-- -------cpu-------
 r  b   swpd   free   buff  cache   si   so    bi    bo   in   cs us sy id wa st gu
40  0 135032 53653984 1719836 99332080    0    0     0 537436 175342 947700 32  8 58  1  0  0
33  1 135032 53638444 1719836 99339684    0    0     0 537088 174892 945149 32  8 59  1  0  0
32  1 135032 53632500 1719836 99347356    0    0     0 540652 177450 960113 32  8 58  1  0  0
40  0 135032 53584152 1719840 99355136    0    0     0 518776 168531 891907 30  8 61  1  0  0
36  2 135032 53575636 1719840 99362096    0    0     0 544144 177855 972752 33  9 58  1  0  0
34  1 135032 53627332 1719844 99369952    0    0     0 527816 174683 908766 31  8 60  1  0  0
38  1 135032 53617360 1719844 99377248    0    0     0 537552 175648 950623 32  8 58  1  0  0
34  1 135032 53611148 1719844 99384964    0    0     0 541308 176472 966218 33  9 58  1  0  0
35  1 135032 53603316 1719844 99392660    0    0     0 545648 179149 967716 33  9 58  1  0  0
32  0 135032 53598444 1719844 99400440    0    0     0 537364 176375 948659 33  8 58  1  0  0
30  2 135032 53591304 1719844 99408020    0    0     0 539524 176102 959435 33  9 58  1  0  0
36  0 135032 53578468 1719844 99415744    0    0     0 537856 176755 965294 33  9 58  1  0  0
36  0 135032 53575568 1719844 99423556    0    0     0 534412 173821 924690 31  8 59  1  0  0
35  1 135032 53570180 1719844 99430960    0    0     0 535924 175709 941023 32  8 59  1  0  0
35  1 135032 53567180 1719844 99438416    0    0     0 542600 176731 966136 33  9 57  1  0  0
34  1 135032 53557932 1719844 99446328    0    0     0 538020 176657 959100 33  8 58  1  0  0
37  0 135032 53548724 1719848 99453880    0    0     4 520344 172661 946792 33  8 58  1  0  0
35  1 135032 53541928 1719848 99461644    0    0     0 515952 170816 942170 32  8 58  1  0  0
35  0 135032 53535084 1719852 99469272    0    0     0 546080 177168 975172 33  9 58  1  0  0
35  1 135032 53526404 1719852 99477220    0    0     0 539096 176540 972949 33  9 57  1  0  0
36  0 135032 53520692 1719852 99484968    0    0     0 526636 172967 956818 33  9 58  1  0  0
procs -----------memory---------- ---swap-- -----io---- -system-- -------cpu-------
 r  b   swpd   free   buff  cache   si   so    bi    bo   in   cs us sy id wa st gu
32  2 135032 53516372 1719852 99492740    0    0     0 531024 174710 957317 33  9 57  1  0  0
37  0 135032 53511728 1719852 99500360    0    0     0 509616 169189 931820 32  8 59  1  0  0
34  1 135032 53501852 1719852 99508332    0    0     0 512588 169335 932934 32  8 58  1  0  0
38  0 135032 53493408 1719852 99515772    0    0     0 523304 172982 948027 33  9 58  1  0  0
35  0 135032 53482080 1719852 99523576    0    0     0 521268 170236 944412 33  9 58  1  0  0
33  0 135032 53475444 1719852 99531128    0    0     0 544088 176072 965513 33  8 58  1  0  0
34  1 135032 53469188 1719852 99538856    0    0     0 543868 175845 960741 33  9 58  1  0  0
28  0 135032 53463872 1719856 99546660    0    0     0 551064 177315 972518 33  9 58  1  0  0
36  0 135032 53451848 1719856 99554472    0    0     0 544660 176805 963226 33  8 58  1  0  0
34  0 135032 53447908 1719856 99561992    0    0     0 539248 176879 940650 32  8 59  1  0  0
33  1 135032 53439348 1719856 99569516    0    0     0 541376 177073 954319 33  8 58  1  0  0
36  1 135032 53431644 1719856 99577172    0    0     0 542832 176527 962441 33  9 58  1  0  0
35  0 135032 53421924 1719864 99584984    0    0     4 541396 176411 957368 33  8 58  1  0  0
38  3 135032 53409252 1719864 99592736    0    0     0 539516 175350 947114 32  8 59  1  0  0
40  0 135032 53403472 1719864 99600284    0    0     0 539868 175162 949237 32  8 58  1  0  0
32  1 135032 53397340 1719864 99608028    0    0     0 538884 175697 948861 32  8 58  1  0  0
35  1 135032 53394556 1719864 99615536    0    0     0 527868 172273 924450 31  8 59  1  0  0
36  0 135032 53384100 1719864 99623024    0    0     0 541120 174948 952821 32  8 58  1  0  0
32  1 135032 53379624 1719864 99630536    0    0     0 532812 174407 939967 32  8 59  1  0  0
36  0 135032 53373396 1719864 99638088    0    0     0 517908 171624 930975 32  8 59  1  0  0
36  1 135032 53364388 1719864 99645616    0    0     0 526444 172730 936308 32  8 58  1  0  0
procs -----------memory---------- ---swap-- -----io---- -system-- -------cpu-------
 r  b   swpd   free   buff  cache   si   so    bi    bo   in   cs us sy id wa st gu
32  0 135032 53353200 1719864 99653216    0    0     0 541640 176264 962499 32  9 58  1  0  0
34  0 135032 53342336 1719868 99661124    0    0     0 547508 178176 967326 33  9 58  1  0  0
33  2 135032 53332708 1719868 99668980    0    0     0 542732 174787 964127 33  9 57  1  0  0
32  0 135032 53326784 1719868 99676788    0    0     0 520680 171789 933947 32  8 58  1  0  0
33  0 135032 53313972 1719868 99684160    0    0     0 521916 171103 936973 32  8 59  1  0  0
41  1 135032 53303988 1719868 99691780    0    0     0 523000 172806 937075 32  8 58  1  0  0
37  0 135032 53280496 1719872 99699416    0    0     0 501760 166500 912141 31  8 59  1  0  0
39  0 135032 53283668 1719872 99706816    0    0     0 506668 168493 917405 32  8 59  1  0  0
39  0 135032 53273616 1719872 99714372    0    0     0 505976 168344 925282 32  8 59  1  0  0
35  0 135032 53262028 1719876 99721772    0    0     4 506228 168331 919534 32  8 59  1  0  0
33  1 135032 53256592 1719876 99729568    0    0     0 532636 174253 951107 32  8 58  1  0  0
30  1 135032 53253328 1719876 99737168    0    0     0 538700 174062 954178 32  8 58  1  0  0
33  0 135032 53245564 1719876 99744800    0    0     0 521096 170579 933717 32  8 59  1  0  0
34  1 135032 53234200 1719876 99752540    0    0     0 508852 167992 908005 31  8 59  1  0  0
31  2 135032 53227428 1719876 99759824    0    0     0 507296 165979 916111 31  8 59  1  0  0
36  0 135032 53222000 1719876 99767116    0    0     0 517632 170144 933258 32  8 58  1  0  0
36  2 135032 53212240 1719876 99774804    0    0     0 510880 168243 918359 32  8 59  1  0  0
35  1 135032 53201272 1719876 99782380    0    0     0 515400 169543 919753 32  8 59  1  0  0
38  0 135032 53192152 1719876 99789896    0    0     0 518952 171061 924499 31  8 59  1  0  0
35  0 135032 53178024 1719876 99797388    0    0     0 522156 172589 937551 32  8 58  1  0  0
38  2 135032 53170624 1719876 99805048    0    0     0 507300 166907 894048 31  8 60  1  0  0
procs -----------memory---------- ---swap-- -----io---- -system-- -------cpu-------
 r  b   swpd   free   buff  cache   si   so    bi    bo   in   cs us sy id wa st gu
34  1 135032 53167480 1719880 99812216    0    0     0 515412 169679 920498 32  8 59  1  0  0
33  1 135032 53161104 1719880 99819732    0    0     0 516528 171105 927122 32  8 59  1  0  0
34  0 135032 53150704 1719880 99827232    0    0     0 515056 170667 927449 32  8 59  1  0  0
34  1 135032 53142560 1719880 99834748    0    0     0 520308 170262 933579 32  8 59  1  0  0
35  0 135032 53136040 1719880 99842212    0    0     0 520600 172129 934839 32  8 59  1  0  0
29  2 135032 53132640 1719884 99849836    0    0     0 498532 165866 908643 31  8 59  1  0  0
35  1 135032 53118200 1719888 99857384    0    0     4 504148 166016 916649 32  8 59  1  0  0
37  0 135032 53109492 1719888 99864672    0    0     0 509292 167093 924524 32  8 59  1  0  0
35  0 135032 53105292 1719888 99872400    0    0     0 522756 170823 938482 32  8 58  1  0  0
34  0 135032 53099520 1719888 99879836    0    0     0 507460 168060 911334 31  8 59  1  0  0
34  0 135032 53092356 1719896 99887384    0    0     0 520708 171850 926441 31  8 59  1  0  0
32  0 135032 53039372 1719896 99894924    0    0     0 495676 164797 855292 30  8 62  1  0  0
37  1 135032 53030164 1719896 99901828    0    0     0 524508 173232 938817 32  8 59  1  0  0
37  1 135032 53084560 1719908 99909332    0    0     8 519056 170561 923117 31  8 59  1  0  0
34  0 135032 53079232 1719908 99916844    0    0     0 524088 172018 935165 32  8 59  1  0  0
31  2 135032 53066252 1719916 99924540    0    0     0 514760 170798 925042 32  8 59  1  0  0
35  0 135032 53056268 1719916 99931820    0    0     0 512844 169989 913103 31  8 59  1  0  0
34  1 135032 53048400 1719916 99939320    0    0     0 516536 169658 918957 31  8 59  1  0  0
33  1 135032 53041832 1719916 99946700    0    0     0 530108 172994 953271 32  8 58  1  0  0
34  1 135032 53032668 1719916 99954448    0    0     0 534608 174329 958927 33  8 58  1  0  0
35  2 135032 53024720 1719920 99962228    0    0     0 527252 174050 935564 32  8 58  1  0  0
procs -----------memory---------- ---swap-- -----io---- -system-- -------cpu-------
 r  b   swpd   free   buff  cache   si   so    bi    bo   in   cs us sy id wa st gu
35  1 135032 53019268 1719920 99969804    0    0     0 524148 172361 944973 32  8 58  1  0  0
35  1 135032 53006092 1719920 99977516    0    0     0 534564 175809 958624 33  9 58  1  0  0
37  1 135032 52999644 1719920 99984988    0    0     0 524996 170948 916094 31  8 60  1  0  0
42  1 135032 52991296 1719924 99992536    0    0     4 526684 172045 926057 31  8 59  1  0  0
34  1 135032 52982048 1719924 99999968    0    0     0 524548 172464 930772 31  8 59  1  0  0
34  0 135032 52977468 1719924 100007520    0    0     0 528308 174071 943513 32  8 58  1  0  0
30  1 135032 52971108 1719924 100015008    0    0     0 528144 174165 941132 32  8 58  1  0  0
37  0 135032 52965196 1719924 100022692    0    0     0 524192 171171 941219 32  8 58  1  0  0
36  0 135032 52962860 1719924 100030276    0    0     0 527176 171315 948904 32  8 58  1  0  0
34  2 135032 52954184 1719936 100037960    0    0     0 507428 167299 922661 32  8 59  1  0  0
30  0 135032 52956332 1719936 100045216    0    0     0 508940 167661 929121 32  8 59  1  0  0
35  1 135032 52942684 1719936 100052924    0    0     0 530456 173173 949902 33  8 58  1  0  0
33  2 135032 52939772 1719936 100060664    0    0     0 532684 171734 942577 32  8 58  1  0  0
33  1 135032 52927256 1719936 100068060    0    0     0 533300 174147 939608 32  8 59  1  0  0
33  0 135032 52920264 1719940 100075628    0    0     0 515644 170845 929665 32  8 59  1  0  0
37  1 135032 52912660 1719940 100083184    0    0     0 518716 171994 940490 32  8 58  1  0  0
38  1 135032 52911104 1719940 100090788    0    0     0 518548 170856 954150 33  9 58  1  0  0
33  1 135032 52902996 1719940 100098680    0    0     0 513780 169067 941211 33  8 58  1  0  0
34  1 135032 52888616 1719940 100106360    0    0     0 522072 174111 952437 33  9 58  1  0  0
37  1 135032 52882152 1719952 100114060    0    0     0 517376 172587 935678 32  9 58  1  0  0
27  0 135032 52876748 1719952 100121744    0    0     0 516972 171674 923624 32  8 59  1  0  0
procs -----------memory---------- ---swap-- -----io---- -system-- -------cpu-------
 r  b   swpd   free   buff  cache   si   so    bi    bo   in   cs us sy id wa st gu
33  0 135032 52864064 1719956 100129308    0    0     4 523588 171937 941425 32  8 58  1  0  0
34  1 135032 52864844 1719956 100137000    0    0     0 519720 170053 942397 33  8 58  1  0  0
35  0 135032 52849704 1719956 100144728    0    0     0 518636 171850 938046 33  9 58  1  0  0
36  0 135032 52846160 1719968 100152284    0    0     0 525640 173601 942710 32  9 58  1  0  0
33  0 135032 52842908 1719968 100160092    0    0     0 534524 172341 953010 32  8 58  1  0  0
34  0 135032 52832264 1719968 100167672    0    0     0 541340 174583 964257 33  9 58  1  0  0
35  1 135032 52828036 1719968 100175188    0    0     0 525668 170654 914096 31  8 60  1  0  0
35  0 135032 52816796 1719968 100182804    0    0     0 542064 177339 957133 32  8 58  1  0  0
37  2 135032 52810188 1719976 100190492    0    0     0 536820 175169 956938 33  8 58  1  0  0
37  1 135032 52800204 1719976 100198272    0    0     0 539016 175804 953919 32  8 58  1  0  0
34  1 135032 52794840 1719976 100205968    0    0     0 532044 171795 947319 32  8 58  1  0  0
35  1 135032 52788028 1719976 100213624    0    0     0 528504 172159 948662 32  8 58  1  0  0
34  0 135032 52783332 1719976 100221256    0    0     0 509784 167157 919347 32  8 59  1  0  0
33  2 135032 52770972 1719984 100228692    0    0     0 519484 168461 934955 32  8 59  1  0  0
35  0 135032 52740004 1719984 100236276    0    0     0 536124 174044 946675 32  8 58  1  0  0
36  0 135032 52734996 1719984 100243984    0    0     0 544252 176320 963776 33  8 58  1  0  0
37  0 135032 52722020 1719984 100251648    0    0     0 536952 174829 947332 32  8 58  1  0  0
34  1 135032 52715084 1719984 100259272    0    0     0 536292 174929 946539 32  8 58  1  0  0
32  1 135032 52711456 1720000 100266992    0    0     4 536232 174967 947672 32  8 58  1  0  0
35  0 135032 52705036 1720000 100274508    0    0     0 537984 173520 957002 32  8 58  1  0  0
37  0 135032 52700100 1720000 100282408    0    0     0 532252 173411 940713 32  8 58  1  0  0
procs -----------memory---------- ---swap-- -----io---- -system-- -------cpu-------
 r  b   swpd   free   buff  cache   si   so    bi    bo   in   cs us sy id wa st gu
35  1 135032 52689488 1720000 100289892    0    0     0 537784 173972 947455 32  9 58  1  0  0
34  0 135032 52673756 1720000 100297468    0    0     0 539152 174965 958588 33  8 58  1  0  0
34  2 135032 52660812 1720008 100305176    0    0     0 527068 171328 920800 31  8 59  1  0  0
31  0 135032 52652492 1720008 100312888    0    0     0 535140 174008 938105 32  8 59  1  0  0
31  0 135032 52643928 1720008 100320164    0    0     0 539192 175656 958047 33  8 58  1  0  0
35  0 135032 52631440 1720008 100327948    0    0     0 539872 175147 961722 33  8 58  1  0  0
36  0 135032 52627864 1720008 100335688    0    0     0 534280 174912 948458 32  8 58  1  0  0
41  0 135032 52617012 1720012 100343284    0    0     0 536016 174587 957396 32  9 58  1  0  0
30  1 135032 52611700 1720012 100350964    0    0     0 541988 177877 966771 33  9 58  1  0  0
34  1 135032 52608456 1720012 100358832    0    0     0 526224 173134 926866 32  8 59  1  0  0
38  0 135032 52597856 1720012 100366272    0    0     0 530264 170932 936546 32  8 59  1  0  0
35  0 135032 52592616 1720012 100373896    0    0     0 535284 171537 951351 32  8 58  1  0  0
39  0 135032 52585880 1720020 100381516    0    0     0 532816 172807 954125 32  8 58  1  0  0
32  1 135032 52582732 1720020 100389128    0    0     0 537480 175290 954694 32  9 58  1  0  0
35  1 135032 52577948 1720024 100396748    0    0     4 536048 174540 955407 32  8 58  1  0  0
34  0 135032 52570700 1720024 100404488    0    0     0 528228 174483 940691 32  8 59  1  0  0
37  0 135032 52559112 1720024 100411976    0    0     0 510752 169319 933766 32  8 58  1  0  0
36  0 135032 52556852 1720036 100419776    0    0     0 519932 171582 940743 32  8 58  1  0  0
32  2 135032 52545216 1720036 100427488    0    0     0 531792 173417 957031 33  9 58  1  0  0
 3  0 135032 52521100 1720036 100435056    0    0     0 529004 173346 934727 32  8 59  1  0  0
35  0 135032 52488220 1720036 100442208    0    0     0 516668 170004 893872 30  8 61  1  0  0
procs -----------memory---------- ---swap-- -----io---- -system-- -------cpu-------
 r  b   swpd   free   buff  cache   si   so    bi    bo   in   cs us sy id wa st gu
35  0 135032 52545816 1720040 100449768    0    0     0 524148 172037 939763 32  8 59  1  0  0
34  0 135032 52541640 1720048 100457456    0    0     0 534148 172733 959562 33  8 58  1  0  0
33  0 135032 52530016 1720048 100465312    0    0     0 530772 173384 952836 33  8 58  1  0  0
32  2 135032 52521692 1720048 100472940    0    0     0 531748 171840 943113 32  8 59  1  0  0
35  0 135032 52515208 1720048 100480496    0    0     0 527148 173140 939058 32  8 59  1  0  0
37  0 135032 52508336 1720048 100488012    0    0     0 532016 174687 955073 33  8 58  1  0  0
34  1 135032 52503136 1720056 100495756    0    0     0 520872 171341 920956 32  8 59  1  0  0
35  0 135032 52496836 1720056 100503220    0    0     0 531144 175515 927777 31  8 59  1  0  0
38  1 135032 52488160 1720056 100510740    0    0     0 546212 179117 966713 33  9 58  1  0  0
39  1 135032 52481648 1720056 100518476    0    0     0 538208 174026 962422 33  8 58  1  0  0
41  0 135032 52475944 1720056 100526236    0    0     0 543976 176474 960112 33  8 58  1  0  0
37  0 135032 52470256 1720072 100533820    0    0     4 541232 176205 970488 33  8 58  1  0  0
37  1 135032 52461932 1720072 100541700    0    0     0 544192 176840 963820 33  9 58  1  0  0
32  0 135032 52449860 1720072 100549424    0    0     0 538784 176651 939709 32  8 59  1  0  0
36  0 135032 52441380 1720072 100557008    0    0     0 542096 178027 958130 33  8 58  1  0  0
34  1 135032 52433620 1720072 100564844    0    0     0 543808 177044 967387 33  9 58  1  0  0
29  1 135032 52426052 1720084 100572448    0    0     0 542452 175652 956516 33  8 58  1  0  0
36  0 135032 52419016 1720084 100580132    0    0     0 534212 173099 948175 32  9 58  1  0  0
34  1 135032 52407596 1720084 100587712    0    0     0 513940 171056 921504 32  8 59  1  0  0
30  1 135032 52392392 1720084 100595244    0    0     0 527628 174201 950539 33  8 58  1  0  0
34  0 135032 52384616 1720084 100602784    0    0     0 548648 178585 975012 33  9 58  1  0  0
procs -----------memory---------- ---swap-- -----io---- -system-- -------cpu-------
 r  b   swpd   free   buff  cache   si   so    bi    bo   in   cs us sy id wa st gu
36  0 135032 52379720 1720096 100610676    0    0     0 548432 176017 972841 33  9 58  1  0  0
36  0 135032 52372136 1720096 100618400    0    0     0 541072 177277 968985 33  9 58  1  0  0
36  1 135032 52363424 1720096 100626296    0    0     0 535580 175030 955239 32  8 58  1  0  0
35  1 135032 52352016 1720096 100633964    0    0     0 537572 176288 951968 32  8 58  1  0  0
38  0 135032 52345468 1720096 100641620    0    0     0 534420 174109 948693 32  9 58  1  0  0
35  1 135032 52345780 1720104 100649284    0    0     0 538664 176316 962593 33  9 58  1  0  0
35  0 135032 52335316 1720104 100657284    0    0     0 541272 176095 955725 33  8 58  1  0  0
33  0 135032 52331360 1720104 100664660    0    0     0 545476 177110 962731 32  9 58  1  0  0
36  0 135032 52320792 1720108 100672468    0    0     4 541228 176863 961100 33  9 58  1  0  0
35  1 135032 52315152 1720108 100680364    0    0     0 547804 177997 963077 33  9 58  1  0  0
33  1 135032 52313092 1720116 100687956    0    0     0 530352 172920 932098 32  8 59  1  0  0
38  1 135032 52306568 1720116 100695624    0    0     0 530816 173530 939482 32  8 58  1  0  0
35  1 135032 52298964 1720116 100703224    0    0     0 540976 174622 955097 32  8 58  1  0  0
36  0 135032 52291932 1720116 100710860    0    0     0 528932 172559 918299 31  8 60  1  0  0
34  1 135032 52281208 1720116 100718228    0    0     0 534068 173657 940590 32  8 59  1  0  0
33  0 135032 52278512 1720116 100725768    0    0     0 543504 176785 954935 32  8 58  1  0  0
33  1 135032 52263672 1720116 100733312    0    0     0 521252 171405 899020 30  8 61  1  0  0
36  0 135032 52256368 1720116 100740536    0    0     0 542824 176141 967235 33  8 58  1  0  0
40  0 135032 52249152 1720116 100748492    0    0     0 544760 176332 964889 32  9 58  1  0  0
35  1 135032 52243248 1720116 100756144    0    0     0 544976 176882 963777 33  8 58  1  0  0
35  1 135032 52238208 1720124 100763836    0    0     0 537220 174285 959255 32  8 58  1  0  0
procs -----------memory---------- ---swap-- -----io---- -system-- -------cpu-------
 r  b   swpd   free   buff  cache   si   so    bi    bo   in   cs us sy id wa st gu
33  1 135032 52227300 1720124 100771520    0    0     0 516344 170521 931569 32  8 59  1  0  0
31  0 135032 52202148 1720124 100778852    0    0     0 514248 168956 918572 31  8 59  1  0  0
36  1 135032 52196920 1720124 100786648    0    0     0 545780 176083 961688 32  9 58  1  0  0
34  1 135032 52189436 1720124 100794152    0    0     0 545092 176714 959767 33  8 58  1  0  0
38  0 135032 52178756 1720140 100801892    0    0     4 539196 176458 951390 32  8 58  1  0  0
35  0 135032 52169924 1720140 100809544    0    0     0 538536 177276 943672 32  8 59  1  0  0
34  0 135032 52159140 1720140 100817240    0    0     0 524240 174342 926689 32  8 59  1  0  0
34  0 135032 52154208 1720140 100824724    0    0     0 519424 171755 927630 32  8 59  1  0  0
35  0 135032 52139024 1720140 100832224    0    0     0 533104 173365 938892 32  8 59  1  0  0
35  1 135032 52132228 1720152 100839872    0    0     0 543244 177383 967761 33  9 58  1  0  0
39  0 135032 52128016 1720152 100847408    0    0     0 548076 175512 969755 33  8 58  1  0  0
33  0 135032 52114216 1720152 100855152    0    0     0 546424 177873 959860 32  8 58  1  0  0
37  1 135032 52115132 1720152 100862896    0    0     0 542724 176219 964225 32  9 58  1  0  0
37  0 135032 52103192 1720152 100870628    0    0     0 539112 175526 958716 33  8 58  1  0  0
36  0 135032 52093472 1720160 100878408    0    0     0 536680 175749 937949 32  8 59  1  0  0
35  1 135032 52086912 1720160 100885936    0    0     0 536476 175952 947954 32  8 58  1  0  0
34  0 135032 52081204 1720160 100893468    0    0     0 535560 184002 947239 32  9 58  1  0  0
35  0 135032 52069524 1720160 100901236    0    0     0 541892 182641 954000 32  9 58  1  0  0
34  0 135032 52064640 1720160 100908748    0    0     0 539676 177897 953199 32  8 58  1  0  0
33  0 135032 52057940 1720168 100916204    0    0     0 528960 172301 923154 31  8 59  1  0  0
35  0 135032 52047136 1720168 100924020    0    0     0 540384 175840 947337 32  9 59  1  0  0
procs -----------memory---------- ---swap-- -----io---- -system-- -------cpu-------
 r  b   swpd   free   buff  cache   si   so    bi    bo   in   cs us sy id wa st gu
34  0 135032 52039632 1720168 100931132    0    0     0 538656 175234 941758 32  8 59  1  0  0
34  1 135032 52033616 1720176 100938672    0    0     8 537896 175289 939709 32  8 59  1  0  0
36  1 135032 52027236 1720176 100946252    0    0     0 515204 168411 923333 32  8 59  1  0  0
41  1 135032 52018420 1720180 100953852    0    0     0 512916 167689 910919 31  8 59  1  0  0
35  2 135032 52010420 1720180 100961380    0    0     0 549404 177644 960666 33  8 58  1  0  0
33  2 135032 52003848 1720180 100969016    0    0     0 540308 174692 949839 32  8 58  1  0  0
 1  0 135032 51999588 1720180 100976500    0    0     0 539600 174642 940746 32  8 59  1  0  0
34  2 135032 51991636 1720180 100984060    0    0     0 525416 170640 903524 30  8 61  1  0  0
39  0 135032 52005924 1720184 100991316    0    0     0 536668 173646 937048 32  8 59  1  0  0
37  0 135032 51998152 1720188 100998680    0    0     0 536532 173471 937885 32  8 59  1  0  0
32  0 135032 51989532 1720188 101007004    0    0     0 537344 175390 936849 32  8 59  1  0  0
39  1 135032 51991160 1720188 101013816    0    0     0 542696 175879 959338 32  9 58  1  0  0
33  1 135032 51981088 1720188 101021640    0    0     0 542212 176254 955609 32  8 58  1  0  0
35  1 135032 51971608 1720188 101029096    0    0     0 538332 175297 952078 32  8 58  1  0  0
34  0 135032 51960772 1720200 101036712    0    0     0 542428 173656 955050 32  9 58  1  0  0
38  0 135032 51950404 1720200 101045336    0    0     0 543424 177380 950611 32  8 59  1  0  0
34  0 135032 51943536 1720200 101052140    0    0     0 542760 176700 962696 33  9 58  1  0  0
34  1 135032 51940088 1720200 101059768    0    0     0 535472 175490 937840 32  8 59  1  0  0
34  1 135032 51933412 1720200 101067988    0    0     0 549136 178257 961013 32  8 58  1  0  0
33  0 135032 51921216 1720212 101075044    0    0     4 544644 178447 950667 32  8 58  1  0  0
32  1 135032 51909708 1720212 101082832    0    0     0 543116 177286 940296 32  8 59  1  0  0
procs -----------memory---------- ---swap-- -----io---- -system-- -------cpu-------
 r  b   swpd   free   buff  cache   si   so    bi    bo   in   cs us sy id wa st gu
38  1 135032 51910244 1720212 101091088    0    0     0 538752 175809 950024 32  9 58  1  0  0
36  0 135032 51899320 1720212 101097888    0    0     0 533376 174959 945652 32  8 58  1  0  0
39  1 135032 51886696 1720212 101105836    0    0     0 544648 177469 957221 32  8 58  1  0  0
33  2 135032 51880288 1720220 101113044    0    0     0 547388 177065 963012 33  8 58  1  0  0
36  0 135032 51873584 1720220 101120788    0    0     0 535648 174014 945363 32  8 59  1  0  0
33  0 135032 51863904 1720220 101128944    0    0     0 515604 169168 932447 32  8 59  1  0  0
34  0 135032 51858228 1720220 101135964    0    0     0 522152 170295 936765 32  8 59  1  0  0
34  0 135032 51848016 1720220 101143636    0    0     0 548020 178954 962077 32  8 58  1  0  0
31  1 135032 51837628 1720220 101152352    0    0     0 543076 176973 955731 33  9 58  1  0  0
33  1 135032 51832320 1720220 101158952    0    0     0 544136 177700 966664 33  9 58  1  0  0
35  1 135032 51825120 1720220 101167164    0    0     0 552184 178738 969646 33  8 58  1  0  0
33  1 135032 51821432 1720220 101175804    0    0     0 543456 176715 956644 32  8 58  1  0  0
33  1 135032 51813084 1720220 101182156    0    0     0 547136 177471 956973 32  8 58  1  0  0
40  0 135032 51809472 1720232 101190540    0    0     0 547840 177507 956634 32  9 58  1  0  0
37  0 135032 51790504 1720232 101197528    0    0     0 546124 176677 944222 31  8 59  1  0  0
36  0 135032 51785028 1720232 101205376    0    0     0 546096 176125 959651 32  9 58  1  0  0
32  1 135032 51775252 1720236 101213800    0    0     4 546892 177780 956923 33  8 58  1  0  0
36  0 135032 51773536 1720236 101220520    0    0     0 536368 173674 936285 32  8 59  1  0  0
34  0 135032 51767492 1720248 101228180    0    0     0 546008 176001 959229 32  9 58  1  0  0
35  0 135032 51758532 1720248 101237040    0    0     0 547056 177919 957688 32  8 58  1  0  0
34  2 135032 51748004 1720248 101243160    0    0     0 532612 173294 918357 31  8 60  1  0  0
procs -----------memory---------- ---swap-- -----io---- -system-- -------cpu-------
 r  b   swpd   free   buff  cache   si   so    bi    bo   in   cs us sy id wa st gu
34  1 135032 51744868 1720248 101251184    0    0     0 548956 174528 959150 32  8 59  1  0  0
39  1 135032 51738428 1720248 101259616    0    0     0 527540 172075 920136 31  8 60  1  0  0
32  2 135032 51728560 1720260 101265944    0    0     0 547548 177973 959622 33  8 58  1  0  0
35  0 135032 51716576 1720260 101274508    0    0     0 550792 178668 968315 33  9 58  1  0  0
39  2 135032 51713836 1720260 101281112    0    0     0 543856 177543 952316 32  8 59  1  0  0
37  0 135032 51700088 1720260 101289236    0    0     0 537292 175860 948006 32  8 58  1  0  0
35  1 135032 51694084 1720260 101297472    0    0     0 538184 175727 957641 32  9 58  1  0  0
35  0 135032 51687700 1720268 101304056    0    0     0 519528 170860 935566 32  8 59  1  0  0
36  1 135032 51685736 1720268 101312356    0    0     0 526360 171419 940311 32  8 59  1  0  0
33  2 135032 51669868 1720268 101320888    0    0     0 540268 174561 953696 33  8 58  1  0  0
34  0 135032 51670684 1720268 101327156    0    0     0 546596 175170 962896 33  8 58  1  0  0
38  0 135032 51662968 1720268 101335736    0    0     0 542424 176342 957959 32  9 58  1  0  0
36  0 135032 51653344 1720276 101344252    0    0     0 549668 177320 970895 33  9 58  1  0  0
33  2 135032 51646696 1720280 101350528    0    0     4 548836 175718 967699 33  9 58  1  0  0
36  0 135032 51636548 1720280 101359428    0    0     0 549164 177971 963967 33  8 58  1  0  0
37  1 135032 51627732 1720280 101365728    0    0     0 546224 175262 965134 32  9 58  1  0  0
34  1 135032 51623496 1720280 101374292    0    0     0 540156 176019 950049 32  8 58  1  0  0
37  0 135032 51618976 1720288 101382760    0    0     0 544320 176561 953535 32  8 59  1  0  0
39  0 135032 51608368 1720288 101388792    0    0     0 547200 179240 961136 33  9 58  1  0  0
32  1 135032 51597292 1720288 101397368    0    0     0 547224 178422 959406 33  8 58  1  0  0
34  0 135032 51585584 1720288 101406132    0    0     0 544008 175789 958180 32  8 58  1  0  0
procs -----------memory---------- ---swap-- -----io---- -system-- -------cpu-------
 r  b   swpd   free   buff  cache   si   so    bi    bo   in   cs us sy id wa st gu
34  0 135032 51580292 1720288 101412080    0    0     0 546144 177447 951855 32  9 58  1  0  0
38  0 135032 51569360 1720300 101420952    0    0     0 547992 177350 959595 33  8 58  1  0  0
37  0 135032 51562280 1720300 101429084    0    0     0 532236 173111 936458 32  8 59  1  0  0
35  0 135032 51551460 1720300 101435364    0    0     0 541844 175686 942010 32  8 59  1  0  0
34  0 135032 51545024 1720300 101444136    0    0     0 551596 177435 968788 33  9 57  1  0  0
34  1 135032 51543512 1720300 101450096    0    0     0 552628 178478 961054 33  8 58  1  0  0
36  0 135032 51532848 1720304 101458460    0    0     0 550256 179123 967085 33  9 58  1  0  0
36  1 135032 51522160 1720304 101466904    0    0     0 547996 178993 968121 33  9 57  1  0  0
35  0 135032 51514664 1720304 101473468    0    0     0 531728 173785 938865 32  8 59  1  0  0
40  0 135032 51503852 1720308 101481908    0    0     4 539192 175245 949357 32  8 58  1  0  0
36  1 135032 51501008 1720308 101490320    0    0     0 524116 170772 942080 32  8 58  1  0  0
36  0 135032 51491716 1720316 101496640    0    0     0 521748 171318 943449 32  8 58  1  0  0
33  1 135032 51483528 1720316 101505136    0    0     0 543988 177307 964735 33  8 58  1  0  0
31  1 135032 51476928 1720316 101513364    0    0     0 548052 178152 963113 33  8 58  1  0  0
35  1 135032 51426544 1720316 101519752    0    0     0 525116 171358 905704 31  8 60  1  0  0
34  1 135032 51417572 1720316 101528320    0    0     0 553884 179064 978387 33  9 58  1  0  0
36  0 135032 51444360 1720328 101534696    0    0     4 545388 176227 964750 32  8 58  1  0  0
35  1 135032 51439144 1720328 101543260    0    0     0 547620 175790 974168 33  9 58  1  0  0
35  0 135032 51430388 1720328 101552196    0    0     0 548572 178426 966972 33  9 58  1  0  0
32  0 135032 51426200 1720328 101557936    0    0     0 546072 177486 961452 33  9 58  1  0  0
33  2 135032 51415656 1720328 101566856    0    0     0 543244 177249 957571 33  8 58  1  0  0
procs -----------memory---------- ---swap-- -----io---- -system-- -------cpu-------
 r  b   swpd   free   buff  cache   si   so    bi    bo   in   cs us sy id wa st gu
37  0 135032 51408388 1720336 101575372    0    0     0 551648 178542 967576 33  8 58  1  0  0
36  1 135032 51400296 1720336 101581668    0    0     0 535248 174279 947439 32  8 58  1  0  0
35  1 135032 51395584 1720336 101590476    0    0     0 517692 169498 926395 32  8 59  1  0  0
38  0 135032 51391288 1720336 101596844    0    0     0 518016 169212 921801 32  8 59  1  0  0
29  0 135032 51384412 1720336 101604356    0    0     0 520496 169186 938650 32  8 59  1  0  0
32  1 135032 51370544 1720344 101612908    0    0     0 504408 165879 914576 32  8 59  1  0  0
37  1 135032 51357892 1720348 101618808    0    0     4 509084 169228 906696 31  8 60  1  0  0
35  0 135032 51354068 1720348 101627316    0    0     0 511712 169917 919203 31  8 59  1  0  0
37  3 135032 51346456 1720348 101635304    0    0     0 515284 168803 930158 32  8 59  1  0  0
34  1 135032 51348700 1720348 101641876    0    0     0 520844 169818 931831 32  8 59  1  0  0
36  0 135032 51339936 1720352 101650036    0    0     0 509156 167480 919311 32  8 59  1  0  0
31  2 135032 51331704 1720352 101658728    0    0     0 519136 170223 925875 32  8 59  1  0  0
35  0 135032 51324200 1720352 101664328    0    0     0 504396 166978 890624 30  8 60  1  0  0
34  1 135032 51319720 1720352 101672804    0    0     0 514156 169034 911620 31  8 59  1  0  0
35  0 135032 51311340 1720352 101679900    0    0     0 519320 170204 939663 32  8 58  1  0  0
33  1 135032 51307920 1720356 101687192    0    0     0 522328 172321 942148 32  8 58  1  0  0
33  1 135032 51289656 1720356 101695656    0    0     0 508764 169883 927515 32  8 59  1  0  0
32  2 135032 51283600 1720356 101701632    0    0     0 516628 170518 927543 32  8 59  1  0  0
33  0 135032 51274828 1720356 101710244    0    0     0 521660 172328 925373 32  8 59  1  0  0
36  0 135032 51263956 1720356 101718424    0    0     0 524212 173906 941333 32  8 58  1  0  0
34  1 135032 51261124 1720364 101724596    0    0     0 528996 173594 945710 32  8 58  1  0  0
procs -----------memory---------- ---swap-- -----io---- -system-- -------cpu-------
 r  b   swpd   free   buff  cache   si   so    bi    bo   in   cs us sy id wa st gu
33  1 135032 51245544 1720364 101733380    0    0     0 529344 172783 947511 32  8 58  1  0  0
37  0 135032 51243192 1720364 101741616    0    0     0 517544 170757 935368 32  8 58  1  0  0
41  1 135032 51235564 1720364 101747800    0    0     0 522788 170633 936640 32  8 59  1  0  0
42  0 135032 51228764 1720368 101756108    0    0     4 531300 173305 942572 32  8 58  1  0  0
33  0 135032 51227720 1720376 101763128    0    0     0 523732 170993 937138 32  8 59  1  0  0
36  1 135032 51221176 1720376 101770844    0    0     0 529228 171407 949603 32  8 58  1  0  0
29  3 135032 51218524 1720376 101779428    0    0     0 529184 172263 948971 32  8 59  1  0  0
33  0 135032 51206752 1720376 101785520    0    0     0 530404 173126 941592 32  8 58  1  0  0
32  1 135032 51199540 1720376 101794016    0    0     0 534876 172802 945529 32  8 59  1  0  0
34  1 135032 51167564 1720388 101802228    0    0     0 522992 171457 914023 31  8 60  1  0  0
35  0 135032 51163492 1720388 101808612    0    0     0 527424 171293 928132 31  8 59  1  0  0
33  2 135032 51156768 1720388 101816464    0    0     0 530988 173594 940235 32  8 59  1  0  0
35  0 135032 51151472 1720388 101824916    0    0     0 529376 172755 930875 32  8 59  1  0  0
32  2 135032 51149816 1720388 101831060    0    0     0 528692 172446 933378 32  8 59  1  0  0
37  0 135032 51130468 1720400 101840128    0    0     0 536640 175183 959426 32  8 58  1  0  0
31  0 135032 51127152 1720400 101847172    0    0     0 521560 170614 912257 31  8 60  1  0  0
36  0 135032 51118772 1720400 101854144    0    0     0 532316 173995 948882 32  8 58  1  0  0
35  0 135032 51085192 1720400 101862996    0    0     0 524120 171933 942361 32  8 58  1  0  0
33  2 135032 51081676 1720400 101869084    0    0     0 534316 173780 950783 32  9 58  1  0  0
33  0 135032 51074460 1720412 101876940    0    0     0 537576 175334 950017 32  8 58  1  0  0
32  2 135032 51066480 1720412 101885712    0    0     0 534304 174965 947045 32  8 58  1  0  0
procs -----------memory---------- ---swap-- -----io---- -system-- -------cpu-------
 r  b   swpd   free   buff  cache   si   so    bi    bo   in   cs us sy id wa st gu
34  1 135032 51060356 1720416 101892144    0    0     4 539456 174508 952025 32  8 58  1  0  0
34  0 135032 51049768 1720416 101900448    0    0     0 534384 174294 948171 33  8 58  1  0  0
36  0 135032 51040312 1720416 101909360    0    0     0 531468 173696 945314 32  8 58  1  0  0
36  0 135032 51035228 1720420 101915400    0    0     0 541172 177897 957258 33  9 58  1  0  0
37  0 135032 51025036 1720420 101923960    0    0     0 536888 174040 956383 33  9 58  1  0  0
32  1 135032 51019848 1720420 101930228    0    0     0 536740 174603 957860 33  8 58  1  0  0
33  0 135032 51010480 1720420 101938800    0    0     0 535396 174373 954549 33  8 58  1  0  0
36  0 135032 51006828 1720420 101947012    0    0     0 532464 173262 952051 33  8 58  1  0  0
38  0 135032 50997644 1720420 101953712    0    0     0 539580 174025 955811 32  8 58  1  0  0
34  0 135032 50985596 1720420 101962148    0    0     0 535192 174931 950324 32  8 58  1  0  0
37  1 135032 50978812 1720420 101970528    0    0     0 534424 173005 950788 32  8 58  1  0  0
35  1 135032 50971544 1720420 101976768    0    0     0 531024 174561 940630 32  8 58  1  0  0
37  1 135032 50958448 1720420 101985392    0    0     0 533764 173804 954787 32  8 58  1  0  0
39  0 135032 50951432 1720424 101993984    0    0     0 521940 172104 922590 31  8 59  1  0  0
35  1 135032 50941080 1720424 101999940    0    0     0 529548 174064 930813 32  8 59  1  0  0
37  0 135032 50946324 1720424 102008516    0    0     0 524912 172189 936762 32  8 59  1  0  0
36  1 135032 50942872 1720424 102014340    0    0     0 529048 172025 940266 32  8 59  1  0  0
40  0 135032 50927868 1720428 102022964    0    0     4 531924 174595 946589 32  8 58  1  0  0
39  0 135032 50917028 1720436 102030936    0    0     0 529576 174660 938207 32  8 59  1  0  0
36  1 135032 50914356 1720436 102037444    0    0     0 528464 172828 923627 31  8 59  1  0  0
37  0 135032 50906924 1720436 102045896    0    0     0 527480 172046 936680 32  8 59  1  0  0
procs -----------memory---------- ---swap-- -----io---- -system-- -------cpu-------
 r  b   swpd   free   buff  cache   si   so    bi    bo   in   cs us sy id wa st gu
34  0 135032 50897832 1720436 102054256    0    0     0 530000 172289 949485 32  8 58  1  0  0
35  0 135032 50896552 1720436 102060800    0    0     0 539224 173876 950328 32  8 59  1  0  0
32  0 135032 50847852 1720448 102067976    0    0     0 521004 170960 894219 30  8 61  1  0  0
31  0 135032 50899688 1720452 102076468    0    0     0 529164 173790 937685 32  8 59  1  0  0
34  2 135032 50889332 1720452 102082804    0    0     0 531156 174695 933942 32  8 59  1  0  0
35  2 135032 50892808 1720452 102091336    0    0     0 532936 173637 943603 32  8 58  1  0  0
37  0 135032 50889056 1720452 102097568    0    0     0 534252 174524 948924 32  8 58  1  0  0
35  0 135032 50878108 1720456 102106264    0    0     0 540116 175551 947732 32  8 58  1  0  0
34  0 135032 50876452 1720456 102114092    0    0     0 531624 172556 936619 32  8 59  1  0  0
34  2 135032 50864100 1720456 102120256    0    0     0 534292 174037 934506 32  8 59  1  0  0
41  1 135032 50858156 1720456 102128868    0    0     0 526900 169925 918945 31  8 59  1  0  0
36  0 135032 50850476 1720456 102136988    0    0     0 532008 173407 936709 32  8 59  1  0  0
31  1 135032 50845664 1720464 102143204    0    0     0 532612 173821 935578 32  8 59  1  0  0
35  0 135032 50834672 1720464 102151752    0    0     0 535408 174106 939668 32  8 59  1  0  0
35  1 135032 50824332 1720468 102160320    0    0     4 527316 172569 930105 32  8 59  1  0  0
33  0 135032 50819868 1720468 102166256    0    0     0 530500 173235 940870 32  8 59  1  0  0
33  2 135032 50811068 1720468 102174604    0    0     0 530916 173269 934078 32  8 59  1  0  0
36  1 135032 50798448 1720480 102180892    0    0     0 523828 170735 915145 31  8 60  1  0  0
34  1 135032 50791332 1720480 102188840    0    0     0 533092 171886 947037 32  8 59  1  0  0
36  0 135032 50782932 1720480 102196840    0    0     0 533512 175532 943225 32  8 58  1  0  0
38  2 135032 50776496 1720480 102203872    0    0     0 520696 171392 922883 32  8 59  1  0  0
procs -----------memory---------- ---swap-- -----io---- -system-- -------cpu-------
 r  b   swpd   free   buff  cache   si   so    bi    bo   in   cs us sy id wa st gu
37  1 135032 50766852 1720480 102211640    0    0     0 523500 173107 920725 31  8 59  1  0  0
36  1 135032 50756016 1720488 102220120    0    0     0 527440 174024 949887 32  9 58  1  0  0
37  0 135032 50747976 1720488 102226188    0    0     0 527868 172924 931903 32  8 59  1  0  0
41  1 135032 50737744 1720488 102235056    0    0     0 526308 173083 940236 32  8 58  1  0  0
32  0 135032 50727372 1720488 102243040    0    0     0 535396 174287 957272 32  9 58  1  0  0
36  1 135032 50725816 1720488 102249632    0    0     0 538296 174623 955008 32  8 58  1  0  0
34  1 135032 50720908 1720496 102257672    0    0     0 536408 174132 952786 32  8 58  1  0  0
32  1 135032 50716212 1720496 102264188    0    0     0 540780 177184 950942 33  8 58  1  0  0
28  0 135032 50708248 1720496 102272752    0    0     0 536692 175136 946942 32  8 58  1  0  0
37  1 135032 50696048 1720496 102281000    0    0     0 542332 174535 961649 32  9 58  1  0  0
39  1 135032 50690540 1720496 102287748    0    0     0 542156 175012 962090 32  8 58  1  0  0
33  2 135032 50678420 1720512 102296008    0    0     4 538728 175529 954890 32  8 58  1  0  0
31  2 135032 50673072 1720512 102304668    0    0     0 537144 174915 943715 32  8 59  1  0  0
34  0 135032 50667968 1720512 102310564    0    0     0 536008 174109 945179 32  8 59  1  0  0
35  0 135032 50662324 1720512 102318924    0    0     0 530564 172645 934666 32  8 59  1  0  0
33  0 135032 50653476 1720512 102327476    0    0     0 534404 173326 947937 32  8 58  1  0  0
40  1 135032 50648520 1720524 102334164    0    0     0 534992 174027 949546 32  8 58  1  0  0
34  0 135032 50640844 1720524 102342120    0    0     0 524508 171559 919882 31  8 60  1  0  0
36  0 135032 50634712 1720524 102348188    0    0     0 532492 172786 931200 32  8 59  1  0  0
31  2 135032 50628668 1720524 102356116    0    0     0 528028 172828 941829 32  8 58  1  0  0
36  0 135032 50619536 1720524 102364716    0    0     0 527632 173365 931985 32  8 59  1  0  0
procs -----------memory---------- ---swap-- -----io---- -system-- -------cpu-------
 r  b   swpd   free   buff  cache   si   so    bi    bo   in   cs us sy id wa st gu
35  2 135032 50606012 1720528 102371016    0    0     0 527888 171285 920300 31  8 60  1  0  0
35  0 135032 50607092 1720528 102379336    0    0     0 530080 171710 932092 32  8 59  1  0  0
31  1 135032 50599644 1720528 102387260    0    0     0 531808 173531 941518 32  8 59  1  0  0
34  1 135032 50586640 1720528 102393740    0    0     0 530776 173401 948771 32  8 58  1  0  0
37  1 135032 50574764 1720528 102402064    0    0     0 531584 174308 949368 32  8 58  1  0  0
30  2 135032 50547896 1720528 102410856    0    0     0 525208 172966 929095 31  8 59  1  0  0
40  0 135032 50541520 1720528 102416824    0    0     0 531136 173575 939125 32  8 59  1  0  0
29  1 135032 50532300 1720528 102425280    0    0     0 533236 174733 945275 32  8 59  1  0  0
33  1 135032 50523880 1720532 102431672    0    0     4 534456 173519 944284 32  8 58  1  0  0
34  0 135032 50513012 1720532 102440024    0    0     0 536084 175314 953344 32  8 58  1  0  0
35  0 135032 50506228 1720540 102448464    0    0     0 532724 173401 940689 32  8 59  1  0  0
34  1 135032 50494076 1720540 102454304    0    0     0 534084 174850 938993 32  8 59  1  0  0
34  1 135032 50489452 1720540 102462516    0    0     0 533416 174849 936629 32  8 59  1  0  0
34  1 135032 50480888 1720540 102470932    0    0     0 532952 174220 944809 32  8 58  1  0  0
35  0 135032 50474136 1720540 102477208    0    0     0 536828 174557 946384 32  8 58  1  0  0
31  2 135032 50464304 1720552 102485636    0    0     0 538020 175592 951703 32  8 58  1  0  0
29  2 135032 50454392 1720552 102493976    0    0     0 530512 172994 942201 32  8 59  1  0  0
35  1 135032 50449336 1720552 102500364    0    0     0 535216 172868 952147 32  8 58  1  0  0
36  0 135032 50444344 1720552 102509268    0    0     0 532024 174513 949275 32  9 58  1  0  0
32  1 135032 50435208 1720552 102515520    0    0     0 534952 175242 947306 32  8 58  1  0  0
32  1 135032 50425940 1720560 102523708    0    0     0 539556 176295 956867 32  8 58  1  0  0
procs -----------memory---------- ---swap-- -----io---- -system-- -------cpu-------
 r  b   swpd   free   buff  cache   si   so    bi    bo   in   cs us sy id wa st gu
32  0 135032 50413676 1720560 102532292    0    0     0 532624 174416 941444 32  8 58  1  0  0
34  1 135032 50411356 1720560 102538760    0    0     0 539308 176284 957346 32  8 58  1  0  0
34  2 135032 50402124 1720560 102547172    0    0     0 536252 174963 956971 33  8 58  1  0  0
35  1 135032 50396456 1720560 102555460    0    0     0 524772 171981 919262 31  8 59  1  0  0
35  0 135032 50390888 1720572 102561676    0    0     0 533384 173539 938341 32  8 59  1  0  0
33  0 135032 50381092 1720580 102569988    0    0     8 534696 174561 948202 32  8 59  1  0  0
36  0 135032 50373628 1720580 102578160    0    0     0 537160 173487 948695 32  8 59  1  0  0
33  0 135032 50369084 1720580 102584616    0    0     0 536676 174031 945606 32  8 59  1  0  0
37  1 135032 50359576 1720580 102593152    0    0     0 537772 175012 949671 32  8 58  1  0  0
36  0 135032 50351784 1720592 102599568    0    0     0 534268 174345 937384 32  8 59  1  0  0
37  1 135032 50342576 1720592 102607660    0    0     0 518908 169019 893982 30  8 61  1  0  0
38  1 135032 50327468 1720592 102615888    0    0     0 534984 173965 958584 33  8 58  1  0  0
34  1 135032 50354440 1720600 102621896    0    0     4 526600 171816 945110 32  8 59  1  0  0
32  1 135032 50344684 1720600 102629864    0    0     0 531292 173621 951105 32  8 58  1  0  0
32  1 135032 50342576 1720612 102638556    0    0     0 528344 172779 942333 32  8 59  1  0  0
35  0 135032 50329052 1720612 102645364    0    0     0 527028 174911 928865 32  8 59  1  0  0
35  0 135032 50323044 1720612 102653472    0    0     0 531020 174623 942426 32  8 58  1  0  0
36  1 135032 50317664 1720612 102661576    0    0     0 536720 174567 950624 32  8 58  1  0  0
33  0 135032 50312004 1720612 102668012    0    0     0 542788 177061 959907 32  9 58  1  0  0
33  0 135032 50312256 1720616 102676720    0    0     0 528140 172642 941814 32  8 58  1  0  0
40  1 135032 50310888 1720616 102682880    0    0     0 527980 172338 939347 32  8 59  1  0  0
procs -----------memory---------- ---swap-- -----io---- -system-- -------cpu-------
 r  b   swpd   free   buff  cache   si   so    bi    bo   in   cs us sy id wa st gu
39  0 135032 50293808 1720616 102691276    0    0     0 529372 173271 943176 32  8 58  1  0  0
35  1 135032 50284008 1720616 102699628    0    0     0 534168 172408 950215 32  8 58  1  0  0
33  0 135032 50280996 1720620 102706448    0    0     4 532284 173056 950740 32  8 58  1  0  0
36  0 135032 50273492 1720632 102714000    0    0     0 527068 172964 945501 33  8 58  1  0  0
32  0 135032 50258896 1720632 102722680    0    0     0 531708 173576 953716 32  8 58  1  0  0
37  0 135032 50257636 1720632 102729424    0    0     0 527452 173772 952298 33  8 58  1  0  0
30  0 135032 50245208 1720632 102737404    0    0     0 535024 176257 955568 33  8 58  1  0  0
32  1 135032 50233760 1720632 102746204    0    0     0 530872 175694 928431 32  8 59  1  0  0
35  2 135032 50226480 1720644 102752428    0    0     0 520876 171338 924324 32  8 59  1  0  0
36  0 135032 50221292 1720644 102760556    0    0     0 529720 172373 943678 32  8 58  1  0  0
33  0 135032 50210624 1720644 102766980    0    0     0 533056 172778 948473 32  8 58  1  0  0
37  1 135032 50202172 1720644 102775300    0    0     0 529980 174052 953246 33  9 58  1  0  0
30  3 135032 50196616 1720644 102783500    0    0     0 516500 170244 912222 31  8 60  1  0  0
37  0 135032 50188492 1720656 102789616    0    0     0 523980 172388 917970 31  8 59  1  0  0
36  1 135032 50181964 1720656 102798128    0    0     0 528168 174504 932626 32  8 59  1  0  0
34  1 135032 50175164 1720656 102806052    0    0     0 533660 175227 937294 32  8 59  1  0  0
35  1 135032 50169036 1720656 102812080    0    0     0 537400 175773 945340 32  8 59  1  0  0
34  1 135032 50160604 1720656 102820456    0    0     0 534024 174670 948375 32  8 58  1  0  0
37  1 135032 50152212 1720664 102828948    0    0     0 529592 173184 943233 32  8 58  1  0  0
