procs -----------memory---------- ---swap-- -----io---- -system-- -------cpu-------
 r  b   swpd   free   buff  cache   si   so    bi    bo   in   cs us sy id wa st gu
 6  0 135032 3165220 1718788 148869916    4    6 25699 25837 12409    3  3  0 96  1  0  0
112  0 135032 3095844 1718788 148870020    0    0    36 96228 89168 41053 96  1  4  0  0  0
103  0 135032 3089676 1718788 148870048    0    0     0 294660 122911 40933 97  1  2  0  0  0
110  0 135032 3085796 1718788 148870080    0    0     0 277956 94718 44375 99  1  1  0  0  0
94  0 135032 3074848 1718792 148870112    0    0     0 281168 114330 43475 98  1  1  0  0  0
103  0 135032 3060088 1718796 148870160    0    0     0 299884 95355 42476 98  1  1  0  0  0
68  0 135032 2860820 1717204 148626816    0    0     0 423220 400364 593421 65 21 14  0  0  0
100  2 135032 2799216 1717204 148640388    0    0     0 455252 199069 977469 76 19  5  0  0  0
116  0 135032 2792300 1717204 148653664    0    0     0 465224 172778 929095 69 18 13  1  0  0
108  0 135032 2806592 1717212 148666904    0    0     4 462960 171600 914645 70 18 12  1  0  0
106  0 135032 2792964 1717216 148680340    0    0     0 473452 174285 937362 70 18 12  0  0  0
120  0 135032 2778592 1717216 148694020    0    0     0 475492 181087 964288 71 19  9  0  0  0
129  0 135032 2779216 1717216 148708104    0    0     0 482140 179222 978837 73 19  8  0  0  0
87  0 135032 2769996 1717216 148722244    0    0     0 482236 178345 979842 73 19  8  0  0  0
124  0 135032 2763752 1717224 148736488    0    0     0 484540 178069 980862 73 19  8  0  0  0
138  0 135032 2755520 1717224 148750808    0    0     0 484108 178088 976066 73 19  7  0  0  0
137  0 135032 2744036 1717224 148764648    0    0     0 478748 175648 963060 72 18  9  0  0  0
110  0 135032 2737584 1717224 148778304    0    0     0 477440 175167 959660 71 18 10  1  0  0
100  1 135032 2732180 1717224 148792064    0    0     0 476548 174732 945414 71 18 10  0  0  0
86  1 135032 2727176 1717232 148805380    0    0     4 481032 173873 916706 70 18 11  1  0  0
111  0 135032 2715288 1717232 148818636    0    0     0 489932 176531 913319 73 19  8  0  0  0
procs -----------memory---------- ---swap-- -----io---- -system-- -------cpu-------
 r  b   swpd   free   buff  cache   si   so    bi    bo   in   cs us sy id wa st gu
100  0 135032 2707508 1717232 148831172    0    0     0 478256 166887 868115 69 18 13  0  0  0
110  0 135032 2698596 1717232 148844408    0    0     0 426060 172584 905567 72 19  9  0  0  0
120  0 135032 2677964 1717232 148857860    0    0     0 426832 171729 920958 73 19  8  0  0  0
75  0 135032 2669944 1717236 148871196    0    0     0 431396 173447 920175 73 19  7  0  0  0
148  1 135032 2655084 1717236 148884684    0    0     0 431888 174420 916241 74 19  7  0  0  0
78  0 135032 2889524 1717152 148648680    0    0     0 421828 168173 877330 70 18 11  0  0  0
139  0 135032 2877920 1717152 148661896    0    0     0 430820 171649 915636 72 19  8  0  0  0
131  0 135032 2856892 1717156 148674792    0    0     0 428292 170647 894384 71 19  9  0  0  0
124  0 135032 2843576 1717168 148687684    0    0     4 424888 171424 891610 71 19 10  0  0  0
109  1 135032 2826632 1717168 148700984    0    0     0 422032 171712 909850 73 19  8  0  0  0
121  1 135032 2821300 1717168 148713368    0    0     0 408160 161588 837959 67 17 15  1  0  0
96  0 135032 2805120 1717168 148726200    0    0     0 412092 166084 870147 69 18 12  1  0  0
142  0 135032 2788844 1717168 148739280    0    0     0 421544 172258 912314 73 19  8  0  0  0
126  0 135032 2772860 1717176 148752344    0    0     0 418044 169244 882702 71 18 10  0  0  0
141  0 135032 2761640 1717176 148765812    0    0     0 425152 170758 904514 73 19  8  0  0  0
128  0 135032 2749756 1717176 148778732    0    0     0 421576 170761 904647 72 19  9  0  0  0
147  1 135032 2732600 1717176 148792092    0    0     0 430820 174321 923478 74 19  7  0  0  0
124  1 135032 2716756 1717180 148805936    0    0     0 432608 173330 913323 74 19  7  0  0  0
113  0 135032 2704520 1717188 148819256    0    0     0 433460 174397 921245 74 19  6  0  0  0
101  0 135032 2687512 1717188 148832904    0    0     0 439696 174215 931380 75 20  5  0  0  0
117  1 135032 2642140 1717188 148845284    0    0     0 420364 165799 834566 67 17 16  0  0  0
procs -----------memory---------- ---swap-- -----io---- -system-- -------cpu-------
 r  b   swpd   free   buff  cache   si   so    bi    bo   in   cs us sy id wa st gu
48  2 135032 2682604 1717188 148858168    0    0     0 424660 169625 879681 71 18 10  0  0  0
130  0 135032 2673148 1717188 148871304    0    0     0 424428 171444 892899 71 18 10  0  0  0
135  0 135032 2654136 1717196 148884612    0    0     0 432636 175514 923640 74 19  6  0  0  0
111  0 135032 2890596 1717076 148650308    0    0     0 430044 172557 911548 73 19  7  0  0  0
117  0 135032 2878024 1717076 148662772    0    0     0 428816 172641 908182 72 19  8  0  0  0
119  0 135032 2868180 1717076 148675992    0    0     0 431428 173615 909114 73 19  8  0  0  0
134  0 135032 2854452 1717076 148688860    0    0     0 436832 174745 919554 73 19  7  0  0  0
138  0 135032 2840420 1717088 148702156    0    0     4 429488 172332 908785 72 19  9  0  0  0
81  2 135032 2823400 1717092 148715316    0    0     0 435048 172040 912322 73 19  8  0  0  0
119  0 135032 2808996 1717092 148728240    0    0     0 432384 172649 894964 72 19  9  0  0  0
131  0 135032 2798180 1717092 148741588    0    0     0 458288 175774 910944 73 19  8  0  0  0
114  0 135032 2785856 1717092 148754736    0    0     0 454868 172994 900149 72 19  9  0  0  0
149  0 135032 2752068 1717100 148768104    0    0     0 459208 174845 915703 73 19  7  0  0  0
117  0 135032 2736944 1717100 148781048    0    0     0 451116 169694 879503 70 18 11  1  0  0
127  0 135032 2725576 1717100 148794104    0    0     0 458500 175271 913555 73 19  8  0  0  0
112  1 135032 2715280 1717100 148807780    0    0     0 460072 176113 917262 74 19  7  0  0  0
107  0 135032 2701440 1717100 148821268    0    0     0 458516 174421 927958 74 19  7  0  0  0
128  0 135032 2680988 1717108 148834844    0    0     4 462892 174286 928153 75 19  5  0  0  0
125  1 135032 2646276 1717108 148865912    0    0     0 468936 175241 912463 73 19  8  0  0  0
97  0 135032 2704376 1717108 148804456    0    0     0 466792 173649 899070 72 19  9  0  0  0
113  0 135032 2667824 1717108 148840976    0    0     0 474404 175680 929648 74 19  6  0  0  0
procs -----------memory---------- ---swap-- -----io---- -system-- -------cpu-------
 r  b   swpd   free   buff  cache   si   so    bi    bo   in   cs us sy id wa st gu
107  0 135032 2741400 1717108 148769008    0    0     0 479088 177665 936186 75 20  5  0  0  0
98  0 135032 2739740 1717092 148776840    0    0     0 469960 175850 915086 73 19  8  0  0  0
22  0 135032 2707492 1717092 148806628    0    0     0 467516 172308 911462 73 19  8  0  0  0
135  0 135032 2648600 1717092 148841884    0    0     0 470216 174907 909107 71 19 10  0  0  0
138  0 135032 2739024 1717092 148756760    0    0     0 471836 173683 920306 73 19  8  0  0  0
78  1 135032 2714072 1717092 148785728    0    0     0 467400 171997 908222 71 19  9  0  0  0
135  1 135032 2668744 1717100 148821764    0    0     4 464732 171108 892235 71 19 10  0  0  0
125  1 135032 2978560 1717100 148511192    0    0     0 463256 172424 909498 73 19  7  0  0  0
123  0 135032 2950532 1717100 148548360    0    0     0 458280 171570 897988 72 18  9  0  0  0
134  1 135032 2907928 1717100 148584988    0    0     0 462984 172583 907471 73 19  8  0  0  0
150  1 135032 2873064 1717100 148620432    0    0     0 460592 172508 904500 72 19  9  0  0  0
104  0 135032 2830500 1717112 148658480    0    0     0 468184 175097 916382 73 19  7  0  0  0
92  0 135032 2795660 1717112 148696696    0    0     0 467420 175417 907979 73 19  8  0  0  0
48  1 135032 2753764 1717112 148735468    0    0     0 468140 174559 920141 74 20  6  0  0  0
110  1 135032 2721680 1717112 148769776    0    0     0 458376 168141 860997 68 18 14  1  0  0
85  1 135032 2686832 1717112 148807016    0    0     0 466428 173088 902398 71 19  9  0  0  0
115  0 135032 2644844 1717120 148841572    0    0     0 465184 173419 898558 71 19 10  0  0  0
44  1 135032 2963928 1717124 148534120    0    0     4 467852 173541 916124 73 19  7  0  0  0
93  0 135032 2922976 1717124 148569220    0    0     0 469356 175612 910006 73 19  8  0  0  0
113  0 135032 2893148 1717124 148605960    0    0     0 476688 169533 860042 69 18 13  0  0  0
126  0 135032 2851084 1717124 148645096    0    0     0 484712 177315 921954 75 20  5  0  0  0
procs -----------memory---------- ---swap-- -----io---- -system-- -------cpu-------
 r  b   swpd   free   buff  cache   si   so    bi    bo   in   cs us sy id wa st gu
108  0 135032 2811280 1717128 148683200    0    0     0 484592 176419 926215 74 20  6  0  0  0
107  0 135032 2768516 1717128 148719956    0    0     0 485556 177197 915965 73 19  7  0  0  0
98  0 135032 2731952 1717128 148758140    0    0     0 480832 173678 903059 72 19  9  0  0  0
129  0 135032 2700496 1717128 148793600    0    0     0 476436 171050 888766 70 18 11  1  0  0
131  0 135032 2668220 1717128 148829272    0    0     0 479848 174089 901727 72 18  9  0  0  0
121  0 135032 2740732 1717132 148768248    0    0     4 476364 172453 897177 71 19 10  0  0  0
95  0 135032 2703864 1717132 148801220    0    0     0 481732 175969 907445 72 19  8  0  0  0
135  0 135032 2665028 1717136 148837744    0    0     0 475484 171535 893293 71 19  9  0  0  0
142  0 135032 2740236 1717136 148768916    0    0     0 474232 171170 878873 69 18 12  0  0  0
119  1 135032 2709164 1717136 148798840    0    0     4 475804 170023 875213 70 18 11  0  0  0
86  0 135032 2661376 1717140 148834900    0    0     0 481456 175228 906199 72 19  9  0  0  0
119  0 135032 2739616 1717140 148762884    0    0     0 475492 170371 875428 69 18 12  1  0  0
128  1 135032 2695496 1717140 148800144    0    0     0 476804 170801 884921 71 19 10  0  0  0
115  0 135032 2659424 1717140 148836168    0    0     0 474340 172065 892243 71 18 10  1  0  0
147  0 135032 2741908 1717140 148760716    0    0     0 467800 166133 841972 67 17 15  1  0  0
121  0 135032 2707052 1717144 148788876    0    0     4 496256 173486 894357 70 19 11  0  0  0
110  0 135032 2670352 1717148 148824528    0    0     4 532384 175860 895922 71 19 10  0  0  0
109  0 135032 2740124 1717148 148751904    0    0     0 561600 178202 925393 72 19  8  0  0  0
127  0 135032 2708672 1717148 148787868    0    0     0 561800 179081 933022 74 19  7  0  0  0
129  0 135032 2678856 1717148 148824148    0    0     0 554724 178480 902109 71 19 10  0  0  0
91  1 135032 2740800 1717152 148761232    0    0     4 550656 179451 917489 73 19  8  0  0  0
procs -----------memory---------- ---swap-- -----io---- -system-- -------cpu-------
 r  b   swpd   free   buff  cache   si   so    bi    bo   in   cs us sy id wa st gu
107  1 135032 2704216 1717152 148793392    0    0     0 546664 178847 927518 73 19  7  0  0  0
134  0 135032 2666408 1717152 148831668    0    0     0 541704 177071 926468 73 19  7  0  0  0
99  0 135032 2739428 1717152 148758544    0    0     0 536500 177280 911311 72 19  8  0  0  0
138  0 135032 2684888 1717152 148793576    0    0     0 540096 180048 925825 72 19  8  0  0  0
85  0 135032 2648636 1717152 148832132    0    0     0 529192 174888 907157 72 19  9  0  0  0
147  0 135032 2736016 1717152 148750968    0    0     4 522180 175417 917296 71 19 10  0  0  0
30  0 135032 2706428 1717152 148782524    0    0     0 519304 175677 923134 73 19  8  0  0  0
115  0 135032 2669232 1717152 148818488    0    0     0 538892 178110 928734 73 19  7  0  0  0
120  0 135032 2736332 1717152 148746824    0    0     0 537256 178570 933188 73 19  7  0  0  0
156  0 135032 2709268 1717156 148778336    0    0     0 537172 177276 933042 73 19  8  0  0  0
92  0 135032 2662520 1717156 148815668    0    0     0 536632 178437 931476 74 19  7  0  0  0
124  0 135032 2739436 1717156 148749264    0    0     4 529600 174180 881727 70 18 11  1  0  0
119  0 135032 2707248 1717156 148778572    0    0     0 537276 177495 920380 73 19  8  0  0  0
107  0 135032 2664936 1717160 148816376    0    0     0 538152 178702 932490 73 19  7  0  0  0
80  0 135032 2734000 1717160 148753088    0    0     0 535432 177230 920556 73 19  8  0  0  0
82  1 135032 2692644 1717160 148789472    0    0     0 536212 178514 930450 73 19  7  0  0  0
129  1 135032 2655896 1717160 148828796    0    0     4 534852 177990 924841 74 20  7  0  0  0
117  1 135032 2734136 1717160 148744492    0    0     0 533296 178028 935862 74 20  6  0  0  0
95  0 135032 2674468 1717164 148771728    0    0     0 526008 173813 893544 70 19 11  0  0  0
129  1 135032 2688852 1717164 148811284    0    0     0 526480 178784 923255 73 19  7  0  0  0
122  0 135032 2652580 1717164 148848356    0    0     0 525660 178518 914080 72 19  9  0  0  0
procs -----------memory---------- ---swap-- -----io---- -system-- -------cpu-------
 r  b   swpd   free   buff  cache   si   so    bi    bo   in   cs us sy id wa st gu
128  1 135032 2865032 1717164 148634852    0    0     0 521880 176732 910414 72 19  8  0  0  0
96  0 135032 2820088 1717164 148673572    0    0     4 519904 177346 922673 73 19  8  0  0  0
103  0 135032 2786412 1717172 148708724    0    0     0 511572 172570 876584 70 18 11  1  0  0
101  0 135032 2751876 1717172 148743968    0    0     0 508724 172985 879627 70 18 11  0  0  0
60  1 135032 2706416 1717176 148782104    0    0     4 523084 179413 928975 75 20  6  0  0  0
119  0 135032 2672380 1717180 148821728    0    0     0 522904 179079 937314 74 20  6  0  0  0
124  0 135032 2737804 1717180 148764564    0    0     4 516936 176665 925612 73 19  7  0  0  0
112  1 135032 2706552 1717180 148796844    0    0     0 515020 175991 910582 72 19  8  0  0  0
119  0 135032 2654896 1717188 148833272    0    0     0 515052 175951 903994 72 19  9  0  0  0
112  0 135032 2736172 1717188 148747588    0    0     0 510924 173388 898514 71 19 10  0  0  0
94  1 135032 2740112 1717188 148744360    0    0     0 507404 172467 883773 70 18 11  1  0  0
147  0 135032 2702052 1717188 148776248    0    0     0 516392 177939 929822 73 19  7  0  0  0
70  1 135032 2665940 1717188 148812480    0    0     4 511256 178330 920844 73 19  7  0  0  0
108  0 135032 2741884 1717188 148731648    0    0     0 510508 178443 926299 73 19  7  0  0  0
115  0 135032 2705540 1717192 148768816    0    0     4 514524 177603 931839 74 19  7  0  0  0
116  1 135032 2667116 1717192 148808180    0    0     0 518664 175453 912945 72 19  9  0  0  0
104  0 135032 2737504 1717192 148739176    0    0     0 536136 181093 933093 74 20  6  0  0  0
130  0 135032 2709324 1717196 148769920    0    0     0 530368 177445 923796 73 19  8  0  0  0
117  0 135032 2650852 1717196 148806148    0    0     4 525136 174856 901496 71 19 10  0  0  0
138  0 135032 2739304 1717196 148715228    0    0     0 521012 173970 901907 71 19  9  0  0  0
109  0 135032 2714164 1717196 148750976    0    0     0 521020 174873 904817 71 19  9  0  0  0
procs -----------memory---------- ---swap-- -----io---- -system-- -------cpu-------
 r  b   swpd   free   buff  cache   si   so    bi    bo   in   cs us sy id wa st gu
87  2 135032 2668064 1717196 148787412    0    0     0 517896 174528 898839 71 19 10  0  0  0
120  0 135032 2739184 1717200 148721984    0    0     0 520652 175153 900387 71 19  9  0  0  0
30  1 135032 2685100 1717200 148754840    0    0     4 520836 175037 901575 71 19 10  0  0  0
85  0 135032 2644420 1717200 148793764    0    0     0 524072 177889 926981 74 19  7  0  0  0
85  0 135032 2735360 1717208 148705628    0    0     8 520488 180152 928283 74 19  6  0  0  0
127  0 135032 2701816 1717208 148735528    0    0     0 514732 177605 923448 72 19  8  0  0  0
115  0 135032 2659476 1717212 148773048    0    0     0 516916 177906 932510 74 19  6  0  0  0
142  0 135032 2739068 1717212 148699552    0    0     0 507508 171915 882432 70 18 11  1  0  0
53  1 135032 2737868 1717212 148707504    0    0     4 508620 174561 900317 71 19  9  0  0  0
92  1 135032 2703356 1717212 148738372    0    0     0 510136 177150 915344 73 19  8  0  0  0
152  0 135032 2664808 1717212 148774796    0    0     0 509664 175969 903909 72 19  9  0  0  0
131  0 135032 2874184 1717216 148565392    0    0     0 515504 178547 925790 74 20  6  0  0  0
90  4 135032 2843588 1717216 148602376    0    0     0 520728 177731 923932 74 19  6  0  0  0
136  0 135032 2800924 1717216 148639688    0    0     4 510992 178196 925335 73 19  7  0  0  0
54  4 135032 2759708 1717224 148677488    0    0     4 512372 177486 924231 74 19  6  0  0  0
40  5 135032 2714720 1717224 148714288    0    0     0 512564 176380 915847 73 19  8  0  0  0
78  4 135032 2683284 1717236 148753188    0    0     0 499332 173832 893390 71 19 10  0  0  0
22  3 135032 2738504 1717236 148668196    0    0     0 494052 167987 830113 64 17 18  0  0  0
104  0 135032 2754492 1717236 148701536    0    0     0 490264 175129 900623 72 19  9  0  0  0
52  2 135032 2718924 1717236 148737056    0    0     4 511144 175036 897102 72 19  9  0  0  0
 7  2 135032 2692504 1717236 148773600    0    0     0 500660 173300 888985 70 18 11  1  0  0
procs -----------memory---------- ---swap-- -----io---- -system-- -------cpu-------
 r  b   swpd   free   buff  cache   si   so    bi    bo   in   cs us sy id wa st gu
66  1 135032 2654740 1717240 148811288    0    0     0 495348 175524 907934 72 19  8  0  0  0
57 10 135032 2738036 1717240 148725212    0    0     0 498104 178410 916664 73 19  7  0  0  0
23  3 135032 2736956 1717244 148731436    0    0     4 509156 178248 914047 73 19  8  0  0  0
77  2 135032 2694980 1717248 148768904    0    0     0 494468 177855 923273 74 19  6  0  0  0
20  4 135032 2658124 1717252 148806280    0    0     4 510648 176445 901162 72 19  9  0  0  0
44  0 135032 2736244 1717256 148732212    0    0     0 497712 178918 917246 73 19  7  0  0  0
10  2 135032 2700668 1717256 148763180    0    0     0 499956 169582 869227 69 18 12  1  0  0
123  2 135032 2665224 1717256 148797672    0    0     0 491252 170139 853098 67 18 14  1  0  0
17  6 135032 2741388 1717256 148720020    0    0     0 508772 176768 916249 74 19  7  0  0  0
 2  9 135032 2704336 1717256 148758568    0    0     4 497224 177724 913831 72 19  8  0  0  0
30  5 135032 2667248 1717260 148797864    0    0     0 507032 175876 920560 74 19  7  0  0  0
124  2 135032 2741320 1717260 148724336    0    0     0 486368 176469 932950 74 19  6  0  0  0
137  1 135032 2730008 1717260 148735784    0    0     0 519984 178002 926307 74 19  6  0  0  0
16  4 135032 2692532 1717264 148774184    0    0     4 524356 178179 925297 74 20  6  0  0  0
18  1 135032 2652332 1717264 148810656    0    0     0 498188 176027 927956 73 19  7  0  0  0
96  5 135032 2972480 1717264 148498388    0    0     4 522864 174203 895263 71 19 10  0  0  0
35  5 135032 2931372 1717268 148534488    0    0     0 490516 173073 903187 71 18 10  0  0  0
37  1 135032 2871140 1717268 148569492    0    0     0 505536 171669 878780 69 18 13  0  0  0
60  1 135032 2826748 1717268 148606416    0    0     0 493052 173836 905493 72 19  9  0  0  0
12  4 135032 2794544 1717268 148642440    0    0     0 522820 172942 892171 70 19 11  1  0  0
16  7 135032 2751512 1717268 148680516    0    0     4 506996 172777 891552 71 18 10  0  0  0
procs -----------memory---------- ---swap-- -----io---- -system-- -------cpu-------
 r  b   swpd   free   buff  cache   si   so    bi    bo   in   cs us sy id wa st gu
87  4 135032 2710060 1717268 148718424    0    0     0 496364 177862 927966 74 19  6  0  0  0
68  0 135032 2666720 1717268 148754272    0    0     0 525300 176752 905715 72 19  9  0  0  0
119  2 135032 2744004 1717268 148678748    0    0     0 504648 177790 936887 75 20  5  0  0  0
73  4 135032 2700392 1717272 148712844    0    0     0 513744 175418 902991 71 19  9  0  0  0
141  0 135032 2669396 1717272 148750000    0    0     0 495856 175170 903739 72 19  9  0  0  0
78  5 135032 2735668 1717276 148688520    0    0     4 503284 170701 878430 69 18 12  1  0  0
51  0 135032 2697088 1717276 148721420    0    0     0 512656 174313 879629 71 18 11  1  0  0
117  3 135032 2652928 1717276 148760332    0    0     0 524728 179685 936458 75 20  5  0  0  0
106  1 135032 2740560 1717280 148674972    0    0     4 520764 178343 927231 75 20  5  0  0  0
121  0 135032 2702868 1717280 148712528    0    0     0 519108 178090 932619 74 20  6  0  0  0
72  2 135032 2661084 1717280 148751356    0    0     0 534424 180429 943076 75 19  5  0  0  0
 6  7 135032 2741132 1717280 148675796    0    0     4 516668 176027 917292 74 19  7  0  0  0
94  0 135032 2698352 1717284 148713532    0    0     4 515112 177786 934250 74 20  6  0  0  0
130  4 135032 2668404 1717284 148751460    0    0     0 529364 177498 925869 73 19  7  0  0  0
20  3 135032 2740772 1717284 148676032    0    0     0 498212 175223 921488 73 19  8  0  0  0
116  2 135032 2738808 1717288 148681640    0    0     0 505408 170633 892959 72 19  9  0  0  0
145  2 135032 2670124 1717288 148710932    0    0     4 497688 171134 853037 68 18 14  0  0  0
 8  9 135032 2697344 1717288 148747988    0    0     0 498988 174514 893685 71 19 10  0  0  0
107  3 135032 2661032 1717288 148785272    0    0     0 510400 175725 907368 71 19  9  1  0  0
 6  3 135032 2746772 1717288 148702228    0    0     0 509068 175635 919475 72 19  8  0  0  0
90  5 135032 2707376 1717292 148740384    0    0     0 509420 177451 932500 74 19  6  0  0  0
procs -----------memory---------- ---swap-- -----io---- -system-- -------cpu-------
 r  b   swpd   free   buff  cache   si   so    bi    bo   in   cs us sy id wa st gu
107  3 135032 2666644 1717292 148780020    0    0     0 503984 175833 922580 73 19  7  0  0  0
131  0 135032 2740764 1717300 148701760    0    0     8 492064 177384 919991 73 19  7  0  0  0
126  3 135032 2709740 1717300 148733340    0    0     0 513740 178616 918399 73 19  7  0  0  0
123  3 135032 2671664 1717300 148770540    0    0     0 519228 177872 918932 73 19  7  0  0  0
51  6 135032 2741060 1717300 148702192    0    0     0 481992 170397 893606 70 19 11  1  0  0
34  5 135032 2737084 1717300 148705824    0    0     0 520396 174817 897849 71 19 10  1  0  0
141  2 135032 2743180 1717300 148698084    0    0     4 491536 174398 899596 71 19 10  0  0  0
52  1 135032 2704936 1717300 148735724    0    0     0 524128 178469 931605 73 19  7  0  0  0
95  3 135032 2668052 1717300 148771412    0    0     0 510468 177382 926197 73 19  7  0  0  0
69  9 135032 2734876 1717308 148705932    0    0     0 499956 176283 922652 74 19  6  0  0  0
84  2 135032 2692824 1717308 148745236    0    0     0 517112 176117 929261 75 20  5  0  0  0
143  9 135032 2651612 1717312 148779648    0    0     4 511256 178377 929119 75 20  5  0  0  0
49  3 135032 2741480 1717316 148691800    0    0     4 514844 176115 914938 73 19  8  0  0  0
132  7 135032 2741264 1717316 148697148    0    0     0 516240 174938 892657 71 19 10  1  0  0
44  3 135032 2700392 1717320 148728040    0    0     0 507948 171525 892520 71 18 11  1  0  0
68  3 135032 2661716 1717320 148764912    0    0     0 502540 174908 902520 72 19  9  0  0  0
107  5 135032 2740752 1717320 148689524    0    0     0 506240 174259 884660 70 18 12  0  0  0
71  7 135032 2702116 1717320 148722508    0    0     0 518224 175166 907020 72 19  9  0  0  0
28  5 135032 2668952 1717320 148760112    0    0     4 521864 177667 908954 72 19  9  0  0  0
113  8 135032 2739732 1717324 148683900    0    0     0 512028 179785 922377 74 19  6  0  0  0
70  2 135032 2697504 1717324 148723376    0    0     0 506092 178330 929421 74 20  6  0  0  0
procs -----------memory---------- ---swap-- -----io---- -system-- -------cpu-------
 r  b   swpd   free   buff  cache   si   so    bi    bo   in   cs us sy id wa st gu
62  4 135032 2737960 1717328 148659072    0    0     4 521312 176954 917377 73 20  7  0  0  0
143  3 135032 2710416 1717328 148697864    0    0     0 516512 176126 908829 73 19  8  0  0  0
 3  7 135032 2672656 1717328 148734456    0    0     4 507816 176452 915064 73 19  8  0  0  0
161  2 135032 2743980 1717340 148660144    0    0     0 491396 172692 886591 71 18 11  0  0  0
 3  7 135032 2705116 1717340 148694204    0    0     0 519972 173346 902550 71 19 10  0  0  0
56  3 135032 2666404 1717340 148731020    0    0     0 509132 175766 912662 72 19  8  0  0  0
103  2 135032 2740288 1717340 148659648    0    0     0 517196 175833 913278 72 19  9  0  0  0
11  5 135032 2711368 1717340 148694860    0    0     0 527628 178697 921575 74 19  7  0  0  0
58  5 135032 2691608 1717352 148717676    0    0     0 521752 175745 910922 72 19  9  0  0  0
66  4 135028 2687044 1717352 148730520    0    0     4 517292 175103 905349 72 19  9  0  0  0
97  1 135028 2674840 1717360 148744016    0    0     8 522216 177860 918513 73 19  7  0  0  0
24  7 135028 2657200 1717360 148756928    0    0     0 492140 171739 890710 71 18 10  0  0  0
126  2 135028 2647004 1717360 148769744    0    0     0 501600 171559 892219 70 19 11  0  0  0
 8  6 135028 2989480 1717368 148431448    0    0     0 524112 174303 890626 71 19 10  0  0  0
58  2 135028 2974996 1717368 148444180    0    0     0 500620 173281 896106 71 19 10  0  0  0
21  3 135028 2918948 1717368 148456972    0    0     0 526916 173294 872544 68 18 13  0  0  0
101  1 135028 2964252 1717368 148469836    0    0     0 515044 178446 924062 73 19  7  0  0  0
17  3 135028 2946512 1717368 148482996    0    0     0 525408 178690 933034 73 19  8  0  0  0
104  2 135028 2932920 1717376 148496188    0    0     0 516112 175802 919619 73 19  8  0  0  0
51  3 135028 2908696 1717376 148509652    0    0     0 490348 175804 920972 74 19  6  0  0  0
65  2 135028 2898140 1717380 148522876    0    0     4 510680 176609 913713 73 19  8  0  0  0
procs -----------memory---------- ---swap-- -----io---- -system-- -------cpu-------
 r  b   swpd   free   buff  cache   si   so    bi    bo   in   cs us sy id wa st gu
 8  4 135028 2885672 1717384 148535876    0    0     0 508180 174209 888267 71 18 11  0  0  0
50  3 135028 2868816 1717384 148548884    0    0     0 483072 169436 889264 71 18 11  1  0  0
18  7 135028 2856336 1717388 148561360    0    0     0 513760 171916 888464 69 18 12  1  0  0
45  3 135028 2842084 1717388 148574540    0    0     0 525508 173743 900823 71 18 10  1  0  0
 3  4 135028 2831884 1717388 148587492    0    0     0 505704 172996 896615 70 18 11  0  0  0
72  1 135028 2815632 1717388 148600636    0    0     0 489572 172461 890081 72 19  9  0  0  0
 7  4 135028 2801500 1717388 148613536    0    0     0 528116 175627 904051 72 19  9  0  0  0
84  4 135028 2772524 1717400 148626580    0    0     0 500828 174263 896206 71 19  9  0  0  0
81  4 135028 2761516 1717400 148639692    0    0     0 499092 174252 902277 71 19 10  0  0  0
59  7 135028 2747156 1717400 148652864    0    0     0 504300 177713 913653 73 19  8  0  0  0
10  2 135028 2737224 1717400 148665844    0    0     0 508348 171173 889275 70 18 11  1  0  0
 8  4 135028 2726340 1717400 148678380    0    0     0 521796 172577 889864 70 18 11  1  0  0
 4  5 135028 2711124 1717408 148691712    0    0     0 518520 174254 903947 72 19  9  0  0  0
53  8 135028 2699756 1717408 148704580    0    0     0 503348 174452 897758 71 18 10  0  0  0
64  3 135028 2691212 1717408 148717564    0    0     0 538732 175739 901357 71 19  9  0  0  0
36  3 135028 2667784 1717408 148730636    0    0     0 509612 176577 896583 70 19 11  0  0  0
155  2 135028 2656132 1717408 148743568    0    0     0 528020 177552 929551 74 19  7  0  0  0
62  8 135028 2984844 1717420 148408656    0    0     0 528004 176294 916722 73 19  8  0  0  0
 7  4 135028 2978056 1717420 148421196    0    0     0 497232 176616 905129 72 19  9  0  0  0
48  6 135028 2968852 1717428 148434276    0    0     8 515448 173943 891657 70 19 11  1  0  0
37  3 135028 2933336 1717428 148447056    0    0     0 489776 171816 908082 72 19  9  0  0  0
procs -----------memory---------- ---swap-- -----io---- -system-- -------cpu-------
 r  b   swpd   free   buff  cache   si   so    bi    bo   in   cs us sy id wa st gu
10  4 135028 2920660 1717428 148459564    0    0     0 507668 172486 888101 70 18 11  0  0  0
105  2 135028 2905444 1717436 148472728    0    0     0 538836 179250 916804 72 19  9  0  0  0
47  3 135028 2897352 1717436 148485568    0    0     0 518180 176093 900149 71 19 10  0  0  0
115  0 135028 2880792 1717436 148499048    0    0     0 488188 175375 926008 74 19  6  0  0  0
12  3 135028 2865140 1717436 148512500    0    0     0 535356 178447 918705 73 19  7  0  0  0
 7  4 135028 2851932 1717436 148525676    0    0     0 498788 175218 913689 73 19  8  0  0  0
143  2 135028 2830628 1717448 148539256    0    0     0 519496 178662 923423 74 19  7  0  0  0
112  1 135028 2821864 1717448 148552580    0    0     0 504480 176927 918634 74 19  7  0  0  0
64  5 135028 2807008 1717448 148565776    0    0     0 511172 173843 911282 72 19  9  0  0  0
23  6 135028 2796432 1717456 148578604    0    0     8 509188 171763 892663 70 18 11  1  0  0
12  3 135028 2779780 1717456 148591508    0    0     0 485056 174071 910673 73 19  8  0  0  0
64  9 135028 2769400 1717464 148604992    0    0     0 503784 174529 899277 71 19 10  0  0  0
108  4 135028 2752840 1717464 148617496    0    0     0 514856 170066 869886 69 18 12  1  0  0
11  3 135028 2736364 1717464 148630464    0    0     0 538904 174219 900438 72 19  9  0  0  0
 5  4 135028 2691356 1717464 148643676    0    0     0 495464 169435 837800 66 17 16  0  0  0
77  2 135028 2734728 1717464 148655720    0    0     0 505124 174654 906946 72 19  9  0  0  0
35  1 135028 2717120 1717472 148668960    0    0     0 492588 176458 913676 73 19  8  0  0  0
15  4 135028 2704336 1717472 148682296    0    0     0 531088 176706 911121 72 19  9  0  0  0
53  3 135028 2691372 1717476 148695192    0    0     4 485924 175074 917348 73 19  7  0  0  0
107  5 135028 2677120 1717480 148708604    0    0     0 514636 174285 892368 70 19 11  1  0  0
89  3 135028 2664016 1717484 148721188    0    0     0 533048 173796 886708 70 19 11  0  0  0
procs -----------memory---------- ---swap-- -----io---- -system-- -------cpu-------
 r  b   swpd   free   buff  cache   si   so    bi    bo   in   cs us sy id wa st gu
25  3 135028 2660400 1717492 148734384    0    0     0 507812 175507 907532 73 19  8  0  0  0
69  3 135028 2743224 1717492 148650180    0    0     0 509244 174020 907615 72 19  8  0  0  0
62  6 135028 2733172 1717492 148662412    0    0     0 515592 178027 924656 74 19  7  0  0  0
100  5 135028 2721580 1717492 148675968    0    0     0 512128 176445 928286 74 19  6  0  0  0
78  5 135028 2708856 1717492 148688964    0    0     0 517996 176851 912871 73 19  8  0  0  0
71  1 135028 2694888 1717500 148701980    0    0     0 512276 173861 900852 72 19  9  0  0  0
 1  4 135028 2678788 1717500 148714924    0    0     0 478684 173542 905604 72 19  8  0  0  0
20  9 135028 2669660 1717500 148727948    0    0     0 522080 172331 889342 70 18 11  1  0  0
 2  9 135028 2653400 1717504 148741028    0    0     4 494196 173986 911504 72 19  9  0  0  0
82  7 135028 2894128 1717504 148504940    0    0     0 530876 175925 892709 70 19 11  1  0  0
37  3 135028 2880584 1717508 148517380    0    0     0 483884 173364 900815 71 19 10  0  0  0
60  3 135028 2868256 1717508 148529888    0    0     0 538380 173990 882972 70 18 11  1  0  0
27  3 135028 2854144 1717508 148543220    0    0     0 537880 178161 926415 73 19  8  0  0  0
111  3 135028 2840616 1717508 148556496    0    0     0 531828 178842 919719 73 19  8  0  0  0
50  2 135028 2818908 1717508 148569688    0    0     0 485284 173626 902609 70 19 11  0  0  0
20  8 135028 2804500 1717520 148582412    0    0     0 513360 172814 912390 72 19  9  0  0  0
41  9 135028 2790820 1717520 148595412    0    0     0 518708 174624 913675 72 19  9  0  0  0
57  5 135028 2771760 1717520 148608580    0    0     0 497080 174793 907216 72 19  9  0  0  0
101  1 135028 2764356 1717524 148621532    0    0     4 469632 169666 878678 69 18 12  1  0  0
 8  3 135028 2735344 1717524 148633932    0    0     0 535852 169766 853156 67 18 14  1  0  0
31  2 135028 2723388 1717532 148646748    0    0     0 483392 169748 881476 70 18 11  1  0  0
procs -----------memory---------- ---swap-- -----io---- -system-- -------cpu-------
 r  b   swpd   free   buff  cache   si   so    bi    bo   in   cs us sy id wa st gu
 4  4 135028 2720132 1717532 148659504    0    0     0 506604 171146 887218 70 18 11  1  0  0
67  6 135028 2706416 1717532 148672324    0    0     0 521220 173813 910583 71 18 10  1  0  0
34  5 135028 2687464 1717532 148685572    0    0     0 508344 176618 921820 73 19  7  0  0  0
14  9 135028 2666520 1717532 148698912    0    0     0 495940 175916 909870 72 19  8  0  0  0
53  9 135028 2653484 1717536 148712140    0    0     0 511420 176955 916611 73 19  8  0  0  0
111  5 135028 2744148 1717536 148620912    0    0     0 522444 176351 906877 72 19  9  0  0  0
 4  4 135028 2738268 1717536 148633996    0    0     0 503736 174137 891433 72 19  9  0  0  0
51  3 135028 2725120 1717540 148646736    0    0     4 498340 175604 923626 74 19  7  0  0  0
61  8 135028 2711372 1717540 148660040    0    0     0 503388 176035 900760 72 19  9  0  0  0
136  2 135028 2695152 1717548 148672904    0    0     0 491952 172754 887368 70 19 11  1  0  0
132  3 135028 2685640 1717548 148686060    0    0     0 508924 174387 903173 72 19  9  0  0  0
34  4 135028 2668028 1717548 148698940    0    0     0 509456 172776 886853 71 18 10  0  0  0
97  2 135028 2651712 1717548 148712128    0    0     0 522408 175811 907624 72 19  8  0  0  0
56  2 135028 2740152 1717548 148622664    0    0     0 526712 180476 939426 74 20  6  0  0  0
145  4 135028 2693564 1717552 148634568    0    0     0 486072 173371 866720 68 18 13  0  0  0
102  3 135028 2739836 1717552 148647588    0    0     0 521252 177985 906959 73 19  8  0  0  0
11  1 135028 2719636 1717552 148660836    0    0     0 469144 174989 907228 73 19  8  0  0  0
12  3 135028 2706336 1717556 148673584    0    0     4 536208 174337 888720 70 18 11  1  0  0
134  1 135028 2690516 1717560 148686560    0    0     0 478016 175314 914408 74 19  6  0  0  0
119  5 135028 2683688 1717572 148700408    0    0     0 544752 178083 903981 72 19  9  0  0  0
 6  5 135028 2666540 1717572 148713520    0    0     0 506140 177313 905414 73 19  8  0  0  0
procs -----------memory---------- ---swap-- -----io---- -system-- -------cpu-------
 r  b   swpd   free   buff  cache   si   so    bi    bo   in   cs us sy id wa st gu
12  4 135028 2653732 1717572 148726384    0    0     0 511972 178019 923104 73 19  7  0  0  0
 9  4 135028 2736456 1717572 148640304    0    0     0 499580 176826 930087 74 19  7  0  0  0
10  3 135028 2724592 1717572 148652608    0    0     0 511380 177448 916247 73 19  8  0  0  0
75  7 135028 2711840 1717580 148666096    0    0     0 522292 175031 899735 72 19  9  0  0  0
60  7 135028 2701176 1717580 148679352    0    0     0 499048 176644 924344 74 19  7  0  0  0
121  2 135028 2687172 1717580 148692440    0    0     0 478628 174932 907241 73 19  8  0  0  0
71  7 135028 2668064 1717580 148705568    0    0     0 544884 179628 920999 72 19  8  0  0  0
 1  6 135028 2657924 1717580 148718884    0    0     0 462912 173870 882806 71 19 10  0  0  0
23  4 135028 2649972 1717588 148731428    0    0     0 545344 174538 887209 70 18 11  1  0  0
 3  5 135028 2739564 1717588 148644612    0    0     0 515660 172902 895662 71 19 10  1  0  0
 0  7 135028 2730220 1717588 148656972    0    0     0 505288 172688 886802 70 18 11  0  0  0
114  2 135028 2715892 1717588 148670144    0    0     0 535988 175577 915015 72 19  8  0  0  0
60  8 135028 2699420 1717588 148682980    0    0     0 514528 177614 917195 73 19  8  0  0  0
69  3 135028 2682024 1717592 148696064    0    0     0 518412 176649 882122 71 18 11  1  0  0
 5  8 135028 2658184 1717592 148708668    0    0     0 519344 173845 881768 70 18 12  0  0  0
 2  8 135028 2894192 1717592 148472688    0    0     0 448068 169632 873664 69 18 12  1  0  0
11  1 135028 2892848 1717592 148484440    0    0     0 564828 176527 886528 70 18 11  1  0  0
10  4 135028 2878532 1717592 148497912    0    0     0 528396 179172 910896 73 19  8  0  0  0
23  3 135028 2871636 1717596 148511052    0    0     0 507556 177227 907391 73 19  8  0  0  0
 7  2 135028 2862008 1717596 148524208    0    0     0 513168 178948 915748 73 19  8  0  0  0
 1  8 135028 2850700 1717596 148537444    0    0     0 509816 177581 903865 72 19  8  0  0  0
procs -----------memory---------- ---swap-- -----io---- -system-- -------cpu-------
 r  b   swpd   free   buff  cache   si   so    bi    bo   in   cs us sy id wa st gu
16  6 135028 2837784 1717596 148550680    0    0     0 507828 175595 907165 73 19  8  0  0  0
 9  4 135028 2828116 1717596 148563724    0    0     0 507096 174672 897703 71 19 10  1  0  0
18  2 135028 2809244 1717604 148576684    0    0     0 494888 176236 917192 72 19  9  0  0  0
 8  4 135028 2797384 1717604 148589936    0    0     0 482804 171911 886789 71 18 11  0  0  0
87  2 135028 2789564 1717604 148602556    0    0     0 533764 175873 892593 71 18 10  1  0  0
98  4 135028 2766632 1717604 148616024    0    0     0 459160 173789 890063 72 19  9  0  0  0
100  2 135028 2756924 1717608 148628408    0    0     4 560644 176432 878777 69 18 13  1  0  0
66  6 135028 2743016 1717616 148641700    0    0     0 508976 173630 902134 72 19  9  0  0  0
57  4 135028 2722724 1717616 148654512    0    0     0 496012 172505 881422 71 18 10  1  0  0
151  0 135028 2709200 1717616 148667608    0    0     0 537476 178783 920916 73 19  7  0  0  0
 9  4 135028 2694488 1717616 148681092    0    0     0 524228 179274 928442 74 19  6  0  0  0
70  3 135028 2683180 1717616 148694424    0    0     0 501104 178629 920234 73 19  7  0  0  0
40  8 135028 2670504 1717616 148707660    0    0     0 519052 180113 927286 74 19  6  0  0  0
74  3 135028 2873756 1717616 148471536    0    0     0 484508 172173 840437 66 17 16  0  0  0
 2  7 135028 2884832 1717620 148483320    0    0     0 462920 172045 879294 70 18 11  1  0  0
21  5 135028 2873096 1717620 148496168    0    0     0 544496 177514 887499 71 18 10  1  0  0
15  2 135028 2862304 1717624 148509404    0    0     4 512212 177431 906922 72 19  9  0  0  0
164  0 135028 2848548 1717632 148522364    0    0     0 492972 179534 917577 73 19  7  0  0  0
51  6 135028 2834888 1717632 148535592    0    0     0 512680 176162 906287 72 19  9  0  0  0
76  2 135028 2824752 1717632 148548724    0    0     0 508184 175954 902643 72 19  9  0  0  0
113  3 135028 2812060 1717632 148561972    0    0     0 501512 175761 897503 71 19 10  0  0  0
procs -----------memory---------- ---swap-- -----io---- -system-- -------cpu-------
 r  b   swpd   free   buff  cache   si   so    bi    bo   in   cs us sy id wa st gu
58  1 135028 2801012 1717632 148574800    0    0     0 516416 179126 926969 74 19  6  0  0  0
50  8 135028 2794216 1717636 148588340    0    0     0 486864 175273 898827 72 19  9  0  0  0
 7  1 135028 2792432 1717636 148601412    0    0     0 499800 173905 875675 71 18 10  1  0  0
39  8 135028 2781216 1717636 148614328    0    0     0 502536 175903 885287 70 18 11  1  0  0
143  2 135028 2759712 1717636 148627252    0    0     0 449984 173330 887323 71 19 10  1  0  0
 3  4 135028 2744640 1717636 148639752    0    0     0 554916 175422 873755 69 18 12  1  0  0
25  3 135028 2731940 1717644 148652952    0    0     0 534052 173542 904282 71 19 10  0  0  0
 4  7 135028 2721868 1717644 148665948    0    0     0 520944 177182 895677 71 18 10  0  0  0
38  2 135028 2704628 1717644 148678628    0    0     0 539016 178343 919727 73 19  7  0  0  0
44  4 135028 2689384 1717644 148692168    0    0     0 528924 179040 927419 74 19  7  0  0  0
50  3 135028 2674632 1717644 148705728    0    0     0 502692 176186 906364 72 19  9  0  0  0
28  7 135028 2663172 1717648 148718456    0    0     0 560828 177661 922513 72 19  8  0  0  0
22  2 135028 2646732 1717648 148731828    0    0     0 478448 175919 897983 72 19  9  0  0  0
59  2 135028 2889992 1717648 148495232    0    0     0 512380 174206 862725 68 18 13  1  0  0
 2  8 135028 2871236 1717648 148507728    0    0     0 581776 180107 920983 72 19  9  0  0  0
79  0 135028 2861016 1717648 148521096    0    0     0 496352 177354 902985 73 19  8  0  0  0
 5  8 135028 2847508 1717652 148534044    0    0     0 488956 175194 919517 73 19  7  0  0  0
71  3 135028 2831716 1717652 148547364    0    0     0 548236 180435 920861 73 19  7  0  0  0
88  1 135028 2798144 1717652 148560984    0    0     0 536272 182404 912601 73 19  8  0  0  0
61  7 135028 2778740 1717652 148574056    0    0     0 507760 179698 926173 74 19  6  0  0  0
145  1 135028 2771172 1717652 148587524    0    0     0 520684 177871 911785 72 19  8  0  0  0
procs -----------memory---------- ---swap-- -----io---- -system-- -------cpu-------
 r  b   swpd   free   buff  cache   si   so    bi    bo   in   cs us sy id wa st gu
74  3 135028 2754276 1717660 148600976    0    0     0 506040 178911 922345 73 19  8  0  0  0
74  2 135028 2736896 1717660 148614012    0    0     0 507184 178316 912818 73 19  7  0  0  0
91  5 135028 2731932 1717660 148627424    0    0     0 460684 174334 891167 72 19  9  0  0  0
92  1 135028 2718804 1717660 148640148    0    0     0 506036 171514 865018 68 18 13  1  0  0
50  3 135028 2702948 1717660 148652764    0    0     0 532420 173945 881642 70 18 11  1  0  0
99  0 135028 2691676 1717664 148666024    0    0     0 543104 174338 893400 71 18 10  1  0  0
124  1 135028 2673636 1717664 148678864    0    0     0 510056 178168 925601 74 19  6  0  0  0
143  0 135028 2660004 1717664 148692356    0    0     0 516668 180600 931914 74 20  6  0  0  0
126  1 135028 2646936 1717664 148705852    0    0     0 510636 179593 913509 73 19  7  0  0  0
117  0 135028 2744484 1717664 148609872    0    0     0 507824 176989 917244 73 19  8  0  0  0
80  3 135028 2730472 1717668 148622668    0    0     0 493364 174625 901004 71 19  9  0  0  0
 4  9 135028 2712360 1717668 148635752    0    0     0 477644 171061 883460 70 18 11  1  0  0
 1  7 135028 2671488 1717668 148648624    0    0     0 507408 168735 838058 66 17 17  1  0  0
20  7 135028 2712684 1717668 148660704    0    0     0 529816 175981 897449 71 19 10  0  0  0
 8  5 135028 2702036 1717676 148673788    0    0     4 479440 175179 908121 72 19  9  0  0  0
115  0 135028 2688144 1717676 148686704    0    0     0 521908 177354 904146 72 19  9  0  0  0
132  0 135028 2673780 1717676 148700220    0    0     0 511184 180904 919272 74 19  7  0  0  0
112  0 135028 2659120 1717676 148713360    0    0     0 506256 178758 901163 73 19  8  0  0  0
85  0 135028 2738032 1717676 148627920    0    0     0 505432 178266 921809 74 19  7  0  0  0
125  0 135028 2737632 1717696 148640480    0    0     0 506100 178157 909812 72 19  9  0  0  0
76  1 135028 2730332 1717696 148653628    0    0     0 497100 174272 892291 71 18 10  0  0  0
procs -----------memory---------- ---swap-- -----io---- -system-- -------cpu-------
 r  b   swpd   free   buff  cache   si   so    bi    bo   in   cs us sy id wa st gu
88  0 135028 2710960 1717696 148666468    0    0     0 508632 176191 909565 72 19  9  0  0  0
 1  5 135028 2695784 1717696 148679568    0    0     0 410480 165877 845549 69 18 13  1  0  0
14  3 135028 2683024 1717696 148691752    0    0     0 555044 172534 863644 67 18 14  1  0  0
145  0 135028 2669288 1717700 148704428    0    0     4 531916 178104 900867 71 19 10  0  0  0
111  1 135028 2653200 1717700 148717652    0    0     0 515588 178960 921605 74 19  7  0  0  0
127  0 135028 2893716 1717700 148482620    0    0     0 521240 180237 923147 73 20  7  0  0  0
66  1 135028 2885888 1717700 148494944    0    0     0 522688 181585 929658 75 20  5  0  0  0
159  0 135028 2871484 1717700 148508524    0    0     0 519228 176263 890379 71 18 10  0  0  0
126  0 135028 2849688 1717704 148521344    0    0     0 521096 178784 913262 73 19  8  0  0  0
 8  1 135028 2837668 1717704 148534528    0    0     0 498356 175271 883818 70 18 11  1  0  0
123  0 135028 2822868 1717704 148547184    0    0     0 531576 172146 882597 69 18 12  1  0  0
87  0 135028 2814860 1717704 148559988    0    0     0 516084 176581 893209 71 18 10  0  0  0
130  0 135028 2789432 1717704 148572840    0    0     0 508944 174467 884235 70 18 12  0  0  0
144  0 135028 2775160 1717716 148585676    0    0     0 513060 174549 909433 72 19  9  0  0  0
142  0 135028 2759788 1717716 148598684    0    0     0 507528 177189 908760 73 19  8  0  0  0
89  0 135028 2746756 1717716 148612132    0    0     0 513036 179630 917439 74 20  7  0  0  0
112  1 135028 2731948 1717716 148625460    0    0     0 511968 179660 925814 73 19  7  0  0  0
124  0 135028 2702532 1717716 148638860    0    0     0 511224 177831 922891 73 19  8  0  0  0
109  0 135028 2686328 1717720 148651900    0    0     0 510124 179016 913055 73 19  8  0  0  0
56  0 135028 2681328 1717720 148665304    0    0     0 512376 177404 915069 73 19  8  0  0  0
146  0 135028 2664432 1717720 148678676    0    0     0 513956 178082 916100 73 19  7  0  0  0
procs -----------memory---------- ---swap-- -----io---- -system-- -------cpu-------
 r  b   swpd   free   buff  cache   si   so    bi    bo   in   cs us sy id wa st gu
156  0 135028 2652060 1717720 148691768    0    0     0 463172 171440 864194 69 18 12  1  0  0
103  0 135028 2885996 1717720 148455380    0    0     0 547768 175283 891222 70 18 11  1  0  0
129  0 135028 2872884 1717728 148467604    0    0     0 512204 178469 919409 73 19  8  0  0  0
108  0 135028 2864052 1717732 148481028    0    0     4 516452 179326 918863 73 19  7  0  0  0
106  0 135028 2845008 1717732 148494424    0    0     0 516532 180608 929043 74 20  6  0  0  0
129  0 135028 2835004 1717732 148507656    0    0     0 518856 179378 923671 74 20  6  0  0  0
138  0 135028 2823752 1717732 148521180    0    0     0 515000 180852 917380 74 19  7  0  0  0
131  1 135028 2802264 1717732 148534668    0    0     0 510632 177056 900254 72 19  8  0  0  0
104  1 135028 2799704 1717740 148547900    0    0     0 504292 173011 855966 69 18 12  1  0  0
121  1 135028 2783816 1717740 148560632    0    0     0 513288 175486 913714 72 19  8  0  0  0
103  0 135028 2771956 1717740 148573648    0    0     0 509708 178330 910709 72 19  9  0  0  0
104  0 135028 2726808 1717740 148586884    0    0     0 501304 168153 821892 66 17 17  0  0  0
124  1 135028 2765740 1717740 148598988    0    0     0 504768 175079 900112 70 19 11  0  0  0
113  0 135028 2746340 1717760 148611652    0    0     4 516644 178473 926902 74 19  7  0  0  0
38  2 135028 2733036 1717760 148625008    0    0     0 521776 178932 925886 73 19  7  0  0  0
102  0 135028 2714884 1717760 148638260    0    0     0 525572 180379 926649 74 19  7  0  0  0
69  0 135028 2707040 1717760 148651776    0    0     0 522624 178183 917079 72 19  8  0  0  0
114  0 135028 2691068 1717760 148665012    0    0     0 517776 177692 908002 71 19 10  0  0  0
135  0 135028 2677984 1717772 148677900    0    0     0 515300 175336 897665 71 19 10  0  0  0
122  0 135028 2665144 1717772 148690880    0    0     0 514148 175286 905773 72 19  9  0  0  0
45  2 135028 2657444 1717772 148703944    0    0     0 489312 168031 847786 67 18 14  1  0  0
procs -----------memory---------- ---swap-- -----io---- -system-- -------cpu-------
 r  b   swpd   free   buff  cache   si   so    bi    bo   in   cs us sy id wa st gu
90  0 135028 2641740 1717772 148716292    0    0     0 532748 176414 923860 72 19  9  0  0  0
105  0 135028 2877288 1717772 148479856    0    0     0 515924 178679 921193 72 19  9  0  0  0
132  0 135028 2866484 1717784 148493008    0    0     0 517888 180422 914105 73 19  7  0  0  0
102  0 135028 2852304 1717784 148506292    0    0     0 513184 179222 932145 74 20  6  0  0  0
128  0 135028 2843136 1717784 148519592    0    0     0 512672 176916 917949 73 19  8  0  0  0
86  0 135028 2825328 1717784 148532832    0    0     0 512392 178020 914824 73 19  7  0  0  0
122  0 135028 2808732 1717784 148546288    0    0     0 509544 174804 888776 70 19 10  1  0  0
104  0 135028 2799148 1717788 148559308    0    0     0 505220 173484 877450 70 18 11  1  0  0
98  0 135028 2792008 1717788 148572052    0    0     0 501696 174492 888623 71 19 10  0  0  0
133  0 135028 2775120 1717788 148584856    0    0     0 507416 175863 911830 72 19  9  0  0  0
84  0 135028 2757824 1717788 148598108    0    0     0 509352 177572 897808 73 19  8  0  0  0
140  0 135028 2745472 1717788 148611148    0    0     0 511048 175136 901628 71 19 10  0  0  0
117  0 135028 2732340 1717796 148624056    0    0     0 517376 180464 932836 75 20  6  0  0  0
121  0 135028 2718820 1717796 148637680    0    0     0 518132 181737 921579 74 20  6  0  0  0
123  1 135028 2701516 1717796 148651436    0    0     0 515696 178931 912157 73 19  8  0  0  0
118  0 135028 2702032 1717796 148664768    0    0     0 517636 179507 916603 72 19  8  0  0  0
109  0 135028 2694252 1717796 148677668    0    0     0 515832 176935 902629 71 19  9  0  0  0
79  0 135028 2672088 1717796 148690652    0    0     0 517244 180340 915537 73 19  7  0  0  0
105  0 135028 2659508 1717796 148704208    0    0     0 509544 170029 843123 67 18 14  1  0  0
80  0 135028 2652896 1717796 148716492    0    0     0 514368 176703 900728 72 19  9  0  0  0
113  0 135028 2743268 1717796 148628808    0    0     0 518940 177465 915289 73 19  8  0  0  0
procs -----------memory---------- ---swap-- -----io---- -system-- -------cpu-------
 r  b   swpd   free   buff  cache   si   so    bi    bo   in   cs us sy id wa st gu
83  0 135028 2729900 1717796 148641168    0    0     0 517952 178183 905902 72 19  8  0  0  0
61  0 135028 2711560 1717800 148654228    0    0     0 518540 179243 922742 73 19  7  0  0  0
108  0 135028 2694344 1717804 148667488    0    0     4 518880 178934 916170 72 19  8  0  0  0
114  0 135028 2682732 1717804 148680708    0    0     0 515908 176091 917947 72 19  9  0  0  0
113  0 135028 2674068 1717804 148694100    0    0     0 512908 174393 883006 70 18 11  1  0  0
83  0 135028 2662076 1717804 148706616    0    0     0 511304 173997 893680 71 18 10  1  0  0
108  0 135028 2650544 1717808 148719736    0    0     0 511512 176069 900425 72 19  9  0  0  0
96  0 135028 2741048 1717808 148633600    0    0     0 510684 176410 902271 72 19  9  0  0  0
121  0 135028 2718540 1717808 148645816    0    0     0 520952 179903 932765 74 20  6  0  0  0
133  0 135028 2708632 1717808 148659376    0    0     0 520432 179236 912472 72 20  8  0  0  0
120  0 135028 2698872 1717808 148672688    0    0     0 518140 178816 911422 73 19  7  0  0  0
134  1 135028 2682816 1717820 148684692    0    0     0 502976 172910 851297 67 18 15  0  0  0
143  0 135028 2665592 1717828 148698232    0    0     4 509992 174876 912110 72 19  9  0  0  0
120  0 135028 2648220 1717828 148711068    0    0     0 522116 180480 921041 74 19  7  0  0  0
104  0 135028 2745376 1717828 148621520    0    0     0 515656 174663 892842 71 18 10  1  0  0
104  0 135028 2728132 1717828 148633244    0    0     0 516120 177931 913377 72 19  9  0  0  0
93  0 135028 2715880 1717828 148646428    0    0     0 509776 171750 867959 69 18 12  1  0  0
119  0 135028 2703276 1717828 148658988    0    0     0 508648 171675 877562 69 18 12  1  0  0
108  0 135028 2686236 1717828 148671564    0    0     0 520748 178924 919318 74 19  7  0  0  0
111  0 135028 2676344 1717828 148684884    0    0     0 520044 178592 929310 74 19  7  0  0  0
109  0 135028 2664208 1717828 148698468    0    0     0 519592 177934 921014 73 19  8  0  0  0
procs -----------memory---------- ---swap-- -----io---- -system-- -------cpu-------
 r  b   swpd   free   buff  cache   si   so    bi    bo   in   cs us sy id wa st gu
82  0 135028 2645824 1717840 148711688    0    0     0 522900 179693 903946 71 19 10  0  0  0
92  0 135028 2738884 1717844 148619276    0    0     4 522624 179783 934198 74 20  6  0  0  0
97  0 135028 2728416 1717844 148632572    0    0     0 513500 177184 907551 72 19  9  0  0  0
73  0 135028 2709040 1717844 148645740    0    0     0 511792 176568 891994 71 19 10  0  0  0
124  2 135028 2698140 1717844 148658496    0    0     0 506848 175963 888693 71 19  9  0  0  0
88  0 135028 2689252 1717852 148671488    0    0     0 507868 175628 883924 71 19  9  0  0  0
132  0 135028 2680076 1717852 148684704    0    0     0 511268 176055 903085 71 19  9  0  0  0
126  0 135028 2661284 1717852 148697700    0    0     0 515828 179888 931957 74 20  6  0  0  0
100  1 135028 2645620 1717852 148711080    0    0     0 516864 181430 932551 75 20  5  0  0  0
104  0 135028 2742276 1717852 148617464    0    0     0 515640 180080 929332 74 19  6  0  0  0
141  0 135028 2725720 1717860 148630244    0    0     0 513156 179481 909186 72 19  9  0  0  0
123  1 135028 2715488 1717860 148643504    0    0     0 515284 179313 918396 73 19  7  0  0  0
96  1 135028 2715836 1717864 148657040    0    0     4 509748 175234 900016 72 19  9  1  0  0
129  0 135028 2696656 1717864 148670160    0    0     0 508808 174722 894975 72 19  9  0  0  0
114  0 135028 2682496 1717864 148683220    0    0     0 513968 177759 922660 74 19  7  0  0  0
128  0 135028 2649952 1717868 148696592    0    0     0 506256 170782 850945 68 18 14  1  0  0
137  1 135028 2739468 1717868 148608432    0    0     0 508628 174810 896999 70 19 10  0  0  0
132  0 135028 2725316 1717868 148620120    0    0     0 515340 180869 925115 74 19  6  0  0  0
145  0 135028 2710924 1717868 148633608    0    0     0 518460 182085 929467 73 19  7  0  0  0
110  0 135028 2702008 1717868 148646928    0    0     0 512816 178723 906558 73 19  8  0  0  0
99  0 135028 2685532 1717872 148660052    0    0     0 517000 179392 915593 72 19  8  0  0  0
procs -----------memory---------- ---swap-- -----io---- -system-- -------cpu-------
 r  b   swpd   free   buff  cache   si   so    bi    bo   in   cs us sy id wa st gu
136  0 135028 2667860 1717872 148673344    0    0     0 515156 179565 915865 73 19  7  0  0  0
100  0 135028 2658212 1717876 148686696    0    0     4 508560 173981 863246 68 18 13  1  0  0
140  0 135028 2646068 1717876 148699132    0    0     0 504256 172156 892027 70 18 12  1  0  0
104  1 135028 2740632 1717876 148604960    0    0     0 505880 173954 894157 71 19 10  1  0  0
62  0 135028 2725616 1717880 148617760    0    0     0 511496 177143 894324 72 19  9  0  0  0
109  1 135028 2707980 1717880 148630788    0    0     0 516992 179312 920757 73 19  7  0  0  0
97  0 135028 2689896 1717880 148643684    0    0     0 512648 178996 926608 73 19  8  0  0  0
88  1 135028 2674864 1717880 148656996    0    0     0 513344 177464 926229 73 20  7  0  0  0
136  1 135028 2659592 1717880 148670112    0    0     0 517272 179759 928973 74 19  7  0  0  0
132  0 135028 2642908 1717884 148683692    0    0     0 518740 179234 915754 73 19  7  0  0  0
110  0 135028 2992620 1717884 148347932    0    0     0 501004 171628 850850 66 17 16  1  0  0
142  1 135028 3008552 1717892 148360048    0    0     4 502928 172114 866392 69 18 13  1  0  0
102  0 135028 2991092 1717892 148372452    0    0     0 509664 172408 875972 69 18 12  1  0  0
74  1 135028 2978484 1717892 148385096    0    0     0 518300 178718 904058 71 19  9  0  0  0
105  0 135028 2957184 1717900 148397988    0    0     0 514352 173932 861217 68 18 13  1  0  0
81  1 135028 2949768 1717900 148410476    0    0     0 517384 175754 891471 70 18 11  1  0  0
103  0 135028 2928372 1717900 148423336    0    0     0 515508 176529 897218 71 19 10  0  0  0
106  0 135028 2914248 1717900 148436336    0    0     0 522912 178215 915876 73 19  8  0  0  0
116  1 135028 2899544 1717900 148449628    0    0     0 516052 175184 898121 71 19 10  1  0  0
109  1 135028 2881616 1717904 148462596    0    0     0 516780 174705 885547 70 19 11  1  0  0
125  0 135028 2870632 1717904 148475516    0    0     0 520560 179515 929730 73 20  7  0  0  0
procs -----------memory---------- ---swap-- -----io---- -system-- -------cpu-------
 r  b   swpd   free   buff  cache   si   so    bi    bo   in   cs us sy id wa st gu
113  0 135028 2859568 1717904 148488732    0    0     0 506900 170103 854448 68 18 14  1  0  0
120  0 135028 2845164 1717908 148501992    0    0     4 509300 177427 896306 71 19 10  0  0  0
118  0 135028 2824096 1717908 148514500    0    0     0 504360 173032 884122 70 18 11  1  0  0
93  1 135028 2809824 1717912 148527208    0    0     0 514640 180452 917157 74 19  7  0  0  0
128  0 135028 2789876 1717912 148540688    0    0     0 516928 181376 931379 75 19  5  0  0  0
133  0 135028 2778176 1717912 148554000    0    0     0 515780 178660 931849 74 19  7  0  0  0
109  0 135028 2761340 1717912 148567692    0    0     0 518576 179395 922640 73 19  7  0  0  0
125  0 135028 2751796 1717912 148580992    0    0     0 517884 180612 924089 74 19  6  0  0  0
146  0 135028 2751348 1717916 148594528    0    0     0 511312 177344 905274 72 19  9  1  0  0
127  0 135028 2742460 1717916 148608084    0    0     0 506424 174624 884381 71 18 10  1  0  0
93  0 135028 2721552 1717916 148620604    0    0     0 505392 174807 873494 69 18 12  1  0  0
131  0 135028 2703052 1717920 148633224    0    0     4 514152 180074 919257 73 19  7  0  0  0
141  0 135028 2690420 1717920 148647484    0    0     0 508292 175287 884258 70 18 11  1  0  0
115  0 135028 2679748 1717924 148659396    0    0     0 510052 175815 891793 71 19 10  1  0  0
78  1 135028 2668160 1717924 148672452    0    0     0 513576 178247 907967 73 19  8  0  0  0
45  1 135028 2734740 1717924 148582832    0    0     0 519124 180522 930313 74 20  6  0  0  0
129  0 135028 2724512 1717924 148594636    0    0     0 517208 179321 920083 73 19  7  0  0  0
104  0 135028 2706508 1717924 148608036    0    0     0 512424 176450 905256 72 19  9  0  0  0
109  0 135028 2694552 1717932 148620600    0    0     0 510160 175761 900596 71 19 10  0  0  0
136  0 135028 2675388 1717932 148633568    0    0     0 507848 175440 899551 72 19  8  0  0  0
93  0 135028 2663312 1717932 148647636    0    0     0 498784 167861 841567 68 17 14  1  0  0
procs -----------memory---------- ---swap-- -----io---- -system-- -------cpu-------
 r  b   swpd   free   buff  cache   si   so    bi    bo   in   cs us sy id wa st gu
68  1 135028 2648632 1717932 148659328    0    0     0 504708 174236 901838 72 19  9  0  0  0
135  0 135028 2741480 1717932 148567896    0    0     0 511096 175136 920887 73 19  8  0  0  0
91  0 135028 2734816 1717936 148581668    0    0     0 509244 175689 893927 72 19  9  0  0  0
72  0 135028 2716432 1717936 148592932    0    0     0 512712 178257 921725 73 19  7  0  0  0
117  0 135028 2697060 1717936 148606544    0    0     0 511676 178090 912795 73 19  7  0  0  0
82  1 135028 2682200 1717936 148621244    0    0     0 516816 179935 919445 73 19  7  0  0  0
130  1 135028 2673540 1717936 148632556    0    0     0 511188 176863 913978 73 19  8  0  0  0
126  1 135028 2660432 1717940 148647036    0    0     0 507024 171571 889526 71 18 11  1  0  0
140  1 135028 2905128 1717940 148413508    0    0     0 516076 176645 916184 73 19  8  0  0  0
44  1 135028 2857684 1717940 148422844    0    0     0 508180 173710 869138 68 18 14  0  0  0
96  0 135028 2895416 1717940 148436312    0    0     0 513688 178756 905896 72 19  9  0  0  0
139  0 135028 2882304 1717948 148448116    0    0     4 514412 171201 870496 69 18 13  1  0  0
70  0 135028 2866696 1717948 148461136    0    0     0 525768 178952 917738 73 19  7  0  0  0
114  0 135028 2852080 1717948 148475904    0    0     0 525872 179964 928238 74 19  6  0  0  0
128  0 135028 2839980 1717948 148487400    0    0     0 526140 177912 915373 73 19  7  0  0  0
105  1 135028 2824668 1717948 148501820    0    0     0 521768 178898 921093 73 19  8  0  0  0
135  0 135028 2802388 1717948 148516516    0    0     0 517080 176472 896539 72 19  9  0  0  0
95  0 135028 2793148 1717948 148527148    0    0     0 517668 177756 913677 72 19  8  0  0  0
125  0 135028 2778284 1717948 148541708    0    0     0 516348 174635 881359 69 18 12  1  0  0
114  0 135028 2763216 1717948 148555880    0    0     0 520704 176760 893764 71 19 10  0  0  0
115  1 135028 2750444 1717948 148565984    0    0     0 517828 175181 900003 71 19 10  0  0  0
procs -----------memory---------- ---swap-- -----io---- -system-- -------cpu-------
 r  b   swpd   free   buff  cache   si   so    bi    bo   in   cs us sy id wa st gu
143  0 135028 2732124 1717952 148580936    0    0     4 522140 181848 925867 73 20  6  0  0  0
92  0 135028 2713232 1717956 148595668    0    0     0 512736 175954 906688 72 19  9  0  0  0
146  0 135028 2697360 1717956 148606436    0    0     0 517844 180069 934882 74 19  6  0  0  0
101  0 135028 2681520 1717956 148621456    0    0     0 516240 179195 942070 74 19  6  0  0  0
100  0 135028 2669232 1717956 148632116    0    0     0 506828 176130 896901 72 18 10  0  0  0
128  0 135028 2661264 1717956 148646484    0    0     0 511216 176181 898065 72 19  9  0  0  0
114  0 135028 2646764 1717960 148661360    0    0     0 513016 176429 907831 73 19  8  0  0  0
122  0 135028 2888312 1717960 148422384    0    0     0 513944 177859 891728 72 19  9  0  0  0
141  0 135028 2866680 1717960 148437020    0    0     0 515312 180854 926995 74 20  6  0  0  0
80  0 135028 2856596 1717960 148452100    0    0     0 505132 171713 861800 68 18 13  1  0  0
143  0 135028 2846228 1717964 148462328    0    0     4 515080 178378 897622 71 19  9  0  0  0
113  0 135028 2833112 1717968 148476600    0    0     0 516836 178872 916713 73 19  7  0  0  0
108  0 135028 2819724 1717968 148491580    0    0     0 517412 180826 926432 73 19  7  0  0  0
129  0 135028 2807272 1717968 148502284    0    0     0 512748 178046 907139 72 19  9  0  0  0
62  0 135028 2766988 1717968 148516884    0    0     0 502840 171907 862120 68 18 13  1  0  0
122  0 135028 2750336 1717968 148531212    0    0     0 509944 175612 907579 73 19  8  0  0  0
51  1 135028 2739844 1717968 148541376    0    0     0 500036 169499 864256 68 18 13  1  0  0
109  0 135028 2726764 1717968 148556120    0    0     0 514500 175844 909054 71 19  9  1  0  0
45  0 135028 2715068 1717968 148567100    0    0     0 516596 179051 922059 73 19  7  0  0  0
136  0 135028 2706428 1717968 148581524    0    0     0 514500 178418 898949 72 19  9  0  0  0
144  0 135028 2691824 1717972 148595916    0    0     4 509076 176805 921423 72 19  8  0  0  0
procs -----------memory---------- ---swap-- -----io---- -system-- -------cpu-------
 r  b   swpd   free   buff  cache   si   so    bi    bo   in   cs us sy id wa st gu
140  2 135028 2678060 1717976 148606444    0    0     0 513988 177874 928250 73 19  7  0  0  0
155  0 135028 2662768 1717976 148621352    0    0     0 514504 177797 916043 73 19  7  0  0  0
119  0 135028 2650692 1717976 148636208    0    0     0 516000 180294 918798 74 19  7  0  0  0
125  1 135028 2741608 1717976 148549256    0    0     0 509608 174199 908352 72 19  8  0  0  0
142  0 135028 2728204 1717976 148563388    0    0     0 514224 177696 916592 72 19  9  0  0  0
147  0 135028 2709476 1717980 148576976    0    0     0 509064 176719 903289 72 19  9  0  0  0
76  1 135028 2693348 1717980 148588416    0    0     0 513432 176818 899882 71 18 10  0  0  0
136  0 135028 2677620 1717980 148602588    0    0     0 512844 176951 900339 72 19  9  0  0  0
121  0 135028 2669728 1717980 148616244    0    0     0 501340 170604 835985 66 17 17  1  0  0
113  0 135028 2685764 1717984 148626424    0    0     0 509436 177186 919568 73 19  8  0  0  0
119  0 135028 2667868 1717988 148641692    0    0     4 519860 177901 907420 72 19  9  0  0  0
101  2 135028 2658336 1717988 148655532    0    0     0 516524 174652 906835 71 19 10  0  0  0
120  0 135028 2645092 1717988 148666632    0    0     0 513844 173755 882611 70 18 11  1  0  0
140  1 135028 2733176 1717988 148577552    0    0     0 516696 177154 903120 71 19 10  1  0  0
102  0 135028 2726808 1717988 148588060    0    0     0 523892 179946 919375 72 19  9  0  0  0
125  0 135028 2710660 1717988 148602496    0    0     0 514944 173691 867558 69 18 12  1  0  0
138  0 135028 2696896 1717988 148616340    0    0     0 523588 180662 907144 72 19  9  0  0  0
143  0 135028 2681824 1717988 148626944    0    0     0 511856 173968 889368 70 18 11  1  0  0
115  1 135028 2664524 1717988 148641628    0    0     0 520464 177382 909938 72 19  9  0  0  0
136  0 135028 2646468 1717988 148655736    0    0     0 518348 176768 907490 72 19  9  0  0  0
124  0 135028 2733612 1717996 148567896    0    0     0 517532 174898 910830 72 19  9  0  0  0
procs -----------memory---------- ---swap-- -----io---- -system-- -------cpu-------
 r  b   swpd   free   buff  cache   si   so    bi    bo   in   cs us sy id wa st gu
124  0 135028 2717520 1717996 148581088    0    0     0 513204 176531 920851 73 19  8  0  0  0
87  1 135028 2699076 1717996 148595080    0    0     0 516152 178991 924013 74 19  7  0  0  0
118  1 135028 2691568 1717996 148607404    0    0     0 519600 179523 931388 74 20  6  0  0  0
103  0 135028 2676388 1717996 148621736    0    0     0 514092 178061 912206 73 19  8  0  0  0
87  1 135028 2662984 1718000 148635984    0    0     0 517832 179635 924002 73 19  8  0  0  0
142  0 135028 2654200 1718000 148646964    0    0     0 514712 177824 902829 73 19  8  0  0  0
71  0 135028 2640556 1718000 148661196    0    0     0 512628 177352 896756 71 18 10  1  0  0
121  0 135028 2736272 1718000 148566424    0    0     0 512760 175789 910671 72 19  9  0  0  0
89  0 135028 2721272 1718000 148579824    0    0     0 513388 174967 900117 71 18 10  0  0  0
118  1 135028 2711000 1718008 148594320    0    0     4 515908 179984 922883 73 19  7  0  0  0
119  0 135028 2698020 1718008 148605896    0    0     0 510728 177438 917663 74 19  7  0  0  0
142  0 135028 2679028 1718008 148620372    0    0     0 509820 176471 910825 72 19  8  0  0  0
146  0 135028 2670588 1718008 148634008    0    0     0 515316 179616 916470 73 19  8  0  0  0
139  0 135028 2739192 1718008 148546692    0    0     0 508588 174430 893092 71 19 10  0  0  0
127  0 135028 2734208 1718012 148546848    0    0     0 513968 176426 894500 70 19 10  1  0  0
68  2 135028 2720604 1718012 148560080    0    0     0 515680 177491 903909 72 19  8  0  0  0
110  0 135028 2715752 1718012 148571912    0    0     0 515864 177090 914381 73 19  8  0  0  0
118  0 135028 2696128 1718012 148585768    0    0     0 519004 180095 925716 74 20  7  0  0  0
93  1 135028 2679712 1718012 148600308    0    0     0 518100 179305 914384 72 19  8  0  0  0
113  0 135028 2666136 1718020 148611784    0    0     0 514060 177945 922504 72 19  8  0  0  0
127  1 135028 2651796 1718020 148626156    0    0     0 507656 174076 907663 72 19  9  0  0  0
procs -----------memory---------- ---swap-- -----io---- -system-- -------cpu-------
 r  b   swpd   free   buff  cache   si   so    bi    bo   in   cs us sy id wa st gu
87  1 135028 2641564 1718020 148637548    0    0     0 516808 179650 928943 74 19  7  0  0  0
141  0 135028 2879240 1718020 148402616    0    0     0 513840 176838 912373 73 19  8  0  0  0
118  0 135028 2869380 1718020 148415924    0    0     0 510900 177030 902648 72 19  9  0  0  0
125  1 135028 2850848 1718024 148428192    0    0     0 520220 181034 920262 73 19  7  0  0  0
101  1 135028 2844192 1718024 148442296    0    0     0 505672 172075 877563 69 18 12  1  0  0
109  0 135028 2826428 1718024 148455724    0    0     0 511488 174952 872947 70 18 11  1  0  0
117  0 135028 2819500 1718024 148466820    0    0     0 513952 178303 908616 72 19  9  0  0  0
141  0 135028 2763924 1718024 148480260    0    0     0 495940 168125 830047 65 17 17  0  0  0
96  0 135028 2807344 1718036 148494368    0    0     8 505620 176819 893406 71 19 10  0  0  0
108  0 135028 2799076 1718036 148505112    0    0     0 504308 175747 893541 71 19 10  1  0  0
103  1 135028 2781532 1718036 148519068    0    0     0 503600 173833 876822 70 18 11  1  0  0
115  0 135028 2764020 1718036 148533852    0    0     0 509236 178636 904025 72 19  9  0  0  0
44  1 135028 2751724 1718036 148544568    0    0     0 506248 173873 876894 69 18 12  1  0  0
129  0 135028 2728360 1718036 148558048    0    0     0 506704 176908 891364 70 18 11  1  0  0
125  0 135028 2719512 1718036 148572080    0    0     0 506776 177348 891533 72 19  9  0  0  0
129  0 135028 2701432 1718036 148583324    0    0     0 517780 182494 930865 75 20  5  0  0  0
139  0 135028 2694704 1718036 148598452    0    0     0 512536 179176 914287 73 19  8  0  0  0
139  0 135028 2683628 1718036 148609756    0    0     0 510804 180186 915156 73 19  7  0  0  0
112  0 135028 2663256 1718044 148624120    0    0     4 513840 180620 923127 74 19  6  0  0  0
137  0 135028 2651140 1718048 148639064    0    0     0 515764 180757 927064 75 19  5  0  0  0
101  0 135028 2735640 1718048 148551232    0    0     0 515748 182129 927247 74 19  6  0  0  0
procs -----------memory---------- ---swap-- -----io---- -system-- -------cpu-------
 r  b   swpd   free   buff  cache   si   so    bi    bo   in   cs us sy id wa st gu
120  0 135028 2737168 1718052 148554432    0    0     0 514428 180036 918837 73 19  8  0  0  0
125  1 135028 2718852 1718052 148569008    0    0     0 519944 180691 933047 74 19  6  0  0  0
132  0 135028 2707016 1718056 148579396    0    0     0 518220 180713 916648 73 19  7  0  0  0
139  0 135028 2698792 1718056 148594080    0    0     0 509040 174607 881103 69 19 11  1  0  0
82  1 135028 2677664 1718056 148608884    0    0     0 512704 177153 911221 73 19  8  0  0  0
141  0 135028 2671316 1718056 148619320    0    0     0 513320 179311 923265 73 19  7  0  0  0
108  0 135028 2661224 1718056 148633916    0    0     0 514596 179836 915893 73 19  7  0  0  0
107  1 135028 2643488 1718060 148648816    0    0     0 512996 174908 898045 71 19 10  0  0  0
77  0 135028 2734748 1718060 148559304    0    0     0 524212 179333 920331 73 19  8  0  0  0
93  0 135028 2718884 1718060 148573724    0    0     0 523796 178131 908670 73 19  8  0  0  0
128  1 135028 2705448 1718060 148585028    0    0     0 523144 176350 885993 70 19 10  1  0  0
137  0 135028 2693192 1718060 148598896    0    0     0 522016 175410 897839 71 19 10  1  0  0
101  1 135028 2659256 1718068 148613892    0    0     0 525412 180033 903639 72 19  9  0  0  0
143  1 135028 2648408 1718068 148623708    0    0     0 526760 179858 909272 72 19  8  0  0  0
103  0 135028 2736092 1718068 148538816    0    0     0 516128 174800 904053 71 19 10  1  0  0
97  0 135028 2719244 1718068 148552572    0    0     0 518364 175234 887950 71 19 10  0  0  0
145  1 135028 2707004 1718068 148563188    0    0     0 526244 180282 926979 74 19  6  0  0  0
98  0 135028 2688928 1718080 148578340    0    0     4 527256 181994 924767 74 19  7  0  0  0
121  1 135028 2669804 1718080 148593692    0    0     0 518280 181388 926824 74 19  7  0  0  0
117  0 135028 2662776 1718080 148603944    0    0     0 517928 179026 918994 73 19  7  0  0  0
123  0 135028 2642348 1718080 148619004    0    0     0 518240 180647 926067 74 19  6  0  0  0
procs -----------memory---------- ---swap-- -----io---- -system-- -------cpu-------
 r  b   swpd   free   buff  cache   si   so    bi    bo   in   cs us sy id wa st gu
117  0 135028 2734852 1718080 148531800    0    0     0 519028 180418 925792 73 19  7  0  0  0
123  0 135028 2721656 1718088 148541588    0    0     0 511080 174355 871349 69 18 12  1  0  0
117  1 135028 2707064 1718088 148556144    0    0     0 511204 177358 900098 72 19  9  0  0  0
79  1 135028 2691736 1718088 148570864    0    0     0 516844 178293 928234 73 19  7  0  0  0
93  1 135028 2683704 1718088 148581764    0    0     0 508612 176026 911927 73 19  8  0  0  0
141  0 135028 2670456 1718088 148596612    0    0     0 514308 179399 921227 73 19  7  0  0  0
136  0 135028 2738444 1718096 148492944    0    0     0 504444 173286 873130 68 18 14  0  0  0
110  0 135028 2789944 1718100 148500296    0    0     4 517916 181729 919925 73 19  7  0  0  0
123  0 135028 2770372 1718100 148514656    0    0     0 513356 178987 914138 73 19  8  0  0  0
86  1 135028 2759208 1718100 148525076    0    0     0 502548 173753 874237 69 18 12  1  0  0
122  1 135028 2745100 1718100 148539084    0    0     0 502332 173100 890224 70 18 11  1  0  0
86  0 135028 2736364 1718100 148553680    0    0     0 501920 174133 894235 71 19 10  0  0  0
72  1 135028 2727180 1718100 148563708    0    0     0 502184 176309 902161 72 18  9  0  0  0
133  0 135028 2712212 1718100 148579420    0    0     0 507792 177588 923084 74 19  7  0  0  0
122  1 135028 2695292 1718100 148593196    0    0     0 510124 179043 919146 74 19  7  0  0  0
91  0 135028 2682824 1718100 148604144    0    0     0 508112 176888 902409 72 19  8  0  0  0
134  0 135028 2665640 1718112 148619668    0    0     4 510556 179730 908844 73 19  8  0  0  0
121  0 135028 2646408 1718112 148633172    0    0     0 505460 177284 888573 71 18 10  0  0  0
97  2 135028 2738624 1718112 148542916    0    0     0 503444 174192 880640 70 19 10  1  0  0
137  0 135028 2977092 1718112 148312240    0    0     0 503908 173843 885252 71 18 10  1  0  0
143  0 135028 2965880 1718112 148322820    0    0     0 502128 172635 900181 71 19 10  0  0  0
procs -----------memory---------- ---swap-- -----io---- -system-- -------cpu-------
 r  b   swpd   free   buff  cache   si   so    bi    bo   in   cs us sy id wa st gu
135  2 135028 2948096 1718112 148335768    0    0     0 501112 170345 875095 69 18 13  1  0  0
134  0 135028 2935928 1718112 148349868    0    0     0 503468 173865 891562 70 19 10  0  0  0
72  1 135028 2929796 1718112 148360388    0    0     0 505364 173773 901527 71 19  9  1  0  0
148  0 135028 2914548 1718112 148374216    0    0     0 501828 172208 891289 69 18 12  1  0  0
147  0 135028 2905208 1718128 148388196    0    0     0 509996 176041 913465 72 19  9  0  0  0
139  1 135028 2892308 1718128 148398540    0    0     0 507116 172266 885946 70 18 11  1  0  0
81  0 135028 2875280 1718128 148411740    0    0     0 513088 173093 897605 70 19 10  0  0  0
134  0 135028 2835680 1718128 148426104    0    0     0 511252 170882 872108 68 18 14  0  0  0
118  1 135028 2825036 1718128 148435856    0    0     0 508944 169686 859902 68 17 14  1  0  0
90  0 135028 2812316 1718132 148448992    0    0     0 510276 170424 888981 69 18 12  1  0  0
97  0 135028 2808256 1718132 148463348    0    0     0 506376 168178 871404 68 18 13  1  0  0
152  0 135028 2805252 1718132 148473140    0    0     0 508216 170434 880981 69 18 13  1  0  0
96  1 135028 2766152 1718132 148486452    0    0     0 512764 170750 886359 69 18 13  1  0  0
73  2 135028 2746384 1718132 148500508    0    0     0 513608 174973 917376 72 19  9  0  0  0
93  0 135028 2739256 1718132 148510376    0    0     0 515800 174814 920667 71 19 10  0  0  0
135  1 135028 2725936 1718132 148525056    0    0     0 515720 174317 903197 71 19 10  1  0  0
127  0 135028 2714724 1718136 148535456    0    0     4 510704 173059 894117 71 18 11  0  0  0
133  0 135028 2705840 1718136 148549348    0    0     0 505480 172197 877778 69 18 12  1  0  0
105  0 135028 2689228 1718136 148563292    0    0     0 507196 174378 895209 71 19 10  1  0  0
14  1 135028 2677700 1718136 148573332    0    0     0 506356 173880 891235 70 18 11  1  0  0
127  0 135028 2662848 1718136 148587376    0    0     0 504284 172461 890092 69 18 12  1  0  0
procs -----------memory---------- ---swap-- -----io---- -system-- -------cpu-------
 r  b   swpd   free   buff  cache   si   so    bi    bo   in   cs us sy id wa st gu
99  0 135028 2649052 1718136 148601368    0    0     0 506280 171978 888361 70 19 11  1  0  0
103  1 135028 2644076 1718136 148610856    0    0     0 511364 175570 904818 72 19  9  0  0  0
122  1 135028 2736392 1718136 148523996    0    0     0 506004 173050 879131 70 18 11  1  0  0
88  0 135028 2720724 1718140 148538788    0    0     0 509032 175282 917188 72 19  9  0  0  0
140  0 135028 2705640 1718140 148548504    0    0     0 507036 172718 897385 71 18 10  1  0  0
145  1 135028 2691356 1718144 148563008    0    0     4 509032 173133 907370 71 18 10  0  0  0
98  1 135028 2644784 1718144 148575776    0    0     0 498228 168957 849828 65 17 17  1  0  0
111  0 135028 2695232 1718144 148586052    0    0     0 495712 168588 859247 68 18 14  1  0  0
140  0 135028 2676252 1718152 148599916    0    0     0 496356 171576 884505 70 18 12  1  0  0
103  0 135028 2675300 1718152 148609196    0    0     0 497744 172605 893674 70 18 11  1  0  0
144  0 135028 2647252 1718152 148624092    0    0     0 501696 172456 908377 71 19 10  0  0  0
142  0 135028 2879400 1718152 148394112    0    0     0 501616 173830 904446 71 19 10  0  0  0
133  0 135028 2866964 1718152 148403432    0    0     0 501944 174166 910561 72 19  9  0  0  0
148  0 135028 2854932 1718152 148417540    0    0     0 501112 172100 907771 72 19  9  0  0  0
115  0 135028 2838260 1718152 148432032    0    0     0 504448 174821 906238 72 19  9  0  0  0
92  0 135028 2829224 1718156 148442356    0    0     4 503276 174583 908298 71 19  9  0  0  0
94  1 135028 2815184 1718156 148456644    0    0     0 503020 174465 910922 71 19 10  0  0  0
138  1 135028 2798036 1718156 148470008    0    0     0 501368 174053 888550 70 19 11  0  0  0
39  1 135028 2787584 1718160 148480008    0    0     0 500152 168973 848813 67 18 14  1  0  0
103  0 135028 2775748 1718160 148494656    0    0     0 505144 175782 918235 72 19  8  0  0  0
59  0 135028 2757872 1718160 148507532    0    0     0 507312 175066 905947 72 19  9  0  0  0
procs -----------memory---------- ---swap-- -----io---- -system-- -------cpu-------
 r  b   swpd   free   buff  cache   si   so    bi    bo   in   cs us sy id wa st gu
125  0 135028 2747812 1718160 148518824    0    0     0 505780 175092 904958 71 19 10  0  0  0
137  0 135028 2740848 1718160 148532948    0    0     0 505776 174939 910693 73 19  8  0  0  0
113  0 135028 2730972 1718164 148543144    0    0     0 503720 173613 898967 71 19 10  0  0  0
116  0 135028 2715580 1718164 148557344    0    0     0 499684 172753 873711 70 18 11  1  0  0
136  0 135028 2697484 1718168 148570980    0    0     4 507956 175272 905723 72 19  9  0  0  0
71  0 135028 2681936 1718168 148581548    0    0     0 506384 168176 868839 68 18 13  1  0  0
106  1 135028 2672832 1718168 148595728    0    0     0 511300 170686 889185 70 18 11  1  0  0
150  1 135028 2655908 1718172 148608452    0    0     0 511060 172753 883139 68 18 13  1  0  0
146  0 135028 2802352 1718172 148457884    0    0     0 518208 175382 898428 71 19  9  1  0  0
121  0 135028 2874724 1718172 148386540    0    0     0 514776 173544 875783 70 18 11  1  0  0
74  0 135028 2861396 1718172 148399336    0    0     0 515948 173673 900122 71 18 10  1  0  0
103  0 135028 2849404 1718172 148411272    0    0     0 513012 172556 899566 70 19 10  0  0  0
39  0 135028 2807520 1718176 148424276    0    0     0 518708 176494 896787 71 19 10  0  0  0
98  0 135028 2793984 1718176 148437156    0    0     0 515756 174385 895535 71 19 10  1  0  0
133  0 135028 2779152 1718176 148449444    0    0     0 510752 171374 875462 69 18 12  1  0  0
131  0 135028 2768844 1718176 148462504    0    0     0 513724 175748 910569 72 19  9  0  0  0
93  1 135028 2760528 1718176 148473472    0    0     0 499072 167749 865550 68 18 13  1  0  0
108  0 135028 2748576 1718184 148487616    0    0     0 506224 171853 882355 70 18 11  1  0  0
101  0 135028 2731448 1718184 148500548    0    0     0 508160 176385 909126 72 19  8  0  0  0
124  0 135028 2721292 1718184 148513044    0    0     0 507912 175720 898735 72 19  9  0  0  0
141  0 135028 2706768 1718184 148526764    0    0     0 509208 174081 902177 71 19 10  0  0  0
procs -----------memory---------- ---swap-- -----io---- -system-- -------cpu-------
 r  b   swpd   free   buff  cache   si   so    bi    bo   in   cs us sy id wa st gu
104  0 135028 2691472 1718184 148539556    0    0     0 509856 175638 910808 72 19  9  0  0  0
118  0 135028 2676748 1718192 148552208    0    0     0 506364 172431 884853 70 18 11  1  0  0
112  0 135028 2663936 1718192 148565536    0    0     0 509488 173355 891005 71 18 10  1  0  0
83  1 135028 2649412 1718192 148578432    0    0     0 507476 175076 900551 72 19  9  0  0  0
119  0 135028 2643556 1718196 148590736    0    0     4 498660 169609 865462 68 17 14  1  0  0
99  0 135028 2880228 1718196 148355568    0    0     0 497056 170588 876068 69 18 13  1  0  0
100  0 135028 2828136 1718200 148366672    0    0     0 489628 166620 830707 65 17 18  1  0  0
144  0 135028 2869712 1718200 148379168    0    0     0 500240 172520 886909 70 19 11  0  0  0
109  0 135028 2851752 1718200 148392144    0    0     0 498876 173143 891883 71 18 10  1  0  0
116  1 135028 2839008 1718200 148404460    0    0     0 500056 174702 899333 71 19 10  0  0  0
143  1 135028 2822540 1718200 148417784    0    0     0 501988 175591 913656 72 19  9  0  0  0
148  0 135028 2808252 1718200 148430676    0    0     0 498172 173562 899073 71 19 10  0  0  0
140  0 135028 2796308 1718200 148443296    0    0     0 491200 168928 862810 69 18 12  1  0  0
108  0 135028 2789004 1718200 148455892    0    0     0 497408 173184 886772 71 18 10  1  0  0
123  0 135028 2772332 1718204 148468732    0    0     4 500764 174705 889381 70 19 10  1  0  0
116  0 135028 2761104 1718204 148481304    0    0     0 493680 169883 863749 68 18 13  1  0  0
94  0 135028 2748048 1718208 148494212    0    0     0 495976 171236 874693 70 18 12  1  0  0
94  0 135028 2736504 1718208 148507008    0    0     0 496612 170991 884781 70 18 12  0  0  0
136  0 135028 2725520 1718208 148520068    0    0     0 495624 172002 893918 70 19 10  0  0  0
106  0 135028 2712636 1718208 148532900    0    0     0 500612 173979 894329 71 19 10  0  0  0
116  0 135028 2695684 1718208 148545880    0    0     0 498640 171703 889963 71 18 10  0  0  0
procs -----------memory---------- ---swap-- -----io---- -system-- -------cpu-------
 r  b   swpd   free   buff  cache   si   so    bi    bo   in   cs us sy id wa st gu
149  0 135028 2683136 1718212 148558772    0    0     0 496004 172498 878151 70 18 11  1  0  0
16  0 135028 2666788 1718212 148571888    0    0     0 501784 174032 900010 73 19  8  0  0  0
121  1 135028 2654184 1718212 148584428    0    0     0 491656 168504 868968 68 18 13  1  0  0
127  0 135028 2646436 1718212 148597048    0    0     0 494104 169141 868013 69 18 13  1  0  0
115  0 135028 2640868 1718220 148609632    0    0     8 498812 168235 869526 69 18 13  1  0  0
148  0 135028 2723872 1718224 148522760    0    0     0 500944 171969 902530 71 18 11  1  0  0
115  2 135028 2708888 1718224 148535184    0    0     0 501844 172358 882399 70 18 11  1  0  0
136  0 135028 2688100 1718224 148547884    0    0     0 499056 172603 886774 70 18 11  0  0  0
78  0 135028 2674996 1718224 148560972    0    0     0 505412 175455 905982 72 19  9  0  0  0
110  0 135028 2658768 1718224 148573880    0    0     0 506940 174929 901601 72 18  9  0  0  0
67  0 135028 2644920 1718228 148586924    0    0     0 506620 174951 912225 71 19  9  0  0  0
119  0 135028 2736700 1718228 148498164    0    0     0 502060 171601 889548 70 18 11  1  0  0
124  0 135028 2707888 1718228 148504344    0    0     0 497828 172461 873521 69 18 13  1  0  0
144  0 135028 2708036 1718228 148517060    0    0     0 507772 175868 900457 71 19  9  0  0  0
73  0 135028 2696740 1718232 148530060    0    0     4 503384 172008 900114 71 19 10  1  0  0
104  1 135028 2688924 1718236 148542532    0    0     0 498252 168527 868681 69 18 13  1  0  0
84  2 135028 2677020 1718236 148555572    0    0     0 506432 173637 903384 71 19 10  0  0  0
115  0 135028 2659772 1718236 148568340    0    0     0 501360 172470 901911 71 19 10  0  0  0
123  0 135028 2645828 1718236 148581388    0    0     0 503420 170843 900316 70 18 11  0  0  0
125  0 135028 2738696 1718236 148485772    0    0     0 499904 172520 893026 71 18 11  0  0  0
90  1 135028 2726348 1718240 148497740    0    0     0 502640 172797 888326 70 18 12  1  0  0
procs -----------memory---------- ---swap-- -----io---- -system-- -------cpu-------
 r  b   swpd   free   buff  cache   si   so    bi    bo   in   cs us sy id wa st gu
98  1 135028 2706316 1718240 148510496    0    0     0 504636 172750 900679 71 19 10  0  0  0
138  0 135028 2691728 1718240 148522928    0    0     0 498400 171064 864376 69 18 13  1  0  0
31  1 135028 2684520 1718240 148535312    0    0     0 499492 171393 866747 69 18 13  1  0  0
73  0 135028 2678264 1718240 148548412    0    0     0 498796 171021 898699 70 18 11  1  0  0
138  0 135028 2658620 1718248 148561364    0    0     0 502744 174124 904654 71 19 10  0  0  0
118  0 135028 2643560 1718248 148574352    0    0     0 504136 172023 896232 71 19 10  0  0  0
113  0 135028 2738468 1718248 148445432    0    0     0 495872 169243 834607 64 17 18  0  0  0
130  1 135028 2786316 1718248 148456872    0    0     0 504780 173420 891771 70 18 11  0  0  0
119  0 135028 2770672 1718248 148469836    0    0     0 503324 175230 909422 72 19  9  0  0  0
74  1 135028 2759672 1718252 148482448    0    0     0 498552 174623 897916 71 19 10  0  0  0
142  0 135028 2748968 1718252 148495304    0    0     0 498952 172476 885610 70 18 11  1  0  0
66  0 135028 2733428 1718252 148508284    0    0     0 500288 175206 903184 72 19  9  0  0  0
115  0 135028 2721960 1718256 148521128    0    0     4 500076 172324 882873 70 18 11  1  0  0
119  0 135028 2708084 1718260 148533672    0    0     0 494456 170117 877356 69 18 12  1  0  0
141  0 135028 2690264 1718264 148547088    0    0     0 501196 175650 915927 72 19  9  0  0  0
118  0 135028 2687996 1718264 148559840    0    0     0 500808 173938 902773 71 19  9  0  0  0
135  0 135028 2668984 1718264 148573284    0    0     0 501304 174864 909754 72 19  9  0  0  0
133  0 135028 2650184 1718264 148586164    0    0     0 498616 173387 883562 70 19 11  0  0  0
136  0 135028 2639340 1718264 148599016    0    0     0 498028 172483 900293 71 19 10  1  0  0
127  0 135028 2726808 1718272 148512960    0    0     0 498536 172776 891511 70 19 10  1  0  0
82  0 135028 2719744 1718272 148526052    0    0     4 499748 174936 918396 72 19  9  0  0  0
procs -----------memory---------- ---swap-- -----io---- -system-- -------cpu-------
 r  b   swpd   free   buff  cache   si   so    bi    bo   in   cs us sy id wa st gu
142  0 135028 2709764 1718272 148538700    0    0     0 495324 168831 864876 69 18 13  1  0  0
101  1 135028 2698060 1718272 148551136    0    0     0 501068 173261 888264 70 18 11  1  0  0
73  2 135028 2687076 1718272 148563784    0    0     0 507896 172061 885374 70 18 12  1  0  0
128  1 135028 2669052 1718276 148576784    0    0     0 507064 170098 880622 68 18 13  1  0  0
138  0 135028 2657328 1718276 148589620    0    0     0 513792 173839 907076 72 19  9  0  0  0
132  0 135028 2737516 1718276 148503992    0    0     0 509912 172667 884025 71 18 10  0  0  0
65  1 135028 2733748 1718276 148516076    0    0     0 513696 174741 910824 72 19  9  0  0  0
102  0 135028 2707840 1718276 148528432    0    0     0 509580 171837 869983 69 18 13  0  0  0
150  0 135028 2694200 1718280 148541472    0    0     0 516276 175579 913492 71 19  9  0  0  0
147  0 135028 2680492 1718280 148554372    0    0     0 517960 174329 911330 72 19  9  0  0  0
102  0 135028 2666148 1718280 148567372    0    0     0 510840 171903 898313 71 18 10  0  0  0
115  1 135028 2652012 1718280 148580496    0    0     0 518760 177136 917976 73 19  8  0  0  0
70  1 135028 2722068 1718284 148489004    0    0     4 502660 168647 850131 67 18 15  1  0  0
107  1 135028 2705488 1718288 148502156    0    0     0 511952 176001 912221 73 19  8  0  0  0
73  0 135028 2691552 1718288 148515296    0    0     0 511820 175976 911494 73 19  7  0  0  0
130  0 135028 2675828 1718288 148528428    0    0     0 512048 178861 909698 73 19  8  0  0  0
65  0 135028 2661168 1718288 148541940    0    0     0 512768 175852 930786 75 19  6  0  0  0
143  0 135028 2649156 1718288 148555068    0    0     0 507928 175041 916798 72 19  8  0  0  0
107  0 135028 2871728 1718288 148328332    0    0     0 505188 174422 902637 72 19  8  0  0  0
123  1 135028 2976888 1718288 148232108    0    0     0 508880 175933 919589 73 19  8  0  0  0
135  0 135028 2959044 1718288 148245148    0    0     0 515828 179024 906221 72 19  9  0  0  0
procs -----------memory---------- ---swap-- -----io---- -system-- -------cpu-------
 r  b   swpd   free   buff  cache   si   so    bi    bo   in   cs us sy id wa st gu
127  1 135028 2945840 1718288 148258052    0    0     0 507244 174882 903400 72 19  9  0  0  0
103  0 135028 2932668 1718288 148271428    0    0     0 512664 178759 919577 73 19  8  0  0  0
136  0 135028 2922856 1718296 148284532    0    0     4 514232 176829 923539 73 19  7  0  0  0
40  0 135028 2907180 1718296 148297928    0    0     0 513168 176333 921964 73 19  8  0  0  0
131  1 135028 2890588 1718296 148311656    0    0     0 517344 176569 924568 74 20  6  0  0  0
99  0 135028 2875828 1718296 148324820    0    0     0 514268 176452 922461 73 19  7  0  0  0
134  0 135028 2821036 1718296 148337004    0    0     0 499104 167408 851176 67 18 15  0  0  0
131  1 135028 2866012 1718304 148350220    0    0     0 510216 175672 915869 73 19  8  0  0  0
145  0 135028 2851500 1718304 148363336    0    0     0 506564 176502 919326 73 19  8  0  0  0
118  0 135028 2840212 1718304 148376740    0    0     0 505176 174749 916908 72 19  8  0  0  0
132  0 135028 2821068 1718304 148389560    0    0     0 501740 173429 890923 70 18 11  1  0  0
113  1 135028 2812348 1718308 148402928    0    0     4 504616 174771 916035 73 19  8  0  0  0
143  0 135028 2795392 1718312 148416064    0    0     0 509540 176181 927113 73 19  8  0  0  0
68  0 135028 2778932 1718312 148429344    0    0     0 508928 176231 927688 74 19  7  0  0  0
47  0 135028 2769980 1718312 148442856    0    0     0 512672 177154 936683 74 19  7  0  0  0
94  0 135028 2754248 1718312 148456460    0    0     0 510444 176005 921269 73 20  7  0  0  0
148  0 135028 2747764 1718312 148469252    0    0     0 507240 174250 912269 71 19  9  0  0  0
30  0 135028 2734588 1718320 148482044    0    0     0 502892 173048 890316 70 19 11  1  0  0
72  0 135028 2728160 1718320 148495084    0    0     0 505088 173703 891436 70 18 11  1  0  0
134  0 135028 2714880 1718320 148507832    0    0     0 503720 172554 893457 71 18 10  1  0  0
130  0 135028 2698440 1718320 148521028    0    0     0 507388 174043 912355 72 19  8  0  0  0
procs -----------memory---------- ---swap-- -----io---- -system-- -------cpu-------
 r  b   swpd   free   buff  cache   si   so    bi    bo   in   cs us sy id wa st gu
143  0 135028 2687024 1718324 148534388    0    0     4 511592 176001 917971 73 19  8  0  0  0
79  1 135028 2672412 1718328 148547612    0    0     0 521080 176099 910486 73 19  8  0  0  0
118  0 135028 2658588 1718328 148560684    0    0     0 518084 175170 914279 72 19  9  0  0  0
97  0 135028 2644608 1718328 148574036    0    0     0 521152 177587 927557 73 19  8  0  0  0
139  0 135028 2737776 1718328 148483476    0    0     0 522536 178834 924263 73 19  7  0  0  0
147  0 135028 2729436 1718328 148496068    0    0     0 516896 175752 911013 72 19  8  0  0  0
114  1 135028 2711928 1718332 148508580    0    0     0 511844 173393 883239 70 19 11  0  0  0
95  0 135028 2699968 1718332 148521704    0    0     0 518520 175603 913203 72 19  9  0  0  0
136  0 135028 2694260 1718332 148534200    0    0     0 513088 172457 868283 69 18 13  1  0  0
120  0 135028 2675812 1718332 148547300    0    0     0 516556 174590 902058 71 19 10  0  0  0
98  0 135028 2659488 1718332 148560332    0    0     0 522928 176841 914005 73 19  7  0  0  0
97  0 135028 2737816 1718336 148469824    0    0     4 514788 175244 905739 71 19  9  0  0  0
128  0 135028 2723444 1718336 148481968    0    0     0 514700 176032 916180 73 19  8  0  0  0
127  0 135028 2709264 1718336 148495100    0    0     0 518384 176973 917484 73 19  7  0  0  0
107  2 135028 2688404 1718336 148508140    0    0     0 512824 176263 917312 73 19  8  0  0  0
96  0 135028 2681272 1718336 148521120    0    0     0 508324 173475 903248 71 19 10  0  0  0
84  1 135028 2669880 1718336 148534312    0    0     0 508608 175127 905696 71 19  9  0  0  0
90  0 135028 2653104 1718336 148547012    0    0     0 506104 173292 880627 70 19 11  0  0  0
146  0 135028 2639684 1718336 148560188    0    0     0 512380 176798 912440 72 19  9  0  0  0
119  0 135028 2731164 1718336 148471608    0    0     0 517188 178218 913940 73 19  8  0  0  0
136  0 135028 2714076 1718336 148484576    0    0     0 512596 176230 922568 73 19  7  0  0  0
procs -----------memory---------- ---swap-- -----io---- -system-- -------cpu-------
 r  b   swpd   free   buff  cache   si   so    bi    bo   in   cs us sy id wa st gu
47  1 135028 2693904 1718348 148497860    0    0     4 512848 174823 923273 73 19  7  0  0  0
146  0 135028 2676580 1718348 148511232    0    0     0 513144 175201 917875 73 19  8  0  0  0
