procs -----------memory---------- ---swap-- -----io---- -system-- -------cpu-------
 r  b   swpd   free   buff  cache   si   so    bi    bo   in   cs us sy id wa st gu
 6  0 136308 21240584 1730712 155347192    4    6 25695 25948 12445    3  3  0 96  1  0  0
 4  0 136308 21220240 1730712 155347344    0    0 31760 326700 101991 59380  1  0 98  0  0  0
 1  0 136308 21216780 1730720 155347540    0    0 34992 108176 91485 41737  1  0 98  0  0  0
 0  1 136308 21215268 1730720 155347740    0    0 35936 25708 87702 34685  1  0 99  0  0  0
 0  1 136308 21214240 1730720 155347936    0    0 35888 26148 87668 35132  1  0 99  0  0  0
 0  1 136308 21216848 1730720 155348156    0    0 36000 26124 87540 34399  1  0 99  0  0  0
 1  0 136308 21217712 1730720 155348364    0    0 36672 25840 87604 35365  1  0 99  0  0  0
 2  0 136308 21218332 1730724 155348572    0    0 36928 26920 87604 35978  1  0 99  0  0  0
 2  0 136308 21217552 1730724 155348788    0    0 36496 26920 87897 36155  1  0 99  0  0  0
 2  0 136308 21224692 1730724 155348996    0    0 36864 26940 87668 36248  1  0 99  0  0  0
 1  0 136308 21222576 1730724 155349208    0    0 36224 26848 87903 36311  1  0 99  0  0  0
 0  1 136308 21222376 1730724 155349480    0    0 36528 26316 87628 36342  1  0 99  0  0  0
 1  0 136308 21221680 1730732 155349676    0    0 36880 28744 87846 36043  1  0 99  0  0  0
 1  0 136308 21220612 1730732 155349896    0    0 36688 28572 87714 35919  1  0 99  0  0  0
 2  0 136308 21219616 1730732 155350112    0    0 36112 29428 87775 36359  1  0 99  0  0  0
 0  1 136308 21218468 1730732 155350328    0    0 36736 29780 87894 36276  1  0 99  0  0  0
 0  1 136308 21218176 1730732 155350548    0    0 36960 32744 88218 36964  1  0 99  0  0  0
 1  1 136308 21217924 1730736 155350740    0    0 37360 30812 87942 36548  1  0 99  0  0  0
 1  0 136308 21213792 1730736 155350972    0    0 36640 30156 87910 36351  1  0 99  0  0  0
 1  0 136308 21216648 1730736 155351192    0    0 36848 30164 87778 36562  1  0 99  0  0  0
 0  1 136308 21218388 1730736 155351392    0    0 35872 29636 87971 36109  1  0 99  0  0  0
procs -----------memory---------- ---swap-- -----io---- -system-- -------cpu-------
 r  b   swpd   free   buff  cache   si   so    bi    bo   in   cs us sy id wa st gu
 0  1 136308 21218168 1730736 155351620    0    0 36912 29300 87819 36077  1  0 98  0  0  0
 1  0 136308 21218228 1730740 155351816    0    0 37168 23576 87705 35678  1  0 99  0  0  0
 1  0 136308 21218192 1730740 155352100    0    0 37200 23704 87626 35793  1  0 99  0  0  0
 1  0 136308 21218744 1730740 155352328    0    0 36560 23632 87593 35717  1  0 99  0  0  0
 1  0 136308 21218528 1730740 155352516    0    0 35568 23580 87374 34914  1  0 99  0  0  0
 1  1 136308 21216536 1730740 155352728    0    0 37264 23688 87557 35374  1  0 99  0  0  0
 1  0 136308 21216768 1730744 155352936    0    0 35904 23800 87535 35153  1  0 99  0  0  0
 0  1 136308 21215092 1730744 155353156    0    0 36720 24604 87638 35708  1  0 99  0  0  0
 0  1 136308 21211800 1730744 155353372    0    0 35664 24340 87565 35713  1  0 99  0  0  0
 1  0 136308 21212760 1730744 155353588    0    0 37312 24096 87698 35922  1  0 99  0  0  0
 1  0 136308 21210260 1730744 155353804    0    0 36992 23636 87600 36058  1  0 99  0  0  0
 1  0 136308 21213092 1730748 155354008    0    0 36560 24052 87581 36206  1  0 99  0  0  0
 1  0 136308 21211776 1730748 155354236    0    0 36576 23636 87451 36250  1  0 99  0  0  0
 1  0 136308 21212340 1730748 155354460    0    0 37024 23132 87665 35583  1  0 99  0  0  0
 1  1 136308 21211568 1730748 155354668    0    0 36608 23184 87511 35878  1  0 99  0  0  0
 0  1 136308 21211396 1730748 155354868    0    0 37296 22184 87702 35893  1  0 99  0  0  0
 1  0 136308 21209036 1730748 155355108    0    0 37344 22136 87582 35520  1  0 99  0  0  0
 0  1 136308 21215096 1730752 155355312    0    0 37328 22580 87616 35941  1  0 99  0  0  0
 0  1 136308 21213788 1730752 155355536    0    0 37520 22748 87502 35683  1  0 99  0  0  0
 1  0 136308 21210152 1730752 155355744    0    0 37264 22420 87758 35807  1  0 99  0  0  0
 0  1 136308 21209936 1730752 155355972    0    0 37552 23424 87465 35790  1  0 99  0  0  0
procs -----------memory---------- ---swap-- -----io---- -system-- -------cpu-------
 r  b   swpd   free   buff  cache   si   so    bi    bo   in   cs us sy id wa st gu
 1  0 136308 21210660 1730752 155356196    0    0 36784 24508 87603 35936  1  0 99  0  0  0
 1  0 136308 21210036 1730752 155356400    0    0 36944 24672 87463 35483  1  0 99  0  0  0
 1  0 136308 21206760 1730752 155356628    0    0 36688 24612 87784 35689  1  0 99  0  0  0
 1  0 136308 21207532 1730752 155356840    0    0 37536 23288 87505 35817  1  0 99  0  0  0
 0  1 136308 21204528 1730752 155357056    0    0 37120 23344 87624 35608  1  0 99  0  0  0
 0  1 136308 21199736 1730752 155357292    0    0 37200 23500 87594 35486  1  0 99  0  0  0
 0  1 136308 21204696 1730756 155357484    0    0 37184 22880 87782 35763  1  0 99  0  0  0
 1  0 136308 21205680 1730756 155357684    0    0 37312 21820 87341 35345  1  0 99  0  0  0
 0  1 136308 21205844 1730756 155357920    0    0 36624 21640 87533 35546  1  0 99  0  0  0
 0  0 136308 21204972 1730756 155358132    0    0 36992 21812 87419 35862  1  0 99  0  0  0
 1  0 136308 21205112 1730756 155358344    0    0 36816 22692 87686 35986  1  0 99  0  0  0
 2  0 136308 21204416 1730764 155358556    0    0 37328 22388 87473 35288  1  0 99  0  0  0
 1  0 136308 21203896 1730764 155358768    0    0 37216 23360 87726 35481  1  0 99  0  0  0
 0  0 136308 21203940 1730764 155358992    0    0 37360 23432 87484 36092  1  0 99  0  0  0
 0  1 136308 21203624 1730764 155359200    0    0 36960 24012 87760 36036  1  0 99  0  0  0
 0  1 136308 21204600 1730764 155359420    0    0 37520 24116 87531 35532  1  0 99  0  0  0
 0  1 136308 21206404 1730772 155359644    0    0 37088 23824 87614 35962  1  0 99  0  0  0
 0  1 136308 21208168 1730772 155359864    0    0 37360 22452 87493 35850  1  0 99  0  0  0
 0  1 136308 21206664 1730772 155360084    0    0 37040 22896 87673 35864  1  0 99  0  0  0
 1  0 136308 21206524 1730772 155360276    0    0 37024 22816 87568 35511  1  0 99  0  0  0
 1  0 136308 21210364 1730772 155360516    0    0 37056 22880 87596 35305  1  0 99  0  0  0
procs -----------memory---------- ---swap-- -----io---- -system-- -------cpu-------
 r  b   swpd   free   buff  cache   si   so    bi    bo   in   cs us sy id wa st gu
 2  0 136308 21214136 1730780 155360716    0    0 36848 22656 87530 36274  1  0 99  0  0  0
 0  1 136308 21213724 1730780 155360924    0    0 37616 22376 87729 35596  1  0 99  0  0  0
 1  0 136308 21214072 1730780 155361144    0    0 37152 22568 87539 35888  1  0 99  0  0  0
 0  1 136308 21214172 1730780 155361352    0    0 37184 22768 87674 36070  1  0 99  0  0  0
 1  0 136308 21209892 1730780 155361572    0    0 37472 22120 87556 35504  1  0 99  0  0  0
 0  1 136308 21208632 1730780 155361776    0    0 37472 22088 87497 35679  1  0 99  0  0  0
 0  1 136308 21212400 1730780 155362008    0    0 36880 22472 87606 35628  1  0 99  0  0  0
 1  0 136308 21211752 1730780 155362208    0    0 36880 22124 87576 35800  1  0 99  0  0  0
 2  0 136308 21212780 1730780 155362424    0    0 36528 21660 87577 35869  1  0 99  0  0  0
 0  1 136308 21213132 1730780 155362652    0    0 36704 21872 87637 35768  1  0 99  0  0  0
 2  0 136308 21216436 1730780 155362852    0    0 37008 22452 87709 35903  1  0 99  0  0  0
 1  0 136308 21213688 1730780 155363080    0    0 37040 22272 87642 35782  1  0 99  0  0  0
 1  0 136308 21214776 1730780 155363300    0    0 37568 22760 87762 35689  1  0 99  0  0  0
 0  1 136308 21215896 1730780 155363500    0    0 36928 22608 87513 35426  1  0 99  0  0  0
 5  0 136308 21216652 1730780 155363728    0    0 36816 22036 87668 35518  1  0 99  0  0  0
 1  0 136308 21213880 1730780 155363944    0    0 36992 22552 87518 35615  1  0 99  0  0  0
 1  0 136308 21214296 1730780 155364152    0    0 36976 22156 87571 35931  1  0 98  0  0  0
 1  0 136308 21216500 1730780 155364388    0    0 37088 21484 87594 36122  1  0 99  0  0  0
 1  0 136308 21213636 1730780 155364608    0    0 36384 21604 87549 35741  1  0 99  0  0  0
 0  1 136308 21214136 1730780 155364812    0    0 37088 19832 87456 35569  1  0 99  0  0  0
 1  0 136308 21214368 1730784 155365104    0    0 37776 19668 87516 35846  1  0 98  0  0  0
procs -----------memory---------- ---swap-- -----io---- -system-- -------cpu-------
 r  b   swpd   free   buff  cache   si   so    bi    bo   in   cs us sy id wa st gu
 2  0 136308 21210824 1730784 155365312    0    0 36880 19340 87520 35691  1  0 99  0  0  0
 0  1 136308 21207316 1730784 155365536    0    0 37072 19144 87486 35703  1  0 99  0  0  0
 1  0 136308 21207548 1730784 155365748    0    0 37584 19244 87399 35226  1  0 99  0  0  0
 1  0 136308 21207480 1730784 155365968    0    0 37152 19244 87385 35290  1  0 99  0  0  0
 1  0 136308 21205468 1730788 155366168    0    0 37632 19492 87448 35317  1  0 99  0  0  0
 1  1 136308 21205000 1730788 155366388    0    0 37152 19120 87480 35551  1  0 99  0  0  0
 0  1 136308 21204568 1730788 155366608    0    0 37040 19392 87520 35642  1  0 99  0  0  0
 1  0 136308 21206996 1730788 155366824    0    0 37104 19408 87536 35630  1  0 99  0  0  0
 0  1 136308 21204240 1730788 155367020    0    0 37312 19528 87455 35754  1  0 99  0  0  0
 1  0 136308 21208140 1730792 155367244    0    0 36720 20428 87640 35884  1  0 99  0  0  0
 0  1 136308 21206648 1730792 155367476    0    0 37200 31836 87955 36539  1  0 98  0  0  0
 0  1 136308 21205936 1730792 155367692    0    0 36736 31992 88147 36479  1  0 99  0  0  0
 1  0 136308 21208728 1730792 155367904    0    0 36368 33264 88097 36693  1  0 99  0  0  0
 1  0 136308 21209296 1730792 155368116    0    0 36400 33056 88058 37020  1  0 99  0  0  0
 1  0 136308 21211348 1730796 155368336    0    0 37104 33184 88094 36513  1  0 98  0  0  0
 1  0 136308 21211120 1730796 155368564    0    0 36736 33288 88285 36926  1  0 98  0  0  0
 1  0 136308 21210904 1730796 155368768    0    0 37120 32984 88217 36877  1  0 98  0  0  0
 2  0 136308 21210688 1730796 155368984    0    0 37200 32404 88019 36280  1  0 99  0  0  0
 1  0 136308 21208672 1730796 155369192    0    0 37136 32428 87993 36660  1  0 99  0  0  0
 1  0 136308 21207312 1730800 155369404    0    0 37008 33072 87984 37070  1  0 99  0  0  0
 0  1 136308 21207472 1730800 155369632    0    0 36944 33212 88151 36683  1  0 99  0  0  0
procs -----------memory---------- ---swap-- -----io---- -system-- -------cpu-------
 r  b   swpd   free   buff  cache   si   so    bi    bo   in   cs us sy id wa st gu
 0  1 136308 21206220 1730800 155369848    0    0 37152 33508 88191 36448  1  0 99  0  0  0
 1  0 136308 21208324 1730800 155370092    0    0 37184 33224 88047 35752  1  0 99  0  0  0
 2  0 136308 21207364 1730800 155370284    0    0 36944 32860 88032 36292  1  0 99  0  0  0
 1  0 136308 21206860 1730804 155370476    0    0 36464 32440 88171 36626  1  0 99  0  0  0
 1  0 136308 21209928 1730804 155370704    0    0 37200 32264 88088 36363  1  0 99  0  0  0
 0  1 136308 21207264 1730804 155370936    0    0 37504 32340 88286 36720  1  0 99  0  0  0
 1  0 136308 21206984 1730804 155371156    0    0 37040 31896 87903 36784  1  0 99  0  0  0
 1  0 136308 21208452 1730804 155371372    0    0 36928 32628 88025 36856  1  0 99  0  0  0
 0  1 136308 21210408 1730812 155371584    0    0 36528 32616 87883 36951  1  0 99  0  0  0
 0  1 136308 21213784 1730812 155371816    0    0 37712 32516 88108 36875  1  0 99  0  0  0
 1  0 136308 21215300 1730812 155372012    0    0 37712 32236 87963 36773  1  0 99  0  0  0
 0  1 136308 21210160 1730812 155372244    0    0 37040 33376 88136 37167  1  0 99  0  0  0
 1  0 136308 21211928 1730812 155372436    0    0 36768 34744 88013 36894  1  0 99  0  0  0
 0  1 136308 21209304 1730820 155372628    0    0 37248 34440 88229 37050  1  0 99  0  0  0
 3  1 136308 21206560 1730820 155372892    0    0 36848 33984 87966 37390  1  0 99  0  0  0
 2  0 136308 21205376 1730820 155373104    0    0 37424 33152 88144 37070  1  0 99  0  0  0
 1  0 136308 21206432 1730820 155373324    0    0 37488 33372 88101 36727  1  0 99  0  0  0
 0  1 136308 21206484 1730820 155373516    0    0 37120 32924 88010 36737  1  0 99  0  0  0
 0  1 136308 21204992 1730828 155373740    0    0 37296 32720 88120 37126  1  0 99  0  0  0
 0  1 136308 21204988 1730828 155373968    0    0 36672 33704 88257 37040  1  0 99  0  0  0
 0  1 136308 21208336 1730828 155374188    0    0 36928 33748 88153 36835  1  0 99  0  0  0
procs -----------memory---------- ---swap-- -----io---- -system-- -------cpu-------
 r  b   swpd   free   buff  cache   si   so    bi    bo   in   cs us sy id wa st gu
 1  1 136308 21211320 1730828 155374416    0    0 37072 34816 88234 36339  1  0 99  0  0  0
 2  0 136308 21212420 1730828 155374624    0    0 37136 35476 88039 36982  1  0 99  0  0  0
 0  1 136308 21209712 1730832 155374832    0    0 37024 36188 88335 37326  1  0 99  0  0  0
 1  0 136308 21210364 1730832 155375052    0    0 37344 36148 88058 37348  1  0 99  0  0  0
 0  1 136308 21210336 1730832 155375248    0    0 36944 35712 88249 37416  1  0 99  0  0  0
 1  0 136308 21208904 1730832 155375460    0    0 37264 35368 87988 37074  1  0 99  0  0  0
 0  1 136308 21210840 1730832 155375676    0    0 36864 35028 88121 37495  1  0 99  0  0  0
 1  0 136308 21208420 1730832 155375916    0    0 37056 34928 87987 36534  1  0 99  0  0  0
 0  1 136308 21205424 1730832 155376108    0    0 37184 34484 88137 36814  1  0 99  0  0  0
 1  0 136308 21208348 1730832 155376348    0    0 36704 33860 87944 36870  1  0 99  0  0  0
 1  0 136308 21208916 1730832 155376552    0    0 37264 34652 88371 36958  1  0 99  0  0  0
 0  1 136308 21208984 1730832 155376780    0    0 36800 34104 87818 36886  1  0 99  0  0  0
 0  1 136308 21206880 1730840 155376992    0    0 37088 34580 88060 36680  1  0 98  0  0  0
 0  1 136308 21206180 1730840 155377192    0    0 37632 34612 88199 36581  1  0 99  0  0  0
 1  0 136308 21204124 1730840 155377424    0    0 37344 35328 88236 36541  1  0 99  0  0  0
 2  0 136308 21202956 1730840 155377640    0    0 36592 36300 88640 36859  1  0 99  0  0  0
 2  0 136308 21203120 1730840 155377844    0    0 37008 36492 88045 36631  1  0 99  0  0  0
 2  0 136308 21203316 1730844 155378128    0    0 36944 37096 88175 36487  1  0 98  0  0  0
 2  0 136308 21202408 1730844 155378368    0    0 37392 36308 88215 37107  1  0 99  0  0  0
 0  1 136308 21202668 1730844 155378448    0    0 37776 36304 88301 36479  1  0 98  0  0  0
 1  0 136308 21202192 1730844 155378788    0    0 36912 36840 88160 36078  1  0 99  0  0  0
procs -----------memory---------- ---swap-- -----io---- -system-- -------cpu-------
 r  b   swpd   free   buff  cache   si   so    bi    bo   in   cs us sy id wa st gu
 0  1 136308 21204956 1730844 155379008    0    0 36960 37768 88240 36135  1  0 99  0  0  0
 1  0 136308 21203080 1730848 155379220    0    0 36256 37976 88407 36908  1  0 99  0  0  0
 0  1 136308 21204360 1730848 155379424    0    0 37200 36620 88138 36873  1  0 99  0  0  0
 0  1 136308 21201332 1730848 155379652    0    0 37408 36416 88209 36402  1  0 99  0  0  0
 1  0 136308 21204460 1730848 155379844    0    0 37216 36800 88175 36502  1  0 99  0  0  0
 0  1 136308 21203364 1730848 155380064    0    0 36704 36744 88253 36924  1  0 99  0  0  0
 1  1 136308 21204752 1730852 155380280    0    0 37328 38068 88211 36307  1  0 98  0  0  0
 3  1 136308 21199220 1730852 155380512    0    0 37216 37332 88259 37358  1  0 99  0  0  0
 2  0 136308 21199052 1730852 155380716    0    0 36912 37008 88120 36845  1  0 99  0  0  0
 1  0 136308 21195460 1730852 155380956    0    0 37024 36940 88286 36425  1  0 99  0  0  0
 1  0 136308 21193756 1730852 155381184    0    0 37584 35824 88058 35762  1  0 98  0  0  0
 1  0 136308 21191224 1730860 155381384    0    0 37312 35984 88331 36188  1  0 99  0  0  0
 1  0 136308 21189496 1730860 155381608    0    0 37296 36388 88231 36768  1  0 99  0  0  0
 1  0 136308 21187796 1730860 155381836    0    0 37776 36916 88177 36195  1  0 99  0  0  0
 0  1 136308 21189012 1730860 155381964    0    0 36336 37708 88123 36981  1  0 99  0  0  0
 1  1 136308 21192328 1730860 155382240    0    0 36928 36784 88176 37064  1  0 99  0  0  0
 0  1 136308 21194660 1730864 155382440    0    0 37808 36500 88299 36909  1  0 99  0  0  0
 1  0 136308 21191072 1730864 155382700    0    0 37200 36764 88149 36400  1  0 99  0  0  0
 2  0 136308 21189984 1730864 155382904    0    0 37456 36080 88335 36574  1  0 99  0  0  0
 1  0 136308 21191208 1730864 155383116    0    0 37280 36140 88045 36320  1  0 98  0  0  0
 1  0 136308 21190228 1730864 155383356    0    0 37536 36524 88469 36323  1  0 98  0  0  0
procs -----------memory---------- ---swap-- -----io---- -system-- -------cpu-------
 r  b   swpd   free   buff  cache   si   so    bi    bo   in   cs us sy id wa st gu
 0  2 136308 21201808 1730864 155383540    0    0 37664 36284 88171 36279  1  0 99  0  0  0
 1  0 136308 21200592 1730864 155383768    0    0 37728 36816 88327 36011  1  0 99  0  0  0
 0  1 136308 21200732 1730864 155383988    0    0 37440 36220 88074 36444  1  0 99  0  0  0
 1  0 136308 21198600 1730864 155384192    0    0 36816 36952 88423 37090  1  0 99  0  0  0
 0  1 136308 21197328 1730864 155384392    0    0 36720 37700 88309 36967  1  0 99  0  0  0
 0  1 136308 21194736 1730864 155384612    0    0 37056 37480 88304 36291  1  0 99  0  0  0
 0  1 136308 21191740 1730872 155384824    0    0 37040 38000 88188 36342  1  0 99  0  0  0
 1  0 136308 21191768 1730872 155385068    0    0 36704 37400 88365 36681  1  0 99  0  0  0
 0  1 136308 21188552 1730872 155385276    0    0 37008 37748 88339 36520  1  0 99  0  0  0
 1  0 136308 21185380 1730872 155385492    0    0 37392 38020 88327 36284  1  0 99  0  0  0
 1  0 136308 21186636 1730872 155385720    0    0 37712 37396 88234 36370  1  0 99  0  0  0
 0  1 136308 21184128 1730876 155385936    0    0 37600 37252 88391 36591  1  0 99  0  0  0
 2  0 136308 21186916 1730876 155386152    0    0 37056 36676 88224 36332  1  0 99  0  0  0
 1  0 136308 21188892 1730876 155386376    0    0 36032 36480 88300 37029  1  0 99  0  0  0
 1  0 136308 21188808 1730876 155386628    0    0 36800 36280 88104 36068  1  0 99  0  0  0
 1  0 136308 21188756 1730876 155386828    0    0 36448 36004 88255 36063  1  0 99  0  0  0
 1  0 136308 21191624 1730880 155387028    0    0 36688 36736 88072 37059  1  0 99  0  0  0
 1  0 136308 21193976 1730880 155387288    0    0 37008 36980 88305 36374  1  0 99  0  0  0
 2  0 136308 21192168 1730880 155387472    0    0 36624 37496 88235 36869  1  0 98  0  0  0
 0  1 136308 21191960 1730880 155387684    0    0 37024 36744 88271 36439  1  0 99  0  0  0
 1  0 136308 21190440 1730880 155387908    0    0 36848 35964 88059 37458  1  0 99  0  0  0
procs -----------memory---------- ---swap-- -----io---- -system-- -------cpu-------
 r  b   swpd   free   buff  cache   si   so    bi    bo   in   cs us sy id wa st gu
 1  0 136308 21191908 1730884 155388120    0    0 37104 35900 88194 36956  1  0 99  0  0  0
 0  1 136308 21192936 1730884 155388324    0    0 37376 35656 88155 36662  1  0 99  0  0  0
 1  0 136308 21192332 1730884 155388552    0    0 36880 36488 88296 36395  1  0 99  0  0  0
 2  0 136308 21192924 1730884 155388752    0    0 37376 37752 88178 36787  1  0 99  0  0  0
 1  0 136308 21193068 1730884 155388996    0    0 36720 37480 88321 36880  1  0 99  0  0  0
 1  1 136308 21189920 1730892 155389216    0    0 36800 37628 88236 36799  1  0 99  0  0  0
 1  1 136308 21189768 1730892 155389456    0    0 36720 37760 88339 36562  1  0 98  0  0  0
 1  1 136308 21189496 1730892 155389672    0    0 36864 37472 88240 35977  1  0 98  0  0  0
 2  0 136308 21190284 1730892 155389868    0    0 37200 38584 88262 36096  1  0 99  0  0  0
 2  1 136308 21190616 1730892 155390068    0    0 37024 38444 88361 37059  1  0 99  0  0  0
 2  0 136308 21191592 1730892 155390316    0    0 37024 38172 88401 36544  1  0 98  0  0  0
 2  0 136308 21191256 1730892 155390532    0    0 37376 37156 88254 36052  1  0 99  0  0  0
 1  1 136308 21192044 1730892 155390728    0    0 36992 37476 88405 36459  1  0 99  0  0  0
 3  0 136308 21191140 1730892 155390968    0    0 36576 37296 88179 36623  1  0 99  0  0  0
 1  1 136308 21191104 1730892 155391248    0    0 36800 37488 88483 36691  1  0 98  0  0  0
 2  0 136308 21192112 1730896 155391464    0    0 37088 38332 88245 35939  1  0 98  0  0  0
 1  1 136308 21191400 1730896 155391700    0    0 37232 37324 88114 35620  1  0 99  0  0  0
 1  0 136308 21192880 1730896 155391924    0    0 36720 37620 88225 36430  1  0 98  0  0  0
 1  0 136308 21190892 1730896 155392132    0    0 36592 37200 88281 36548  1  0 99  0  0  0
 0  1 136308 21194432 1730896 155392360    0    0 36816 36704 88315 36259  1  0 99  0  0  0
 0  1 136308 21193300 1730904 155392572    0    0 36912 36728 88017 36543  1  0 99  0  0  0
procs -----------memory---------- ---swap-- -----io---- -system-- -------cpu-------
 r  b   swpd   free   buff  cache   si   so    bi    bo   in   cs us sy id wa st gu
 0  1 136308 21191688 1730904 155392772    0    0 37008 36636 88353 36728  1  0 99  0  0  0
 1  0 136308 21189564 1730904 155392996    0    0 37136 37304 88077 37730  1  0 99  0  0  0
 0  1 136308 21186140 1730904 155393236    0    0 37248 37384 88485 36744  1  0 99  0  0  0
 0  1 136308 21182780 1730904 155393424    0    0 36944 37872 88246 36262  1  0 99  0  0  0
 1  0 136308 21188912 1730908 155393640    0    0 37296 38268 88469 36418  1  0 99  0  0  0
 1  0 136308 21191904 1730908 155393892    0    0 37328 39024 88432 36419  1  0 99  0  0  0
 2  0 136308 21190552 1730908 155394108    0    0 36464 38476 88352 36408  1  0 99  0  0  0
 1  0 136308 21190144 1730908 155394144    0    0 36672 38768 88227 36093  1  0 99  0  0  0
 1  0 136308 21193064 1730908 155394508    0    0 36640 38936 88144 36262  1  0 99  0  0  0
 1  0 136308 21190036 1730916 155394724    0    0 37232 39284 88238 36191  1  0 99  0  0  0
 3  0 136308 21188040 1730916 155394936    0    0 36768 39832 88298 36245  1  0 98  0  0  0
 1  0 136308 21193228 1730916 155395140    0    0 36544 38444 88322 36351  1  0 99  0  0  0
 0  1 136308 21190304 1730916 155395404    0    0 36400 38044 88306 36437  1  0 99  0  0  0
 1  0 136308 21187468 1730916 155395588    0    0 37360 38296 88184 36774  1  0 99  0  0  0
 1  0 136308 21187976 1730924 155395780    0    0 37888 38588 88279 36097  1  0 99  0  0  0
 1  0 136308 21185484 1730928 155396000    0    0 36864 39112 88170 36020  1  0 98  0  0  0
 0  1 136308 21187032 1730928 155396220    0    0 36752 38432 88273 35913  1  0 99  0  0  0
 0  1 136308 21189416 1730928 155396428    0    0 36640 38272 88232 36112  1  0 99  0  0  0
 1  0 136308 21189152 1730928 155396644    0    0 36672 37940 88204 36142  1  0 99  0  0  0
 0  1 136308 21186988 1730932 155396856    0    0 36640 38880 88304 36366  1  0 99  0  0  0
 0  0 136308 21187712 1730932 155397068    0    0 36672 38476 88221 36700  1  0 99  0  0  0
procs -----------memory---------- ---swap-- -----io---- -system-- -------cpu-------
 r  b   swpd   free   buff  cache   si   so    bi    bo   in   cs us sy id wa st gu
 1  0 136308 21188208 1730932 155397292    0    0 36304 38052 88215 36275  1  0 99  0  0  0
 1  0 136308 21183860 1730932 155397520    0    0 37584 39248 88246 36084  1  0 99  0  0  0
 0  1 136308 21182068 1730932 155397760    0    0 37376 38652 88226 36251  1  0 99  0  0  0
 1  1 136308 21180804 1730932 155397940    0    0 37296 38444 88284 36342  1  0 99  0  0  0
 1  0 136308 21179700 1730932 155398176    0    0 36944 38068 88247 36196  1  0 99  0  0  0
 0  1 136308 21179988 1730932 155398368    0    0 37120 38520 88277 35815  1  0 99  0  0  0
 3  1 136308 21179740 1730932 155398580    0    0 37584 38240 88235 36645  1  0 99  0  0  0
 1  0 136308 21177616 1730932 155398788    0    0 36432 38568 88382 36829  1  0 98  0  0  0
 0  1 136308 21179900 1730936 155399004    0    0 36768 38868 88112 37424  1  0 99  0  0  0
 0  1 136308 21181700 1730936 155399228    0    0 36960 39160 88226 37298  1  0 99  0  0  0
 1  0 136308 21180880 1730936 155399456    0    0 36448 38668 88050 37385  1  0 99  0  0  0
 1  0 136308 21178648 1730936 155399672    0    0 36944 38896 88311 36545  1  0 99  0  0  0
 1  0 136308 21175276 1730936 155399872    0    0 36624 38564 88331 35968  1  0 99  0  0  0
 1  0 136308 21173352 1730944 155400088    0    0 36336 38648 88159 36186  1  0 99  0  0  0
 0  1 136308 21175744 1730944 155400316    0    0 36512 38180 88340 36342  1  0 99  0  0  0
 1  0 136308 21174140 1730944 155400524    0    0 36480 38172 88129 36241  1  0 99  0  0  0
 0  1 136308 21169984 1730944 155400744    0    0 37360 37864 88429 36389  1  0 99  0  0  0
 1  0 136308 21174228 1730944 155400960    0    0 36256 38484 88170 36297  1  0 98  0  0  0
 0  1 136308 21173352 1730944 155401232    0    0 36720 38572 88144 35800  1  0 99  0  0  0
 0  1 136308 21173780 1730944 155401412    0    0 37360 38804 88210 36087  1  0 99  0  0  0
 1  0 136308 21172500 1730944 155401620    0    0 36400 38736 88299 36479  1  0 99  0  0  0
procs -----------memory---------- ---swap-- -----io---- -system-- -------cpu-------
 r  b   swpd   free   buff  cache   si   so    bi    bo   in   cs us sy id wa st gu
 2  0 136308 21170760 1730944 155401868    0    0 37264 38164 88139 35709  1  0 99  0  0  0
 1  0 136308 21170612 1730944 155402052    0    0 37072 38368 88187 35722  1  0 99  0  0  0
 1  0 136308 21171532 1730952 155402260    0    0 37056 38800 88265 36314  1  0 99  0  0  0
 1  0 136308 21167708 1730952 155402480    0    0 36864 38628 88513 36907  1  0 99  0  0  0
 1  0 136308 21166124 1730952 155402692    0    0 36864 38288 88087 36244  1  0 98  0  0  0
 1  0 136308 21165740 1730952 155402908    0    0 37200 38924 88437 36594  1  0 99  0  0  0
 1  0 136308 21163504 1730956 155403124    0    0 36704 38200 88197 36470  1  0 99  0  0  0
 1  0 136308 21162508 1730956 155403380    0    0 37136 38452 88534 37144  1  0 99  0  0  0
 1  0 136308 21166160 1730956 155403592    0    0 37024 38920 88232 36443  1  0 99  0  0  0
 1  0 136308 21163552 1730956 155403760    0    0 36560 37848 88229 37689  1  0 99  0  0  0
 1  0 136308 21166764 1730956 155403984    0    0 36416 37900 88182 37333  1  0 98  0  0  0
 0  1 136308 21165896 1730956 155404332    0    0 36864 38392 88465 36864  1  0 99  0  0  0
 2  0 136308 21169936 1730956 155404528    0    0 37280 39404 88350 36548  1  0 99  0  0  0
 0  1 136308 21173196 1730956 155404716    0    0 36176 39152 88215 36769  1  0 98  0  0  0
 1  0 136308 21169540 1730956 155404944    0    0 36880 39656 88252 36789  1  0 99  0  0  0
 0  1 136308 21173608 1730956 155405148    0    0 37536 38724 88451 36915  1  0 99  0  0  0
 0  1 136308 21174492 1730960 155405364    0    0 36544 39068 88246 36859  1  0 99  0  0  0
 2  0 136308 21172096 1730960 155405580    0    0 36800 39488 88348 36876  1  0 98  0  0  0
 1  0 136308 21172660 1730960 155405796    0    0 37296 40404 88276 36840  1  0 99  0  0  0
 2  0 136308 21176580 1730960 155406012    0    0 36928 40192 88533 37508  1  0 99  0  0  0
 1  0 136308 21174764 1730960 155406228    0    0 37536 41072 88501 37130  1  0 99  0  0  0
procs -----------memory---------- ---swap-- -----io---- -system-- -------cpu-------
 r  b   swpd   free   buff  cache   si   so    bi    bo   in   cs us sy id wa st gu
 0  1 136308 21174844 1730964 155406440    0    0 37216 40088 88294 36654  1  0 99  0  0  0
 0  1 136308 21175540 1730964 155406656    0    0 37248 39644 88315 37120  1  0 99  0  0  0
 1  0 136308 21173212 1730964 155406868    0    0 37472 40496 88449 37817  1  0 99  0  0  0
 1  0 136308 21173012 1730964 155407132    0    0 36928 41148 88397 38376  1  0 99  0  0  0
 0  1 136308 21173976 1730964 155407300    0    0 36880 41852 88392 37004  1  0 99  0  0  0
 1  0 136308 21174520 1730968 155407536    0    0 36868 40000 88335 37268  1  0 99  0  0  0
 1  0 136308 21172252 1730968 155407756    0    0 36912 41432 88353 37104  1  0 99  0  0  0
 0  1 136308 21172800 1730968 155407972    0    0 37584 39392 88471 37469  1  0 99  0  0  0
 0  1 136308 21173108 1730968 155408184    0    0 36944 41540 88283 37321  1  0 99  0  0  0
 1  0 136308 21172608 1730968 155408408    0    0 36704 41224 88480 36824  1  0 99  0  0  0
 1  0 136308 21173364 1730968 155408612    0    0 37184 40732 88511 37344  1  0 99  0  0  0
 1  0 136308 21172712 1730968 155408844    0    0 36800 40756 88383 37256  1  0 99  0  0  0
 0  1 136308 21168988 1730968 155409056    0    0 37184 39368 88231 36508  1  0 99  0  0  0
 1  0 136308 21172856 1730968 155409272    0    0 36880 40880 88300 36668  1  0 99  0  0  0
 0  1 136308 21172672 1730968 155409484    0    0 37088 40948 88638 37866  1  0 98  0  0  0
 1  0 136308 21169456 1730968 155409700    0    0 36704 40708 88475 37267  1  0 99  0  0  0
 2  0 136308 21168788 1730968 155409924    0    0 37136 41524 88433 37092  1  0 99  0  0  0
 0  1 136308 21169792 1730968 155410140    0    0 37456 40564 88367 36764  1  0 99  0  0  0
 1  0 136308 21169800 1730968 155410344    0    0 37232 41336 88523 37199  1  0 99  0  0  0
 1  0 136308 21172496 1730968 155410564    0    0 37200 41488 88518 37488  1  0 99  0  0  0
 0  1 136308 21168044 1730968 155410776    0    0 36400 40560 88223 37065  1  0 99  0  0  0
procs -----------memory---------- ---swap-- -----io---- -system-- -------cpu-------
 r  b   swpd   free   buff  cache   si   so    bi    bo   in   cs us sy id wa st gu
 1  0 136308 21164800 1730968 155411004    0    0 36736 40052 88297 37504  1  0 99  0  0  0
 1  0 136308 21171616 1730968 155411216    0    0 36816 40636 88498 37213  1  0 99  0  0  0
 0  1 136308 21175620 1730968 155411420    0    0 37280 41544 88585 37252  1  0 99  0  0  0
 1  0 136308 21176660 1730968 155411640    0    0 36896 42464 88290 36525  1  0 99  0  0  0
 1  0 136308 21176072 1730976 155411856    0    0 36768 41844 88414 37192  1  0 99  0  0  0
 1  0 136308 21172116 1730976 155412068    0    0 37312 40600 88477 37307  1  0 99  0  0  0
 1  0 136308 21174668 1730976 155412328    0    0 37680 40872 88438 36662  1  0 99  0  0  0
 0  1 136308 21172820 1730976 155412504    0    0 37648 41164 88308 36657  1  0 99  0  0  0
 0  1 136308 21171324 1730976 155412728    0    0 37296 41152 88510 36743  1  0 99  0  0  0
 1  0 136308 21167552 1730980 155412976    0    0 36720 41444 88465 37946  1  0 99  0  0  0
 3  0 136308 21166012 1730980 155413176    0    0 36944 41016 88542 37466  1  0 99  0  0  0
 1  0 136308 21165620 1730980 155413228    0    0 36912 40860 88325 37148  1  0 99  0  0  0
 1  0 136308 21163676 1730980 155413596    0    0 37296 40588 88512 37013  1  0 98  0  0  0
 2  0 136308 21160336 1730980 155413804    0    0 37376 42884 88541 37132  1  0 99  0  0  0
 1  0 136308 21160100 1730980 155414016    0    0 36624 42188 88562 37166  1  0 99  0  0  0
 1  0 136308 21159172 1730980 155414224    0    0 37104 41904 88352 36860  1  0 99  0  0  0
 0  1 136308 21158004 1730980 155414496    0    0 36752 42332 88529 36905  1  0 99  0  0  0
 1  0 136308 21158804 1730980 155414672    0    0 37152 42464 88596 37782  1  0 98  0  0  0
 0  1 136308 21158036 1730980 155414880    0    0 36784 43172 88450 37538  1  0 98  0  0  0
 1  0 136308 21165428 1730984 155415088    0    0 37648 42568 88445 36894  1  0 99  0  0  0
 1  0 136308 21163448 1730984 155415312    0    0 37104 42668 88537 37039  1  0 98  0  0  0
procs -----------memory---------- ---swap-- -----io---- -system-- -------cpu-------
 r  b   swpd   free   buff  cache   si   so    bi    bo   in   cs us sy id wa st gu
 1  0 136308 21164024 1730984 155415560    0    0 36528 42576 88731 37966  1  0 99  0  0  0
 1  0 136308 21166452 1730984 155415752    0    0 36800 42200 88384 36775  1  0 99  0  0  0
 0  1 136308 21167228 1730984 155415960    0    0 37232 41424 88371 36570  1  0 99  0  0  0
 1  0 136308 21170708 1730984 155416184    0    0 37200 41284 88447 36809  1  0 98  0  0  0
 0  1 136308 21169696 1730984 155416408    0    0 37104 42136 88471 37287  1  0 99  0  0  0
 0  1 136308 21169192 1730984 155416620    0    0 36480 42756 88319 36649  1  0 99  0  0  0
 1  1 136308 21166488 1730984 155416844    0    0 37008 42272 88348 36607  1  0 99  0  0  0
 1  0 136308 21161064 1730984 155417060    0    0 37168 43304 88595 37006  1  0 98  0  0  0
 1  0 136308 21162356 1730988 155417340    0    0 36576 43556 88642 37369  1  0 99  0  0  0
 0  1 136308 21162964 1730988 155417560    0    0 37472 43608 88415 36613  1  0 99  0  0  0
 1  1 136308 21166396 1730988 155417764    0    0 36928 43364 88445 36634  1  0 99  0  0  0
 1  0 136308 21167228 1730988 155417976    0    0 36960 43468 88538 36985  1  0 99  0  0  0
 1  0 136308 21165492 1730988 155418200    0    0 36864 43008 88620 37389  1  0 99  0  0  0
 0  1 136308 21163224 1730992 155418420    0    0 37616 43116 88487 36679  1  0 99  0  0  0
 1  0 136308 21164036 1730992 155418596    0    0 36880 43076 88410 36652  1  0 99  0  0  0
 1  0 136308 21164800 1730992 155418872    0    0 37344 43092 88600 37195  1  0 99  0  0  0
 0  1 136308 21167084 1730992 155418936    0    0 36704 42548 88397 36508  1  0 99  0  0  0
 1  1 136308 21169512 1730992 155419276    0    0 36880 42260 88404 36695  1  0 98  0  0  0
 2  0 136308 21165492 1730996 155419480    0    0 37744 41676 88377 36817  1  0 99  0  0  0
 0  1 136308 21166512 1730996 155419696    0    0 36656 41712 88497 37153  1  0 99  0  0  0
 1  0 136308 21162612 1730996 155419920    0    0 37200 41520 88370 36566  1  0 99  0  0  0
procs -----------memory---------- ---swap-- -----io---- -system-- -------cpu-------
 r  b   swpd   free   buff  cache   si   so    bi    bo   in   cs us sy id wa st gu
 0  1 136308 21163720 1730996 155420120    0    0 37760 41300 88272 36155  1  0 99  0  0  0
 1  0 136308 21162264 1730996 155420352    0    0 37088 42388 88490 37187  1  0 99  0  0  0
 0  1 136308 21159744 1731000 155420568    0    0 36864 43268 88400 37336  1  0 98  0  0  0
 1  0 136308 21162024 1731000 155420780    0    0 37232 42780 88623 36771  1  0 99  0  0  0
 1  0 136308 21160244 1731000 155420992    0    0 36608 42812 88315 36780  1  0 99  0  0  0
 1  0 136308 21159784 1731000 155421216    0    0 37888 42580 88650 36714  1  0 98  0  0  0
 1  0 136308 21158796 1731000 155421432    0    0 36960 42800 88406 36997  1  0 99  0  0  0
 1  1 136308 21156344 1731008 155421648    0    0 36992 42832 88531 36968  1  0 99  0  0  0
 1  0 136308 21159312 1731008 155421860    0    0 36880 41924 88284 36839  1  0 99  0  0  0
 1  0 136308 21159592 1731008 155422088    0    0 37216 42084 88551 36827  1  0 99  0  0  0
 1  0 136308 21158088 1731008 155422304    0    0 36800 41332 88327 36574  1  0 99  0  0  0
 1  0 136308 21158348 1731008 155422512    0    0 36768 41848 88416 36775  1  0 99  0  0  0
 0  1 136308 21161608 1731016 155422752    0    0 37408 42048 88420 37158  1  0 99  0  0  0
 0  1 136308 21157768 1731016 155422964    0    0 37680 41784 88512 36862  1  0 99  0  0  0
 1  0 136308 21157304 1731016 155423056    0    0 37200 42144 88276 36624  1  0 99  0  0  0
 0  1 136308 21157684 1731016 155423416    0    0 37392 41736 88412 37019  1  0 99  0  0  0
 1  0 136308 21154868 1731016 155423624    0    0 36992 42492 88372 37110  1  0 99  0  0  0
 1  0 136308 21158808 1731024 155423832    0    0 36032 42932 88559 37478  1  0 99  0  0  0
 1  0 136308 21159320 1731024 155424072    0    0 37424 41476 88225 36419  1  0 99  0  0  0
 0  1 136308 21155216 1731024 155424276    0    0 36768 42188 88601 37042  1  0 99  0  0  0
 1  0 136308 21152428 1731024 155424500    0    0 36976 41908 88421 36954  1  0 99  0  0  0
procs -----------memory---------- ---swap-- -----io---- -system-- -------cpu-------
 r  b   swpd   free   buff  cache   si   so    bi    bo   in   cs us sy id wa st gu
 1  0 136308 21150204 1731024 155424752    0    0 37104 42440 88494 37377  1  0 99  0  0  0
 1  0 136308 21150880 1731032 155424840    0    0 36800 41944 88301 35893  1  0 99  0  0  0
 0  1 136308 21151192 1731032 155425144    0    0 36368 41424 88347 37163  1  0 99  0  0  0
 1  0 136308 21146176 1731032 155425360    0    0 36848 41776 88386 36792  1  0 98  0  0  0
 2  0 136308 21147296 1731032 155425476    0    0 37296 41720 88320 37210  1  0 99  0  0  0
 0  1 136308 21147048 1731032 155425792    0    0 36704 41668 88351 36760  1  0 99  0  0  0
 1  0 136308 21146104 1731036 155426004    0    0 37200 41892 88479 37061  1  0 99  0  0  0
 2  0 136308 21143048 1731036 155426228    0    0 36784 41572 88395 36847  1  0 99  0  0  0
 0  1 136308 21142392 1731036 155426424    0    0 37648 42120 88576 37284  1  0 99  0  0  0
 1  0 136308 21142948 1731036 155426636    0    0 37328 42280 88300 36558  1  0 99  0  0  0
 1  0 136308 21141004 1731036 155426908    0    0 37200 42732 88492 36735  1  0 99  0  0  0
 1  0 136308 21143964 1731040 155427120    0    0 37312 43152 88387 37012  1  0 99  0  0  0
 1  0 136308 21144988 1731040 155427156    0    0 37152 42896 88455 36946  1  0 99  0  0  0
 2  0 136308 21145452 1731040 155427544    0    0 36192 43668 88441 37428  1  0 99  0  0  0
 1  0 136308 21148236 1731040 155427632    0    0 36784 43752 88483 37230  1  0 99  0  0  0
 1  1 136308 21146064 1731040 155427956    0    0 37232 43764 88549 36944  1  0 99  0  0  0
 1  0 136308 21149032 1731044 155428188    0    0 36640 43828 88339 36701  1  0 99  0  0  0
 0  1 136308 21145412 1731044 155428408    0    0 36320 43068 88394 36920  1  0 99  0  0  0
 2  0 136308 21143692 1731044 155428620    0    0 37088 42384 88442 37553  1  0 98  0  0  0
 0  1 136308 21147848 1731044 155428844    0    0 36432 42168 88378 37422  1  0 99  0  0  0
 0  1 136308 21150812 1731044 155429064    0    0 36304 41724 88264 36709  1  0 99  0  0  0
procs -----------memory---------- ---swap-- -----io---- -system-- -------cpu-------
 r  b   swpd   free   buff  cache   si   so    bi    bo   in   cs us sy id wa st gu
 1  0 136308 21148776 1731052 155429276    0    0 36560 41860 88275 37087  1  0 99  0  0  0
 2  0 136308 21147332 1731052 155429492    0    0 36416 40884 88359 37255  1  0 98  0  0  0
 1  1 136308 21147964 1731052 155429712    0    0 36096 40876 88347 37453  1  0 99  0  0  0
 1  0 136308 21145952 1731052 155429940    0    0 36832 40340 88268 36785  1  0 99  0  0  0
 1  0 136308 21143296 1731052 155430144    0    0 37072 41172 88350 36920  1  0 98  0  0  0
 2  0 136308 21145256 1731060 155430436    0    0 37200 40912 88295 37158  1  0 99  0  0  0
 0  1 136308 21145324 1731060 155430648    0    0 37120 42232 88590 37286  1  0 99  0  0  0
 0  1 136308 21145020 1731060 155430880    0    0 36976 41760 88159 36768  1  0 99  0  0  0
 1  0 136308 21146612 1731060 155431104    0    0 36976 41704 88348 36786  1  0 99  0  0  0
 1  0 136308 21144776 1731060 155431308    0    0 37040 41596 88390 37166  1  0 99  0  0  0
 0  1 136308 21145464 1731064 155431516    0    0 37216 42288 88472 37170  1  0 98  0  0  0
 1  0 136308 21144988 1731064 155431756    0    0 36768 43024 88307 36926  1  0 99  0  0  0
 0  0 136308 21145128 1731064 155431992    0    0 36720 43276 88447 37131  1  0 98  0  0  0
 0  1 136308 21144148 1731064 155432196    0    0 37696 43044 88629 37321  1  0 99  0  0  0
 1  0 136308 21139488 1731064 155432404    0    0 37024 42200 88504 36697  1  0 99  0  0  0
 1  0 136308 21144164 1731072 155432620    0    0 37024 40988 88263 36378  1  0 99  0  0  0
 1  0 136308 21144452 1731072 155432848    0    0 36400 40208 88206 36728  1  0 99  0  0  0
 1  0 136308 21144724 1731072 155433052    0    0 36800 40508 88381 37079  1  0 99  0  0  0
 1  0 136308 21144704 1731072 155433268    0    0 36512 40940 88329 36738  1  0 99  0  0  0
 5  0 136308 21142184 1731072 155433492    0    0 36480 41204 88140 36550  1  0 99  0  0  0
 1  1 136308 21145276 1731072 155433628    0    0 36944 41320 88400 36825  1  0 99  0  0  0
procs -----------memory---------- ---swap-- -----io---- -system-- -------cpu-------
 r  b   swpd   free   buff  cache   si   so    bi    bo   in   cs us sy id wa st gu
 1  0 136308 21144840 1731076 155433924    0    0 37168 41104 88327 36759  1  0 99  0  0  0
 2  0 136308 21142572 1731076 155434132    0    0 36624 42036 88342 36993  1  0 99  0  0  0
 0  1 136308 21147108 1731076 155434348    0    0 36720 42512 88191 37119  1  0 99  0  0  0
 0  1 136308 21147844 1731076 155434564    0    0 36864 41660 88389 37169  1  0 98  0  0  0
 0  1 136308 21146932 1731076 155434792    0    0 37120 40256 88395 37197  1  0 99  0  0  0
 1  0 136308 21148820 1731080 155435000    0    0 36848 40080 88276 36223  1  0 99  0  0  0
 1  0 136308 21147976 1731080 155435208    0    0 36800 40376 88181 36737  1  0 99  0  0  0
 1  0 136308 21144256 1731080 155435424    0    0 37136 41508 88364 37258  1  0 98  0  0  0
 1  0 136308 21142872 1731080 155435648    0    0 37168 41352 88494 37015  1  0 98  0  0  0
 1  0 136308 21142248 1731080 155435856    0    0 36880 40784 88128 36987  1  0 99  0  0  0
 1  0 136308 21144044 1731084 155436072    0    0 36720 40952 88314 36497  1  0 99  0  0  0
 1  0 136308 21142612 1731084 155436320    0    0 36928 41364 88279 37151  1  0 99  0  0  0
 0  1 136308 21140888 1731084 155436468    0    0 36624 41480 88570 37442  1  0 98  0  0  0
 1  0 136308 21143216 1731084 155436724    0    0 37264 40624 88081 36665  1  0 99  0  0  0
 1  0 136308 21143176 1731084 155436936    0    0 36592 40548 88294 36624  1  0 99  0  0  0
 0  1 136308 21143600 1731084 155437156    0    0 37072 40912 88318 36612  1  0 99  0  0  0
 2  0 136308 21143984 1731084 155437396    0    0 36608 40876 88281 36650  1  0 99  0  0  0
 2  0 136308 21147496 1731084 155437612    0    0 36752 41568 88295 36369  1  0 99  0  0  0
 1  0 136308 21148452 1731084 155437832    0    0 36912 41352 88163 36741  1  0 99  0  0  0
 1  0 136308 21150668 1731084 155438048    0    0 36480 41840 88411 36853  1  0 99  0  0  0
 1  0 136308 21146956 1731092 155438256    0    0 36480 41296 88496 36927  1  0 99  0  0  0
procs -----------memory---------- ---swap-- -----io---- -system-- -------cpu-------
 r  b   swpd   free   buff  cache   si   so    bi    bo   in   cs us sy id wa st gu
 1  0 136308 21145788 1731092 155438488    0    0 37088 42136 88313 36062  1  0 99  0  0  0
 1  0 136308 21141296 1731092 155438692    0    0 37088 43532 88354 36518  1  0 99  0  0  0
 0  1 136308 21143312 1731092 155438908    0    0 36800 42276 88398 36943  1  0 98  0  0  0
 1  0 136308 21140040 1731092 155439132    0    0 36960 42804 88536 36915  1  0 99  0  0  0
 2  0 136308 21137268 1731096 155439332    0    0 36448 42528 88230 36741  1  0 99  0  0  0
 1  0 136308 21135648 1731096 155439560    0    0 36864 42176 88366 36685  1  0 99  0  0  0
 1  0 136308 21137460 1731096 155439780    0    0 36832 42692 88494 36769  1  0 98  0  0  0
 1  0 136308 21139848 1731096 155439976    0    0 36592 43452 88485 37022  1  0 99  0  0  0
 1  0 136308 21138336 1731096 155440196    0    0 36960 43240 88314 36323  1  0 99  0  0  0
 0  1 136308 21134900 1731100 155440408    0    0 37312 41608 88379 36142  1  0 99  0  0  0
 0  1 136308 21132056 1731100 155440660    0    0 36656 41440 88360 37261  1  0 98  0  0  0
 0  1 136308 21131424 1731100 155440840    0    0 36128 41800 88502 37217  1  0 99  0  0  0
 1  0 136308 21129396 1731100 155441048    0    0 36640 41564 88170 36410  1  0 98  0  0  0
 1  0 136308 21132968 1731100 155441280    0    0 37280 41084 88412 36521  1  0 99  0  0  0
 3  0 136308 21132340 1731100 155441480    0    0 37184 41532 88385 36750  1  0 99  0  0  0
 0  1 136308 21132540 1731100 155441696    0    0 37088 42272 88514 36819  1  0 99  0  0  0
 0  1 136308 21126372 1731100 155441948    0    0 36464 41628 88147 36976  1  0 99  0  0  0
 0  1 136308 21129720 1731100 155442168    0    0 37088 41968 88554 36694  1  0 99  0  0  0
 1  0 136308 21129496 1731100 155442352    0    0 36848 42488 88379 37066  1  0 99  0  0  0
 1  0 136308 21130324 1731100 155442568    0    0 37200 43360 88547 36509  1  0 98  0  0  0
 0  1 136308 21127300 1731100 155442776    0    0 37088 43156 88236 36456  1  0 99  0  0  0
procs -----------memory---------- ---swap-- -----io---- -system-- -------cpu-------
 r  b   swpd   free   buff  cache   si   so    bi    bo   in   cs us sy id wa st gu
 1  0 136308 21128856 1731100 155442992    0    0 37136 43152 88665 36833  1  0 98  0  0  0
 1  0 136308 21126980 1731100 155443220    0    0 36224 42376 88444 37224  1  0 98  0  0  0
 0  1 136308 21124952 1731100 155443500    0    0 37120 41156 88360 36679  1  0 99  0  0  0
 1  0 136308 21125964 1731100 155443740    0    0 37504 40988 88294 36395  1  0 99  0  0  0
 1  0 136308 21123856 1731100 155443948    0    0 36928 41116 88211 37114  1  0 98  0  0  0
 0  1 136308 21125384 1731100 155444156    0    0 37296 42372 88501 36925  1  0 99  0  0  0
 1  0 136308 21123356 1731100 155444380    0    0 36848 42364 88365 36526  1  0 98  0  0  0
 0  1 136308 21119996 1731100 155444592    0    0 36656 41776 88543 37061  1  0 99  0  0  0
 0  1 136308 21119536 1731100 155444820    0    0 36928 41104 88424 37409  1  0 99  0  0  0
 1  0 136308 21118816 1731100 155445056    0    0 36496 41816 88331 36990  1  0 99  0  0  0
 1  0 136308 21122280 1731100 155445264    0    0 37472 41464 88289 36431  1  0 99  0  0  0
 2  0 136308 21123388 1731100 155445480    0    0 37472 41788 88289 36294  1  0 99  0  0  0
 1  0 136308 21123064 1731100 155445732    0    0 36832 40268 88417 36446  1  0 99  0  0  0
 1  0 136308 21123096 1731104 155445812    0    0 37040 40800 88289 36619  1  0 99  0  0  0
 0  1 136308 21119612 1731104 155446160    0    0 37072 40908 88311 37073  1  0 98  0  0  0
 1  0 136308 21122132 1731104 155446368    0    0 36096 39900 88428 36396  1  0 99  0  0  0
 1  0 136308 21121532 1731104 155446584    0    0 36736 39752 88287 36836  1  0 99  0  0  0
 1  0 136308 21124572 1731104 155446792    0    0 36736 38716 88225 36163  1  0 99  0  0  0
 0  1 136308 21120692 1731104 155447008    0    0 36992 39480 88310 36346  1  0 99  0  0  0
 1  0 136308 21117792 1731104 155447244    0    0 36896 39044 88274 36287  1  0 99  0  0  0
 1  0 136308 21117932 1731104 155447448    0    0 36960 39236 88183 36649  1  0 98  0  0  0
procs -----------memory---------- ---swap-- -----io---- -system-- -------cpu-------
 r  b   swpd   free   buff  cache   si   so    bi    bo   in   cs us sy id wa st gu
 1  0 136308 21116772 1731104 155447664    0    0 37136 39468 88271 36461  1  0 99  0  0  0
 2  0 136308 21120804 1731104 155447872    0    0 36816 39316 88193 36109  1  0 99  0  0  0
 1  0 136308 21117328 1731108 155448088    0    0 37360 39160 88346 36362  1  0 99  0  0  0
 0  1 136308 21117076 1731108 155448312    0    0 35728 39512 88248 36655  1  0 99  0  0  0
 1  0 136308 21117892 1731108 155448516    0    0 36624 39388 88332 36391  1  0 99  0  0  0
 2  0 136308 21119264 1731108 155448768    0    0 36576 40072 88303 36920  1  0 99  0  0  0
 1  0 136308 21118460 1731108 155448940    0    0 36352 39392 88112 36540  1  0 99  0  0  0
 0  1 136308 21117720 1731112 155449152    0    0 37024 39360 88255 36272  1  0 99  0  0  0
 1  1 136308 21117972 1731112 155449380    0    0 35936 39520 88349 37131  1  0 99  0  0  0
 1  0 136308 21119804 1731112 155449620    0    0 36672 39460 88166 36084  1  0 99  0  0  0
 0  1 136308 21118112 1731112 155449800    0    0 36240 39536 88307 36679  1  0 99  0  0  0
 0  1 136308 21117612 1731112 155450028    0    0 36576 39320 88159 36516  1  0 99  0  0  0
 0  1 136308 21115348 1731120 155450244    0    0 36832 39080 88515 36807  1  0 99  0  0  0
 0  1 136308 21114648 1731120 155450460    0    0 36864 38848 88136 36418  1  0 99  0  0  0
 0  1 136308 21116640 1731120 155450676    0    0 36896 39492 88353 36519  1  0 99  0  0  0
 1  0 136308 21116316 1731120 155450880    0    0 36912 39280 88167 36339  1  0 99  0  0  0
 1  0 136308 21113544 1731120 155451104    0    0 36672 39624 88399 37242  1  0 99  0  0  0
 2  0 136308 21115060 1731120 155451332    0    0 37760 39036 88197 36066  1  0 99  0  0  0
 1  0 136308 21112808 1731120 155451532    0    0 36112 39956 88284 36343  1  0 99  0  0  0
 1  0 136308 21116344 1731120 155451748    0    0 36432 39792 88180 36913  1  0 99  0  0  0
 1  0 136308 21116984 1731120 155451968    0    0 36784 39432 88326 36577  1  0 99  0  0  0
procs -----------memory---------- ---swap-- -----io---- -system-- -------cpu-------
 r  b   swpd   free   buff  cache   si   so    bi    bo   in   cs us sy id wa st gu
 0  1 136308 21115368 1731120 155452196    0    0 36688 40016 88299 36718  1  0 98  0  0  0
 1  0 136308 21114444 1731124 155452408    0    0 36912 38952 88192 36457  1  0 99  0  0  0
 0  1 136308 21114448 1731124 155452656    0    0 36128 38960 88122 36843  1  0 99  0  0  0
 1  0 136308 21114452 1731124 155452844    0    0 36752 39444 88312 36819  1  0 99  0  0  0
 1  0 136308 21116272 1731124 155453060    0    0 37168 39228 88262 36567  1  0 99  0  0  0
 0  1 136308 21118412 1731124 155453268    0    0 37168 39076 88199 36185  1  0 99  0  0  0
 2  1 136308 21118240 1731128 155453476    0    0 36400 38768 88213 36415  1  0 99  0  0  0
 1  0 136308 21115972 1731128 155453696    0    0 37504 38860 88282 36499  1  0 99  0  0  0
 1  0 136308 21119728 1731128 155453920    0    0 36544 38944 88335 36938  1  0 99  0  0  0
 1  0 136308 21117704 1731128 155454132    0    0 36864 39424 88142 36076  1  0 99  0  0  0
 1  0 136308 21115940 1731128 155454392    0    0 36752 39128 88202 35962  1  0 99  0  0  0
 1  0 136308 21114680 1731132 155454440    0    0 36288 39104 88207 36763  1  0 99  0  0  0
 0  1 136308 21112696 1731132 155454780    0    0 37296 38564 88404 36849  1  0 98  0  0  0
 0  1 136308 21117412 1731132 155454992    0    0 37008 38608 88067 35881  1  0 99  0  0  0
 0  1 136308 21117112 1731132 155455204    0    0 36640 38868 88157 36445  1  0 99  0  0  0
 1  0 136308 21117180 1731132 155455412    0    0 36560 38884 88148 36690  1  0 99  0  0  0
 1  0 136308 21116388 1731132 155455584    0    0 36608 39296 88395 37362  1  0 99  0  0  0
 2  0 136308 21120068 1731132 155455852    0    0 36800 39148 88133 36290  1  0 99  0  0  0
 1  0 136308 21116348 1731132 155456056    0    0 36784 39128 88237 36147  1  0 99  0  0  0
 1  0 136308 21117244 1731132 155456280    0    0 36672 38760 88137 36278  1  0 98  0  0  0
 1  0 136308 21114436 1731132 155456548    0    0 36608 39112 88306 37056  1  0 99  0  0  0
procs -----------memory---------- ---swap-- -----io---- -system-- -------cpu-------
 r  b   swpd   free   buff  cache   si   so    bi    bo   in   cs us sy id wa st gu
 0  1 136308 21109932 1731136 155456760    0    0 36384 39240 88255 36495  1  0 99  0  0  0
 1  0 136308 21113080 1731136 155457020    0    0 36976 38612 88067 36317  1  0 99  0  0  0
 1  0 136308 21109132 1731136 155457188    0    0 36704 38572 88210 36075  1  0 99  0  0  0
 2  0 136308 21108632 1731136 155457412    0    0 36656 38736 88288 36991  1  0 99  0  0  0
 0  1 136308 21112164 1731136 155457640    0    0 36544 38928 88230 36656  1  0 99  0  0  0
 1  0 136308 21113540 1731140 155457836    0    0 37184 39248 88208 35772  1  0 98  0  0  0
 1  0 136308 21109916 1731140 155458056    0    0 36720 39444 88355 36696  1  0 99  0  0  0
 0  1 136308 21106892 1731140 155458276    0    0 36240 39320 88372 36898  1  0 99  0  0  0
 0  1 136308 21103872 1731140 155458524    0    0 35936 38692 88279 35872  1  0 99  0  0  0
 1  0 136308 21109208 1731140 155458676    0    0 35632 38316 87868 35868  1  0 99  0  0  0
 1  0 136308 21113296 1731148 155458888    0    0 34800 39420 87836 34899  1  0 99  0  0  0
 1  0 136308 21115800 1731148 155459100    0    0 35376 38804 88118 34797  1  0 99  0  0  0
 1  0 136308 21114072 1731148 155459356    0    0 35696 39596 87979 35357  1  0 99  0  0  0
 0  1 136308 21114648 1731148 155459528    0    0 34960 40220 88084 35139  1  0 99  0  0  0
 1  0 136308 21114900 1731148 155459776    0    0 36784 39812 88003 35947  1  0 99  0  0  0
 1  0 136308 21114884 1731152 155459956    0    0 36960 39024 88332 36944  1  0 98  0  0  0
 0  1 136308 21112988 1731152 155460164    0    0 37360 38684 88217 36357  1  0 99  0  0  0
 1  0 136308 21113148 1731152 155460392    0    0 36560 39172 88284 36074  1  0 99  0  0  0
 1  0 136308 21117596 1731152 155460600    0    0 36704 39452 88260 36227  1  0 99  0  0  0
 0  1 136308 21115112 1731152 155460820    0    0 36528 40396 88401 36945  1  0 98  0  0  0
 0  1 136308 21113472 1731152 155461040    0    0 36496 40360 88340 37004  1  0 99  0  0  0
procs -----------memory---------- ---swap-- -----io---- -system-- -------cpu-------
 r  b   swpd   free   buff  cache   si   so    bi    bo   in   cs us sy id wa st gu
 2  0 136308 21113512 1731152 155461240    0    0 37248 40832 88207 36439  1  0 99  0  0  0
 0  1 136308 21112276 1731152 155461488    0    0 35184 39016 88034 34953  1  0 99  0  0  0
 1  0 136308 21109092 1731152 155461688    0    0 35536 38884 88145 35685  1  0 99  0  0  0
 1  0 136308 21111316 1731152 155461880    0    0 35792 38748 88143 35710  1  0 99  0  0  0
 1  0 136308 21107056 1731152 155462088    0    0 35696 38716 88084 35960  1  0 99  0  0  0
 1  0 136308 21108568 1731160 155462300    0    0 35808 38916 87983 35106  1  0 99  0  0  0
 1  0 136308 21107292 1731160 155462540    0    0 36480 39320 88393 36513  1  0 99  0  0  0
 1  0 136308 21104952 1731160 155462760    0    0 36912 38928 88266 36297  1  0 99  0  0  0
 1  0 136308 21105232 1731160 155462932    0    0 36240 39384 88144 35708  1  0 99  0  0  0
 1  0 136308 21105248 1731160 155463144    0    0 36240 38912 88062 35976  1  0 99  0  0  0
 1  0 136308 21099800 1731160 155463368    0    0 35456 38488 88024 35501  1  0 99  0  0  0
 1  0 136308 21104084 1731160 155463564    0    0 35696 38948 88162 35924  1  0 99  0  0  0
 1  0 136308 21106348 1731160 155463772    0    0 35360 39264 88143 35879  1  0 99  0  0  0
 1  0 136308 21106368 1731160 155463972    0    0 36608 39156 88048 36153  1  0 99  0  0  0
 1  0 136308 21109092 1731160 155464200    0    0 35008 38756 88087 34917  1  0 99  0  0  0
 1  0 136308 21106552 1731164 155464408    0    0 35264 38352 87995 35324  1  0 99  0  0  0
 1  0 136308 21106692 1731164 155464608    0    0 34880 38644 88005 35295  1  0 99  0  0  0
 0  1 136308 21106096 1731164 155464828    0    0 35520 38496 87880 34481  1  0 99  0  0  0
 2  0 136308 21105088 1731164 155465036    0    0 34048 38556 87988 34871  1  0 99  0  0  0
 1  1 136308 21104656 1731164 155465244    0    0 36656 39020 88312 36755  1  0 99  0  0  0
 1  0 136308 21105896 1731172 155465452    0    0 37776 40268 88307 36507  1  0 98  0  0  0
procs -----------memory---------- ---swap-- -----io---- -system-- -------cpu-------
 r  b   swpd   free   buff  cache   si   so    bi    bo   in   cs us sy id wa st gu
 1  0 136308 21100960 1731172 155465668    0    0 37056 38804 88169 35972  1  0 98  0  0  0
 1  0 136308 21100208 1731172 155465876    0    0 36336 39800 88164 36271  1  0 99  0  0  0
 1  0 136308 21098952 1731172 155466104    0    0 37040 39364 88256 36380  1  0 99  0  0  0
 0  1 136308 21098368 1731172 155466308    0    0 37008 40020 88336 36290  1  0 99  0  0  0
 1  0 136308 21099208 1731180 155466508    0    0 36320 40204 88100 36458  1  0 99  0  0  0
 1  0 136308 21101456 1731180 155466748    0    0 36848 41480 88204 36068  1  0 98  0  0  0
 1  0 136308 21097048 1731180 155466964    0    0 36496 40984 88327 36543  1  0 99  0  0  0
 1  0 136308 21096684 1731180 155467188    0    0 37200 40408 88286 36376  1  0 99  0  0  0
 1  0 136308 21100360 1731180 155467392    0    0 36240 39728 88142 36107  1  0 98  0  0  0
 0  1 136308 21102088 1731184 155467596    0    0 36624 40900 88352 36534  1  0 98  0  0  0
 0  1 136308 21098520 1731184 155467824    0    0 36816 41556 88192 36085  1  0 99  0  0  0
 3  0 136308 21098120 1731184 155468048    0    0 36272 41740 88365 36697  1  0 99  0  0  0
 2  0 136308 21097288 1731184 155468260    0    0 37056 42024 88405 36309  1  0 99  0  0  0
 0  0 136308 21096532 1731184 155468460    0    0 36240 40920 88401 37019  1  0 99  0  0  0
 0  1 136308 21097176 1731184 155468684    0    0 37280 40720 88411 36816  1  0 99  0  0  0
 1  1 136308 21096212 1731184 155468908    0    0 36704 40452 88617 37258  1  0 98  0  0  0
 0  1 136308 21096980 1731184 155469120    0    0 36720 40116 88422 36794  1  0 99  0  0  0
 1  0 136308 21095760 1731188 155469428    0    0 36944 39980 88537 37070  1  0 99  0  0  0
 0  1 136308 21097348 1731188 155469640    0    0 37264 39700 88514 37088  1  0 99  0  0  0
 0  1 136308 21097668 1731188 155469844    0    0 37248 41496 88440 37313  1  0 99  0  0  0
 0  1 136308 21099856 1731188 155470068    0    0 36928 41272 88424 36514  1  0 99  0  0  0
procs -----------memory---------- ---swap-- -----io---- -system-- -------cpu-------
 r  b   swpd   free   buff  cache   si   so    bi    bo   in   cs us sy id wa st gu
 1  0 136308 21100884 1731188 155470272    0    0 36848 41012 88400 36829  1  0 99  0  0  0
 1  0 136308 21100536 1731192 155470484    0    0 37280 40248 88643 36966  1  0 99  0  0  0
 1  0 136308 21101796 1731192 155470708    0    0 36672 40196 88490 37380  1  0 99  0  0  0
 1  0 136308 21103904 1731192 155470968    0    0 36432 40512 88386 36573  1  0 99  0  0  0
 1  0 136308 21105920 1731192 155471032    0    0 36976 40536 88295 36673  1  0 99  0  0  0
 1  0 136308 21102200 1731192 155471344    0    0 37200 40844 88493 36919  1  0 99  0  0  0
 2  0 136308 21103752 1731196 155471548    0    0 36976 41332 88541 37438  1  0 99  0  0  0
 1  0 136308 21099160 1731196 155471788    0    0 37024 40808 88330 36595  1  0 99  0  0  0
 0  1 136308 21097548 1731196 155472004    0    0 36784 40900 88458 37086  1  0 99  0  0  0
 0  1 136308 21096700 1731196 155472212    0    0 36624 40992 88481 37249  1  0 99  0  0  0
 1  0 136308 21091136 1731196 155472424    0    0 37344 39944 88400 37222  1  0 99  0  0  0
 0  1 136308 21089672 1731200 155472624    0    0 37008 41304 88326 36604  1  0 98  0  0  0
 2  0 136308 21092296 1731200 155472860    0    0 36992 41268 88432 36743  1  0 99  0  0  0
 1  0 136308 21093404 1731200 155473076    0    0 36816 41388 88427 36968  1  0 99  0  0  0
 2  0 136308 21091988 1731200 155473280    0    0 36752 42388 88486 37168  1  0 99  0  0  0
 1  0 136308 21093964 1731200 155473492    0    0 37152 40700 88272 36894  1  0 99  0  0  0
 0  1 136308 21093048 1731208 155473720    0    0 36896 41068 88398 37301  1  0 99  0  0  0
 1  0 136308 21091712 1731208 155473976    0    0 37680 39832 88493 36793  1  0 99  0  0  0
 0  1 136308 21095660 1731208 155474144    0    0 36704 39952 88300 37362  1  0 98  0  0  0
 1  0 136308 21096992 1731208 155474368    0    0 36864 40272 88389 36707  1  0 99  0  0  0
 1  0 136308 21097628 1731208 155474580    0    0 36400 40860 88436 36885  1  0 99  0  0  0
procs -----------memory---------- ---swap-- -----io---- -system-- -------cpu-------
 r  b   swpd   free   buff  cache   si   so    bi    bo   in   cs us sy id wa st gu
 1  0 136308 21097424 1731212 155474816    0    0 37264 42032 88511 37180  1  0 99  0  0  0
 0  1 136308 21097812 1731212 155475012    0    0 36992 41532 88480 37169  1  0 99  0  0  0
 1  0 136308 21097208 1731212 155475236    0    0 36176 40868 88218 36791  1  0 99  0  0  0
 1  0 136308 21095320 1731212 155475448    0    0 37072 40536 88477 37092  1  0 99  0  0  0
 1  0 136308 21099116 1731212 155475664    0    0 36688 40288 88271 37010  1  0 98  0  0  0
 1  0 136308 21096440 1731212 155475880    0    0 36112 40520 88444 37441  1  0 99  0  0  0
 0  1 136308 21096496 1731212 155476096    0    0 36112 40600 88219 36864  1  0 99  0  0  0
 1  0 136308 21097712 1731212 155476308    0    0 37008 40240 88337 36718  1  0 99  0  0  0
 0  1 136308 21096232 1731212 155476540    0    0 36336 40528 88476 37201  1  0 98  0  0  0
 1  0 136308 21097200 1731212 155476748    0    0 36896 40976 88317 37093  1  0 99  0  0  0
 2  0 136308 21099816 1731220 155476956    0    0 36688 41936 88364 36878  1  0 99  0  0  0
 0  1 136308 21099496 1731220 155477176    0    0 36816 42124 88392 36688  1  0 99  0  0  0
 1  0 136308 21098124 1731220 155477384    0    0 36560 41856 88363 37009  1  0 99  0  0  0
 1  0 136308 21099960 1731220 155477600    0    0 36608 41364 88494 37571  1  0 99  0  0  0
 1  0 136308 21097800 1731220 155477820    0    0 36432 41096 88279 36636  1  0 99  0  0  0
 0  1 136308 21098440 1731224 155478032    0    0 36928 40924 88485 37403  1  0 99  0  0  0
 0  1 136308 21097492 1731224 155478260    0    0 37120 40284 88293 37294  1  0 99  0  0  0
 1  0 136308 21093340 1731224 155478476    0    0 37184 41200 88563 37114  1  0 99  0  0  0
 1  0 136308 21094172 1731224 155478684    0    0 37808 41368 88291 36630  1  0 98  0  0  0
 1  0 136308 21091912 1731224 155478888    0    0 36832 41208 88463 37142  1  0 99  0  0  0
 2  0 136308 21091692 1731224 155479100    0    0 37600 40616 88311 36747  1  0 99  0  0  0
procs -----------memory---------- ---swap-- -----io---- -system-- -------cpu-------
 r  b   swpd   free   buff  cache   si   so    bi    bo   in   cs us sy id wa st gu
 1  0 136308 21087820 1731224 155479316    0    0 37360 41604 88595 37270  1  0 99  0  0  0
 1  0 136308 21090808 1731224 155479544    0    0 36976 41752 88229 36577  1  0 99  0  0  0
 1  0 136308 21092296 1731224 155479756    0    0 36880 41624 88627 37200  1  0 99  0  0  0
 1  0 136308 21088712 1731224 155479972    0    0 36384 41068 88412 37406  1  0 98  0  0  0
 1  0 136308 21086616 1731224 155480176    0    0 36512 39632 88347 36644  1  0 99  0  0  0
 2  0 136308 21082128 1731224 155480412    0    0 36528 40668 88297 36636  1  0 98  0  0  0
 1  0 136308 21085752 1731228 155480624    0    0 36880 41036 88471 37056  1  0 99  0  0  0
 2  0 136308 21086536 1731228 155480856    0    0 36480 42112 88484 37274  1  0 99  0  0  0
 0  1 136308 21086208 1731228 155481072    0    0 37024 42000 88491 37111  1  0 99  0  0  0
 1  0 136308 21087008 1731228 155481264    0    0 36656 41712 88220 36949  1  0 98  0  0  0
 2  0 136308 21087692 1731228 155481508    0    0 37056 40732 88496 36913  1  0 98  0  0  0
 1  0 136308 21094044 1731232 155481704    0    0 36768 41156 88395 37554  1  0 99  0  0  0
 0  1 136308 21094452 1731232 155481920    0    0 36880 41096 88335 37264  1  0 99  0  0  0
 1  0 136308 21095968 1731232 155482156    0    0 36544 41676 88273 37064  1  0 98  0  0  0
 0  1 136308 21094620 1731232 155482440    0    0 36448 41580 88414 37398  1  0 99  0  0  0
 0  1 136308 21095444 1731232 155482652    0    0 37408 40956 88433 37146  1  0 99  0  0  0
 1  0 136308 21097572 1731236 155482724    0    0 37008 41132 88365 36875  1  0 99  0  0  0
 1  0 136308 21095904 1731236 155483072    0    0 36880 41424 88281 36410  1  0 99  0  0  0
 1  0 136308 21094700 1731236 155483308    0    0 36496 42016 88483 37463  1  0 99  0  0  0
 1  0 136308 21092068 1731236 155483480    0    0 36608 42216 88506 37328  1  0 99  0  0  0
 0  1 136308 21089572 1731236 155483716    0    0 36496 41784 88203 36270  1  0 98  0  0  0
procs -----------memory---------- ---swap-- -----io---- -system-- -------cpu-------
 r  b   swpd   free   buff  cache   si   so    bi    bo   in   cs us sy id wa st gu
 2  0 136308 21088348 1731236 155483936    0    0 36464 41664 88351 37104  1  0 99  0  0  0
 0  1 136308 21086336 1731236 155484120    0    0 36544 41240 88336 36941  1  0 99  0  0  0
 1  0 136308 21083596 1731236 155484344    0    0 36368 41060 88420 37297  1  0 99  0  0  0
 0  1 136308 21085436 1731236 155484592    0    0 36752 41524 88279 36670  1  0 99  0  0  0
 2  0 136308 21086428 1731236 155484784    0    0 37392 41536 88407 36773  1  0 99  0  0  0
 0  1 136308 21086580 1731240 155484972    0    0 36976 41976 88526 37313  1  0 99  0  0  0
 0  1 136308 21085364 1731240 155485216    0    0 36624 41164 88381 37011  1  0 99  0  0  0
 1  0 136308 21085244 1731240 155485408    0    0 37296 40728 88168 36037  1  0 99  0  0  0
 1  0 136308 21084608 1731240 155485640    0    0 36224 40644 88230 36852  1  0 99  0  0  0
 1  0 136308 21079352 1731240 155485884    0    0 36784 40228 88339 37335  1  0 99  0  0  0
 1  0 136308 21082228 1731244 155486108    0    0 35632 41100 88378 37791  1  0 99  0  0  0
 1  0 136308 21080888 1731244 155486304    0    0 36784 40668 88315 36868  1  0 99  0  0  0
 2  0 136308 21079444 1731244 155486528    0    0 37008 41712 88251 36613  1  0 99  0  0  0
 1  0 136308 21079784 1731244 155486756    0    0 36768 40308 88474 37476  1  0 99  0  0  0
 1  0 136308 21080772 1731244 155486992    0    0 36528 41336 88370 37477  1  0 98  0  0  0
 1  0 136308 21079544 1731252 155487184    0    0 36976 40972 88209 36495  1  0 99  0  0  0
 2  0 136308 21080548 1731252 155487412    0    0 36864 39880 88285 36903  1  0 99  0  0  0
 1  0 136308 21081832 1731252 155487616    0    0 36608 40184 88448 37095  1  0 98  0  0  0
 1  0 136308 21081056 1731252 155487832    0    0 36848 40088 88435 37099  1  0 99  0  0  0
 0  1 136308 21077532 1731252 155488064    0    0 36336 39868 88176 36467  1  0 99  0  0  0
 1  0 136308 21075956 1731256 155488272    0    0 36608 39880 88371 37304  1  0 99  0  0  0
procs -----------memory---------- ---swap-- -----io---- -system-- -------cpu-------
 r  b   swpd   free   buff  cache   si   so    bi    bo   in   cs us sy id wa st gu
 0  1 136308 21074988 1731256 155488496    0    0 37168 39808 88280 37383  1  0 99  0  0  0
 1  1 136308 21081692 1731256 155488696    0    0 36704 40772 88495 37345  1  0 99  0  0  0
 1  0 136308 21083372 1731256 155488924    0    0 36288 40888 88173 36764  1  0 99  0  0  0
 0  1 136308 21084640 1731256 155489156    0    0 36928 40380 88399 36898  1  0 99  0  0  0
 0  1 136308 21087164 1731256 155489364    0    0 37312 40732 88393 37447  1  0 98  0  0  0
 1  0 136308 21084476 1731256 155489580    0    0 36672 40556 88603 37520  1  0 99  0  0  0
 0  1 136308 21084632 1731256 155489804    0    0 36864 39756 88209 36711  1  0 99  0  0  0
 1  1 136308 21086168 1731256 155490012    0    0 36912 40056 88434 37275  1  0 99  0  0  0
 0  1 136308 21088160 1731256 155490232    0    0 36896 40932 88404 37544  1  0 99  0  0  0
 1  0 136308 21091064 1731264 155490420    0    0 37248 39544 88672 37096  1  0 99  0  0  0
 0  1 136308 21087372 1731264 155490652    0    0 37104 38716 88204 36622  1  0 99  0  0  0
 0  1 136308 21087156 1731264 155490876    0    0 37120 39356 88419 37070  1  0 98  0  0  0
 1  0 136308 21083880 1731264 155491132    0    0 36848 39248 88456 37431  1  0 99  0  0  0
 1  0 136308 21083788 1731264 155491268    0    0 36784 39632 88445 37311  1  0 99  0  0  0
 1  0 136308 21086020 1731268 155491520    0    0 37440 40004 88527 36713  1  0 99  0  0  0
 0  1 136308 21081648 1731268 155491764    0    0 37232 39708 88291 36331  1  0 99  0  0  0
 0  1 136308 21080272 1731268 155491956    0    0 36736 39268 88321 36857  1  0 99  0  0  0
 1  0 136308 21085544 1731268 155492148    0    0 36848 39296 88248 37343  1  0 99  0  0  0
 0  1 136308 21083180 1731268 155492376    0    0 36784 40700 88372 36945  1  0 99  0  0  0
 2  0 136308 21078464 1731272 155492580    0    0 36576 40864 88362 36875  1  0 99  0  0  0
 1  0 136308 21080332 1731272 155492808    0    0 36976 39828 88516 37579  1  0 99  0  0  0
procs -----------memory---------- ---swap-- -----io---- -system-- -------cpu-------
 r  b   swpd   free   buff  cache   si   so    bi    bo   in   cs us sy id wa st gu
 1  0 136308 21086456 1731272 155493024    0    0 37376 39720 88370 37164  1  0 99  0  0  0
 0  0 136308 21089556 1731272 155493240    0    0 37200 40364 88296 36750  1  0 99  0  0  0
 0  1 136308 21088724 1731272 155493444    0    0 36912 40320 88388 37009  1  0 99  0  0  0
 0  1 136308 21087192 1731276 155493652    0    0 37328 40288 88474 37186  1  0 99  0  0  0
 0  1 136308 21087800 1731276 155493868    0    0 36688 40160 88510 37213  1  0 99  0  0  0
 0  1 136308 21085360 1731276 155494084    0    0 37088 39680 88241 36393  1  0 99  0  0  0
 1  0 136308 21084656 1731276 155494300    0    0 36704 40016 88331 36742  1  0 98  0  0  0
 1  0 136308 21082648 1731276 155494508    0    0 36720 38396 88394 37095  1  0 98  0  0  0
 0  1 136308 21077288 1731280 155494728    0    0 36624 39272 88513 37412  1  0 99  0  0  0
 1  0 136308 21074084 1731280 155494964    0    0 37056 40068 88416 36855  1  0 99  0  0  0
 1  0 136308 21078608 1731280 155495160    0    0 36528 41164 88349 36529  1  0 98  0  0  0
 1  0 136308 21080552 1731280 155495448    0    0 36624 40328 88472 37030  1  0 99  0  0  0
 0  1 136308 21079700 1731280 155495664    0    0 36672 40504 88326 36886  1  0 99  0  0  0
 1  0 136308 21076572 1731288 155495876    0    0 36880 40092 88384 36577  1  0 98  0  0  0
 0  1 136308 21075576 1731288 155496104    0    0 36624 40560 88245 36955  1  0 99  0  0  0
 1  0 136308 21078448 1731288 155496308    0    0 36688 40252 88556 37356  1  0 99  0  0  0
 2  0 136308 21076636 1731288 155496528    0    0 36624 40144 88361 37380  1  0 99  0  0  0
 1  0 136308 21076980 1731288 155496768    0    0 36960 39672 88347 36882  1  0 99  0  0  0
 1  0 136308 21081936 1731292 155496972    0    0 36064 40108 88315 36847  1  0 99  0  0  0
 0  1 136308 21085544 1731292 155497232    0    0 36624 39984 88506 36987  1  0 99  0  0  0
 2  0 136308 21080452 1731292 155497436    0    0 37200 39928 88429 37026  1  0 99  0  0  0
procs -----------memory---------- ---swap-- -----io---- -system-- -------cpu-------
 r  b   swpd   free   buff  cache   si   so    bi    bo   in   cs us sy id wa st gu
 0  1 136308 21082012 1731292 155497652    0    0 36240 39864 88375 36914  1  0 99  0  0  0
 1  0 136308 21080032 1731292 155497876    0    0 36624 39804 88290 36836  1  0 99  0  0  0
 1  0 136308 21080040 1731296 155498120    0    0 35808 39744 88315 36276  1  0 98  0  0  0
 1  0 136308 21081376 1731296 155498316    0    0 36880 40468 88405 37127  1  0 99  0  0  0
 1  0 136308 21081124 1731296 155498536    0    0 36672 40724 88333 36357  1  0 99  0  0  0
 0  1 136308 21079128 1731296 155498760    0    0 37040 40408 88330 36315  1  0 99  0  0  0
 0  1 136308 21078984 1731296 155498944    0    0 37088 39480 88553 37384  1  0 99  0  0  0
 1  0 136308 21076780 1731300 155499196    0    0 36288 39248 88160 36637  1  0 99  0  0  0
 0  1 136308 21074648 1731300 155499376    0    0 36320 39608 88443 36675  1  0 99  0  0  0
 0  1 136308 21073944 1731300 155499596    0    0 36720 40404 88226 36557  1  0 99  0  0  0
 1  0 136308 21070572 1731300 155499808    0    0 36880 40196 88590 37268  1  0 99  0  0  0
 0  1 136308 21071404 1731300 155500020    0    0 36768 41296 88328 36943  1  0 99  0  0  0
 1  0 136308 21070156 1731300 155500224    0    0 36384 41272 88514 37124  1  0 99  0  0  0
 1  0 136308 21071676 1731304 155500444    0    0 37008 41604 88335 37009  1  0 99  0  0  0
 2  0 136308 21070064 1731304 155500664    0    0 36128 40656 88577 37373  1  0 99  0  0  0
 1  0 136308 21075120 1731304 155500876    0    0 37168 39964 88371 36920  1  0 99  0  0  0
 0  1 136308 21073244 1731304 155501092    0    0 37424 40544 88413 37006  1  0 99  0  0  0
 1  0 136308 21074480 1731304 155501324    0    0 36832 40328 88450 36823  1  0 99  0  0  0
 0  1 136308 21074480 1731312 155501544    0    0 37536 39572 88499 37535  1  0 99  0  0  0
 0  1 136308 21072140 1731312 155501772    0    0 36432 39844 88450 37199  1  0 99  0  0  0
 1  0 136308 21072460 1731312 155501952    0    0 36880 38512 88238 36450  1  0 98  0  0  0
procs -----------memory---------- ---swap-- -----io---- -system-- -------cpu-------
 r  b   swpd   free   buff  cache   si   so    bi    bo   in   cs us sy id wa st gu
 1  0 136308 21073188 1731312 155502192    0    0 36944 38572 88331 36971  1  0 99  0  0  0
 1  0 136308 21076268 1731312 155502408    0    0 37072 38372 88316 36845  1  0 99  0  0  0
 1  0 136308 21076316 1731320 155502632    0    0 36848 39416 88484 37268  1  0 98  0  0  0
 1  0 136308 21078456 1731320 155502824    0    0 36528 40416 88342 37082  1  0 99  0  0  0
 2  0 136308 21081880 1731320 155503044    0    0 36352 40972 88278 37027  1  0 99  0  0  0
 1  0 136308 21079012 1731320 155503288    0    0 37424 40892 88536 37024  1  0 99  0  0  0
 1  0 136308 21079264 1731320 155503508    0    0 37024 40800 88338 37058  1  0 99  0  0  0
 4  0 136308 21081616 1731320 155503736    0    0 36928 40676 88422 36967  1  0 99  0  0  0
 1  0 136308 21083300 1731320 155503916    0    0 36816 40692 88271 36691  1  0 99  0  0  0
 1  0 136308 21083836 1731320 155504168    0    0 36576 41080 88652 37177  1  0 99  0  0  0
 0  1 136308 21082688 1731320 155504356    0    0 36912 41216 88404 37477  1  0 99  0  0  0
 2  0 136308 21082008 1731320 155504576    0    0 37072 41816 88448 36959  1  0 99  0  0  0
 1  0 136308 21083804 1731328 155504788    0    0 37168 41476 88421 36743  1  0 99  0  0  0
 1  0 136308 21081592 1731328 155505012    0    0 37232 41932 88487 37293  1  0 99  0  0  0
 1  0 136308 21078340 1731328 155505212    0    0 37728 41480 88603 37462  1  0 99  0  0  0
 1  0 136308 21080400 1731328 155505460    0    0 37120 41640 88388 36896  1  0 99  0  0  0
 0  1 136308 21080796 1731328 155505644    0    0 36800 40604 88427 36660  1  0 99  0  0  0
 1  0 136308 21080068 1731336 155505856    0    0 37440 40512 88408 37012  1  0 99  0  0  0
 1  0 136308 21075532 1731336 155506100    0    0 37376 40380 88591 37074  1  0 98  0  0  0
 1  0 136308 21073752 1731336 155506340    0    0 37264 40676 88249 36805  1  0 98  0  0  0
 1  0 136308 21074860 1731336 155506380    0    0 37008 41156 88377 37052  1  0 99  0  0  0
procs -----------memory---------- ---swap-- -----io---- -system-- -------cpu-------
 r  b   swpd   free   buff  cache   si   so    bi    bo   in   cs us sy id wa st gu
 1  0 136308 21076600 1731336 155506732    0    0 36800 41116 88520 37073  1  0 99  0  0  0
 1  0 136308 21076184 1731344 155506936    0    0 36688 40940 88548 37255  1  0 99  0  0  0
 1  0 136308 21075192 1731344 155507148    0    0 36720 40668 88382 36898  1  0 98  0  0  0
 1  0 136308 21075132 1731344 155507376    0    0 36288 40008 88354 37209  1  0 99  0  0  0
 0  1 136308 21073604 1731344 155507600    0    0 36912 40460 88425 37011  1  0 99  0  0  0
 1  0 136308 21072968 1731344 155507812    0    0 37200 39292 88527 37181  1  0 98  0  0  0
 0  1 136308 21071736 1731356 155508052    0    0 36896 38528 88186 36187  1  0 99  0  0  0
 0  1 136308 21071824 1731356 155508244    0    0 36560 39512 88417 36757  1  0 98  0  0  0
 2  0 136308 21068784 1731356 155508568    0    0 37088 39904 88389 36631  1  0 99  0  0  0
 1  1 136308 21067528 1731356 155508832    0    0 36752 40200 88521 37043  1  0 99  0  0  0
 0  1 136308 21063640 1731356 155508936    0    0 37168 40436 88170 36528  1  0 99  0  0  0
 0  1 136308 21065128 1731364 155509152    0    0 36560 40424 88399 36265  1  0 99  0  0  0
 1  0 136308 21064520 1731364 155509404    0    0 36832 41428 88393 36692  1  0 99  0  0  0
 1  0 136308 21067204 1731364 155509596    0    0 36464 41680 88646 37124  1  0 99  0  0  0
 1  0 136308 21069312 1731364 155509832    0    0 36880 41796 88320 36892  1  0 99  0  0  0
 0  1 136308 21068620 1731364 155510028    0    0 36672 41704 88372 37477  1  0 99  0  0  0
 1  0 136308 21069116 1731372 155510236    0    0 36864 41652 88523 37210  1  0 98  0  0  0
 1  0 136308 21062964 1731372 155510628    0    0 37504 40736 88478 36572  1  0 99  0  0  0
 0  1 136308 21063976 1731372 155510716    0    0 37056 40088 88311 36671  1  0 99  0  0  0
 1  1 136308 21067400 1731372 155510896    0    0 36480 40824 88273 36736  1  0 99  0  0  0
 0  1 136308 21068012 1731372 155511156    0    0 36832 39764 88482 36792  1  0 99  0  0  0
procs -----------memory---------- ---swap-- -----io---- -system-- -------cpu-------
 r  b   swpd   free   buff  cache   si   so    bi    bo   in   cs us sy id wa st gu
 1  0 136308 21070140 1731376 155511368    0    0 36928 40460 88466 36727  1  0 99  0  0  0
 1  0 136308 21070776 1731376 155511568    0    0 37520 41196 88319 36388  1  0 99  0  0  0
 2  0 136308 21069976 1731376 155511784    0    0 37072 41092 88397 36270  1  0 99  0  0  0
 2  0 136308 21068332 1731376 155512008    0    0 36480 41812 88538 37486  1  0 98  0  0  0
 1  0 136308 21070408 1731376 155512372    0    0 36896 41720 88631 36985  1  0 99  0  0  0
 2  0 136308 21069096 1731380 155512404    0    0 36720 42136 88395 36706  1  0 99  0  0  0
 1  0 136308 21067112 1731380 155512648    0    0 36784 42312 88391 36591  1  0 99  0  0  0
 1  0 136308 21065992 1731380 155512900    0    0 36784 41288 88570 36872  1  0 99  0  0  0
 0  1 136308 21063612 1731380 155513088    0    0 35888 40700 88330 37039  1  0 99  0  0  0
 0  1 136308 21065760 1731380 155513296    0    0 36576 40560 88369 36522  1  0 98  0  0  0
 1  0 136308 21066116 1731388 155513520    0    0 36944 40408 88312 36882  1  0 99  0  0  0
 0  1 136308 21064944 1731388 155513708    0    0 36928 40956 88492 37207  1  0 99  0  0  0
 0  0 136308 21065288 1731388 155514000    0    0 36336 41248 88368 36956  1  0 99  0  0  0
 1  0 136308 21063760 1731388 155514144    0    0 36464 40804 88233 37708  1  0 99  0  0  0
 0  1 136308 21062892 1731388 155514348    0    0 36336 41620 88323 36728  1  0 99  0  0  0
 1  0 136308 21063752 1731392 155514672    0    0 36304 40928 88693 37432  1  0 98  0  0  0
 1  0 136308 21065848 1731392 155514788    0    0 36816 41800 88579 36947  1  0 99  0  0  0
 0  1 136308 21058512 1731392 155514988    0    0 36736 41668 88334 36630  1  0 99  0  0  0
 1  0 136308 21056328 1731392 155515248    0    0 36688 40828 88419 36719  1  0 99  0  0  0
 1  0 136308 21057744 1731392 155515432    0    0 36192 41088 88362 37546  1  0 99  0  0  0
 0  1 136308 21057120 1731396 155515700    0    0 36480 40716 88267 37715  1  0 99  0  0  0
procs -----------memory---------- ---swap-- -----io---- -system-- -------cpu-------
 r  b   swpd   free   buff  cache   si   so    bi    bo   in   cs us sy id wa st gu
 0  1 136308 21063580 1731396 155515876    0    0 37184 41040 88405 37467  1  0 99  0  0  0
 2  0 136308 21062280 1731396 155516060    0    0 37168 40576 88240 37367  1  0 98  0  0  0
 2  0 136308 21060280 1731396 155516400    0    0 36448 40724 88524 38048  1  0 99  0  0  0
 0  1 136308 21060512 1731396 155516476    0    0 36544 40072 88313 36939  1  0 99  0  0  0
 1  0 136308 21062032 1731404 155516720    0    0 37120 39096 88325 36825  1  0 99  0  0  0
 1  0 136308 21069224 1731404 155517032    0    0 37584 39120 88223 36237  1  0 99  0  0  0
 1  0 136308 21065892 1731404 155517132    0    0 36640 39436 88583 37235  1  0 99  0  0  0
 0  1 136308 21064240 1731404 155517448    0    0 36608 39732 88184 37069  1  0 99  0  0  0
 1  0 136308 21068696 1731404 155517656    0    0 36944 38960 88419 36377  1  0 99  0  0  0
 1  0 136308 21070140 1731404 155517812    0    0 37232 39212 88204 37057  1  0 99  0  0  0
 1  0 136308 21065256 1731404 155518180    0    0 36672 39740 88551 37324  1  0 99  0  0  0
 0  1 136308 21063320 1731404 155518252    0    0 36464 40680 88344 36661  1  0 99  0  0  0
 1  0 136308 21061892 1731404 155518436    0    0 36512 40248 88416 36770  1  0 99  0  0  0
 1  0 136308 21058764 1731404 155518724    0    0 37024 40272 88345 37068  1  0 99  0  0  0
 1  0 136308 21053320 1731408 155518896    0    0 36864 40052 88518 37310  1  0 99  0  0  0
 1  0 136308 21053204 1731408 155519256    0    0 36992 40524 88467 36991  1  0 99  0  0  0
 1  0 136308 21051964 1731408 155519348    0    0 36752 40140 88303 36630  1  0 98  0  0  0
 0  0 136308 21053876 1731408 155519540    0    0 36736 40228 88400 36927  1  0 99  0  0  0
 1  0 136308 21048816 1731408 155519896    0    0 37024 40052 88331 37835  1  0 99  0  0  0
 1  0 136308 21051512 1731412 155519940    0    0 36512 39564 88279 37330  1  0 99  0  0  0
 2  0 136308 21050512 1731412 155520164    0    0 36784 40052 88164 37234  1  0 99  0  0  0
procs -----------memory---------- ---swap-- -----io---- -system-- -------cpu-------
 r  b   swpd   free   buff  cache   si   so    bi    bo   in   cs us sy id wa st gu
 0  1 136308 21051272 1731412 155520484    0    0 37312 40372 88402 36876  1  0 99  0  0  0
 2  0 136308 21052456 1731412 155520624    0    0 36752 41556 88453 37791  1  0 98  0  0  0
 5  0 136308 21048832 1731412 155520880    0    0 36832 40388 88400 36894  1  0 99  0  0  0
 2  0 136308 21048792 1731416 155521140    0    0 36704 40616 88443 37089  1  0 99  0  0  0
 1  0 136308 21053376 1731416 155521232    0    0 36576 39844 88378 37357  1  0 98  0  0  0
 1  0 136308 21050236 1731416 155521656    0    0 36240 40188 88481 37279  1  0 99  0  0  0
 1  0 136308 21049320 1731416 155521892    0    0 36240 40432 88407 37561  1  0 98  0  0  0
 1  0 136308 21050876 1731416 155522012    0    0 36496 40440 88426 37212  1  0 99  0  0  0
 1  0 136308 21048020 1731424 155522280    0    0 36400 40472 88314 37147  1  0 99  0  0  0
 1  0 136308 21048392 1731424 155522444    0    0 36608 38820 88523 37075  1  0 99  0  0  0
 1  0 136308 21046020 1731424 155522772    0    0 36768 38692 88389 37713  1  0 98  0  0  0
 1  0 136308 21051048 1731424 155522928    0    0 36800 39272 88381 37535  1  0 99  0  0  0
 0  1 136308 21051804 1731424 155523096    0    0 36960 39504 88463 37127  1  0 99  0  0  0
 1  0 136308 21054608 1731428 155523404    0    0 36816 39632 88516 37079  1  0 99  0  0  0
 1  0 136308 21052204 1731428 155523560    0    0 36736 39440 88470 37659  1  0 99  0  0  0
 1  0 136308 21050456 1731428 155523784    0    0 36464 39400 88284 36767  1  0 99  0  0  0
 2  0 136308 21050712 1731428 155523980    0    0 37056 40432 88512 36237  1  0 99  0  0  0
 0  1 136308 21050304 1731428 155524200    0    0 36592 40848 88531 37455  1  0 98  0  0  0
 2  1 136308 21050764 1731432 155524504    0    0 36880 40948 88689 36898  1  0 99  0  0  0
 0  1 136308 21055056 1731432 155524728    0    0 37008 40220 88283 37270  1  0 99  0  0  0
 1  0 136308 21055196 1731432 155524832    0    0 36816 38972 88346 37046  1  0 99  0  0  0
procs -----------memory---------- ---swap-- -----io---- -system-- -------cpu-------
 r  b   swpd   free   buff  cache   si   so    bi    bo   in   cs us sy id wa st gu
 2  0 136308 21053072 1731432 155525108    0    0 37216 38852 88469 37509  1  0 99  0  0  0
 0  1 136308 21039936 1731432 155525432    0    0 36528 38724 88558 37053  1  0 99  0  0  0
 1  0 136308 21038476 1731436 155525500    0    0 36912 39116 88373 36750  1  0 99  0  0  0
 1  0 136308 21037980 1731436 155525872    0    0 37360 39124 88302 37570  1  0 99  0  0  0
 0  1 136308 21038852 1731436 155526056    0    0 37584 39372 88423 37889  1  0 99  0  0  0
 1  0 136308 21040668 1731436 155526224    0    0 37264 39052 88643 36782  1  0 98  0  0  0
 1  0 136308 21037384 1731436 155526412    0    0 37376 38920 88375 36677  1  0 99  0  0  0
 0  1 136308 21036160 1731440 155526600    0    0 36496 38616 88268 36973  1  0 99  0  0  0
 1  0 136308 21037476 1731440 155526876    0    0 36848 39304 88591 37285  1  0 99  0  0  0
 0  1 136308 21035636 1731440 155527132    0    0 36736 38764 88390 37566  1  0 99  0  0  0
 0  1 136308 21033392 1731440 155527220    0    0 37024 38920 88303 37419  1  0 98  0  0  0
 1  0 136308 21030908 1731440 155527548    0    0 37184 39076 88414 36549  1  0 98  0  0  0
 0  1 136308 21032860 1731440 155527776    0    0 36832 40260 88579 37880  1  0 98  0  0  0
 0  1 136308 21035712 1731440 155527984    0    0 36272 39852 88598 37619  1  0 99  0  0  0
 0  1 136308 21032476 1731440 155528184    0    0 37312 38848 88363 37335  1  0 98  0  0  0
 1  0 136308 21030720 1731440 155528380    0    0 37200 39556 88464 36247  1  0 99  0  0  0
 1  0 136308 21029484 1731440 155528660    0    0 36464 40720 88420 37250  1  0 99  0  0  0
 0  1 136308 21033740 1731440 155528840    0    0 36688 41044 88566 37731  1  0 99  0  0  0
 1  0 136308 21030296 1731444 155528956    0    0 37360 41132 88500 36648  1  0 99  0  0  0
 1  0 136308 21027888 1731444 155529256    0    0 37152 40740 88489 36475  1  0 99  0  0  0
 1  0 136308 21025372 1731444 155529452    0    0 36544 39960 88396 37892  1  0 99  0  0  0
procs -----------memory---------- ---swap-- -----io---- -system-- -------cpu-------
 r  b   swpd   free   buff  cache   si   so    bi    bo   in   cs us sy id wa st gu
 1  0 136308 21029368 1731444 155529640    0    0 36896 40368 88493 37485  1  0 99  0  0  0
 1  0 136308 21029368 1731444 155529860    0    0 36848 40884 88495 37132  1  0 98  0  0  0
 1  0 136308 21028640 1731444 155530216    0    0 36832 40608 88307 37592  1  0 99  0  0  0
 1  0 136308 21029484 1731444 155530320    0    0 36528 40776 88586 36831  1  0 99  0  0  0
 1  0 136308 21031920 1731444 155530548    0    0 36736 39260 88363 37049  1  0 99  0  0  0
 1  0 136308 21031420 1731444 155530824    0    0 36944 39568 88493 37316  1  0 99  0  0  0
 1  0 136308 21028408 1731444 155531048    0    0 36208 39344 88342 37091  1  0 99  0  0  0
 1  0 136308 21028364 1731448 155531264    0    0 36368 40280 88634 36924  1  0 99  0  0  0
 1  0 136308 21029432 1731448 155531508    0    0 37072 40076 88487 37801  1  0 99  0  0  0
 1  0 136308 21030192 1731448 155531668    0    0 36592 40144 88503 37974  1  0 99  0  0  0
 0  1 136308 21030896 1731448 155531932    0    0 36624 39208 88441 37692  1  0 99  0  0  0
 0  1 136308 21028496 1731448 155532112    0    0 36480 38960 88617 37730  1  0 99  0  0  0
 2  0 136308 21029352 1731448 155532308    0    0 36272 39492 88543 37128  1  0 99  0  0  0
 1  0 136308 21027740 1731448 155532448    0    0 36832 40152 88432 37298  1  0 99  0  0  0
 0  1 136308 21029804 1731448 155532660    0    0 37072 40448 88345 36934  1  0 98  0  0  0
 0  1 136308 21033232 1731448 155532964    0    0 36720 41004 88526 37761  1  0 98  0  0  0
 1  0 136308 21029788 1731448 155533132    0    0 37424 40648 88543 36992  1  0 99  0  0  0
 0  1 136308 21002860 1731456 155533316    0    0 36464 41236 88463 42683  1  1 98  0  0  0
 1  0 136308 21002188 1731456 155533584    0    0 36672 40872 88486 36791  1  0 99  0  0  0
 1  0 136308 21002028 1731456 155533788    0    0 37040 41540 88590 37981  1  0 98  0  0  0
 1  0 136308 21000704 1731456 155534008    0    0 37616 40612 88498 37083  1  0 99  0  0  0
procs -----------memory---------- ---swap-- -----io---- -system-- -------cpu-------
 r  b   swpd   free   buff  cache   si   so    bi    bo   in   cs us sy id wa st gu
 2  0 136308 21000596 1731456 155534232    0    0 36480 40712 88530 37279  1  0 98  0  0  0
 1  0 136308 21002148 1731456 155534456    0    0 36480 40360 88239 36556  1  0 98  0  0  0
 1  0 136308 20999492 1731456 155534764    0    0 36944 40428 88600 36519  1  0 99  0  0  0
 1  0 136308 20998256 1731456 155534968    0    0 36928 40056 88234 36823  1  0 99  0  0  0
 1  0 136308 20997000 1731456 155535204    0    0 36880 40804 88559 37076  1  0 98  0  0  0
 1  0 136308 20991724 1731456 155535404    0    0 36400 40120 88231 37960  1  0 98  0  0  0
 1  0 136308 20993248 1731464 155535628    0    0 34544 40288 88094 35458  1  0 99  0  0  0
 1  0 136308 20991528 1731464 155535828    0    0 35792 39128 88186 35267  1  0 99  0  0  0
 0  1 136308 20989080 1731464 155536052    0    0 35456 39100 88203 35744  1  0 99  0  0  0
 1  0 136308 20993396 1731464 155536252    0    0 36752 39348 88231 36246  1  0 99  0  0  0
 2  0 136308 20996072 1731464 155536468    0    0 36272 38956 88300 36010  1  0 99  0  0  0
 1  0 136308 20999116 1731468 155536676    0    0 35664 39600 88196 35187  1  0 99  0  0  0
 0  1 136308 20995708 1731468 155536880    0    0 35136 39964 88333 37054  1  0 99  0  0  0
 1  0 136308 20991884 1731468 155537104    0    0 36688 39192 88135 37206  1  0 98  0  0  0
 1  0 136308 20996564 1731468 155537304    0    0 36560 38808 88511 37605  1  0 99  0  0  0
 1  0 136308 20993476 1731468 155537520    0    0 36448 39100 88152 35870  1  0 99  0  0  0
 0  1 136308 20997256 1731476 155537728    0    0 36400 40520 88328 36498  1  0 99  0  0  0
 1  0 136308 20995644 1731476 155537944    0    0 34784 40360 88094 35879  1  0 99  0  0  0
 1  0 136308 21000580 1731476 155538156    0    0 34848 39980 88342 35588  1  0 98  0  0  0
 1  1 136308 20996992 1731476 155538364    0    0 34848 39688 88112 35407  1  0 99  0  0  0
 0  1 136308 21000632 1731476 155538568    0    0 37152 40860 88570 37177  1  0 98  0  0  0
procs -----------memory---------- ---swap-- -----io---- -system-- -------cpu-------
 r  b   swpd   free   buff  cache   si   so    bi    bo   in   cs us sy id wa st gu
 1  0 136308 21001716 1731484 155538784    0    0 36784 39832 88322 36324  1  0 99  0  0  0
 1  0 136308 21000608 1731484 155538996    0    0 37184 40476 88520 37482  1  0 99  0  0  0
 1  0 136308 21000888 1731484 155539224    0    0 36752 40228 88268 37162  1  0 99  0  0  0
 0  1 136308 21001512 1731484 155539440    0    0 36448 40516 88587 36847  1  0 99  0  0  0
 1  0 136308 21001900 1731484 155539648    0    0 36976 40240 88277 37636  1  0 99  0  0  0
 0  1 136308 20999024 1731492 155539876    0    0 36416 40396 88456 36994  1  0 98  0  0  0
 0  1 136308 20999684 1731492 155540104    0    0 37440 40828 88429 37341  1  0 99  0  0  0
 2  0 136308 21000020 1731492 155540316    0    0 37072 40396 88289 36951  1  0 99  0  0  0
 0  1 136308 21003296 1731492 155540544    0    0 36944 40464 88330 36993  1  0 99  0  0  0
 0  1 136308 21003164 1731492 155540740    0    0 37232 39384 88332 36995  1  0 98  0  0  0
 1  0 136308 21005444 1731500 155540948    0    0 37568 39340 88350 36541  1  0 99  0  0  0
 0  1 136308 21001680 1731500 155541172    0    0 36656 39632 88319 37609  1  0 99  0  0  0
 1  0 136308 20997176 1731500 155541392    0    0 37376 39604 88237 37301  1  0 99  0  0  0
 1  0 136308 21002720 1731500 155541600    0    0 37344 40520 88322 37196  1  0 99  0  0  0
 1  0 136308 21003508 1731500 155541816    0    0 37104 40720 88356 36960  1  0 99  0  0  0
 1  0 136308 21003908 1731504 155542024    0    0 36256 41544 88519 37459  1  0 98  0  0  0
 1  0 136308 21005692 1731504 155542252    0    0 36288 42512 88378 36887  1  0 99  0  0  0
 1  0 136308 21007740 1731504 155542460    0    0 36832 40868 88378 37038  1  0 99  0  0  0
