procs -----------memory---------- ---swap-- -----io---- -system-- -------cpu-------
 r  b   swpd   free   buff  cache   si   so    bi    bo   in   cs us sy id wa st gu
 4  0 136308 20124112 1733004 156382284    4    6 25698 25951 12451    3  3  0 96  1  0  0
 4  0 136308 20092332 1733004 156382340    0    0 95760 354392 108758 106084  3  1 94  2  0  0
 3  0 136308 20095328 1733012 156382956    0    0 135296 100488 98317 104914  3  1 95  2  0  0
 4  0 136308 20092964 1733012 156383672    0    0 136672 102224 98344 106244  3  1 95  2  0  0
 5  0 136308 20091296 1733012 156384364    0    0 136880 91340 98128 105740  3  1 95  2  0  0
 4  0 136308 20085404 1733012 156385048    0    0 135392 101676 98314 105492  3  1 95  2  0  0
 3  1 136308 20083352 1733012 156385760    0    0 133312 112468 98948 106107  3  1 95  2  0  0
 5  0 136308 20083128 1733024 156386428    0    0 134192 88680 97568 103721  3  1 95  2  0  0
 3  2 136308 20078608 1733024 156387144    0    0 134592 109820 98740 107303  3  1 95  2  0  0
 5  1 136308 20086188 1733024 156387836    0    0 134416 100088 98498 104525  3  1 95  2  0  0
18  0 136308 20083796 1733024 156388552    0    0 135072 95604 98082 104659  3  1 95  2  0  0
 2  2 136308 20079064 1733024 156389240    0    0 136432 94804 98481 107502  3  1 95  2  0  0
 2  2 136308 20079308 1733028 156389924    0    0 136432 110016 98463 106068  3  1 95  2  0  0
 2  2 136308 20077476 1733028 156390632    0    0 136928 101396 98698 107515  3  1 95  2  0  0
 2  2 136308 20078752 1733028 156391328    0    0 134320 103272 98396 105976  3  1 95  2  0  0
 3  1 136308 20080080 1733028 156392044    0    0 136960 88224 97956 107076  3  1 95  2  0  0
 5  1 136308 20079760 1733028 156392772    0    0 134848 101180 98549 107430  3  1 95  2  0  0
 6  0 136308 20084172 1733036 156393448    0    0 134560 114400 99027 105674  3  1 95  2  0  0
 1  3 136308 20080476 1733036 156394180    0    0 135952 99260 98380 105768  3  1 95  2  0  0
 1  3 136308 20079476 1733036 156394868    0    0 136320 104144 98638 107406  3  1 95  2  0  0
 4  3 136308 20080040 1733036 156395600    0    0 135392 103324 98429 106007  3  1 95  2  0  0
procs -----------memory---------- ---swap-- -----io---- -system-- -------cpu-------
 r  b   swpd   free   buff  cache   si   so    bi    bo   in   cs us sy id wa st gu
 4  0 136308 20079972 1733036 156396292    0    0 135008 104724 98645 106367  3  1 95  2  0  0
 2  2 136308 20079012 1733040 156396996    0    0 136192 96280 98147 106098  3  1 95  2  0  0
 4  0 136308 20076560 1733040 156397724    0    0 135056 87136 98050 105699  3  1 95  2  0  0
 1  3 136308 20077640 1733040 156398420    0    0 135232 105004 98560 106031  3  1 95  2  0  0
 4  0 136308 20077476 1733040 156399108    0    0 137232 96764 98698 107739  3  1 95  2  0  0
 2  2 136308 20075940 1733040 156399836    0    0 134880 97492 98118 106374  3  1 95  2  0  0
 2  2 136308 20078552 1733048 156400600    0    0 136976 97664 98461 106964  3  1 95  2  0  0
 3  2 136308 20081160 1733048 156401248    0    0 134192 99600 98376 107147  3  1 95  2  0  0
 2  2 136308 20079280 1733048 156402080    0    0 136304 98152 98621 107032  3  1 95  2  0  0
 2  2 136308 20080000 1733048 156402716    0    0 136304 99796 98565 107052  3  1 95  2  0  0
 5  0 136308 20075080 1733048 156403412    0    0 135520 94832 97942 106842  3  1 95  2  0  0
 3  1 136308 20076100 1733056 156404124    0    0 136288 97720 98510 105802  3  1 95  2  0  0
 2  2 136308 20071748 1733056 156404836    0    0 133760 101324 98243 105910  3  1 95  2  0  0
 4  1 136308 20070384 1733056 156405500    0    0 133536 100236 98183 105496  3  1 95  2  0  0
 3  1 136308 20070536 1733056 156406216    0    0 136336 97352 98339 106656  3  1 95  2  0  0
 3  1 136308 20065800 1733056 156406916    0    0 134016 99672 98440 106690  3  1 95  2  0  0
 4  1 136308 20064900 1733056 156407712    0    0 135472 95712 98288 106476  3  1 95  2  0  0
 1  3 136308 20065456 1733056 156408308    0    0 134416 99268 98097 105699  3  1 95  2  0  0
 3  1 136308 20064304 1733056 156409024    0    0 133856 98760 98326 105669  3  1 95  2  0  0
 1  3 136308 20060140 1733056 156409788    0    0 134192 99836 98157 104634  3  1 95  2  0  0
 4  0 136308 20062616 1733056 156410328    0    0 132960 98224 98124 104884  3  1 95  2  0  0
procs -----------memory---------- ---swap-- -----io---- -system-- -------cpu-------
 r  b   swpd   free   buff  cache   si   so    bi    bo   in   cs us sy id wa st gu
 3  1 136308 20059528 1733056 156411332    0    0 134128 96192 98173 105350  3  1 95  2  0  0
 3  2 136308 20058576 1733056 156411808    0    0 136112 102504 98570 106348  3  1 95  2  0  0
 5  1 136308 20056928 1733056 156412552    0    0 135984 102220 98695 106491  3  1 95  2  0  0
 3  1 136308 20056860 1733056 156413324    0    0 136176 101544 98398 105536  3  1 95  2  0  0
 3  2 136308 20055312 1733056 156413932    0    0 135536 99780 98492 106066  3  1 95  2  0  0
 3  1 136308 20057692 1733060 156414660    0    0 134304 103348 98574 106504  3  1 95  2  0  0
 2  2 136308 20051696 1733060 156415424    0    0 134032 100496 98204 106126  3  1 95  2  0  0
 4  1 136308 20050972 1733060 156416060    0    0 132864 97252 98267 105714  3  1 95  2  0  0
 2  2 136308 20053288 1733060 156416916    0    0 132848 96136 98041 105390  3  1 95  2  0  0
 3  1 136308 20051328 1733060 156417532    0    0 134608 100856 98330 107686  3  1 95  2  0  0
 3  2 136308 20049656 1733068 156418192    0    0 134112 104372 98556 105055  3  1 95  2  0  0
 3  1 136308 20048668 1733068 156419108    0    0 135968 98120 98322 106365  3  1 95  2  0  0
 1  3 136308 20046908 1733068 156419684    0    0 136656 101192 98534 106070  3  1 95  2  0  0
 3  2 136308 20048532 1733068 156420372    0    0 137008 102664 98650 107877  3  1 95  2  0  0
 3  1 136308 20042572 1733068 156421236    0    0 135584 102200 98715 108095  3  1 95  2  0  0
 1  3 136308 20044620 1733076 156421844    0    0 135456 101108 98443 107684  3  1 95  2  0  0
 3  1 136308 20041872 1733076 156422700    0    0 137056 104328 98860 107367  3  1 95  2  0  0
 2  2 136308 20039004 1733076 156423460    0    0 137792 104584 98758 109554  3  1 95  2  0  0
 3  1 136308 20035836 1733076 156424008    0    0 137552 101912 98729 108135  3  1 95  2  0  0
 1  3 136308 20035432 1733076 156424696    0    0 137120 101516 98544 108018  3  1 95  2  0  0
 2  2 136308 20032276 1733080 156425444    0    0 137888 100828 98497 106679  3  1 95  2  0  0
procs -----------memory---------- ---swap-- -----io---- -system-- -------cpu-------
 r  b   swpd   free   buff  cache   si   so    bi    bo   in   cs us sy id wa st gu
 2  2 136308 20033120 1733080 156426032    0    0 136064 105872 98739 108331  3  1 95  2  0  0
 3  1 136308 20030148 1733080 156426868    0    0 136240 108088 98934 107988  3  1 95  2  0  0
 2  3 136308 20033512 1733080 156427560    0    0 138448 106908 99180 107952  3  1 95  2  0  0
 1  3 136308 20031260 1733080 156428416    0    0 136672 109780 99187 106690  3  1 95  2  0  0
 3  1 136308 20031500 1733084 156429148    0    0 138160 105612 98680 107749  3  1 95  2  0  0
 1  3 136308 20033056 1733084 156429728    0    0 135792 106308 99084 106847  3  1 95  2  0  0
 2  2 136308 20029328 1733084 156430528    0    0 136832 106904 98833 108029  3  1 95  2  0  0
 5  1 136308 20028968 1733084 156431264    0    0 137280 103812 98898 107287  3  1 95  2  0  0
 2  2 136308 20027736 1733084 156431872    0    0 135168 106568 98753 107901  3  1 95  2  0  0
 1  3 136308 20028192 1733092 156432744    0    0 139232 106692 99037 107776  3  1 95  2  0  0
 5  0 136308 20025960 1733092 156433264    0    0 136960 107312 99244 108527  3  1 95  2  0  0
 3  2 136308 20028052 1733092 156434016    0    0 136928 107668 99111 106564  3  1 95  2  0  0
 4  0 136308 20027048 1733092 156434776    0    0 135952 108360 98849 106861  3  1 95  2  0  0
 3  1 136308 20031840 1733092 156435444    0    0 136896 106676 99001 107049  3  1 95  2  0  0
 1  3 136308 20026768 1733096 156436216    0    0 136800 106852 98783 106713  3  1 95  2  0  0
 6  0 136308 20032844 1733096 156437012    0    0 137824 106900 98918 108142  3  1 95  2  0  0
 2  2 136308 20030520 1733096 156437556    0    0 137648 107104 99051 107845  3  1 95  2  0  0
 3  1 136308 20025852 1733096 156438436    0    0 137552 108136 98991 108375  3  1 95  2  0  0
 4  0 136308 20023140 1733096 156438988    0    0 136064 106200 99065 107684  3  1 95  2  0  0
 8  0 136308 20023104 1733100 156439920    0    0 136528 108860 98999 107840  3  1 95  2  0  0
 3  1 136308 20023016 1733100 156440508    0    0 136016 107908 98990 106694  3  1 95  2  0  0
procs -----------memory---------- ---swap-- -----io---- -system-- -------cpu-------
 r  b   swpd   free   buff  cache   si   so    bi    bo   in   cs us sy id wa st gu
 3  1 136308 20023072 1733100 156441148    0    0 136320 108020 98850 107905  3  1 95  2  0  0
 3  1 136308 20021464 1733100 156441876    0    0 136800 107428 98850 107122  3  1 95  2  0  0
 2  2 136308 20020276 1733100 156442648    0    0 135712 110288 99054 107774  3  1 95  2  0  0
 3  1 136308 20017760 1733108 156443324    0    0 135456 108796 98825 106204  3  1 95  2  0  0
 3  2 136308 20015924 1733108 156444172    0    0 134880 108388 98844 107022  3  1 95  2  0  0
 1  3 136308 20018108 1733108 156444824    0    0 135360 108688 98935 108169  3  1 95  2  0  0
 3  1 136308 20014336 1733108 156445428    0    0 134656 108164 98930 107614  3  1 95  2  0  0
 2  2 136308 20009664 1733108 156446180    0    0 134944 106656 98623 106348  3  1 95  2  0  0
 4  0 136308 20006012 1733108 156446860    0    0 136816 109724 99170 106952  3  1 95  2  0  0
 2  2 136308 20007628 1733112 156447660    0    0 136880 107584 99455 107062  3  1 95  2  0  0
 4  1 136308 20009608 1733112 156448476    0    0 137456 109648 99049 106628  3  1 95  2  0  0
 2  2 136308 20005988 1733112 156448940    0    0 134032 106252 98828 106384  3  1 95  2  0  0
 3  1 136308 20005512 1733116 156449864    0    0 136148 109032 98857 106244  3  1 95  2  0  0
 3  1 136308 20003344 1733116 156450512    0    0 134480 107424 99020 106969  3  1 95  2  0  0
 3  1 136308 20000352 1733116 156451216    0    0 136208 107704 98934 105704  3  1 95  2  0  0
 3  1 136308 20001860 1733116 156452000    0    0 133744 103308 98483 106009  3  1 95  2  0  0
 6  0 136308 20007684 1733116 156452596    0    0 134624 109712 98777 105592  3  1 95  2  0  0
 2  2 136308 20006708 1733116 156453308    0    0 136960 102644 98833 106716  3  1 95  2  0  0
 5  0 136308 20009616 1733116 156453992    0    0 135648 108124 98726 105828  3  1 95  2  0  0
 3  1 136308 20011272 1733120 156454620    0    0 133392 110768 99125 105936  3  1 95  2  0  0
 2  2 136308 20010164 1733120 156455520    0    0 135344 106700 98625 105479  3  1 95  2  0  0
procs -----------memory---------- ---swap-- -----io---- -system-- -------cpu-------
 r  b   swpd   free   buff  cache   si   so    bi    bo   in   cs us sy id wa st gu
 3  2 136308 20008808 1733120 156456176    0    0 136048 105144 98674 106108  3  1 95  2  0  0
 3  2 136308 20006868 1733120 156456888    0    0 135760 109928 98900 107046  3  1 95  2  0  0
 3  2 136308 20008004 1733120 156457628    0    0 135104 102460 98636 105697  3  1 95  2  0  0
 2  2 136308 20013256 1733120 156458352    0    0 134656 113552 98998 106766  3  1 95  2  0  0
 4  0 136308 20011688 1733120 156459028    0    0 135808 109868 99285 107956  3  1 95  2  0  0
 3  1 136308 20008924 1733120 156459756    0    0 134432 106832 98629 105357  3  1 95  2  0  0
 4  0 136308 20009004 1733120 156460668    0    0 136544 108456 98978 107066  3  1 95  2  0  0
 4  0 136308 20013296 1733120 156461028    0    0 132352 108300 98755 104595  3  1 95  2  0  0
 3  1 136308 20012208 1733128 156462004    0    0 133600 108364 98763 104118  3  1 95  2  0  0
 3  1 136308 20008960 1733128 156462544    0    0 134864 103904 98190 106025  3  1 95  2  0  0
 5  1 136308 20008312 1733128 156463412    0    0 135648 105596 98558 104777  3  1 95  2  0  0
 2  2 136308 20005808 1733128 156464056    0    0 135968 109128 98644 107796  3  1 95  2  0  0
 2  2 136308 19999832 1733128 156464652    0    0 133264 108560 98548 106086  3  1 95  2  0  0
 2  2 136308 19998556 1733128 156465460    0    0 133008 108676 98358 104874  3  1 95  2  0  0
 2  2 136308 19996692 1733128 156466144    0    0 133792 106604 98469 106303  3  1 95  2  0  0
 1  3 136308 19997304 1733128 156466756    0    0 133264 112192 98928 105033  3  1 94  2  0  0
 2  2 136308 19997200 1733128 156467456    0    0 134752 108652 98731 105934  3  1 95  2  0  0
 1  3 136308 19993188 1733128 156468280    0    0 136256 108324 98739 107433  3  1 95  2  0  0
 3  1 136308 19989928 1733128 156468960    0    0 137296 111832 99238 108215  3  1 95  2  0  0
 2  3 136308 19990400 1733128 156469656    0    0 137920 105996 98966 107407  3  1 95  2  0  0
 0  4 136308 19990180 1733128 156470412    0    0 136512 106660 99043 107486  3  1 95  2  0  0
procs -----------memory---------- ---swap-- -----io---- -system-- -------cpu-------
 r  b   swpd   free   buff  cache   si   so    bi    bo   in   cs us sy id wa st gu
 3  1 136308 19982584 1733128 156471148    0    0 136448 110856 99261 107889  3  1 95  2  0  0
 1  3 136308 19979212 1733128 156471892    0    0 136752 108308 98823 107468  3  1 95  2  0  0
 2  2 136308 19975100 1733136 156472640    0    0 135312 107024 98781 106737  3  1 95  2  0  0
 4  1 136308 19971724 1733136 156473252    0    0 132448 110160 98784 105920  3  1 95  2  0  0
 2  2 136308 19972816 1733136 156473976    0    0 132864 105072 98537 105726  3  1 95  2  0  0
 1  3 136308 19976880 1733136 156474700    0    0 134864 111184 98891 107957  3  1 95  2  0  0
 4  0 136308 19975380 1733136 156475404    0    0 132912 109608 98912 105425  3  1 95  2  0  0
 2  2 136308 19979348 1733140 156476088    0    0 135728 106480 99106 106656  3  1 95  2  0  0
 3  1 136308 19979028 1733140 156476824    0    0 135616 108420 99003 107264  3  1 95  2  0  0
 4  1 136308 19980768 1733140 156477508    0    0 136816 112232 99095 108003  3  1 95  2  0  0
 3  1 136308 19985076 1733140 156478216    0    0 136544 103296 98674 106932  3  1 95  2  0  0
 2  2 136308 19983504 1733144 156478916    0    0 135808 113976 99574 108985  3  1 95  2  0  0
 3  1 136308 19980908 1733152 156479604    0    0 135920 110664 99156 107074  3  1 95  2  0  0
 2  2 136308 19975164 1733152 156480388    0    0 134192 110292 98809 106054  3  1 95  2  0  0
 3  1 136308 19972016 1733152 156481100    0    0 133648 110288 99157 106425  3  1 95  2  0  0
 1  3 136308 19966048 1733152 156481796    0    0 134304 108164 98660 105543  3  1 95  2  0  0
 3  2 136308 19969488 1733152 156482576    0    0 133472 109624 98953 106624  3  1 95  2  0  0
 3  1 136308 19970516 1733156 156483184    0    0 137424 107132 98922 107473  3  1 95  2  0  0
 1  3 136308 19967132 1733156 156483972    0    0 136912 113040 99235 106423  3  1 95  2  0  0
 2  2 136308 19963144 1733156 156484624    0    0 137168 107432 98890 107714  3  1 95  2  0  0
 3  1 136308 19966656 1733156 156485356    0    0 135632 108004 98978 105838  3  1 95  2  0  0
procs -----------memory---------- ---swap-- -----io---- -system-- -------cpu-------
 r  b   swpd   free   buff  cache   si   so    bi    bo   in   cs us sy id wa st gu
 2  2 136308 19965440 1733156 156486084    0    0 136336 109004 98792 106085  3  1 95  2  0  0
 3  1 136308 19967752 1733160 156486800    0    0 137664 109804 98772 108847  3  1 95  2  0  0
 4  1 136308 19967600 1733160 156487676    0    0 136208 112852 98957 107741  3  1 95  2  0  0
 6  2 136308 19967208 1733160 156488228    0    0 136096 111080 99005 108367  3  1 95  2  0  0
 4  0 136308 19967376 1733160 156488908    0    0 136416 111368 99238 107679  3  1 95  2  0  0
 3  1 136308 19968124 1733160 156489848    0    0 136528 112164 98998 107690  3  1 95  2  0  0
 0  4 136308 19964196 1733164 156490336    0    0 136720 111008 99110 105759  3  1 95  2  0  0
 3  1 136308 19962392 1733164 156491060    0    0 135120 111920 99221 107615  3  1 95  2  0  0
 2  2 136308 19963440 1733164 156491676    0    0 136944 108460 98976 106666  3  1 95  2  0  0
 3  1 136308 19963756 1733164 156492480    0    0 136336 112604 99131 108110  3  1 95  2  0  0
 3  1 136308 19960332 1733164 156493324    0    0 135392 111472 99050 106391  3  1 95  2  0  0
 3  1 136308 19955388 1733168 156493880    0    0 137744 107932 98818 108048  3  1 95  2  0  0
 3  1 136308 19955056 1733168 156494640    0    0 137392 110880 99131 107495  3  1 95  2  0  0
 5  0 136308 19952888 1733168 156495648    0    0 135184 110436 98930 107815  3  1 95  2  0  0
 2  2 136308 19955424 1733168 156496020    0    0 136624 108352 99113 107530  3  1 95  2  0  0
 4  0 136308 19955208 1733168 156496800    0    0 135760 109540 99069 107435  3  1 95  2  0  0
 3  1 136308 19951828 1733168 156497704    0    0 137152 112400 99298 108640  3  1 95  2  0  0
 1  3 136308 19948768 1733168 156498212    0    0 135936 108236 98972 108727  3  1 95  2  0  0
 2  2 136308 19949968 1733184 156499072    0    0 136992 112664 99208 109185  3  1 95  2  0  0
 2  2 136308 19949324 1733184 156499592    0    0 137792 108244 99050 109536  3  1 95  2  0  0
 2  2 136308 19943572 1733184 156500324    0    0 137200 112684 98984 109086  3  1 95  2  0  0
procs -----------memory---------- ---swap-- -----io---- -system-- -------cpu-------
 r  b   swpd   free   buff  cache   si   so    bi    bo   in   cs us sy id wa st gu
 2  2 136308 19945160 1733184 156501380    0    0 137120 110060 99260 109848  3  1 95  2  0  0
 2  3 136308 19946296 1733184 156501768    0    0 135984 110424 99137 108228  3  1 95  2  0  0
 5  0 136308 19943596 1733188 156502596    0    0 136368 111160 99090 107797  3  1 95  2  0  0
 3  2 136308 19945340 1733188 156503312    0    0 137888 111220 99145 109054  3  1 95  2  0  0
 3  2 136308 19948896 1733188 156503936    0    0 137728 112392 98968 109629  3  1 95  2  0  0
 2  3 136308 19944128 1733188 156504912    0    0 137632 112632 99109 109129  3  1 95  2  0  0
 5  1 136308 19943760 1733188 156505304    0    0 136400 113156 99315 108836  3  1 95  2  0  0
 4  2 136308 19942996 1733196 156506200    0    0 136752 111676 99232 107305  3  1 95  2  0  0
 3  2 136308 19940124 1733200 156507120    0    0 136784 110636 98915 107544  3  1 95  2  0  0
 5  2 136308 19944560 1733200 156507572    0    0 135904 112384 99225 108295  3  1 95  2  0  0
 4  1 136308 19948536 1733200 156508352    0    0 137216 112148 98938 108676  3  1 95  2  0  0
 5  0 136308 19906076 1733200 156509148    0    0 126256 110332 98084 100473  3  1 95  2  0  0
 4  1 136308 19905368 1733208 156509632    0    0 135104 109744 98880 106846  3  1 95  2  0  0
 3  2 136308 19907540 1733208 156510696    0    0 137216 112204 99105 107688  3  1 95  2  0  0
 2  2 136308 19908316 1733208 156511372    0    0 137984 110356 99175 106835  3  1 95  2  0  0
 3  1 136308 19906776 1733208 156511752    0    0 135200 109968 99014 107357  3  1 95  2  0  0
 4  0 136308 19906388 1733208 156512724    0    0 136032 112800 98968 106826  3  1 95  2  0  0
 2  2 136308 19905676 1733212 156513208    0    0 135552 112952 99208 107797  3  1 95  2  0  0
 2  2 136308 19898956 1733212 156513968    0    0 136976 109948 99051 106886  3  1 95  2  0  0
 4  0 136308 19896336 1733212 156514836    0    0 136176 112868 99293 107420  3  1 95  2  0  0
 3  1 136308 19894416 1733212 156515328    0    0 135888 111504 98924 104956  3  1 95  2  0  0
procs -----------memory---------- ---swap-- -----io---- -system-- -------cpu-------
 r  b   swpd   free   buff  cache   si   so    bi    bo   in   cs us sy id wa st gu
 3  2 136308 19900880 1733212 156516116    0    0 133376 109192 98976 106243  3  1 95  2  0  0
 4  0 136308 19900448 1733224 156516936    0    0 135376 112072 99089 106978  3  1 95  2  0  0
 2  2 136308 19897736 1733224 156517508    0    0 135504 112104 98991 107285  3  1 95  2  0  0
 2  2 136308 19895576 1733224 156518356    0    0 133536 110468 98757 105869  3  1 95  2  0  0
 3  1 136308 19898328 1733224 156519024    0    0 136528 111552 99212 106778  3  1 95  2  0  0
 3  1 136308 19898512 1733224 156519592    0    0 136832 110344 99233 107014  3  1 95  2  0  0
 3  2 136308 19906328 1733232 156520280    0    0 136544 111020 99227 107579  3  1 95  2  0  0
 2  2 136308 19963172 1733240 156520984    0    0 134480 110272 98889 107444  3  1 95  2  0  0
 3  1 136308 19964268 1733240 156521796    0    0 135472 111308 98931 107710  3  1 95  2  0  0
 4  1 136308 19959332 1733240 156522528    0    0 134832 109968 99161 106861  3  1 95  2  0  0
 4  0 136308 19963992 1733240 156523212    0    0 134464 111428 99229 106591  3  1 95  2  0  0
 2  2 136308 19960244 1733240 156524152    0    0 135744 113968 99096 107287  3  1 95  2  0  0
 3  1 136308 19960684 1733248 156524796    0    0 135040 109936 99212 107383  3  1 95  2  0  0
 1  3 136308 19965228 1733248 156525392    0    0 131568 110988 98488 104370  3  1 95  2  0  0
 1  3 136308 19961200 1733248 156526204    0    0 133552 108156 98864 106433  3  1 95  2  0  0
 3  2 136308 19956732 1733248 156526704    0    0 134160 110256 98749 106377  3  1 95  2  0  0
 2  2 136308 19961732 1733248 156527736    0    0 134784 110524 98828 108007  3  1 95  2  0  0
 2  2 136308 19960528 1733248 156528416    0    0 136128 111612 99078 107327  3  1 95  2  0  0
 2  2 136308 19957932 1733248 156528968    0    0 135984 113348 98971 109165  3  1 95  2  0  0
 4  1 136308 19957880 1733248 156529880    0    0 136992 112564 99201 107961  3  1 95  2  0  0
 4  0 136308 19955120 1733248 156530560    0    0 136096 111956 99101 108409  3  1 95  2  0  0
procs -----------memory---------- ---swap-- -----io---- -system-- -------cpu-------
 r  b   swpd   free   buff  cache   si   so    bi    bo   in   cs us sy id wa st gu
 2  3 136308 19954144 1733260 156531092    0    0 136848 111848 99008 109340  3  1 95  2  0  0
 2  2 136308 19956952 1733260 156531908    0    0 135776 113904 99084 109054  3  1 95  2  0  0
 2  1 136308 19952096 1733260 156532616    0    0 135936 111792 99121 108757  3  1 95  2  0  0
 5  0 136308 19948760 1733260 156533256    0    0 135472 110340 99205 108144  3  1 95  2  0  0
 3  1 136308 19948624 1733260 156534076    0    0 134560 113264 99092 107415  3  1 95  2  0  0
 3  1 136308 19948000 1733260 156534724    0    0 136080 111676 99059 107936  3  1 95  2  0  0
 1  3 136308 19951340 1733260 156535552    0    0 134960 110928 99127 108720  3  1 95  2  0  0
 2  1 136308 19950748 1733260 156536296    0    0 134656 115268 99224 108163  3  1 95  2  0  0
 2  2 136308 19946784 1733260 156536840    0    0 135168 113636 98981 108360  3  1 95  2  0  0
 3  1 136308 19945468 1733260 156537608    0    0 135184 108560 99006 106617  3  1 95  2  0  0
 3  1 136308 19944272 1733260 156538340    0    0 134816 114448 98915 107695  3  1 95  2  0  0
 2  2 136308 19949600 1733264 156538928    0    0 136864 109856 98778 108408  3  1 95  2  0  0
 6  1 136308 19945492 1733264 156539924    0    0 134848 113420 99235 108269  3  1 95  2  0  0
 1  3 136308 19946084 1733264 156540588    0    0 135600 110596 99238 108395  3  1 95  2  0  0
 4  0 136308 19943528 1733264 156541260    0    0 135968 108600 98750 108182  3  1 95  2  0  0
 2  2 136308 19946608 1733264 156541808    0    0 138272 110224 99222 109015  3  1 95  2  0  0
 2  2 136308 19945232 1733264 156542520    0    0 137088 114284 99013 108791  3  1 95  2  0  0
 4  1 136308 19943936 1733264 156543376    0    0 136592 117388 99387 109892  3  1 95  2  0  0
 3  1 136308 19952600 1733264 156544028    0    0 136720 112288 99247 109599  3  1 95  2  0  0
 1  3 136308 19948492 1733264 156544532    0    0 137216 108944 99012 109513  3  1 95  2  0  0
 3  1 136308 19950976 1733272 156545432    0    0 136800 113092 99317 108965  3  1 95  2  0  0
procs -----------memory---------- ---swap-- -----io---- -system-- -------cpu-------
 r  b   swpd   free   buff  cache   si   so    bi    bo   in   cs us sy id wa st gu
 4  1 136308 19948828 1733272 156546340    0    0 137184 110848 99183 108565  3  1 95  2  0  0
 3  1 136308 19950400 1733272 156546888    0    0 136496 114504 99211 109825  3  1 95  2  0  0
 1  3 136308 19952956 1733272 156547772    0    0 137936 111940 99076 108977  3  1 95  2  0  0
 4  0 136308 19951908 1733272 156548332    0    0 137312 112428 99355 108409  3  1 95  2  0  0
 4  1 136308 19949308 1733272 156548984    0    0 136016 109332 98911 108670  3  1 95  2  0  0
 2  2 136308 19952528 1733272 156549836    0    0 136912 113716 99429 109731  3  1 95  2  0  0
 2  2 136308 19950600 1733272 156550712    0    0 137856 111168 99204 109449  3  1 95  2  0  0
 2  2 136308 19948944 1733272 156551324    0    0 138112 112744 99206 108787  3  1 95  2  0  0
 4  1 136308 19944836 1733272 156551972    0    0 138688 114488 99271 108631  3  1 95  2  0  0
 3  1 136308 19947396 1733280 156552688    0    0 138368 112272 99308 109343  3  1 95  2  0  0
 4  0 136308 19940632 1733280 156553408    0    0 136768 113664 99088 107765  3  1 95  2  0  0
 2  2 136308 19935936 1733280 156554204    0    0 137680 113024 99254 107640  3  1 95  2  0  0
 4  0 136308 19933600 1733280 156554936    0    0 137456 115440 99235 110033  3  1 95  2  0  0
 3  2 136308 19930152 1733280 156555472    0    0 137648 113196 99333 107597  3  1 95  2  0  0
 1  3 136308 19926376 1733284 156556224    0    0 135984 114656 99207 108374  3  1 95  2  0  0
 3  1 136308 19924236 1733284 156556928    0    0 135920 114308 99341 108170  3  1 95  2  0  0
 3  1 136308 19922196 1733284 156557684    0    0 136752 112228 99211 108290  3  1 95  2  0  0
 3  1 136308 19920856 1733284 156558488    0    0 136688 114276 99332 108495  3  1 95  2  0  0
 6  1 136308 19921208 1733284 156559100    0    0 136736 115412 99489 108491  3  1 95  2  0  0
 5  1 136308 19920492 1733292 156559788    0    0 136672 115812 99218 107935  3  1 95  2  0  0
 3  1 136308 19922028 1733292 156560376    0    0 135056 112836 99065 106789  3  1 95  2  0  0
procs -----------memory---------- ---swap-- -----io---- -system-- -------cpu-------
 r  b   swpd   free   buff  cache   si   so    bi    bo   in   cs us sy id wa st gu
 4  1 136308 19927060 1733292 156561344    0    0 137568 111060 99133 107408  3  1 95  2  0  0
 3  1 136308 19919484 1733292 156562068    0    0 137600 115520 99498 108590  3  1 95  2  0  0
 5  0 136308 19919328 1733292 156562588    0    0 137152 110080 98870 106875  3  1 95  2  0  0
 3  1 136308 19920120 1733296 156563284    0    0 135984 112296 99129 108299  3  1 95  2  0  0
 1  3 136308 19918416 1733296 156564016    0    0 137552 114272 99344 107878  3  1 95  2  0  0
 1  3 136308 19919532 1733296 156564720    0    0 137616 114112 99278 108984  3  1 95  2  0  0
 1  3 136308 19916120 1733296 156565420    0    0 136432 112312 99183 109008  3  1 95  2  0  0
 1  3 136308 19911200 1733296 156566176    0    0 136512 113748 99136 109371  3  1 95  2  0  0
 4  0 136308 19910712 1733296 156566868    0    0 137088 113764 99274 107052  3  1 95  2  0  0
 1  3 136308 19911668 1733296 156567692    0    0 137856 111788 99238 109669  3  1 95  2  0  0
 4  1 136308 19910264 1733296 156568272    0    0 137808 112528 99300 108963  3  1 95  2  0  0
 3  2 136308 19907556 1733296 156568936    0    0 135456 115516 99092 107489  3  1 95  2  0  0
 3  1 136308 19905592 1733296 156569776    0    0 135984 113700 99246 107644  3  1 95  2  0  0
 3  1 136308 19908904 1733304 156570420    0    0 136720 113236 99273 107950  3  1 95  2  0  0
 2  2 136308 19908272 1733304 156571252    0    0 135648 112308 98888 106684  3  1 95  2  0  0
 4  1 136308 19908548 1733304 156571856    0    0 136288 113412 99153 106846  3  1 95  2  0  0
 3  1 136308 19910980 1733304 156572504    0    0 136416 114632 99261 108122  3  1 95  2  0  0
 4  0 136308 19903684 1733304 156573288    0    0 136608 113004 99252 108203  3  1 95  2  0  0
 1  3 136308 19909480 1733304 156573984    0    0 136400 114432 99256 107945  3  1 95  2  0  0
 2  2 136308 19906636 1733304 156574668    0    0 135952 113764 99268 107478  3  1 95  2  0  0
 3  1 136308 19905668 1733304 156575572    0    0 134624 111392 98870 107785  3  1 95  2  0  0
procs -----------memory---------- ---swap-- -----io---- -system-- -------cpu-------
 r  b   swpd   free   buff  cache   si   so    bi    bo   in   cs us sy id wa st gu
 3  1 136308 19901300 1733308 156576112    0    0 135712 113500 99325 109023  3  1 95  2  0  0
 4  1 136308 19901872 1733308 156576800    0    0 135920 113920 99188 109658  3  1 95  2  0  0
 2  2 136308 19902652 1733312 156577548    0    0 136224 114348 99332 108848  3  1 95  2  0  0
 3  2 136308 19904856 1733312 156578224    0    0 135888 113948 99337 107290  3  1 95  2  0  0
 3  1 136308 19901764 1733312 156578932    0    0 132832 113768 99112 106064  3  1 95  2  0  0
 1  3 136308 19898352 1733312 156579616    0    0 135264 113176 99200 107992  3  1 95  2  0  0
 2  2 136308 19897772 1733312 156580296    0    0 135456 112304 99005 106141  3  1 95  2  0  0
 2  2 136308 19893464 1733316 156581256    0    0 136288 111716 99143 106771  3  1 95  2  0  0
 3  1 136308 19892804 1733316 156581772    0    0 135552 115960 99395 107233  3  1 95  2  0  0
 3  2 136308 19891016 1733316 156582496    0    0 136368 112356 99025 106534  3  1 95  2  0  0
 4  0 136308 19890864 1733316 156583460    0    0 134400 112280 99158 105834  3  1 95  2  0  0
 4  0 136308 19887880 1733316 156583932    0    0 135888 113728 99308 107380  3  1 95  2  0  0
 4  0 136308 19891104 1733320 156584712    0    0 137184 113548 99447 108383  3  1 95  2  0  0
 3  1 136308 19891404 1733320 156585344    0    0 138272 113340 99202 108990  3  1 95  2  0  0
 1  3 136308 19893048 1733320 156586068    0    0 136784 114824 99554 108601  3  1 95  2  0  0
 2  3 136308 19894196 1733320 156586908    0    0 135200 113372 99014 108015  3  1 95  2  0  0
 4  0 136308 19895064 1733320 156587504    0    0 134688 111692 99055 108684  3  1 95  2  0  0
 2  2 136308 19891624 1733332 156588328    0    0 134592 113960 99086 109220  3  1 95  2  0  0
 4  0 136308 19890208 1733332 156589156    0    0 136336 112836 99101 107849  3  1 95  2  0  0
 3  2 136308 19887940 1733332 156589608    0    0 135552 114580 99124 109169  3  1 95  2  0  0
 2  2 136308 19878548 1733332 156590580    0    0 137072 112796 99204 109125  3  1 95  2  0  0
procs -----------memory---------- ---swap-- -----io---- -system-- -------cpu-------
 r  b   swpd   free   buff  cache   si   so    bi    bo   in   cs us sy id wa st gu
 4  0 136308 19875992 1733332 156591460    0    0 136832 112904 99432 107605  3  1 95  2  0  0
 4  0 136308 19877612 1733344 156592036    0    0 136756 114220 99243 109243  3  1 95  2  0  0
 2  2 136308 19883264 1733344 156592648    0    0 136352 113724 99346 108970  3  1 95  2  0  0
 3  1 136308 19882908 1733344 156593292    0    0 140128 111524 99499 109105  3  1 95  2  0  0
 4  0 136308 19883552 1733344 156594180    0    0 137360 115108 99223 108942  3  1 95  2  0  0
24  1 136308 19881240 1733344 156594920    0    0 137888 113136 99318 108985  3  1 95  2  0  0
 3  2 136308 19884964 1733344 156595472    0    0 137488 114224 99400 108881  3  1 95  2  0  0
 2  3 136308 19882392 1733344 156596424    0    0 136464 114572 99467 107641  3  1 95  2  0  0
 4  0 136308 19881728 1733344 156597288    0    0 136624 115336 99169 108886  3  1 95  2  0  0
 3  2 136308 19882116 1733344 156597928    0    0 135328 114672 99224 107039  3  1 95  2  0  0
 4  0 136308 19880344 1733344 156598684    0    0 135936 115736 99105 107823  3  1 95  2  0  0
 2  2 136308 19881480 1733348 156599256    0    0 137056 113812 99604 107947  3  1 95  2  0  0
 3  1 136308 19880596 1733348 156599944    0    0 133936 112548 99124 108278  3  1 95  2  0  0
 3  1 136308 19878196 1733348 156600728    0    0 135488 112696 98998 106849  3  1 95  2  0  0
 2  2 136308 19877316 1733348 156601388    0    0 135824 114084 99387 108572  3  1 95  2  0  0
 2  2 136308 19880080 1733348 156602168    0    0 137152 113592 99516 108306  3  1 95  2  0  0
 4  0 136308 19876704 1733352 156602836    0    0 136528 113440 99212 105514  3  1 95  2  0  0
 2  2 136308 19876424 1733352 156603592    0    0 136896 112164 99156 108856  3  1 95  2  0  0
 3  1 136308 19873032 1733352 156604312    0    0 137936 113332 99510 107077  3  1 95  2  0  0
 3  2 136308 19872796 1733352 156605132    0    0 137712 114140 99396 107142  3  1 95  2  0  0
 3  1 136308 19869108 1733352 156605804    0    0 136864 113948 99524 107584  3  1 95  2  0  0
procs -----------memory---------- ---swap-- -----io---- -system-- -------cpu-------
 r  b   swpd   free   buff  cache   si   so    bi    bo   in   cs us sy id wa st gu
 4  1 136308 19871904 1733364 156606544    0    0 136736 116436 99431 108302  3  1 95  2  0  0
 4  1 136308 19867332 1733364 156607028    0    0 137760 113432 99426 108843  3  1 95  2  0  0
 3  2 136308 19861860 1733364 156607716    0    0 137184 114108 99409 108254  3  1 95  2  0  0
 4  1 136308 19860024 1733364 156608752    0    0 137888 114612 99455 108627  3  1 95  2  0  0
 4  2 136308 19856400 1733364 156609124    0    0 137376 114044 99549 106237  3  1 95  2  0  0
 4  2 136308 19859456 1733372 156610012    0    0 134432 114528 99336 107392  3  1 95  2  0  0
 4  3 136308 19862152 1733372 156610896    0    0 138432 112952 99902 108137  3  1 95  2  0  0
 3  2 136308 19866124 1733372 156611276    0    0 138464 115052 99459 107305  3  1 95  2  0  0
 5  0 136308 19865492 1733372 156612308    0    0 137632 114528 99087 106582  3  1 95  2  0  0
 4  2 136308 19862552 1733372 156613136    0    0 135904 114772 99024 107996  3  1 95  2  0  0
 7  2 136308 19861612 1733372 156613688    0    0 136256 114396 99219 108917  3  1 95  2  0  0
 3  1 136308 19860540 1733384 156614592    0    0 137120 115792 99645 108316  3  1 95  2  0  0
 3  1 136308 19858696 1733384 156614960    0    0 135200 110688 98984 107041  3  1 95  2  0  0
 5  0 136308 19856696 1733384 156615848    0    0 135680 113388 99519 107680  3  1 95  2  0  0
 4  1 136308 19857528 1733384 156616624    0    0 136960 113844 99274 107994  3  1 95  2  0  0
 2  2 136308 19861288 1733384 156616864    0    0 136032 114068 99641 107645  3  1 95  2  0  0
 3  1 136308 19856948 1733392 156618028    0    0 137360 113324 99338 108760  3  1 95  2  0  0
 3  1 136308 19853208 1733392 156618896    0    0 137472 115964 99291 109427  3  1 95  2  0  0
 0  4 136308 19852076 1733392 156619276    0    0 138352 114920 99532 109478  3  1 95  2  0  0
 4  1 136308 19849420 1733392 156620244    0    0 138768 113188 99281 110179  3  1 95  2  0  0
 3  2 136308 19845540 1733392 156621084    0    0 137696 115856 99487 108402  3  1 95  2  0  0
procs -----------memory---------- ---swap-- -----io---- -system-- -------cpu-------
 r  b   swpd   free   buff  cache   si   so    bi    bo   in   cs us sy id wa st gu
 3  1 136308 19846352 1733392 156621480    0    0 136816 118068 99413 108118  3  1 95  2  0  0
 4  1 136308 19846376 1733392 156622312    0    0 137968 116464 99578 108010  3  1 95  2  0  0
 2  2 136308 19846416 1733392 156622924    0    0 136768 114916 99216 108610  3  1 95  2  0  0
 5  0 136308 19844772 1733392 156623768    0    0 136304 115016 99406 108005  3  1 95  2  0  0
 3  1 136308 19843256 1733392 156624712    0    0 135344 113052 99340 106740  3  1 95  2  0  0
 3  1 136308 19841680 1733396 156625084    0    0 134992 113320 99598 108306  3  1 95  2  0  0
 3  1 136308 19841712 1733396 156626008    0    0 137616 114072 99377 107884  3  1 95  2  0  0
 3  1 136308 19840600 1733396 156626836    0    0 136064 114572 99338 107356  3  1 95  2  0  0
 4  0 136308 19838556 1733396 156627412    0    0 137520 114228 99249 108577  3  1 95  2  0  0
 4  0 136308 19841688 1733396 156628120    0    0 135360 109304 99156 108675  3  1 95  2  0  0
 3  1 136308 19843320 1733396 156628656    0    0 135824 112580 98974 107745  3  1 95  2  0  0
 4  1 136308 19841640 1733396 156629560    0    0 135984 113964 99403 108755  3  1 95  2  0  0
 3  1 136308 19842676 1733396 156630356    0    0 139376 116336 99557 108580  3  1 95  2  0  0
 3  2 136308 19843384 1733396 156630884    0    0 136864 115744 99327 108418  3  1 95  2  0  0
 3  1 136308 19844252 1733396 156631696    0    0 135216 116600 99092 107636  3  1 95  2  0  0
 5  0 136308 19840540 1733400 156632548    0    0 136592 109268 98609 106503  3  1 95  2  0  0
 2  2 136308 19843060 1733400 156633204    0    0 134144 114056 98796 107642  3  1 94  2  0  0
 2  2 136308 19841984 1733400 156634084    0    0 134608 114260 98985 108329  3  1 95  2  0  0
 2  2 136308 19841140 1733400 156634676    0    0 136448 110388 98879 107301  3  1 95  2  0  0
 3  2 136308 19838968 1733400 156635324    0    0 136912 115032 99234 108160  3  1 95  2  0  0
 3  2 136308 19840512 1733400 156636192    0    0 137312 113728 99262 108727  3  1 95  2  0  0
procs -----------memory---------- ---swap-- -----io---- -system-- -------cpu-------
 r  b   swpd   free   buff  cache   si   so    bi    bo   in   cs us sy id wa st gu
 1  3 136308 19842060 1733400 156636576    0    0 136832 116860 99295 109406  3  1 95  2  0  0
 2  2 136308 19839696 1733400 156637444    0    0 136128 113252 99108 107068  3  1 95  2  0  0
 3  1 136308 19840284 1733400 156638236    0    0 136464 115928 99459 108771  3  1 95  2  0  0
 4  0 136308 19844260 1733400 156638736    0    0 136352 111124 98861 106445  3  1 95  2  0  0
 1  3 136308 19841528 1733408 156639640    0    0 135504 115756 99274 107279  3  1 95  2  0  0
 2  2 136308 19840140 1733408 156640396    0    0 134960 117524 99125 107187  3  1 95  2  0  0
 3  2 136308 19843680 1733408 156640972    0    0 136512 107912 98855 108168  3  1 95  2  0  0
 3  1 136308 19839556 1733408 156641928    0    0 135424 111812 98822 108207  3  1 95  2  0  0
 3  1 136308 19839960 1733408 156642552    0    0 135840 113124 99293 107019  3  1 95  2  0  0
 3  2 136308 19836300 1733416 156643208    0    0 136272 115204 98959 107729  3  1 95  2  0  0
 2  2 136308 19837004 1733416 156644072    0    0 137376 113828 99273 108401  3  1 95  2  0  0
 2  2 136308 19835856 1733416 156644592    0    0 137024 116340 99301 110436  3  1 95  2  0  0
 4  1 136308 19839428 1733416 156645392    0    0 137168 116724 99936 110132  3  1 95  2  0  0
 3  2 136308 19841964 1733416 156646204    0    0 135344 113020 99009 107196  3  1 94  2  0  0
 2  3 136308 19835040 1733416 156646708    0    0 136992 114284 99389 107587  3  1 95  2  0  0
 3  0 136308 19838316 1733416 156647436    0    0 136944 115160 99167 108680  3  1 95  2  0  0
 2  2 136308 19839464 1733416 156648320    0    0 135344 113100 99185 108408  3  1 95  2  0  0
 5  0 136308 19838152 1733416 156648892    0    0 135712 114264 98985 108342  3  1 95  2  0  0
 4  2 136308 19838008 1733420 156649744    0    0 136112 113532 99191 108464  3  1 95  2  0  0
 4  0 136308 19834524 1733420 156650472    0    0 137440 114484 99101 109182  3  1 95  2  0  0
 3  1 136308 19829996 1733420 156651184    0    0 136944 115124 99547 109926  3  1 95  2  0  0
procs -----------memory---------- ---swap-- -----io---- -system-- -------cpu-------
 r  b   swpd   free   buff  cache   si   so    bi    bo   in   cs us sy id wa st gu
 3  1 136308 19831308 1733420 156651872    0    0 136032 113404 99159 107867  3  1 95  2  0  0
 3  1 136308 19830676 1733420 156652252    0    0 137600 113444 99266 108236  3  1 95  2  0  0
 8  0 136308 19825820 1733420 156653324    0    0 137056 112228 99223 109471  3  1 95  2  0  0
 2  2 136308 19823544 1733428 156653980    0    0 136928 114544 99630 108475  3  1 95  2  0  0
 4  0 136308 19820808 1733428 156654516    0    0 137392 114668 99161 109765  3  1 95  2  0  0
 5  0 136308 19818624 1733428 156655428    0    0 137328 113768 99383 109343  3  1 95  2  0  0
 3  2 136308 19818032 1733428 156656220    0    0 136896 112592 99010 110396  3  1 95  2  0  0
 2  2 136308 19817316 1733428 156656892    0    0 136368 116336 99528 110643  3  1 95  2  0  0
 4  1 136308 19816636 1733432 156657580    0    0 133744 114092 99120 108746  3  1 95  2  0  0
 3  1 136308 19818868 1733432 156658140    0    0 136416 114164 99015 108679  3  1 95  2  0  0
 3  2 136308 19816880 1733432 156658948    0    0 133440 114436 99146 108231  3  1 95  2  0  0
 3  2 136308 19810484 1733432 156659732    0    0 132320 114900 98698 107379  3  1 95  2  0  0
 2  2 136308 19812232 1733432 156660184    0    0 133568 113144 98931 106614  3  1 95  2  0  0
 3  1 136308 19809780 1733440 156661052    0    0 134752 114464 99226 108574  3  1 95  2  0  0
 4  1 136308 19811960 1733440 156661856    0    0 137120 111340 99018 107513  3  1 95  2  0  0
 3  1 136308 19818572 1733440 156662424    0    0 134992 111916 99181 105594  3  1 95  2  0  0
 3  1 136308 19816772 1733440 156663248    0    0 135344 112948 99197 107624  3  1 95  2  0  0
 3  1 136308 19815188 1733440 156663984    0    0 135248 116724 99248 108938  3  1 95  2  0  0
 2  2 136308 19815688 1733448 156664500    0    0 134656 112752 98959 109606  3  1 95  2  0  0
 7  1 136308 19814152 1733448 156665308    0    0 135520 113112 99404 107539  3  1 95  2  0  0
 2  2 136308 19811952 1733448 156665908    0    0 135024 117596 99333 106543  3  1 95  2  0  0
procs -----------memory---------- ---swap-- -----io---- -system-- -------cpu-------
 r  b   swpd   free   buff  cache   si   so    bi    bo   in   cs us sy id wa st gu
 3  1 136308 19808604 1733448 156666660    0    0 135504 114972 99090 107871  3  1 95  2  0  0
 4  1 136308 19806152 1733448 156667480    0    0 134144 114916 99188 107052  3  1 95  2  0  0
 4  0 136308 19810132 1733456 156668148    0    0 131872 112676 98768 105293  3  1 95  2  0  0
 5  0 136308 19809976 1733456 156668812    0    0 135328 110216 99120 106502  3  1 95  2  0  0
 4  0 136308 19806712 1733456 156669620    0    0 134176 111288 99053 105823  3  1 95  2  0  0
 1  3 136308 19807824 1733456 156670164    0    0 136896 116696 99204 106812  3  1 95  2  0  0
 1  3 136308 19794188 1733456 156670980    0    0 134576 111052 99110 107814  3  1 94  2  0  0
 2  2 136308 19798768 1733460 156671796    0    0 135792 115924 99413 105789  3  1 95  2  0  0
 4  0 136308 19799936 1733460 156672300    0    0 135248 112240 99158 107420  3  1 94  2  0  0
 2  2 136308 19796628 1733460 156673200    0    0 136432 112732 99208 105866  3  1 95  2  0  0
 3  1 136308 19796212 1733460 156673568    0    0 135584 113660 99128 109121  3  1 95  2  0  0
 6  0 136308 19797636 1733460 156674596    0    0 136416 116452 99588 108394  3  1 95  2  0  0
 2  2 136308 19797268 1733468 156675320    0    0 137648 114416 99136 107130  3  1 95  2  0  0
 3  1 136308 19793268 1733468 156675880    0    0 136784 114044 99428 108065  3  1 94  2  0  0
 3  1 136308 19795364 1733468 156676792    0    0 135712 114952 99313 107816  3  1 95  2  0  0
 4  0 136308 19797896 1733468 156677468    0    0 137152 113636 99165 107013  3  1 95  2  0  0
 4  1 136308 19794988 1733468 156677976    0    0 136304 116356 99275 108277  3  1 95  2  0  0
 2  2 136308 19792244 1733480 156678912    0    0 135408 114716 99040 107470  3  1 95  2  0  0
 4  0 136308 19792584 1733480 156679544    0    0 135936 111544 99132 106799  3  1 95  2  0  0
 3  2 136308 19796648 1733480 156680336    0    0 136080 114728 99327 107408  3  1 95  2  0  0
24  1 136308 19793184 1733480 156681040    0    0 136800 115060 99284 107573  3  1 95  2  0  0
procs -----------memory---------- ---swap-- -----io---- -system-- -------cpu-------
 r  b   swpd   free   buff  cache   si   so    bi    bo   in   cs us sy id wa st gu
 2  3 136308 19792412 1733492 156681572    0    0 135328 114272 99413 107574  3  1 95  2  0  0
 3  1 136308 19789156 1733492 156682432    0    0 134736 116060 99174 107133  3  1 95  2  0  0
 4  0 136308 19788444 1733492 156683188    0    0 136160 117012 99268 108939  3  1 95  2  0  0
 6  1 136308 19789068 1733492 156683676    0    0 137776 113680 99124 106644  3  1 95  2  0  0
 3  1 136308 19791080 1733492 156684604    0    0 135456 113528 98951 108330  3  1 95  2  0  0
 2  2 136308 19791280 1733492 156685364    0    0 135936 112696 99461 107376  3  1 95  2  0  0
 4  1 136308 19790924 1733504 156685992    0    0 135344 115120 99118 107954  3  1 95  2  0  0
 4  1 136308 19789892 1733504 156686740    0    0 136528 113292 99042 108309  3  1 95  2  0  0
 4  1 136308 19788140 1733504 156687260    0    0 135984 113412 99082 108862  3  1 95  2  0  0
 3  1 136308 19790284 1733504 156688148    0    0 136144 116184 99320 105759  3  1 95  2  0  0
 4  0 136308 19787868 1733516 156688848    0    0 136736 113788 99044 106659  3  1 95  2  0  0
 3  2 136308 19785176 1733516 156689392    0    0 137168 114720 99274 107839  3  1 95  2  0  0
 4  0 136308 19788316 1733516 156690284    0    0 133936 115468 99143 108473  3  1 95  2  0  0
 3  1 136308 19786988 1733516 156691000    0    0 134096 113360 99203 107174  3  1 95  2  0  0
 3  1 136308 19781816 1733516 156691632    0    0 136880 115784 99322 108672  3  1 95  2  0  0
 2  2 136308 19780496 1733524 156692412    0    0 135040 114640 99139 107088  3  1 95  2  0  0
 4  1 136308 19781936 1733524 156693112    0    0 136128 114172 99104 107305  3  1 95  2  0  0
 4  1 136308 19778252 1733524 156693836    0    0 136304 117568 99565 107675  3  1 95  2  0  0
 4  1 136308 19776424 1733524 156694544    0    0 137360 114204 99287 108994  3  1 95  2  0  0
 4  1 136308 19779288 1733524 156695128    0    0 134992 114528 99143 107427  3  1 95  2  0  0
 4  1 136308 19776352 1733524 156695956    0    0 136656 113672 99230 105962  3  1 95  2  0  0
procs -----------memory---------- ---swap-- -----io---- -system-- -------cpu-------
 r  b   swpd   free   buff  cache   si   so    bi    bo   in   cs us sy id wa st gu
 3  2 136308 19776252 1733528 156696692    0    0 135440 113464 99023 107594  3  1 95  2  0  0
 4  2 136308 19774552 1733528 156697344    0    0 136368 112824 99199 107792  3  1 95  2  0  0
 4  2 136308 19771940 1733528 156697944    0    0 137088 115764 99483 108228  3  1 95  2  0  0
 4  1 136308 19769344 1733528 156698820    0    0 137552 114388 99520 108477  3  1 95  2  0  0
 2  3 136308 19769448 1733540 156699480    0    0 137216 115616 99698 109326  3  1 95  2  0  0
 5  1 136308 19768104 1733540 156700252    0    0 136160 115184 99000 108624  3  1 95  2  0  0
 3  2 136308 19771508 1733540 156700984    0    0 137440 115512 99382 108665  3  1 95  2  0  0
 5  0 136308 19772080 1733540 156701660    0    0 137168 115032 99391 108699  3  1 95  2  0  0
 4  1 136308 19772080 1733540 156702340    0    0 135456 114984 99262 107421  3  1 95  2  0  0
 4  1 136308 19768864 1733552 156703032    0    0 136032 115188 99297 107947  3  1 95  2  0  0
 4  1 136308 19768732 1733552 156703792    0    0 136160 113068 99246 107531  3  1 95  2  0  0
 3  2 136308 19766240 1733552 156704512    0    0 135872 114780 98982 106863  3  1 95  2  0  0
 5  1 136308 19769060 1733552 156705088    0    0 134880 115336 99101 106204  3  1 95  2  0  0
 4  2 136308 19769408 1733552 156705940    0    0 135360 116572 99124 108368  3  1 95  2  0  0
 3  2 136308 19767840 1733556 156706644    0    0 136416 114060 99378 108325  3  1 95  2  0  0
 3  2 136308 19769044 1733556 156707456    0    0 137872 113664 99312 107437  3  1 95  2  0  0
 5  0 136308 19767400 1733556 156708076    0    0 134768 114372 99139 107421  3  1 95  2  0  0
 5  0 136308 19767016 1733556 156708788    0    0 134576 114328 99343 108504  3  1 95  2  0  0
 3  1 136308 19767036 1733556 156709532    0    0 134272 113992 99091 106959  3  1 95  2  0  0
 3  2 136308 19764372 1733556 156710264    0    0 135984 115532 99297 107324  3  1 95  2  0  0
 4  2 136308 19763080 1733556 156710868    0    0 135312 112252 99308 108364  3  1 94  2  0  0
procs -----------memory---------- ---swap-- -----io---- -system-- -------cpu-------
 r  b   swpd   free   buff  cache   si   so    bi    bo   in   cs us sy id wa st gu
 4  1 136308 19759768 1733556 156711708    0    0 135680 115708 99006 108559  3  1 95  2  0  0
 5  0 136308 19760872 1733556 156712368    0    0 137776 112944 99584 109235  3  1 95  2  0  0
 6  1 136308 19759920 1733556 156713144    0    0 135648 114256 99281 108280  3  1 95  2  0  0
 3  2 136308 19766280 1733556 156713872    0    0 136464 115528 99407 109492  3  1 95  2  0  0
 5  0 136308 19762516 1733564 156714572    0    0 139168 114020 99152 109119  3  1 95  2  0  0
 3  2 136308 19759788 1733564 156715348    0    0 137360 113656 99439 108276  3  1 95  2  0  0
 6  1 136308 19758624 1733564 156716028    0    0 136048 113636 99253 107646  3  1 95  2  0  0
 6  1 136308 19756752 1733564 156716596    0    0 137552 113748 99369 108653  3  1 95  2  0  0
 3  2 136308 19755480 1733564 156717460    0    0 136688 112588 99316 108515  3  1 95  2  0  0
 1  3 136308 19752448 1733572 156718160    0    0 137552 113824 99231 107173  3  1 95  2  0  0
 2  2 136308 19750784 1733572 156718932    0    0 135632 115072 99211 107195  3  1 95  2  0  0
 5  0 136308 19748456 1733572 156719680    0    0 136208 114168 99434 107951  3  1 95  2  0  0
 2  2 136308 19746708 1733572 156720416    0    0 135568 112920 99040 106887  3  1 95  2  0  0
 4  1 136308 19744160 1733572 156721116    0    0 137920 114804 99429 106949  3  1 95  2  0  0
 4  1 136308 19740580 1733576 156721812    0    0 136912 113340 99089 106969  3  1 95  2  0  0
 2  3 136308 19744128 1733576 156722536    0    0 137056 112580 99178 106998  3  1 95  2  0  0
 2  1 136308 19748132 1733576 156723244    0    0 135024 124280 99426 108566  3  1 95  2  0  0
 4  1 136308 19744484 1733576 156723960    0    0 137488 113484 99270 108754  3  1 94  2  0  0
 5  1 136308 19743320 1733576 156724696    0    0 137104 116124 99509 108307  3  1 95  2  0  0
 4  1 136308 19737396 1733580 156725424    0    0 137744 114188 99118 107596  3  1 95  2  0  0
 1  3 136308 19737156 1733580 156726124    0    0 137376 115608 99343 107777  3  1 95  2  0  0
procs -----------memory---------- ---swap-- -----io---- -system-- -------cpu-------
 r  b   swpd   free   buff  cache   si   so    bi    bo   in   cs us sy id wa st gu
 4  1 136308 19737828 1733580 156726852    0    0 137904 113980 99485 109199  3  1 95  2  0  0
 3  2 136308 19735520 1733580 156727572    0    0 138096 116444 99508 108186  3  1 95  2  0  0
 3  2 136308 19734528 1733580 156728324    0    0 138784 106508 99094 108962  3  1 95  2  0  0
 0  4 136308 19738316 1733584 156728904    0    0 137296 117200 99620 108585  3  1 95  2  0  0
 3  1 136308 19745432 1733584 156729720    0    0 135936 113920 99239 106559  3  1 95  2  0  0
 5  0 136308 19741236 1733584 156730416    0    0 136848 109524 99176 108021  3  1 95  2  0  0
 3  1 136308 19744700 1733584 156731144    0    0 137088 117532 99517 108839  3  1 95  2  0  0
 5  0 136308 19748756 1733584 156731880    0    0 136816 112700 99426 107056  3  1 95  2  0  0
 4  0 136308 19745764 1733584 156732576    0    0 136544 116192 99313 108354  3  1 95  2  0  0
 3  1 136308 19746232 1733584 156733292    0    0 136464 113528 99494 107897  3  1 95  2  0  0
 5  1 136308 19746112 1733584 156734024    0    0 136640 113580 99364 107057  3  1 95  2  0  0
 2  3 136308 19746164 1733588 156734536    0    0 136692 114720 99495 108343  3  1 95  2  0  0
 4  1 136308 19741984 1733588 156735428    0    0 136880 114492 99401 108456  3  1 95  2  0  0
 4  1 136308 19738816 1733592 156736176    0    0 135552 114172 99253 107751  3  1 95  2  0  0
 5  1 136308 19742508 1733592 156736904    0    0 135008 110944 99129 107124  3  1 95  2  0  0
 4  1 136308 19737168 1733592 156737552    0    0 136208 115584 99442 108282  3  1 95  2  0  0
 6  0 136308 19739688 1733592 156738276    0    0 136032 112784 99211 107180  3  1 95  2  0  0
 4  1 136308 19740988 1733592 156739024    0    0 138112 115864 99523 106285  3  1 95  2  0  0
 2  2 136308 19739276 1733596 156739728    0    0 136656 113304 99263 107820  3  1 95  2  0  0
 3  1 136308 19736228 1733596 156740424    0    0 136192 114588 99495 107855  3  1 95  2  0  0
 4  0 136308 19731636 1733596 156741128    0    0 136560 109864 99013 108051  3  1 95  2  0  0
procs -----------memory---------- ---swap-- -----io---- -system-- -------cpu-------
 r  b   swpd   free   buff  cache   si   so    bi    bo   in   cs us sy id wa st gu
 4  1 136308 19731748 1733596 156741884    0    0 136608 115220 99452 107793  3  1 95  2  0  0
 2  2 136308 19734708 1733596 156742588    0    0 135664 114896 99337 108157  3  1 95  2  0  0
 3  1 136308 19735016 1733604 156743276    0    0 136336 117900 99561 106825  3  1 95  2  0  0
 2  2 136308 19732352 1733604 156744016    0    0 136160 119604 99367 106606  3  1 95  2  0  0
 3  1 136308 19733740 1733604 156744720    0    0 135632 116136 99239 106366  3  1 95  2  0  0
 4  1 136308 19733356 1733604 156745476    0    0 136784 104040 98946 106502  3  1 95  2  0  0
 4  2 136308 19732152 1733604 156746220    0    0 135248 121736 99458 106061  3  1 95  2  0  0
 3  1 136308 19728228 1733612 156746984    0    0 135760 115332 99257 108491  3  1 95  2  0  0
 3  1 136308 19728892 1733612 156747616    0    0 136656 112456 99013 106722  3  1 95  2  0  0
 2  2 136308 19727908 1733612 156748360    0    0 136576 114520 99203 106813  3  1 95  2  0  0
 4  1 136308 19724160 1733612 156749012    0    0 137744 105032 98926 106413  3  1 95  2  0  0
 4  2 136308 19722408 1733612 156749772    0    0 136144 115296 99068 106776  3  1 95  2  0  0
 2  2 136308 19718908 1733616 156750476    0    0 135216 113944 99304 106927  3  1 95  2  0  0
 3  2 136308 19719180 1733616 156751196    0    0 139664 114636 99594 107197  3  1 95  2  0  0
 0  4 136308 19722488 1733616 156751924    0    0 135120 125708 99510 105407  3  1 95  2  0  0
 2  2 136308 19718476 1733616 156752632    0    0 135472 106332 98600 108463  3  1 95  2  0  0
 4  0 136308 19718532 1733616 156753336    0    0 136432 117420 99361 107127  3  1 95  2  0  0
 1  3 136308 19720328 1733616 156754028    0    0 134496 112752 99177 107162  3  1 95  2  0  0
 2  2 136308 19717684 1733616 156754740    0    0 136496 115068 99215 106676  3  1 95  2  0  0
 2  3 136308 19714996 1733616 156755424    0    0 136240 115264 99052 106324  3  1 94  2  0  0
 4  1 136308 19715628 1733616 156756164    0    0 137408 115800 99430 106165  3  1 95  2  0  0
procs -----------memory---------- ---swap-- -----io---- -system-- -------cpu-------
 r  b   swpd   free   buff  cache   si   so    bi    bo   in   cs us sy id wa st gu
 3  2 136308 19715544 1733632 156756848    0    0 135760 113152 99134 106621  3  1 94  2  0  0
 6  0 136308 19719628 1733632 156757600    0    0 135776 111996 98890 106701  3  1 95  2  0  0
 4  1 136308 19721304 1733636 156758312    0    0 136064 112860 99226 106581  3  1 95  2  0  0
 3  2 136308 19717544 1733636 156759024    0    0 135840 112012 99067 106361  3  1 95  2  0  0
 4  1 136308 19715964 1733636 156759748    0    0 136592 117700 99546 106886  3  1 95  2  0  0
 4  2 136308 19715368 1733636 156760472    0    0 134992 114600 99270 105939  3  1 95  2  0  0
 4  1 136308 19712544 1733636 156761184    0    0 137200 115296 99175 106921  3  1 95  2  0  0
 4  1 136308 19712096 1733636 156761940    0    0 136240 114368 99214 107264  3  1 95  2  0  0
 3  2 136308 19710504 1733636 156762628    0    0 137696 114060 99441 106275  3  1 95  2  0  0
 4  1 136308 19707476 1733636 156763352    0    0 136720 114964 99288 106901  3  1 95  2  0  0
 4  2 136308 19710564 1733636 156764116    0    0 136384 114980 99531 106951  3  1 95  2  0  0
 3  2 136308 19710536 1733636 156764832    0    0 137616 111572 98915 107550  3  1 95  2  0  0
 5  0 136308 19708372 1733644 156765568    0    0 135872 116148 99399 107213  3  1 95  2  0  0
 3  2 136308 19706088 1733644 156766296    0    0 135040 125640 99616 107214  3  1 95  2  0  0
 5  0 136308 19703392 1733644 156767032    0    0 136976 115696 99370 107377  3  1 95  2  0  0
 4  1 136308 19703676 1733644 156767752    0    0 136208 104536 98797 108827  3  1 95  2  0  0
 8  1 136308 19700528 1733644 156768488    0    0 134560 112072 98966 106843  3  1 95  2  0  0
 4  1 136308 19705428 1733652 156769168    0    0 135200 120828 99373 106496  3  1 95  2  0  0
 3  2 136308 19703552 1733652 156769892    0    0 135664 106368 98858 106804  3  1 95  2  0  0
 4  1 136308 19701284 1733652 156770480    0    0 134336 114944 98665 106701  3  1 95  2  0  0
 4  1 136308 19702772 1733652 156771256    0    0 134464 113748 99276 106916  3  1 95  2  0  0
procs -----------memory---------- ---swap-- -----io---- -system-- -------cpu-------
 r  b   swpd   free   buff  cache   si   so    bi    bo   in   cs us sy id wa st gu
 4  1 136308 19702124 1733652 156772028    0    0 135376 112736 98870 106141  3  1 95  2  0  0
 5  0 136308 19705452 1733656 156772672    0    0 137328 115736 99484 107873  3  1 95  2  0  0
 5  2 136308 19701088 1733656 156773424    0    0 135024 120476 99410 107525  3  1 95  2  0  0
 3  2 136308 19700500 1733656 156774116    0    0 137280 108260 99016 108287  3  1 95  2  0  0
 4  1 136308 19702784 1733656 156774848    0    0 134864 113736 99144 107144  3  1 95  2  0  0
 4  2 136308 19711304 1733656 156775560    0    0 134368 111980 98898 106108  3  1 95  2  0  0
 4  0 136308 19708984 1733656 156776248    0    0 137536 114328 99313 107541  3  1 95  2  0  0
 5  1 136308 19707728 1733656 156776992    0    0 135136 113328 99399 108113  3  1 95  2  0  0
 5  0 136308 19706484 1733656 156777684    0    0 136688 115712 99318 107121  3  1 95  2  0  0
 2  3 136308 19703360 1733656 156778392    0    0 137424 115952 99431 108874  3  1 95  2  0  0
 3  2 136308 19704680 1733656 156779136    0    0 137952 115404 99441 108086  3  1 95  2  0  0
 4  1 136308 19706860 1733660 156779792    0    0 137088 114524 99353 107891  3  1 95  2  0  0
 5  0 136308 19701984 1733660 156780568    0    0 137280 115188 99512 107773  3  1 95  2  0  0
 4  1 136308 19700916 1733660 156781316    0    0 137920 116276 99470 108437  3  1 95  2  0  0
 4  1 136308 19702784 1733660 156781960    0    0 135968 114180 99224 107332  3  1 95  2  0  0
 6  0 136308 19702272 1733660 156782732    0    0 136288 115484 99417 108465  3  1 95  2  0  0
 4  2 136308 19701688 1733664 156783496    0    0 134880 111960 99133 105990  3  1 95  2  0  0
 5  0 136308 19698196 1733664 156784184    0    0 135984 115244 99257 106038  3  1 95  2  0  0
 3  2 136308 19699964 1733664 156784892    0    0 135360 113224 99106 106177  3  1 95  2  0  0
 4  1 136308 19703352 1733664 156785424    0    0 136928 114808 99511 107159  3  1 95  2  0  0
 4  1 136308 19698732 1733664 156786296    0    0 134624 115832 99289 107379  3  1 95  2  0  0
procs -----------memory---------- ---swap-- -----io---- -system-- -------cpu-------
 r  b   swpd   free   buff  cache   si   so    bi    bo   in   cs us sy id wa st gu
 4  1 136308 19694388 1733672 156787024    0    0 135792 113052 99105 106684  3  1 95  2  0  0
 4  1 136308 19705288 1733672 156787704    0    0 136304 124128 99737 107805  3  1 95  2  0  0
 6  0 136308 19703908 1733672 156788444    0    0 135488 106124 99100 107768  3  1 95  2  0  0
 4  1 136308 19699996 1733672 156789160    0    0 136880 112916 99144 108364  3  1 95  2  0  0
 4  2 136308 19702392 1733672 156789904    0    0 133760 120972 99725 107672  3  1 95  2  0  0
 4  1 136308 19701472 1733680 156790596    0    0 138624 105740 99189 108413  3  1 95  2  0  0
 4  1 136308 19698992 1733680 156791352    0    0 134960 113728 99299 107111  3  1 95  2  0  0
 5  0 136308 19700792 1733680 156792044    0    0 137600 115932 99178 108265  3  1 95  2  0  0
 3  3 136308 19701428 1733680 156792760    0    0 136176 114632 99292 106926  3  1 95  2  0  0
 4  1 136308 19697496 1733680 156793468    0    0 135552 111712 98960 108032  3  1 95  2  0  0
 2  3 136308 19696016 1733680 156794232    0    0 135664 125324 99700 108794  3  1 95  2  0  0
 5  1 136308 19694920 1733692 156794892    0    0 136528 113500 99265 108970  3  1 95  2  0  0
 3  2 136308 19695820 1733692 156795636    0    0 137856 112564 99266 108782  3  1 95  2  0  0
 4  0 136308 19694376 1733692 156796344    0    0 136288 115612 99444 108539  3  1 95  2  0  0
 2  3 136308 19693364 1733692 156797072    0    0 135648 105164 98801 107082  3  1 95  2  0  0
 6  1 136308 19693180 1733692 156797744    0    0 134448 114292 99251 106595  3  1 95  2  0  0
 3  2 136308 19685516 1733696 156798528    0    0 135664 115936 99212 106604  3  1 95  2  0  0
 3  2 136308 19681752 1733696 156799144    0    0 134112 112680 99196 106175  3  1 95  2  0  0
 3  2 136308 19678000 1733696 156799908    0    0 135488 123944 99605 107675  3  1 95  2  0  0
 5  0 136308 19677884 1733696 156800620    0    0 137808 103628 98816 106988  3  1 95  2  0  0
 4  1 136308 19674708 1733696 156801348    0    0 137920 116816 99465 108031  3  1 95  2  0  0
procs -----------memory---------- ---swap-- -----io---- -system-- -------cpu-------
 r  b   swpd   free   buff  cache   si   so    bi    bo   in   cs us sy id wa st gu
 3  2 136308 19670848 1733696 156802080    0    0 135616 112748 99127 107510  3  1 95  2  0  0
 3  3 136308 19673124 1733696 156802748    0    0 136944 115632 99390 107813  3  1 95  2  0  0
 6  0 136308 19675848 1733696 156803476    0    0 135296 113404 99357 106292  3  1 95  2  0  0
 4  1 136308 19671744 1733696 156804152    0    0 135392 114588 99151 107325  3  1 95  2  0  0
 3  2 136308 19672956 1733696 156804856    0    0 136448 114036 99236 107505  3  1 95  2  0  0
 2  3 136308 19677692 1733704 156805704    0    0 135968 124484 99861 107409  3  1 95  2  0  0
 2  3 136308 19674924 1733704 156806376    0    0 136672 103588 98675 106607  3  1 95  2  0  0
 3  2 136308 19673280 1733704 156807084    0    0 134352 124560 99476 107294  3  1 95  2  0  0
 4  1 136308 19670284 1733704 156807836    0    0 136656 112920 98996 107168  3  1 95  2  0  0
 3  2 136308 19667648 1733704 156808408    0    0 136976 115696 99532 107648  3  1 95  2  0  0
 4  1 136308 19663576 1733712 156809224    0    0 138832 114836 99412 107091  3  1 95  2  0  0
 5  1 136308 19660308 1733712 156809956    0    0 138704 112508 99189 107204  3  1 95  2  0  0
 6  1 136308 19665392 1733712 156810600    0    0 135360 116804 99410 108963  3  1 95  2  0  0
 5  0 136308 19663512 1733712 156811364    0    0 135472 112232 99406 106490  3  1 95  2  0  0
 4  1 136308 19667160 1733712 156812088    0    0 137424 115192 99392 107336  3  1 95  2  0  0
 4  1 136308 19668544 1733724 156812652    0    0 135392 114880 99411 107425  3  1 95  2  0  0
 4  1 136308 19669976 1733724 156813460    0    0 133504 113840 99006 104790  3  1 95  2  0  0
 4  1 136308 19672152 1733724 156814168    0    0 135472 112228 99206 105995  3  1 94  2  0  0
 2  4 136308 19670532 1733724 156814772    0    0 135920 114432 99159 106926  3  1 95  2  0  0
 5  1 136308 19671504 1733724 156815560    0    0 137152 102916 98571 107714  3  1 95  2  0  0
 5  0 136308 19673296 1733728 156816224    0    0 134576 124096 99409 107164  3  1 95  2  0  0
procs -----------memory---------- ---swap-- -----io---- -system-- -------cpu-------
 r  b   swpd   free   buff  cache   si   so    bi    bo   in   cs us sy id wa st gu
 4  1 136308 19670836 1733728 156817012    0    0 136432 104220 99004 107213  3  1 95  2  0  0
 4  1 136308 19669812 1733728 156817776    0    0 134336 114060 99121 106719  3  1 95  2  0  0
 4  1 136308 19674300 1733728 156818456    0    0 134992 113392 99133 106720  3  1 95  2  0  0
 5  0 136308 19671100 1733736 156819172    0    0 134240 112108 99100 105483  3  1 95  2  0  0
 6  0 136308 19666152 1733740 156819904    0    0 135296 115116 99531 107345  3  1 95  2  0  0
 3  2 136308 19660016 1733740 156820568    0    0 136320 115568 99405 107920  3  1 95  2  0  0
 6  0 136308 19660908 1733740 156821304    0    0 136000 110384 99165 107314  3  1 95  2  0  0
 2  3 136308 19664980 1733740 156822028    0    0 137472 114592 99521 108253  3  1 95  2  0  0
 7  1 136308 19658540 1733748 156822764    0    0 135584 114588 99214 107374  3  1 95  2  0  0
 9  0 136308 19657148 1733748 156823476    0    0 136320 113672 99068 107718  3  1 95  2  0  0
 4  1 136308 19655524 1733748 156824220    0    0 135120 113040 99381 107620  3  1 95  2  0  0
 3  2 136308 19651692 1733748 156824972    0    0 136704 114708 99311 106368  3  1 95  2  0  0
 6  0 136308 19654364 1733748 156825668    0    0 135808 114840 99511 106949  3  1 95  2  0  0
 3  2 136308 19657204 1733752 156826400    0    0 135968 113448 99347 106800  3  1 95  2  0  0
 4  1 136308 19661820 1733752 156827080    0    0 137360 112684 99348 107494  3  1 95  2  0  0
 4  1 136308 19658212 1733752 156827808    0    0 136576 114312 99149 107810  3  1 95  2  0  0
 5  1 136308 19660568 1733752 156828488    0    0 134640 115880 99200 108236  3  1 95  2  0  0
 3  2 136308 19658180 1733752 156829220    0    0 136448 113372 99254 106999  3  1 95  2  0  0
 5  0 136308 19662376 1733752 156829952    0    0 137344 113468 99411 107990  3  1 95  2  0  0
 4  1 136308 19656200 1733752 156830648    0    0 137088 114616 99371 108711  3  1 95  2  0  0
 2  3 136308 19655912 1733752 156831364    0    0 136784 113936 99543 107817  3  1 95  2  0  0
procs -----------memory---------- ---swap-- -----io---- -system-- -------cpu-------
 r  b   swpd   free   buff  cache   si   so    bi    bo   in   cs us sy id wa st gu
 4  1 136308 19653380 1733752 156832088    0    0 136544 115976 99357 108132  3  1 95  2  0  0
 3  2 136308 19654132 1733752 156832800    0    0 136656 123680 99677 108696  3  1 95  2  0  0
 3  2 136308 19653040 1733752 156833528    0    0 138160 107176 98969 107919  3  1 95  2  0  0
 4  1 136308 19652744 1733760 156834216    0    0 135632 124452 99862 107535  3  1 95  2  0  0
 3  2 136308 19651856 1733760 156834960    0    0 136544 104780 98829 108429  3  1 95  2  0  0
 6  0 136308 19654376 1733760 156835672    0    0 135456 113608 99449 107332  3  1 95  2  0  0
 3  2 136308 19652056 1733760 156836396    0    0 136016 113156 98934 107563  3  1 95  2  0  0
 5  2 136308 19652964 1733760 156837064    0    0 132512 112800 99380 105175  3  1 95  2  0  0
 5  0 136308 19648632 1733768 156837784    0    0 133872 112316 99221 106527  3  1 95  2  0  0
 4  1 136308 19645144 1733768 156838468    0    0 135712 114276 99250 107129  3  1 95  2  0  0
 3  2 136308 19646284 1733768 156839220    0    0 134528 112468 99336 107313  3  1 95  2  0  0
 5  0 136308 19647040 1733768 156839944    0    0 135520 114400 99339 107838  3  1 95  2  0  0
 1  4 136308 19646076 1733776 156840660    0    0 136192 115064 99172 107212  3  1 95  2  0  0
 5  2 136308 19648512 1733776 156841388    0    0 133728 123028 99686 106413  3  1 95  2  0  0
 4  1 136308 19645608 1733776 156842032    0    0 136560 115872 99230 108500  3  1 95  2  0  0
 4  1 136308 19649476 1733776 156842816    0    0 136960 114828 99590 107182  3  1 95  2  0  0
 2  3 136308 19646568 1733776 156843516    0    0 138592 116376 99691 108364  3  1 95  2  0  0
 5  0 136308 19643328 1733776 156844264    0    0 136752 115156 99272 108050  3  1 95  2  0  0
 2  3 136308 19639856 1733776 156844948    0    0 135856 116240 99562 108869  3  1 95  2  0  0
 3  2 136308 19640800 1733776 156845652    0    0 136528 113984 99236 108465  3  1 95  2  0  0
 2  3 136308 19636404 1733776 156846400    0    0 136272 116040 99438 108408  3  1 95  2  0  0
procs -----------memory---------- ---swap-- -----io---- -system-- -------cpu-------
 r  b   swpd   free   buff  cache   si   so    bi    bo   in   cs us sy id wa st gu
 4  1 136308 19634144 1733776 156846992    0    0 135280 112368 99396 108302  3  1 95  2  0  0
 5  1 136308 19629720 1733776 156847832    0    0 135152 113048 98950 107068  3  1 95  2  0  0
 3  2 136308 19634692 1733776 156848624    0    0 135376 115700 99627 107716  3  1 95  2  0  0
 4  1 136308 19634180 1733776 156849272    0    0 137792 113900 99392 107661  3  1 95  2  0  0
14  0 136308 19634384 1733776 156849952    0    0 137856 113064 99190 108110  3  1 95  2  0  0
 1  4 136308 19631380 1733776 156850696    0    0 137632 115928 99768 108418  3  1 95  2  0  0
 5  0 136308 19631540 1733776 156851428    0    0 135472 112776 99437 107710  3  1 95  2  0  0
 3  2 136308 19627368 1733780 156852124    0    0 136864 115268 99332 108483  3  1 95  2  0  0
 1  4 136308 19626996 1733780 156852808    0    0 136656 114292 99331 108183  3  1 95  2  0  0
 4  2 136308 19621924 1733780 156853516    0    0 137280 115288 99460 108125  3  1 95  2  0  0
 4  1 136308 19625032 1733780 156854304    0    0 136976 113216 99442 107616  3  1 95  2  0  0
 4  1 136308 19624484 1733780 156855072    0    0 135360 114820 99113 106156  3  1 95  2  0  0
 5  1 136308 19623704 1733788 156855728    0    0 135952 112868 99418 107879  3  1 95  2  0  0
 2  3 136308 19623492 1733788 156856460    0    0 135776 114992 99360 107092  3  1 95  2  0  0
 6  0 136308 19618252 1733788 156857212    0    0 135744 114580 99203 108066  3  1 95  2  0  0
 4  1 136308 19618212 1733788 156857932    0    0 137728 112612 99333 109270  3  1 95  2  0  0
 3  2 136308 19611680 1733788 156858596    0    0 137216 114104 99306 107683  3  1 95  2  0  0
 4  1 136308 19612520 1733796 156859320    0    0 134800 114372 99143 106820  3  1 95  2  0  0
 4  1 136308 19614204 1733796 156860052    0    0 137504 113024 99278 108565  3  1 95  2  0  0
 5  0 136308 19619048 1733796 156860796    0    0 136048 114424 99334 108280  3  1 95  2  0  0
 2  3 136308 19614104 1733796 156861516    0    0 133776 113736 99061 106153  3  1 95  2  0  0
procs -----------memory---------- ---swap-- -----io---- -system-- -------cpu-------
 r  b   swpd   free   buff  cache   si   so    bi    bo   in   cs us sy id wa st gu
 4  2 136308 19611688 1733808 156862152    0    0 137328 113140 99418 107535  3  1 95  2  0  0
 6  0 136308 19612752 1733808 156862884    0    0 136944 115164 99479 109231  3  1 95  2  0  0
 3  2 136308 19616392 1733808 156863644    0    0 135568 111940 99287 107025  3  1 95  2  0  0
 5  1 136308 19616284 1733808 156864356    0    0 137536 113724 99147 109525  3  1 95  2  0  0
 4  1 136308 19613004 1733808 156865084    0    0 135568 113888 99473 106612  3  1 95  2  0  0
 3  4 136308 19609072 1733812 156865772    0    0 137712 112876 99335 107805  3  1 95  2  0  0
 3  2 136308 19606340 1733812 156866492    0    0 135360 113484 99326 108228  3  1 95  2  0  0
 5  1 136308 19607268 1733812 156867200    0    0 135200 115124 99278 107333  3  1 95  2  0  0
 4  1 136308 19607128 1733812 156867880    0    0 136416 113132 99225 108944  3  1 95  2  0  0
 3  2 136308 19605208 1733812 156868648    0    0 135104 115308 99288 107519  3  1 95  2  0  0
 3  2 136308 19577748 1733812 156869356    0    0 133984 114132 99136 107528  3  1 95  2  0  0
 4  1 136308 19577456 1733816 156870048    0    0 135312 114580 99256 107089  3  1 95  2  0  0
 5  0 136308 19574860 1733816 156870760    0    0 135824 114088 99152 106833  3  1 95  2  0  0
 2  3 136308 19574316 1733816 156871508    0    0 136464 115324 99535 108420  3  1 95  2  0  0
 5  2 136308 19577616 1733816 156872208    0    0 138624 115408 99529 109280  3  1 95  2  0  0
 3  2 136308 19570624 1733816 156872932    0    0 136432 114760 99457 108114  3  1 95  2  0  0
 3  2 136308 19566412 1733824 156873628    0    0 136400 115608 99101 107795  3  1 95  2  0  0
 4  1 136308 19564096 1733824 156874344    0    0 136128 113452 99363 107397  3  1 95  2  0  0
 3  2 136308 19563572 1733824 156875036    0    0 134432 114076 99264 106531  3  1 95  2  0  0
 2  3 136308 19566560 1733824 156875764    0    0 136160 113368 99196 108823  3  1 95  2  0  0
 2  3 136308 19574456 1733824 156876476    0    0 137616 114328 99543 109370  3  1 95  2  0  0
procs -----------memory---------- ---swap-- -----io---- -system-- -------cpu-------
 r  b   swpd   free   buff  cache   si   so    bi    bo   in   cs us sy id wa st gu
 4  1 136308 19571332 1733832 156877180    0    0 136580 115616 99618 108458  3  1 95  2  0  0
 4  1 136308 19570476 1733832 156877908    0    0 136768 113924 99241 107828  3  1 95  2  0  0
 4  1 136308 19568016 1733832 156878632    0    0 136896 115704 99572 108736  3  1 95  2  0  0
 7  2 136308 19569200 1733832 156879348    0    0 136336 112808 99285 108106  3  1 95  2  0  0
 4  2 136308 19572704 1733832 156880068    0    0 135920 114344 99317 108702  3  1 95  2  0  0
 4  1 136308 19575584 1733840 156880756    0    0 135216 114016 99295 107973  3  1 95  2  0  0
 4  1 136308 19578876 1733840 156881492    0    0 134320 114856 99000 107832  3  1 95  2  0  0
 4  2 136308 19573464 1733840 156882200    0    0 135440 113516 99195 109415  3  1 95  2  0  0
 2  3 136308 19577420 1733840 156882920    0    0 136256 115048 99368 108239  3  1 95  2  0  0
 4  1 136308 19574284 1733840 156883628    0    0 135456 116808 99407 108072  3  1 95  2  0  0
 3  2 136308 19568332 1733848 156884340    0    0 138736 115236 99411 107175  3  1 95  2  0  0
 5  0 136308 19569028 1733848 156885076    0    0 135392 117744 99233 107382  3  1 95  2  0  0
 4  1 136308 19566068 1733848 156885784    0    0 136304 103344 99004 109430  3  1 95  2  0  0
 4  1 136308 19565692 1733848 156886532    0    0 134496 126288 99654 107869  3  1 95  2  0  0
 3  2 136308 19561992 1733848 156887224    0    0 137312 112480 99192 107198  3  1 95  2  0  0
 3  2 136308 19557836 1733848 156887968    0    0 137760 112924 99364 108426  3  1 95  2  0  0
 5  0 136308 19558724 1733848 156888652    0    0 137392 115160 99681 108729  3  1 95  2  0  0
 3  2 136308 19558904 1733848 156889368    0    0 139184 106248 99128 108877  3  1 95  2  0  0
 5  0 136308 19562092 1733848 156890096    0    0 135216 114188 99261 107842  3  1 95  2  0  0
 3  2 136308 19556964 1733848 156890872    0    0 135904 120132 99221 107423  3  1 94  2  0  0
 2  3 136308 19553324 1733852 156891612    0    0 135808 114016 99391 108811  3  1 95  2  0  0
procs -----------memory---------- ---swap-- -----io---- -system-- -------cpu-------
 r  b   swpd   free   buff  cache   si   so    bi    bo   in   cs us sy id wa st gu
 5  1 136308 19551504 1733852 156892344    0    0 136896 113924 99074 108764  3  1 95  2  0  0
 5  0 136308 19552544 1733852 156893004    0    0 135504 114332 99000 107370  3  1 95  2  0  0
 3  2 136308 19551616 1733852 156893752    0    0 136176 114220 99228 108457  3  1 95  2  0  0
 5  1 136308 19551436 1733852 156894496    0    0 136176 113756 99384 108194  3  1 95  2  0  0
 5  1 136308 19548964 1733856 156895172    0    0 137792 112116 99372 108163  3  1 95  2  0  0
 4  1 136308 19549980 1733856 156895932    0    0 135968 113308 99414 106485  3  1 95  2  0  0
 4  2 136308 19551496 1733856 156896612    0    0 135984 105940 98887 107874  3  1 95  2  0  0
 3  2 136308 19545280 1733856 156897380    0    0 134368 123164 99757 107580  3  1 95  2  0  0
 5  0 136308 19544084 1733856 156898064    0    0 137536 111124 99263 107378  3  1 95  2  0  0
 5  0 136308 19545176 1733864 156898796    0    0 137248 112476 99377 107728  3  1 95  2  0  0
 5  0 136308 19546840 1733864 156899524    0    0 135200 114392 99190 106649  3  1 95  2  0  0
 3  2 136308 19551180 1733864 156900188    0    0 136224 111732 99256 108078  3  1 95  2  0  0
 2  3 136308 19552680 1733864 156900920    0    0 136080 114720 99087 107158  3  1 95  2  0  0
 4  1 136308 19552572 1733864 156901656    0    0 135808 115088 99416 108672  3  1 95  2  0  0
 2  3 136308 19551244 1733872 156902380    0    0 136768 115220 99202 107193  3  1 95  2  0  0
 4  1 136308 19555372 1733872 156903108    0    0 134064 112572 99266 107262  3  1 95  2  0  0
 3  2 136308 19553824 1733872 156903804    0    0 135488 113844 99329 106762  3  1 95  2  0  0
 3  2 136308 19551212 1733872 156904480    0    0 135360 113892 99108 106753  3  1 95  2  0  0
 3  4 136308 19550304 1733872 156905216    0    0 137520 112424 99279 107166  3  1 95  2  0  0
 4  2 136308 19554236 1733884 156905936    0    0 135008 119364 99679 106762  3  1 95  2  0  0
 4  1 136308 19554480 1733884 156906656    0    0 135968 113944 99100 106984  3  1 95  2  0  0
procs -----------memory---------- ---swap-- -----io---- -system-- -------cpu-------
 r  b   swpd   free   buff  cache   si   so    bi    bo   in   cs us sy id wa st gu
 4  1 136308 19549560 1733884 156907364    0    0 135344 114224 99358 108437  3  1 95  2  0  0
 5  1 136308 19547204 1733884 156908052    0    0 136384 111620 99391 107664  3  1 95  2  0  0
 3  2 136308 19547060 1733884 156908804    0    0 136160 112080 99246 108016  3  1 95  2  0  0
 3  2 136308 19540564 1733888 156909480    0    0 136800 117704 99673 107469  3  1 95  2  0  0
 2  3 136308 19536288 1733888 156910208    0    0 137136 110632 99291 107111  3  1 95  2  0  0
 4  1 136308 19534556 1733888 156910924    0    0 137472 117464 99714 109080  3  1 94  2  0  0
 3  2 136308 19539640 1733888 156911676    0    0 138800 114872 99634 108182  3  1 95  2  0  0
 2  3 136308 19534024 1733888 156912384    0    0 136560 115108 99563 108579  3  1 95  2  0  0
 3  2 136308 19534832 1733892 156913132    0    0 136688 112764 99251 108173  3  1 95  2  0  0
 4  1 136308 19534304 1733892 156913796    0    0 135408 115796 99179 108407  3  1 95  2  0  0
 5  0 136308 19532572 1733892 156914532    0    0 137024 104172 99131 107938  3  1 95  2  0  0
 4  1 136308 19530444 1733892 156915232    0    0 135920 125412 100071 107685  3  1 95  2  0  0
 2  1 136308 19533604 1733892 156915980    0    0 136384 107128 98622 108166  3  1 95  2  0  0
 3  3 136308 19533844 1733892 156916708    0    0 136464 120164 99691 110119  3  1 95  2  0  0
 4  2 136308 19531932 1733892 156917412    0    0 136208 115776 99431 108558  3  1 95  2  0  0
 3  3 136308 19528436 1733892 156918152    0    0 136128 115800 99124 108000  3  1 95  2  0  0
 4  2 136308 19528212 1733892 156918884    0    0 137072 114776 99194 109046  3  1 95  2  0  0
 2  3 136308 19538948 1733892 156919600    0    0 136544 113040 99663 107558  3  1 95  2  0  0
 3  2 136308 19535356 1733904 156920276    0    0 136528 112788 99153 107803  3  1 95  2  0  0
 4  1 136308 19532420 1733904 156921008    0    0 136128 115444 99527 108677  3  1 95  2  0  0
 5  0 136308 19535684 1733904 156921720    0    0 136912 114480 99489 108334  3  1 95  2  0  0
procs -----------memory---------- ---swap-- -----io---- -system-- -------cpu-------
 r  b   swpd   free   buff  cache   si   so    bi    bo   in   cs us sy id wa st gu
 2  3 136308 19540324 1733904 156922500    0    0 137488 114292 99304 106626  3  1 95  2  0  0
 4  1 136308 19535292 1733904 156923156    0    0 135168 113952 99202 108028  3  1 95  2  0  0
 5  1 136308 19534288 1733912 156923856    0    0 136064 116252 99453 106950  3  1 95  2  0  0
 4  1 136308 19533692 1733912 156924576    0    0 134528 113404 99063 106671  3  1 95  2  0  0
 5  0 136308 19534860 1733912 156925324    0    0 136560 113780 99181 108162  3  1 95  2  0  0
 6  0 136308 19533548 1733912 156926036    0    0 134336 117496 99105 108762  3  1 95  2  0  0
 4  1 136308 19530952 1733912 156926644    0    0 136496 112400 99335 106935  3  1 95  2  0  0
 4  1 136308 19527484 1733924 156927432    0    0 134912 116160 99184 106356  3  1 95  2  0  0
 5  0 136308 19530108 1733924 156928164    0    0 136240 113248 99112 106641  3  1 95  2  0  0
 3  1 136308 19525480 1733924 156928876    0    0 135472 113280 99184 107924  3  1 95  2  0  0
 3  2 136308 19526408 1733924 156929576    0    0 134304 116392 99161 108488  3  1 95  2  0  0
 4  1 136308 19521104 1733924 156930280    0    0 134544 113808 99020 106845  3  1 94  2  0  0
 6  1 136308 19522392 1733932 156930936    0    0 133904 113940 99444 106198  3  1 95  2  0  0
 4  1 136308 19526080 1733932 156931680    0    0 135872 112132 99222 106924  3  1 95  2  0  0
 5  0 136308 19524864 1733932 156932364    0    0 132896 112944 98919 106845  3  1 95  2  0  0
 3  2 136308 19519032 1733932 156933108    0    0 135840 114816 99183 108366  3  1 95  2  0  0
 4  1 136308 19522968 1733932 156933840    0    0 133200 113468 98950 105382  3  1 94  2  0  0
 6  0 136308 19524004 1733936 156934544    0    0 133296 113880 98981 106643  3  1 94  2  0  0
 7  2 136308 19521320 1733936 156935280    0    0 135376 115996 99424 107653  3  1 95  2  0  0
 3  2 136308 19523240 1733936 156936012    0    0 136160 115184 99386 106575  3  1 95  2  0  0
 3  1 136308 19522632 1733936 156936708    0    0 136720 112264 99295 107016  3  1 95  2  0  0
procs -----------memory---------- ---swap-- -----io---- -system-- -------cpu-------
 r  b   swpd   free   buff  cache   si   so    bi    bo   in   cs us sy id wa st gu
 3  3 136308 19516892 1733944 156937400    0    0 135632 114420 99365 110104  3  1 95  2  0  0
 2  3 136308 19519216 1733944 156938068    0    0 134304 113688 99124 107596  3  1 95  2  0  0
 4  1 136308 19516784 1733944 156938804    0    0 134800 114060 99305 108140  3  1 95  2  0  0
 3  2 136308 19515412 1733944 156939524    0    0 134240 113956 99004 107609  3  1 95  2  0  0
 4  1 136308 19511516 1733944 156940232    0    0 136400 113152 99382 108781  3  1 95  2  0  0
 2  4 136308 19510892 1733952 156940956    0    0 136208 115472 99242 108401  3  1 95  2  0  0
 6  1 136308 19508164 1733952 156941664    0    0 134800 113868 99229 106854  3  1 95  2  0  0
 5  3 136308 19504416 1733952 156942412    0    0 136304 110536 99039 108066  3  1 95  2  0  0
 3  2 136308 19509312 1733952 156943084    0    0 133680 117796 99282 105509  3  1 95  2  0  0
 5  1 136308 19506016 1733952 156943836    0    0 136304 114624 99402 107445  3  1 95  2  0  0
 3  2 136308 19509548 1733952 156944516    0    0 136544 114412 99235 108110  3  1 95  2  0  0
 3  2 136308 19511732 1733956 156945288    0    0 136240 116780 99384 107035  3  1 95  2  0  0
 4  1 136308 19512180 1733956 156945912    0    0 136864 110856 99288 108267  3  1 95  2  0  0
 5  1 136308 19512620 1733956 156946676    0    0 135152 118240 99476 107644  3  1 95  2  0  0
 4  1 136308 19509352 1733956 156947408    0    0 137648 103292 98692 107638  3  1 95  2  0  0
 3  2 136308 19510736 1733956 156948136    0    0 136064 123644 99669 107784  3  1 95  2  0  0
 4  1 136308 19506276 1733960 156948800    0    0 137296 115052 99274 107943  3  1 95  2  0  0
 4  1 136308 19510876 1733960 156949496    0    0 136688 111832 99159 108584  3  1 95  2  0  0
 5  0 136308 19514220 1733960 156950248    0    0 135728 118632 99427 108307  3  1 95  2  0  0
 3  2 136308 19510240 1733960 156950988    0    0 135968 115600 99622 108312  3  1 95  2  0  0
 3  2 136308 19509708 1733960 156951644    0    0 134336 114012 99288 108470  3  1 95  2  0  0
procs -----------memory---------- ---swap-- -----io---- -system-- -------cpu-------
 r  b   swpd   free   buff  cache   si   so    bi    bo   in   cs us sy id wa st gu
 4  1 136308 19505704 1733968 156952412    0    0 135376 113136 99146 106945  3  1 95  2  0  0
 4  1 136308 19502964 1733968 156953096    0    0 134112 114052 99308 106944  3  1 95  2  0  0
 2  3 136308 19498568 1733968 156953808    0    0 133472 113192 98911 107128  3  1 95  2  0  0
 4  1 136308 19500068 1733968 156954500    0    0 135808 112012 98838 108238  3  1 95  2  0  0
 4  1 136308 19495752 1733968 156955208    0    0 135168 115368 98956 108834  3  1 95  2  0  0
 5  0 136308 19492952 1733976 156955952    0    0 137152 115892 99469 108062  3  1 95  2  0  0
 6  0 136308 19489700 1733976 156956728    0    0 135840 112660 98822 106608  3  1 95  2  0  0
 3  2 136308 19491156 1733976 156957420    0    0 134992 115500 99192 108017  3  1 95  2  0  0
 5  0 136308 19487352 1733976 156958160    0    0 135984 114116 99325 108729  3  1 95  2  0  0
 4  1 136308 19493076 1733976 156958864    0    0 135856 113624 99137 107137  3  1 95  2  0  0
 3  2 136308 19495092 1733980 156959540    0    0 135856 116368 99409 107465  3  1 95  2  0  0
 4  1 136308 19493736 1733980 156960324    0    0 134352 114752 99130 107951  3  1 95  2  0  0
 4  1 136308 19491940 1733980 156961000    0    0 134944 113452 98909 108446  3  1 95  2  0  0
 4  2 136308 19491480 1733980 156961700    0    0 136352 113480 99293 106789  3  1 95  2  0  0
 4  1 136308 19495500 1733980 156962416    0    0 135120 113028 99071 106819  3  1 95  2  0  0
 4  1 136308 19493460 1733988 156963108    0    0 135968 114876 99342 107532  3  1 95  2  0  0
 5  0 136308 19490972 1733988 156963856    0    0 134416 113404 98950 106450  3  1 95  2  0  0
 4  1 136308 19489092 1733988 156964568    0    0 135264 114288 99156 107156  3  1 95  2  0  0
 3  2 136308 19483220 1733988 156965260    0    0 134800 115140 99076 107283  3  1 95  2  0  0
 4  1 136308 19489744 1733988 156966036    0    0 135824 112252 99127 107366  3  1 95  2  0  0
 1  4 136308 19489136 1733988 156966688    0    0 132848 114532 98891 105806  3  1 95  2  0  0
procs -----------memory---------- ---swap-- -----io---- -system-- -------cpu-------
 r  b   swpd   free   buff  cache   si   so    bi    bo   in   cs us sy id wa st gu
 3  2 136308 19489604 1733988 156967432    0    0 133760 112372 99086 106063  3  1 95  2  0  0
 4  1 136308 19487076 1733988 156968048    0    0 133520 113496 98936 106426  3  1 95  2  0  0
 2  1 136308 19487044 1733988 156968724    0    0 136784 115944 99395 106715  3  1 95  2  0  0
 6  0 136308 19485876 1733988 156969524    0    0 135328 114720 99391 107803  3  1 95  2  0  0
 3  3 136308 19484748 1733988 156970192    0    0 136896 113920 99144 107357  3  1 95  2  0  0
 4  1 136308 19483348 1733988 156970984    0    0 137488 110168 99234 108296  3  1 95  2  0  0
 4  1 136308 19477336 1733988 156971708    0    0 136560 118396 99330 109847  3  1 95  2  0  0
 5  1 136308 19470812 1733988 156972392    0    0 136112 116024 99283 107771  3  1 95  2  0  0
 3  2 136308 19470932 1733996 156973068    0    0 137200 113804 99335 109017  3  1 95  2  0  0
 4  1 136308 19474524 1733996 156973808    0    0 136800 114292 99234 109326  3  1 95  2  0  0
 3  2 136308 19471288 1733996 156974576    0    0 136560 114816 99212 107839  3  1 95  2  0  0
 4  2 136308 19472544 1733996 156975284    0    0 137392 115116 99369 106946  3  1 95  2  0  0
 3  2 136308 19472904 1733996 156975992    0    0 136816 114884 99333 108137  3  1 95  2  0  0
 3  2 136308 19474504 1734000 156976736    0    0 136944 115508 99372 107576  3  1 95  2  0  0
 7  0 136308 19476488 1734000 156977500    0    0 137328 114396 99300 107189  3  1 95  2  0  0
 3  2 136308 19477520 1734000 156978168    0    0 138048 114344 99168 107059  3  1 95  2  0  0
 5  1 136308 19477512 1734000 156978924    0    0 136528 113880 99024 108063  3  1 95  2  0  0
 6  0 136308 19474152 1734000 156979664    0    0 135872 115528 99102 107406  3  1 95  2  0  0
 3  2 136308 19470920 1734004 156980340    0    0 136736 113856 99458 107859  3  1 95  2  0  0
 4  1 136308 19467180 1734004 156981032    0    0 135120 115484 99214 106996  3  1 95  2  0  0
 3  2 136308 19464320 1734004 156981768    0    0 137504 114436 98819 106891  3  1 95  2  0  0
procs -----------memory---------- ---swap-- -----io---- -system-- -------cpu-------
 r  b   swpd   free   buff  cache   si   so    bi    bo   in   cs us sy id wa st gu
 5  1 136308 19466236 1734004 156982476    0    0 137216 112616 99135 107861  3  1 95  2  0  0
 5  0 136308 19465320 1734004 156983196    0    0 133632 116436 99054 107695  3  1 95  2  0  0
 4  1 136308 19461348 1734008 156983920    0    0 137568 113580 99080 107532  3  1 95  2  0  0
 4  0 136308 19457960 1734008 156984632    0    0 135664 114012 99018 108023  3  1 95  2  0  0
 4  1 136308 19457172 1734008 156985332    0    0 134560 116060 99168 107116  3  1 95  2  0  0
 2  3 136308 19457060 1734008 156986048    0    0 135776 111212 99079 106228  3  1 95  2  0  0
 2  3 136308 19452076 1734008 156986748    0    0 135440 114428 99254 106941  3  1 95  2  0  0
 4  1 136308 19449872 1734020 156987452    0    0 135616 111928 98976 107157  3  1 95  2  0  0
 4  1 136308 19454580 1734020 156988176    0    0 136592 117368 99454 107575  3  1 95  2  0  0
 3  2 136308 19453248 1734020 156988904    0    0 135616 112756 99078 108061  3  1 95  2  0  0
 2  3 136308 19451500 1734020 156989632    0    0 135376 114916 99282 108103  3  1 95  2  0  0
 4  2 136308 19448652 1734020 156990360    0    0 135152 115640 99207 107949  3  1 95  2  0  0
 5  0 136308 19451672 1734028 156991044    0    0 136000 109488 99123 106926  3  1 95  2  0  0
 4  1 136308 19449328 1734028 156991776    0    0 136320 114652 99157 107595  3  1 95  2  0  0
 2  3 136308 19451780 1734028 156992492    0    0 135760 116144 99450 107194  3  1 95  2  0  0
 4  2 136308 19448560 1734028 156993212    0    0 136704 113908 99096 108174  3  1 95  2  0  0
 3  2 136308 19446700 1734028 156993876    0    0 134896 111228 99027 107051  3  1 95  2  0  0
 4  0 136308 19444376 1734032 156994604    0    0 133168 103124 98452 104760  3  1 95  2  0  0
 6  0 136308 19450636 1734032 156995364    0    0 132864 123448 99328 107358  3  1 95  2  0  0
 3  1 136308 19448468 1734032 156996060    0    0 135472 114868 99184 106793  3  1 95  2  0  0
 4  1 136308 19454552 1734032 156996736    0    0 134160 111756 99011 106883  3  1 95  2  0  0
procs -----------memory---------- ---swap-- -----io---- -system-- -------cpu-------
 r  b   swpd   free   buff  cache   si   so    bi    bo   in   cs us sy id wa st gu
 2  2 136308 19455128 1734032 156997408    0    0 134880 115960 99182 107470  3  1 95  2  0  0
 4  1 136308 19450320 1734040 156998136    0    0 135456 113100 99133 106268  3  1 95  2  0  0
 6  0 136308 19447008 1734040 156998848    0    0 135008 112880 99120 106625  3  1 95  2  0  0
 3  2 136308 19451404 1734040 156999564    0    0 135872 111632 99000 106288  3  1 95  2  0  0
 3  2 136308 19449240 1734040 157000264    0    0 136096 114136 99095 108717  3  1 95  2  0  0
 4  1 136308 19444568 1734040 157001000    0    0 135600 113524 99231 107357  3  1 95  2  0  0
 3  2 136308 19446052 1734048 157001692    0    0 135632 113204 99021 106929  3  1 95  2  0  0
 3  3 136308 19444260 1734048 157002384    0    0 136944 115340 99366 107830  3  1 95  2  0  0
 4  1 136308 19443144 1734048 157003128    0    0 136704 111492 99199 107481  3  1 95  2  0  0
 4  1 136308 19443228 1734048 157003840    0    0 134592 114868 99043 107555  3  1 95  2  0  0
 4  1 136308 19442040 1734048 157004536    0    0 135088 116508 99317 106007  3  1 95  2  0  0
 5  0 136308 19442532 1734048 157005252    0    0 134512 114284 99270 107970  3  1 95  2  0  0
 2  3 136308 19440472 1734048 157005936    0    0 135200 110760 98992 107539  3  1 95  2  0  0
 4  1 136308 19443636 1734048 157006716    0    0 135568 112160 98977 106908  3  1 95  2  0  0
 3  2 136308 19443624 1734048 157007376    0    0 135424 114120 99235 106113  3  1 95  2  0  0
 5  1 136308 19441912 1734048 157008056    0    0 136096 113528 99359 107163  3  1 95  2  0  0
 2  3 136308 19441020 1734052 157008788    0    0 134704 114936 99212 106893  3  1 95  2  0  0
 5  0 136308 19439528 1734052 157009496    0    0 135568 115520 99023 107589  3  1 95  2  0  0
 4  1 136308 19442632 1734052 157010200    0    0 137232 113976 99226 107994  3  1 95  2  0  0
 4  1 136308 19441976 1734052 157010944    0    0 136096 117624 99238 106806  3  1 95  2  0  0
 3  3 136308 19441568 1734052 157011628    0    0 135056 110816 99040 108412  3  1 95  2  0  0
procs -----------memory---------- ---swap-- -----io---- -system-- -------cpu-------
 r  b   swpd   free   buff  cache   si   so    bi    bo   in   cs us sy id wa st gu
 3  2 136308 19441904 1734056 157012396    0    0 135760 116812 99504 108655  3  1 95  2  0  0
 3  2 136308 19441560 1734056 157013116    0    0 136352 110752 98994 105520  3  1 95  2  0  0
 2  3 136308 19441676 1734060 157013852    0    0 134144 115152 98908 106385  3  1 95  2  0  0
 4  2 136308 19442644 1734060 157014536    0    0 134096 109488 98944 107065  3  1 95  2  0  0
 3  2 136308 19439220 1734060 157015240    0    0 133504 116472 98884 105815  3  1 95  2  0  0
 4  1 136308 19438024 1734060 157016020    0    0 136176 110196 99116 106913  3  1 95  2  0  0
 4  1 136308 19439660 1734060 157016668    0    0 134160 113920 98911 106995  3  1 95  2  0  0
 5  0 136308 19436720 1734068 157017344    0    0 134160 114504 99213 104477  3  1 95  2  0  0
 4  2 136308 19432448 1734068 157018064    0    0 133104 116264 98963 104550  3  1 95  2  0  0
 3  3 136308 19433260 1734068 157018744    0    0 134016 114632 99110 105549  3  1 95  2  0  0
 4  1 136308 19429652 1734068 157019524    0    0 132480 113684 98857 104331  3  1 95  2  0  0
 4  1 136308 19430312 1734072 157020232    0    0 132804 113840 99094 105270  3  1 95  2  0  0
 4  2 136308 19429304 1734080 157020904    0    0 131872 112108 98772 104589  3  1 95  2  0  0
 2  3 136308 19427036 1734080 157021624    0    0 133088 112572 99043 104464  3  1 95  2  0  0
 2  2 136308 19427144 1734080 157022356    0    0 133280 112880 98785 105601  3  1 95  2  0  0
 4  1 136308 19424324 1734080 157023044    0    0 133632 112236 98967 104897  3  1 95  2  0  0
 2  3 136308 19432040 1734080 157023816    0    0 133936 113980 99051 105734  3  1 95  2  0  0
 5  0 136308 19426840 1734092 157024424    0    0 135920 112152 98957 107963  3  1 95  2  0  0
