procs -----------memory---------- ---swap-- -----io---- -system-- -------cpu-------
 r  b   swpd   free   buff  cache   si   so    bi    bo   in   cs us sy id wa st gu
 4  0 136820 2906208 1755592 185016696    4    6 26058 26251 12579    3  3  0 96  1  0  0
 0  1 136820 2881332 1755592 185016864    0    0 47328  4956 86613 29062  1  0 98  1  0  0
 0  1 136820 2880072 1755592 185017000    0    0 50576 55860 89498 32806  1  0 99  1  0  0
 1  0 136820 2881972 1755596 185017140    0    0 49904 22908 87902 30479  1  0 99  1  0  0
 0  1 136820 2885576 1755596 185017288    0    0 50032 25476 88035 30769  1  0 99  1  0  0
 0  1 136820 2882288 1755596 185017456    0    0 49808 27716 88093 30806  1  0 99  1  0  0
 1  0 136820 2883480 1755596 185017612    0    0 50128 29700 88168 30691  1  0 99  1  0  0
 2  0 136820 2881556 1755596 185017800    0    0 50032 31344 88392 31130  1  0 99  1  0  0
 2  0 136820 2881576 1755600 185017956    0    0 51296 30824 88338 31816  1  0 99  1  0  0
 1  0 136820 2884952 1755600 185018108    0    0 50496 30476 88387 31149  1  0 99  1  0  0
 0  1 136820 2884028 1755600 185018272    0    0 50304 29172 88150 31538  1  0 99  1  0  0
 1  0 136820 2884192 1755600 185018420    0    0 50976 28516 88205 30523  1  0 99  1  0  0
 1  0 136820 2881056 1755600 185018560    0    0 49488 28208 87968 30521  1  0 99  1  0  0
 1  0 136820 2885412 1755604 185018760    0    0 50496 28128 88315 30960  1  0 99  1  0  0
 2  0 136820 2884264 1755604 185018916    0    0 50208 29216 88205 30855  1  0 99  1  0  0
 1  1 136820 2885272 1755604 185019076    0    0 50928 29320 88357 31213  1  0 99  1  0  0
 1  1 136820 2883224 1755604 185019244    0    0 51648 29048 88118 32423  1  0 99  1  0  0
 2  1 136820 2885844 1755604 185019400    0    0 51856 29376 88293 31265  1  0 99  1  0  0
 1  1 136820 2883760 1755608 185019564    0    0 53248 30504 88511 32243  1  0 99  1  0  0
 1  0 136820 2880236 1755608 185019728    0    0 52880 30312 88605 32333  1  0 99  1  0  0
 1  1 136820 2876868 1755608 185019896    0    0 52880 31852 88507 32502  1  0 99  1  0  0
procs -----------memory---------- ---swap-- -----io---- -system-- -------cpu-------
 r  b   swpd   free   buff  cache   si   so    bi    bo   in   cs us sy id wa st gu
 0  2 136820 2880052 1755608 185020096    0    0 53024 30028 88577 32562  1  0 99  1  0  0
 2  1 136820 2876900 1755608 185020244    0    0 50848 29436 88203 31243  1  0 99  1  0  0
 3  0 136820 2874292 1755608 185020416    0    0 51024 23900 88005 30428  1  0 99  1  0  0
 2  1 136820 2872896 1755608 185020572    0    0 50912 24640 87931 30347  1  0 99  1  0  0
 2  1 136820 2872272 1755608 185020732    0    0 50544 24992 88028 30528  1  0 99  1  0  0
 3  0 136820 2882788 1755616 185020884    0    0 50944 25256 88164 31278  1  0 98  1  0  0
 2  1 136820 2880736 1755616 185021040    0    0 52944 25984 88236 32291  1  0 99  1  0  0
 0  3 136820 2877220 1755616 185021284    0    0 51968 28136 88342 32068  1  0 98  1  0  0
 2  1 136820 2881044 1755616 185021432    0    0 51616 25480 88065 30855  1  0 99  1  0  0
 0  2 136820 2882084 1755616 185021604    0    0 51840 36312 88778 32110  1  0 99  1  0  0
 3  0 136820 2882660 1755624 185021768    0    0 50096 38576 88645 31607  1  0 99  1  0  0
 2  1 136820 2883672 1755624 185021940    0    0 50880 36392 88653 32482  1  0 99  1  0  0
 3  0 136820 2884612 1755624 185022100    0    0 52480 35908 88727 32612  1  0 99  1  0  0
 2  0 136820 2885468 1755624 185022244    0    0 50640 34600 88627 31669  1  0 99  1  0  0
16  0 136820 2884476 1755624 185022408    0    0 52592 36488 88766 32037  1  0 99  1  0  0
 0  2 136820 2884920 1755628 185022576    0    0 50288 36676 88571 31831  1  0 99  1  0  0
 2  1 136820 2887960 1755628 185022736    0    0 52112 36724 88880 32735  1  0 99  1  0  0
12  0 136820 2887148 1755628 185022904    0    0 51376 36688 88642 32151  1  0 99  1  0  0
 2  1 136820 2884788 1755628 185023060    0    0 50656 36544 88666 31742  1  0 99  1  0  0
 3  1 136820 2883808 1755628 185023232    0    0 52112 36488 88810 32404  1  0 99  1  0  0
 3  0 136820 2883404 1755636 185023384    0    0 51072 37204 88695 32328  1  0 99  1  0  0
procs -----------memory---------- ---swap-- -----io---- -system-- -------cpu-------
 r  b   swpd   free   buff  cache   si   so    bi    bo   in   cs us sy id wa st gu
 3  0 136820 2882204 1755636 185023564    0    0 51888 36384 88736 32300  1  0 99  1  0  0
 0  2 136820 2881708 1755636 185023704    0    0 50656 38068 88630 32004  1  0 99  1  0  0
 1  1 136820 2857504 1755636 185023868    0    0 49520 35732 88480 31303  1  0 99  1  0  0
 3  0 136820 2860232 1755636 185024032    0    0 50512 37352 88586 32020  1  0 99  1  0  0
 2  1 136820 2861884 1755640 185024204    0    0 52528 37460 89065 32714  1  0 99  1  0  0
 3  0 136820 2863340 1755640 185024364    0    0 52336 37108 88721 32400  1  0 99  1  0  0
 2  1 136820 2862164 1755640 185024512    0    0 51408 37608 88871 32902  1  0 99  1  0  0
 0  2 136820 2858152 1755640 185024688    0    0 50896 37544 88600 32525  1  0 98  1  0  0
 2  1 136820 2855248 1755640 185024856    0    0 50192 40248 88939 32028  1  0 98  1  0  0
 2  1 136820 2856360 1755644 185025028    0    0 51856 38636 88763 32323  1  0 99  1  0  0
 2  1 136820 2854596 1755644 185025172    0    0 51696 38756 88895 32091  1  0 99  1  0  0
 3  1 136820 2854096 1755644 185025340    0    0 52336 39800 89052 33005  1  0 99  1  0  0
 4  1 136820 2855308 1755644 185025496    0    0 50912 40676 88959 32338  1  0 99  1  0  0
 5  1 136820 2852536 1755644 185025664    0    0 51536 39520 88625 31879  1  0 99  1  0  0
 0  2 136820 2853420 1755648 185025832    0    0 52624 40176 89160 32961  1  0 99  1  0  0
 2  1 136820 2856332 1755648 185025996    0    0 51888 40516 88913 32856  1  0 99  1  0  0
 3  0 136820 2855500 1755648 185026156    0    0 52272 39756 89186 32790  1  0 99  1  0  0
 2  1 136820 2849072 1755648 185026312    0    0 50432 38488 88636 31283  1  0 99  1  0  0
 3  0 136820 2848072 1755648 185026472    0    0 50480 38820 88766 32030  1  0 99  1  0  0
 3  0 136820 2850156 1755652 185026652    0    0 52288 40092 89018 33037  1  0 99  1  0  0
 2  1 136820 2850672 1755652 185026792    0    0 50912 42464 89077 32454  1  0 99  1  0  0
procs -----------memory---------- ---swap-- -----io---- -system-- -------cpu-------
 r  b   swpd   free   buff  cache   si   so    bi    bo   in   cs us sy id wa st gu
 2  1 136820 2850072 1755652 185026960    0    0 51408 38352 88733 32235  1  0 99  1  0  0
14  0 136820 2853116 1755652 185027124    0    0 52896 40396 89069 33382  1  0 99  1  0  0
 3  0 136820 2854740 1755652 185027284    0    0 52960 40408 89157 33225  1  0 99  1  0  0
 2  1 136820 2855072 1755656 185027448    0    0 51552 40540 88975 32336  1  0 99  1  0  0
 2  0 136820 2855640 1755656 185027608    0    0 51184 40764 88742 32231  1  0 99  1  0  0
 2  1 136820 2856252 1755656 185027764    0    0 51952 36808 88932 32424  1  0 99  1  0  0
 1  1 136820 2855168 1755656 185027928    0    0 50880 39460 88739 33388  1  0 99  1  0  0
 0  2 136820 2854892 1755656 185028092    0    0 52784 42688 88948 33197  1  0 99  1  0  0
 4  0 136820 2851396 1755656 185028260    0    0 52784 40952 89011 32804  1  0 99  1  0  0
 3  0 136820 2851676 1755656 185028440    0    0 51680 39100 88996 32394  1  0 99  1  0  0
 2  1 136820 2851548 1755656 185028580    0    0 50736 38444 88916 32017  1  0 99  1  0  0
 0  2 136820 2848416 1755656 185028756    0    0 50928 41068 88799 31907  1  0 99  1  0  0
 3  0 136820 2845188 1755656 185028928    0    0 52464 40064 88959 32534  1  0 99  1  0  0
 3  1 136820 2846632 1755656 185029076    0    0 50528 38696 88755 32185  1  0 99  1  0  0
 2  1 136820 2845452 1755656 185029240    0    0 51968 36576 88844 32343  1  0 99  1  0  0
 3  1 136820 2844172 1755656 185029392    0    0 50176 41172 88702 31516  1  0 99  1  0  0
 5  0 136820 2843240 1755656 185029552    0    0 49968 38428 88691 31525  1  0 99  1  0  0
 2  1 136820 2842084 1755656 185029732    0    0 51152 39836 89008 32702  1  0 99  1  0  0
 0  1 136820 2840680 1755656 185029880    0    0 51712 39332 88914 33075  1  0 99  1  0  0
 1  0 136820 2839972 1755656 185030044    0    0 50976 39188 88759 31997  1  0 99  1  0  0
 1  0 136820 2839676 1755656 185030212    0    0 50880 40272 88783 32098  1  0 99  1  0  0
procs -----------memory---------- ---swap-- -----io---- -system-- -------cpu-------
 r  b   swpd   free   buff  cache   si   so    bi    bo   in   cs us sy id wa st gu
 0  1 136820 2833928 1755656 185030376    0    0 50752 39888 88866 32360  1  0 98  1  0  0
 0  1 136820 2831196 1755656 185030544    0    0 50944 39752 88763 32583  1  0 99  1  0  0
 1  0 136820 2822076 1755656 185030688    0    0 52864 39312 89099 33149  1  0 99  1  0  0
 0  1 136820 2826092 1755656 185030864    0    0 50448 38240 88698 31695  1  0 99  1  0  0
 1  0 136820 2825820 1755656 185031120    0    0 50768 38908 88697 32650  1  0 98  1  0  0
 1  1 136820 2821216 1755656 185031272    0    0 51344 39088 88890 32091  1  0 99  1  0  0
 1  0 136820 2823976 1755656 185031436    0    0 50800 39064 88653 31670  1  0 99  1  0  0
 0  1 136820 2828796 1755656 185031604    0    0 51856 38680 89075 32691  1  0 99  1  0  0
 0  1 136820 2833156 1755656 185031760    0    0 52544 37544 88959 33041  1  0 99  1  0  0
 1  0 136820 2837564 1755656 185031944    0    0 52992 37856 88918 32792  1  0 99  1  0  0
 0  1 136820 2836704 1755656 185032104    0    0 52896 39784 88989 32915  1  0 99  1  0  0
 0  1 136820 2840208 1755656 185032280    0    0 52624 39792 89014 33003  1  0 99  1  0  0
 0  1 136820 2842000 1755660 185032428    0    0 52240 40004 88785 33356  1  0 99  1  0  0
 0  1 136820 2841576 1755660 185032604    0    0 52176 40344 88996 32952  1  0 99  1  0  0
 1  0 136820 2839620 1755660 185032780    0    0 52640 40428 88994 32812  1  0 99  1  0  0
 0  1 136820 2841180 1755660 185032936    0    0 51968 39012 89022 32678  1  0 99  1  0  0
 1  0 136820 2838516 1755660 185033104    0    0 52240 40228 88933 33182  1  0 99  1  0  0
 0  0 136820 2841476 1755660 185033300    0    0 52224 39928 88955 33266  1  0 98  1  0  0
 0  1 136820 2841636 1755660 185033460    0    0 52448 40088 88890 32631  1  0 99  1  0  0
 0  1 136820 2846772 1755660 185033624    0    0 53136 39724 89108 33055  1  0 98  1  0  0
 1  0 136820 2847276 1755660 185033788    0    0 52320 39548 88885 32970  1  0 99  1  0  0
procs -----------memory---------- ---swap-- -----io---- -system-- -------cpu-------
 r  b   swpd   free   buff  cache   si   so    bi    bo   in   cs us sy id wa st gu
 0  1 136820 2847532 1755660 185033948    0    0 52256 41036 89001 33124  1  0 99  1  0  0
 0  1 136820 2847280 1755664 185034116    0    0 52192 39884 88959 32668  1  0 99  1  0  0
 1  0 136820 2846928 1755664 185034280    0    0 52976 38764 88951 33013  1  0 99  1  0  0
 3  0 136820 2847640 1755664 185034448    0    0 52560 39484 88986 33284  1  0 99  1  0  0
 1  0 136820 2849344 1755664 185034616    0    0 52272 39048 88747 32839  1  0 99  1  0  0
 0  1 136820 2847664 1755664 185034780    0    0 53024 41624 89080 33185  1  0 99  1  0  0
 0  1 136820 2849940 1755668 185034948    0    0 51936 40188 88992 32793  1  0 99  1  0  0
 1  0 136820 2852656 1755668 185035116    0    0 51984 41936 89040 33308  1  0 98  1  0  0
 0  1 136820 2850164 1755668 185035272    0    0 52288 40312 88911 32697  1  0 99  1  0  0
 1  0 136820 2850388 1755668 185035460    0    0 52576 40312 89107 32919  1  0 99  1  0  0
 0  1 136820 2845328 1755668 185035604    0    0 52352 40752 88982 33505  1  0 98  1  0  0
 1  0 136820 2842104 1755672 185035800    0    0 52448 40184 89115 33380  1  0 99  1  0  0
 0  1 136820 2835000 1755672 185035952    0    0 52672 40436 88939 32921  1  0 99  1  0  0
 0  1 136820 2837680 1755672 185036112    0    0 52416 39904 89115 33040  1  0 99  1  0  0
 0  1 136820 2833412 1755672 185036288    0    0 52608 40232 88929 33038  1  0 99  1  0  0
 1  0 136820 2837080 1755672 185036448    0    0 52240 40464 89057 32811  1  0 99  1  0  0
 0  1 136820 2835220 1755680 185036624    0    0 51904 40140 88843 32327  1  0 99  1  0  0
 1  0 136820 2833972 1755680 185036768    0    0 52240 39716 88980 32858  1  0 99  1  0  0
 0  1 136820 2834700 1755680 185036944    0    0 53040 39756 89155 33665  1  0 99  1  0  0
 0  1 136820 2834756 1755680 185037112    0    0 52864 40216 89034 33311  1  0 99  1  0  0
 1  0 136820 2835196 1755680 185037280    0    0 52416 40512 88962 32411  1  0 99  1  0  0
procs -----------memory---------- ---swap-- -----io---- -system-- -------cpu-------
 r  b   swpd   free   buff  cache   si   so    bi    bo   in   cs us sy id wa st gu
 2  0 136820 2836820 1755688 185037436    0    0 52400 40008 89017 32977  1  0 99  1  0  0
 1  0 136820 2837552 1755688 185037596    0    0 52560 40664 89019 33003  1  0 99  1  0  0
 1  0 136820 2836576 1755688 185037748    0    0 52208 39992 88891 32489  1  0 98  1  0  0
 2  0 136820 2832752 1755688 185037948    0    0 52976 41020 89003 32832  1  0 99  1  0  0
 2  0 136820 2826432 1755688 185038116    0    0 52224 40244 88968 33111  1  0 98  1  0  0
 1  0 136820 2823684 1755692 185038284    0    0 52512 40812 88958 32901  1  0 99  1  0  0
 0  1 136820 2826488 1755692 185038432    0    0 53504 40780 89025 32858  1  0 98  1  0  0
 1  0 136820 2827316 1755692 185038604    0    0 51920 41000 88612 33070  1  0 99  1  0  0
 2  1 136820 2828872 1755692 185038780    0    0 52672 40136 89021 33546  1  0 99  1  0  0
 1  0 136820 2827372 1755692 185038940    0    0 52416 39156 88863 33054  1  0 99  1  0  0
 0  1 136820 2827244 1755700 185039108    0    0 52272 39444 88857 32486  1  0 99  1  0  0
 1  0 136820 2828520 1755700 185039276    0    0 51920 40448 88893 32371  1  0 99  1  0  0
 1  0 136820 2831312 1755700 185039440    0    0 51568 40724 88987 32955  1  0 99  1  0  0
 1  0 136820 2829284 1755700 185039600    0    0 52496 42068 89007 32919  1  0 99  1  0  0
 1  0 136820 2829536 1755700 185039760    0    0 52576 41416 88931 32070  1  0 99  1  0  0
 0  1 136820 2830156 1755700 185039936    0    0 52016 40200 88767 32513  1  0 99  1  0  0
 0  1 136820 2831508 1755700 185040100    0    0 52256 40928 89033 32588  1  0 99  1  0  0
 1  0 136820 2828432 1755700 185040252    0    0 52400 39676 88845 32457  1  0 99  1  0  0
 2  0 136820 2823888 1755700 185040412    0    0 51808 40380 88893 31516  1  0 99  1  0  0
 0  1 136820 2825252 1755700 185040580    0    0 52192 39900 88751 32157  1  0 99  1  0  0
 1  0 136820 2824300 1755704 185040748    0    0 52672 40100 89156 32890  1  0 98  1  0  0
procs -----------memory---------- ---swap-- -----io---- -system-- -------cpu-------
 r  b   swpd   free   buff  cache   si   so    bi    bo   in   cs us sy id wa st gu
 1  0 136820 2825844 1755704 185040908    0    0 52032 39544 88600 32349  1  0 98  1  0  0
 1  0 136820 2824588 1755704 185041164    0    0 51968 40052 88891 32327  1  0 98  1  0  0
 0  1 136820 2823540 1755704 185041312    0    0 52960 39784 88903 33310  1  0 99  1  0  0
 1  0 136820 2825800 1755704 185041468    0    0 52592 40132 89052 33291  1  0 99  1  0  0
 0  1 136820 2829052 1755712 185041648    0    0 52704 39816 88716 33571  1  0 99  1  0  0
 0  1 136820 2830408 1755712 185041804    0    0 51664 39608 88673 32188  1  0 99  1  0  0
 1  0 136820 2835740 1755712 185041972    0    0 52384 39576 88922 32377  1  0 99  1  0  0
 0  1 136820 2832848 1755712 185042156    0    0 52592 39700 88901 33180  1  0 99  1  0  0
 1  0 136820 2835016 1755712 185042324    0    0 52096 39008 88896 32730  1  0 99  1  0  0
 1  0 136820 2831784 1755720 185042496    0    0 52208 39864 88834 32123  1  0 99  1  0  0
 0  1 136820 2829316 1755720 185042636    0    0 52752 38796 88763 32057  1  0 99  1  0  0
 0  1 136820 2832800 1755720 185042788    0    0 52656 40492 89097 32750  1  0 98  1  0  0
 1  0 136820 2835080 1755720 185042964    0    0 52352 38712 88788 32315  1  0 99  1  0  0
 1  0 136820 2836316 1755728 185043116    0    0 52400 40564 88918 32108  1  0 99  1  0  0
 1  0 136820 2837064 1755732 185043284    0    0 52096 39252 88872 32711  1  0 99  1  0  0
 2  0 136820 2836020 1755732 185043476    0    0 51984 40784 88968 32781  1  0 99  1  0  0
 1  0 136820 2834988 1755732 185043612    0    0 51856 38304 88775 31918  1  0 99  1  0  0
 0  1 136820 2836524 1755732 185043780    0    0 52416 38860 88714 31919  1  0 98  1  0  0
 1  0 136820 2838476 1755732 185043956    0    0 52256 39568 88815 32591  1  0 99  1  0  0
 0  1 136820 2835836 1755740 185044116    0    0 53088 40056 88967 33213  1  0 99  1  0  0
 1  0 136820 2834988 1755740 185044276    0    0 52240 40348 88900 32465  1  0 99  1  0  0
procs -----------memory---------- ---swap-- -----io---- -system-- -------cpu-------
 r  b   swpd   free   buff  cache   si   so    bi    bo   in   cs us sy id wa st gu
 0  1 136820 2834384 1755740 185044444    0    0 52256 40852 88921 32467  1  0 99  1  0  0
 0  1 136820 2835420 1755740 185044616    0    0 52512 40900 88796 32236  1  0 99  1  0  0
 1  0 136820 2835840 1755740 185044756    0    0 52000 40880 89044 32612  1  0 99  1  0  0
 1  0 136820 2832344 1755740 185044912    0    0 52368 41208 88896 32385  1  0 98  1  0  0
 0  1 136820 2835140 1755740 185045092    0    0 52704 41028 89024 32501  1  0 99  1  0  0
 1  0 136820 2832556 1755740 185045252    0    0 52432 40784 88833 32282  1  0 99  1  0  0
 3  0 136820 2831808 1755740 185045416    0    0 52512 40352 89093 32712  1  0 99  1  0  0
 2  0 136820 2830100 1755740 185045600    0    0 52000 40348 88844 32013  1  0 99  1  0  0
 2  0 136820 2831736 1755740 185045744    0    0 52592 41060 88799 32332  1  0 99  1  0  0
 1  1 136820 2826776 1755740 185045952    0    0 52224 40432 89055 32484  1  0 99  1  0  0
 2  0 136820 2822560 1755740 185046112    0    0 52000 40580 88826 32813  1  0 99  1  0  0
 1  1 136820 2824964 1755740 185046276    0    0 52896 39296 88938 32249  1  0 98  1  0  0
 2  1 136820 2825060 1755740 185046428    0    0 52048 40324 88821 32475  1  0 99  1  0  0
 1  1 136820 2825816 1755740 185046608    0    0 52592 40544 89092 32908  1  0 99  1  0  0
 1  0 136820 2819900 1755740 185046772    0    0 51968 40044 88868 32346  1  0 99  1  0  0
 2  0 136820 2818152 1755740 185046960    0    0 52032 39976 88780 32922  1  0 99  1  0  0
 2  0 136820 2816640 1755740 185047092    0    0 50992 40016 88714 31966  1  0 99  1  0  0
 1  1 136820 2818400 1755740 185047260    0    0 51984 40572 88877 32699  1  0 99  1  0  0
 0  1 136820 2817868 1755744 185047464    0    0 52144 41324 88982 32988  1  0 99  1  0  0
 0  1 136820 2816944 1755744 185047596    0    0 52608 41520 89105 32263  1  0 98  1  0  0
 0  1 136820 2816596 1755744 185047756    0    0 52416 41916 88972 32705  1  0 99  1  0  0
procs -----------memory---------- ---swap-- -----io---- -system-- -------cpu-------
 r  b   swpd   free   buff  cache   si   so    bi    bo   in   cs us sy id wa st gu
 0  1 136820 2820136 1755744 185047928    0    0 52368 41940 89220 33008  1  0 99  1  0  0
 0  1 136820 2823140 1755744 185048080    0    0 52176 40472 89021 32759  1  0 99  1  0  0
 1  0 136820 2829760 1755752 185048260    0    0 51696 40572 88893 32338  1  0 99  1  0  0
 0  1 136820 2830244 1755752 185048416    0    0 51440 39252 88783 32213  1  0 99  1  0  0
 1  0 136820 2830256 1755752 185048600    0    0 52160 40300 89054 33090  1  0 98  1  0  0
 2  0 136820 2831096 1755752 185048756    0    0 52512 40048 88940 32623  1  0 99  1  0  0
 1  0 136820 2829040 1755752 185048920    0    0 52752 40172 88898 32583  1  0 99  1  0  0
 0  1 136820 2833468 1755756 185049092    0    0 52480 40332 89013 32783  1  0 99  1  0  0
 1  0 136820 2830144 1755756 185049260    0    0 52384 40024 89023 32887  1  0 99  1  0  0
 2  0 136820 2832048 1755756 185049416    0    0 51792 40300 88899 32449  1  0 99  1  0  0
 1  0 136820 2834168 1755756 185049588    0    0 52400 39992 88967 32563  1  0 99  1  0  0
 4  1 136820 2834052 1755756 185049760    0    0 52368 39764 88965 32572  1  0 99  1  0  0
 1  0 136820 2831280 1755760 185049900    0    0 52432 39040 89040 32800  1  0 99  1  0  0
 0  1 136820 2829808 1755760 185050068    0    0 52736 39848 89024 32967  1  0 99  1  0  0
 1  0 136820 2831244 1755760 185050232    0    0 52624 38632 88903 32305  1  0 99  1  0  0
 1  0 136820 2831300 1755760 185050404    0    0 52400 39752 89012 32993  1  0 99  1  0  0
 1  0 136820 2829456 1755760 185050572    0    0 52192 39856 88960 32947  1  0 99  1  0  0
 1  0 136820 2820288 1755764 185050720    0    0 52032 40032 89078 32613  1  0 99  1  0  0
 2  0 136820 2818660 1755764 185050892    0    0 51824 40004 88963 32302  1  0 99  1  0  0
 1  0 136820 2819508 1755764 185051136    0    0 51840 40636 88997 32505  1  0 98  1  0  0
 1  0 136820 2818072 1755764 185051292    0    0 51920 41200 88956 32262  1  0 99  1  0  0
procs -----------memory---------- ---swap-- -----io---- -system-- -------cpu-------
 r  b   swpd   free   buff  cache   si   so    bi    bo   in   cs us sy id wa st gu
 0  0 136820 2819276 1755764 185051480    0    0 52496 40068 88981 32554  1  0 99  1  0  0
 0  1 136820 2818664 1755768 185051640    0    0 52352 40352 89106 32813  1  0 99  1  0  0
 2  0 136820 2818416 1755768 185051776    0    0 51680 41028 89069 32319  1  0 98  1  0  0
 1  0 136820 2818468 1755768 185051960    0    0 52064 41312 88962 32442  1  0 98  1  0  0
 0  1 136820 2816396 1755768 185052112    0    0 52608 41720 89110 32480  1  0 98  1  0  0
 0  1 136820 2817620 1755768 185052284    0    0 52624 41548 89009 32727  1  0 98  1  0  0
 1  1 136820 2820284 1755776 185052436    0    0 52224 41304 88959 33001  1  0 99  1  0  0
 0  1 136820 2823428 1755776 185052620    0    0 52672 41236 88773 34738  1  0 99  1  0  0
 1  0 136820 2821024 1755776 185052804    0    0 52816 39536 88993 32965  1  0 98  1  0  0
 1  0 136820 2819308 1755776 185052936    0    0 51728 39852 88832 33022  1  0 99  1  0  0
 1  0 136820 2820860 1755776 185053132    0    0 52320 39980 89110 33104  1  0 99  1  0  0
 0  1 136820 2818284 1755776 185053276    0    0 52592 40932 88932 32735  1  0 99  1  0  0
 0  1 136820 2816776 1755784 185053440    0    0 51456 41228 89126 32587  1  0 99  1  0  0
 0  1 136820 2817532 1755784 185053628    0    0 52544 40392 89021 32933  1  0 99  1  0  0
 0  1 136820 2819308 1755784 185053772    0    0 51872 39604 89079 32751  1  0 99  1  0  0
 0  1 136820 2820940 1755784 185053940    0    0 52608 39796 88865 32453  1  0 99  1  0  0
 0  1 136820 2824404 1755784 185054112    0    0 52992 39988 89107 32961  1  0 99  1  0  0
 0  1 136820 2822044 1755784 185054272    0    0 52816 39536 89047 32955  1  0 99  1  0  0
 0  1 136820 2820836 1755784 185054460    0    0 52320 39388 88961 32820  1  0 99  1  0  0
 0  1 136820 2822248 1755784 185054608    0    0 52016 39960 88799 32255  1  0 99  1  0  0
 1  0 136820 2829284 1755784 185054792    0    0 52736 40128 89123 32754  1  0 99  1  0  0
procs -----------memory---------- ---swap-- -----io---- -system-- -------cpu-------
 r  b   swpd   free   buff  cache   si   so    bi    bo   in   cs us sy id wa st gu
 1  0 136820 2827440 1755784 185054936    0    0 51936 40492 88884 32869  1  0 99  1  0  0
 0  1 136820 2826116 1755784 185055080    0    0 51456 40088 88844 33138  1  0 99  1  0  0
 1  1 136820 2826052 1755784 185055264    0    0 52176 41148 88867 32422  1  0 98  1  0  0
 1  2 136820 2824352 1755784 185055428    0    0 52560 41196 89113 33832  1  0 99  1  0  0
 0  1 136820 2822068 1755784 185055596    0    0 52912 40544 88921 34039  1  0 99  1  0  0
 1  0 136820 2822372 1755792 185055772    0    0 52480 40352 89089 33106  1  0 99  1  0  0
 1  0 136820 2816476 1755792 185055924    0    0 52528 40140 88881 32624  1  0 99  1  0  0
 1  0 136820 2821092 1755792 185056084    0    0 52272 40792 89099 32964  1  0 99  1  0  0
 1  0 136820 2818684 1755792 185056256    0    0 52704 40232 88982 32973  1  0 99  1  0  0
 0  1 136820 2819188 1755792 185056404    0    0 52512 29528 88401 32194  1  0 99  1  0  0
 0  1 136820 2821472 1755800 185056576    0    0 52320 40164 88984 32579  1  0 98  1  0  0
 1  0 136820 2819748 1755800 185056764    0    0 52256 39968 89096 32559  1  0 99  1  0  0
 0  1 136820 2815268 1755800 185056920    0    0 52448 40004 88941 32991  1  0 99  1  0  0
 0  1 136820 2815168 1755800 185057092    0    0 52048 40436 89021 32501  1  0 99  1  0  0
 1  0 136820 2813448 1755800 185057244    0    0 52096 41272 88969 32524  1  0 99  1  0  0
 0  1 136820 2815224 1755808 185057404    0    0 52096 41864 89165 32718  1  0 99  1  0  0
 1  0 136820 2816640 1755808 185057572    0    0 52080 40872 89039 32833  1  0 99  1  0  0
 0  1 136820 2816896 1755808 185057744    0    0 52704 41260 89053 32719  1  0 98  1  0  0
 0  1 136820 2817416 1755808 185057896    0    0 51904 40732 88998 32560  1  0 99  1  0  0
 1  0 136820 2818820 1755808 185058064    0    0 52208 39912 88868 33568  1  0 99  1  0  0
 1  0 136820 2818964 1755816 185058220    0    0 52576 39252 89037 33272  1  0 99  1  0  0
procs -----------memory---------- ---swap-- -----io---- -system-- -------cpu-------
 r  b   swpd   free   buff  cache   si   so    bi    bo   in   cs us sy id wa st gu
 0  1 136820 2814716 1755816 185058392    0    0 52288 39388 88919 32428  1  0 99  1  0  0
 1  1 136820 2814740 1755816 185058556    0    0 51744 39084 88807 32258  1  0 99  1  0  0
 2  0 136820 2817492 1755816 185058732    0    0 53056 40232 89055 33522  1  0 99  1  0  0
 1  0 136820 2819232 1755816 185058900    0    0 52816 41008 88994 33639  1  0 99  1  0  0
 1  0 136820 2815444 1755824 185059052    0    0 52528 41472 89022 33321  1  0 99  1  0  0
 0  1 136820 2816680 1755824 185059224    0    0 52272 40452 88891 32552  1  0 99  1  0  0
 1  0 136820 2814568 1755824 185059416    0    0 52800 40572 89158 33377  1  0 98  1  0  0
 0  1 136820 2812612 1755824 185059584    0    0 52512 40192 89134 33159  1  0 99  1  0  0
 3  1 136820 2812172 1755824 185059752    0    0 52896 40044 88934 32771  1  0 99  1  0  0
 1  1 136820 2815832 1755832 185059920    0    0 52592 39760 88948 32469  1  0 99  1  0  0
 0  1 136820 2814320 1755832 185060072    0    0 52880 41512 89155 33378  1  0 98  1  0  0
 1  0 136820 2812376 1755832 185060248    0    0 53360 42020 89008 33765  1  0 99  1  0  0
 0  1 136820 2817456 1755832 185060412    0    0 52736 41628 88876 32269  1  0 99  1  0  0
 1  0 136820 2815216 1755832 185060580    0    0 52192 29216 88368 31848  1  0 98  1  0  0
 1  0 136820 2814056 1755840 185060740    0    0 52288 40300 89121 33030  1  0 99  1  0  0
 0  1 136820 2811440 1755840 185060904    0    0 52320 40524 89119 33242  1  0 98  1  0  0
 1  0 136820 2808972 1755840 185061128    0    0 52192 40804 88660 33139  1  0 99  1  0  0
 1  0 136820 2806956 1755840 185061296    0    0 52496 41100 89273 33075  1  0 99  1  0  0
 1  0 136820 2806492 1755840 185061456    0    0 52736 41684 88983 33047  1  0 99  1  0  0
 1  1 136820 2806316 1755844 185061628    0    0 52528 40424 89070 32773  1  0 99  1  0  0
 1  0 136820 2809404 1755844 185061796    0    0 52944 40708 88998 32705  1  0 99  1  0  0
procs -----------memory---------- ---swap-- -----io---- -system-- -------cpu-------
 r  b   swpd   free   buff  cache   si   so    bi    bo   in   cs us sy id wa st gu
 1  0 136820 2812420 1755844 185061948    0    0 52096 40540 88816 32357  1  0 99  1  0  0
 1  0 136820 2815204 1755844 185062136    0    0 52400 40880 89051 32952  1  0 99  1  0  0
 1  0 136820 2815792 1755844 185062288    0    0 52352 40664 88962 32712  1  0 99  1  0  0
 1  0 136820 2815832 1755844 185062468    0    0 52800 40632 88905 32330  1  0 99  1  0  0
 0  1 136820 2812100 1755844 185062624    0    0 52304 40164 88974 32555  1  0 99  1  0  0
 1  1 136820 2815716 1755844 185062780    0    0 52816 27808 88377 32343  1  0 99  1  0  0
 0  1 136820 2815512 1755844 185062956    0    0 52528 40328 88950 33230  1  0 99  1  0  0
 1  0 136820 2816060 1755844 185063104    0    0 51936 40384 88635 31853  1  0 98  1  0  0
 2  0 136820 2816372 1755848 185063280    0    0 51776 41336 89060 32392  1  0 99  1  0  0
 1  0 136820 2814040 1755848 185063448    0    0 52192 41124 89088 33040  1  0 99  1  0  0
 0  1 136820 2816428 1755848 185063624    0    0 51264 42140 88871 32891  1  0 99  1  0  0
 0  0 136820 2818584 1755848 185063792    0    0 52112 41344 88967 32604  1  0 98  1  0  0
 1  0 136820 2821744 1755848 185063948    0    0 51792 40968 88756 33143  1  0 99  1  0  0
 1  0 136820 2818868 1755860 185064092    0    0 52608 39768 88999 33340  1  0 99  1  0  0
 0  1 136820 2817716 1755860 185064276    0    0 52480 39320 88930 32587  1  0 99  1  0  0
 1  0 136820 2817640 1755860 185064440    0    0 52560 39544 88847 32244  1  0 99  1  0  0
 1  1 136820 2816640 1755860 185064608    0    0 52448 39964 88989 32449  1  0 99  1  0  0
 1  0 136820 2816792 1755860 185064776    0    0 52672 39544 89017 33120  1  0 99  1  0  0
 1  0 136820 2814564 1755868 185064932    0    0 52224 40152 88960 32817  1  0 98  1  0  0
 0  1 136820 2813044 1755868 185065120    0    0 52320 40376 88900 32463  1  0 99  1  0  0
 1  0 136820 2814236 1755868 185065268    0    0 52144 41256 89000 32808  1  0 99  1  0  0
procs -----------memory---------- ---swap-- -----io---- -system-- -------cpu-------
 r  b   swpd   free   buff  cache   si   so    bi    bo   in   cs us sy id wa st gu
 1  0 136820 2810164 1755868 185065440    0    0 52464 41476 89170 33148  1  0 99  1  0  0
 1  0 136820 2811464 1755868 185065616    0    0 52832 28620 88338 31776  1  0 99  1  0  0
 1  0 136820 2814848 1755872 185065764    0    0 52320 40896 88944 32406  1  0 99  1  0  0
 1  0 136820 2817592 1755872 185065932    0    0 52448 39672 88836 32541  1  0 99  1  0  0
 0  1 136820 2816324 1755872 185066096    0    0 51984 40016 88995 33038  1  0 99  1  0  0
 0  1 136820 2815660 1755872 185066248    0    0 52304 39564 88851 32198  1  0 98  1  0  0
 3  1 136820 2817944 1755872 185066420    0    0 52528 40552 88817 32852  1  0 99  1  0  0
 1  0 136820 2817572 1755876 185066580    0    0 52000 40036 88801 33271  1  0 99  1  0  0
 0  1 136820 2815132 1755876 185066744    0    0 52128 40548 89056 33125  1  0 99  1  0  0
 0  1 136820 2815528 1755876 185066908    0    0 51888 40436 88773 32320  1  0 99  1  0  0
 0  1 136820 2814120 1755876 185067076    0    0 51744 40772 88988 32560  1  0 99  1  0  0
 0  1 136820 2814740 1755876 185067236    0    0 52528 40284 88630 33813  1  0 99  1  0  0
 0  1 136820 2809212 1755884 185067396    0    0 51776 40080 89042 32839  1  0 99  1  0  0
 2  0 136820 2807420 1755884 185067560    0    0 51904 40044 88667 31944  1  0 99  1  0  0
 1  0 136820 2809636 1755884 185067732    0    0 51904 41468 89056 32519  1  0 99  1  0  0
 0  1 136820 2806116 1755884 185067888    0    0 51792 29160 88364 31477  1  0 99  1  0  0
 2  1 136820 2811296 1755884 185068060    0    0 52416 40916 89123 32994  1  0 98  1  0  0
 1  0 136820 2811856 1755884 185068228    0    0 52384 41032 88837 32292  1  0 99  1  0  0
 1  0 136820 2816412 1755884 185068380    0    0 52416 40500 88913 32266  1  0 99  1  0  0
 0  1 136820 2817868 1755884 185068544    0    0 52416 41500 89026 32630  1  0 99  1  0  0
 0  1 136820 2817692 1755884 185068720    0    0 52160 41552 89039 33180  1  0 99  1  0  0
procs -----------memory---------- ---swap-- -----io---- -system-- -------cpu-------
 r  b   swpd   free   buff  cache   si   so    bi    bo   in   cs us sy id wa st gu
 0  1 136820 2817280 1755884 185068876    0    0 51792 41696 88806 32246  1  0 99  1  0  0
 1  0 136820 2815692 1755896 185069064    0    0 52016 30048 88462 31496  1  0 99  1  0  0
 2  0 136820 2814460 1755896 185069232    0    0 52352 41896 88953 32655  1  0 98  1  0  0
 1  0 136820 2816676 1755896 185069412    0    0 51840 41896 89247 33143  1  0 99  1  0  0
 0  1 136820 2809080 1755896 185069564    0    0 50992 40816 88808 32048  1  0 99  1  0  0
 1  0 136820 2804404 1755896 185069728    0    0 50752 39820 88873 32246  1  0 99  1  0  0
 0  1 136820 2803980 1755900 185069888    0    0 51232 39432 88696 32881  1  0 99  1  0  0
 0  1 136820 2801292 1755900 185070044    0    0 52512 39156 89109 33465  1  0 99  1  0  0
 0  1 136820 2799884 1755900 185070216    0    0 50496 39692 88710 31402  1  0 99  1  0  0
 1  0 136820 2800112 1755900 185070376    0    0 52096 40652 89131 32755  1  0 99  1  0  0
 1  1 136820 2808720 1755904 185070532    0    0 51296 41300 88933 32376  1  0 99  1  0  0
 0  1 136820 2807288 1755904 185070696    0    0 49936 40488 89097 31833  1  0 99  1  0  0
 0  1 136820 2806312 1755904 185070868    0    0 50512 28044 88241 30894  1  0 99  1  0  0
 1  0 136820 2806220 1755904 185071084    0    0 51904 39452 88907 32071  1  0 99  1  0  0
 1  0 136820 2806648 1755904 185071244    0    0 52288 38408 88887 32568  1  0 99  1  0  0
 0  1 136820 2805892 1755904 185071400    0    0 51920 38936 89031 33128  1  0 99  1  0  0
 0  1 136820 2807256 1755904 185071588    0    0 51712 39220 88794 31965  1  0 99  1  0  0
 1  0 136820 2804364 1755904 185071756    0    0 50256 39136 88689 31667  1  0 99  1  0  0
 1  1 136820 2806164 1755904 185071904    0    0 52688 39920 89050 32823  1  0 98  1  0  0
 0  1 136820 2808744 1755904 185072072    0    0 51440 38936 88800 32835  1  0 99  1  0  0
 0  1 136820 2807520 1755904 185072236    0    0 50864 39020 88770 31506  1  0 99  1  0  0
procs -----------memory---------- ---swap-- -----io---- -system-- -------cpu-------
 r  b   swpd   free   buff  cache   si   so    bi    bo   in   cs us sy id wa st gu
 0  1 136820 2807484 1755904 185072404    0    0 51184 38980 88666 32468  1  0 98  1  0  0
 0  1 136820 2808720 1755904 185072560    0    0 51888 39912 88826 33293  1  0 99  1  0  0
 0  1 136820 2809228 1755904 185072716    0    0 52048 39748 89130 33167  1  0 99  1  0  0
 1  0 136820 2810180 1755904 185072880    0    0 52400 40800 88874 32301  1  0 99  1  0  0
 0  1 136820 2810124 1755904 185073048    0    0 51088 39764 88960 32371  1  0 99  1  0  0
 0  1 136820 2808188 1755912 185073212    0    0 52096 40564 89025 33124  1  0 99  1  0  0
 0  1 136820 2803592 1755912 185073368    0    0 51568 40084 89030 33039  1  0 99  1  0  0
 2  0 136820 2800080 1755912 185073524    0    0 52240 39972 88901 32318  1  0 99  1  0  0
 0  1 136820 2799508 1755912 185073700    0    0 52592 28760 88316 31832  1  0 99  1  0  0
 1  0 136820 2798708 1755912 185073872    0    0 52448 40632 89061 32881  1  0 99  1  0  0
 2  0 136820 2794608 1755912 185074032    0    0 51696 40952 89200 33484  1  0 99  1  0  0
 1  0 136820 2798484 1755912 185074192    0    0 51856 41116 88898 32445  1  0 99  1  0  0
 2  0 136820 2802776 1755912 185074360    0    0 52032 40836 89068 32955  1  0 99  1  0  0
 1  0 136820 2805096 1755912 185074528    0    0 52048 40100 88944 33157  1  0 99  1  0  0
 1  0 136820 2803868 1755912 185074724    0    0 52080 39928 89098 33186  1  0 99  1  0  0
 1  0 136820 2801196 1755916 185074900    0    0 51104 38720 88785 31847  1  0 98  1  0  0
 2  0 136820 2798728 1755916 185075056    0    0 52080 39160 88631 33639  1  0 99  1  0  0
 1  0 136820 2800808 1755916 185075224    0    0 50656 39168 88972 31917  1  0 99  1  0  0
 1  0 136820 2799364 1755916 185075400    0    0 51008 39668 88784 32616  1  0 99  1  0  0
 0  1 136820 2804012 1755916 185075548    0    0 51440 40372 88977 32442  1  0 99  1  0  0
 1  0 136820 2802532 1755924 185075720    0    0 51280 39408 88764 32272  1  0 99  1  0  0
procs -----------memory---------- ---swap-- -----io---- -system-- -------cpu-------
 r  b   swpd   free   buff  cache   si   so    bi    bo   in   cs us sy id wa st gu
 1  0 136820 2797692 1755924 185075868    0    0 52224 39816 89124 32990  1  0 99  1  0  0
 1  0 136820 2797948 1755924 185076036    0    0 51248 40040 88951 32615  1  0 99  1  0  0
 2  1 136820 2795208 1755924 185076188    0    0 51360 38884 88781 32065  1  0 99  1  0  0
 2  0 136820 2797880 1755924 185076360    0    0 51104 39664 88656 32910  1  0 98  1  0  0
 1  0 136820 2800228 1755932 185076532    0    0 52416 39564 89135 33049  1  0 99  1  0  0
 2  0 136820 2804508 1755932 185076684    0    0 51696 39776 88892 32686  1  0 99  1  0  0
 0  1 136820 2801388 1755932 185076844    0    0 50752 38696 88791 31326  1  0 99  1  0  0
 1  0 136820 2802904 1755932 185077004    0    0 50784 28416 88134 31195  1  0 99  1  0  0
 0  1 136820 2801512 1755932 185077160    0    0 52720 40728 89200 32927  1  0 99  1  0  0
 1  0 136820 2799512 1755936 185077312    0    0 51216 41368 88932 33049  1  0 98  1  0  0
 1  0 136820 2798872 1755936 185077492    0    0 52080 40512 88950 32383  1  0 99  1  0  0
 1  0 136820 2795744 1755936 185077648    0    0 52416 40236 88964 32961  1  0 99  1  0  0
 0  1 136820 2797220 1755936 185077812    0    0 52336 39748 89048 33418  1  0 99  1  0  0
 1  0 136820 2801880 1755936 185077972    0    0 52256 41192 89013 33290  1  0 99  1  0  0
 0  1 136820 2805420 1755940 185078152    0    0 50976 41080 88873 32097  1  0 98  1  0  0
 0  1 136820 2804748 1755940 185078316    0    0 51392 40896 88821 32338  1  0 99  1  0  0
 0  2 136820 2802952 1755940 185078468    0    0 52640 41172 89096 33179  1  0 99  1  0  0
 1  0 136820 2806960 1755940 185078636    0    0 51872 28692 88466 31865  1  0 99  1  0  0
 1  0 136820 2803064 1755940 185078796    0    0 51872 40588 88893 32423  1  0 99  1  0  0
 0  1 136820 2802908 1755940 185078960    0    0 50240 38832 88785 31781  1  0 99  1  0  0
 0  1 136820 2802908 1755940 185079132    0    0 51200 38532 88806 32439  1  0 99  1  0  0
procs -----------memory---------- ---swap-- -----io---- -system-- -------cpu-------
 r  b   swpd   free   buff  cache   si   so    bi    bo   in   cs us sy id wa st gu
 1  0 136820 2801868 1755940 185079284    0    0 51184 38780 88956 32445  1  0 99  1  0  0
 0  1 136820 2804500 1755940 185079448    0    0 50816 39056 88716 31714  1  0 99  1  0  0
 2  1 136820 2804924 1755940 185079612    0    0 51280 39524 88811 32283  1  0 99  1  0  0
 1  0 136820 2803048 1755940 185079780    0    0 52432 40892 89204 33560  1  0 99  1  0  0
 1  0 136820 2806088 1755940 185079936    0    0 51344 40212 88866 32808  1  0 98  1  0  0
 2  0 136820 2805840 1755940 185080104    0    0 52320 41424 89109 32884  1  0 98  1  0  0
 0  1 136820 2806872 1755940 185080268    0    0 52208 40076 89065 32857  1  0 98  1  0  0
 1  0 136820 2805880 1755940 185080428    0    0 52816 39520 89035 33128  1  0 98  1  0  0
 1  0 136820 2798560 1755944 185080604    0    0 50880 40532 88972 32279  1  0 99  1  0  0
 3  0 136820 2750248 1755944 185080828    0    0 51744 40648 88887 37912  1  1 98  1  0  0
 0  1 136820 2758764 1755944 185081044    0    0 50608 28928 88308 31355  1  0 99  1  0  0
 0  1 136820 2756188 1755944 185081212    0    0 50672 40384 88973 32326  1  0 99  1  0  0
 1  0 136820 2757584 1755944 185081372    0    0 51632 40484 89028 33047  1  0 99  1  0  0
 0  1 136820 2762076 1755948 185081532    0    0 51488 41240 88971 32550  1  0 99  1  0  0
 1  0 136820 2761792 1755948 185081696    0    0 51120 40284 88883 32434  1  0 99  1  0  0
 1  0 136820 2762836 1755948 185081872    0    0 51568 40484 89087 33049  1  0 99  1  0  0
 1  0 136820 2769972 1755948 185082036    0    0 51760 39876 89003 32548  1  0 99  1  0  0
 0  0 136820 2770404 1755948 185082200    0    0 51040 40892 88752 32095  1  0 99  1  0  0
 1  0 136820 2756324 1755948 185082356    0    0 51648 28544 88469 32456  1  0 98  1  0  0
 1  0 136820 2757004 1755948 185082512    0    0 51968 41056 89006 33427  1  0 99  1  0  0
 1  1 136820 2760332 1755948 185082684    0    0 51440 40576 89113 32368  1  0 99  1  0  0
procs -----------memory---------- ---swap-- -----io---- -system-- -------cpu-------
 r  b   swpd   free   buff  cache   si   so    bi    bo   in   cs us sy id wa st gu
 0  1 136820 2762924 1755948 185082840    0    0 50064 39840 88696 31693  1  0 99  1  0  0
 0  1 136820 2769888 1755948 185083004    0    0 51520 39092 88836 32509  1  0 99  1  0  0
 1  0 136820 2771328 1755952 185083164    0    0 51488 39316 88941 33022  1  0 99  1  0  0
 1  0 136820 2770096 1755952 185083324    0    0 51264 39836 88994 32408  1  0 99  1  0  0
 1  0 136820 2773796 1755952 185083524    0    0 52064 40916 88967 32472  1  0 98  1  0  0
 1  0 136820 2773948 1755952 185083692    0    0 51344 28440 88393 31492  1  0 99  1  0  0
 1  0 136820 2779076 1755952 185083844    0    0 51472 40240 88869 32992  1  0 98  1  0  0
 1  1 136820 2782460 1755952 185084012    0    0 52720 40596 89167 33131  1  0 99  1  0  0
 1  0 136820 2782760 1755956 185084168    0    0 52548 39612 88902 32704  1  0 99  1  0  0
 1  0 136820 2782720 1755956 185084340    0    0 51888 39780 89028 32528  1  0 99  1  0  0
 0  1 136820 2787852 1755956 185084500    0    0 51776 39504 88933 33127  1  0 99  1  0  0
 1  0 136820 2786760 1755956 185084664    0    0 52032 39640 88981 32583  1  0 99  1  0  0
 0  1 136820 2788680 1755968 185084828    0    0 50384 40180 88769 32050  1  0 98  1  0  0
 0  1 136820 2790688 1755968 185084988    0    0 51184 40232 89001 32511  1  0 99  1  0  0
 1  0 136820 2790316 1755968 185085152    0    0 51856 41008 89102 33140  1  0 99  1  0  0
 1  0 136820 2791108 1755968 185085328    0    0 52752 39824 88979 32979  1  0 99  1  0  0
 0  1 136820 2791152 1755968 185085496    0    0 51024 38948 88765 32184  1  0 98  1  0  0
 1  1 136820 2790408 1755976 185085648    0    0 51376 36504 88812 32034  1  0 99  1  0  0
 0  0 136820 2792348 1755976 185085804    0    0 50176 38748 88797 32098  1  0 99  1  0  0
 0  0 136820 2792716 1755976 185085964    0    0 52288 39428 88912 32958  1  0 98  1  0  0
 0  1 136820 2790972 1755976 185086136    0    0 52624 41668 89107 32976  1  0 99  1  0  0
procs -----------memory---------- ---swap-- -----io---- -system-- -------cpu-------
 r  b   swpd   free   buff  cache   si   so    bi    bo   in   cs us sy id wa st gu
 0  1 136820 2790156 1755976 185086316    0    0 51200 41376 88834 33164  1  0 99  1  0  0
 1  0 136820 2791720 1755984 185086464    0    0 51520 29600 88447 31874  1  0 99  1  0  0
 0  1 136820 2793796 1755984 185086624    0    0 51760 40016 88879 32330  1  0 99  1  0  0
 0  1 136820 2794492 1755984 185086804    0    0 52000 40152 88957 32721  1  0 99  1  0  0
 0  1 136820 2794100 1755984 185086968    0    0 52720 40088 89113 32912  1  0 99  1  0  0
 0  1 136820 2794352 1755984 185087128    0    0 52592 40040 89031 33319  1  0 99  1  0  0
 1  0 136820 2796552 1755988 185087288    0    0 51344 39620 88861 32136  1  0 99  1  0  0
 1  0 136820 2797212 1755988 185087444    0    0 51072 38252 88698 31782  1  0 99  1  0  0
 0  1 136820 2798572 1755988 185087612    0    0 52048 38800 89007 32818  1  0 99  1  0  0
 1  0 136820 2797488 1755988 185087768    0    0 50064 39828 88869 32174  1  0 99  1  0  0
 0  1 136820 2796656 1755988 185087928    0    0 50512 40160 88786 31692  1  0 99  1  0  0
 1  0 136820 2796456 1755988 185088084    0    0 50416 40320 88849 31960  1  0 99  1  0  0
 1  0 136820 2797592 1755988 185088248    0    0 51680 39340 88913 32791  1  0 99  1  0  0
 1  1 136820 2800692 1755988 185088416    0    0 50464 39212 88858 32028  1  0 98  1  0  0
 2  0 136820 2802028 1755988 185088572    0    0 51696 38572 88899 32204  1  0 99  1  0  0
 1  0 136820 2801432 1755988 185088740    0    0 52864 38232 88857 32658  1  0 99  1  0  0
 0  1 136820 2801540 1755992 185088904    0    0 52496 39880 89108 33316  1  0 99  1  0  0
 1  0 136820 2799340 1755992 185089068    0    0 50624 38924 88630 32289  1  0 98  1  0  0
 1  0 136820 2799784 1755992 185089232    0    0 52064 27736 88386 31859  1  0 99  1  0  0
 1  0 136820 2799136 1755992 185089400    0    0 52688 39660 88962 32544  1  0 99  1  0  0
 1  0 136820 2799416 1755992 185089568    0    0 52848 39008 88859 32991  1  0 99  1  0  0
procs -----------memory---------- ---swap-- -----io---- -system-- -------cpu-------
 r  b   swpd   free   buff  cache   si   so    bi    bo   in   cs us sy id wa st gu
 1  0 136820 2798696 1755996 185089724    0    0 52000 39756 89151 32975  1  0 99  1  0  0
 0  1 136820 2797968 1755996 185089884    0    0 52816 39572 88875 32951  1  0 99  1  0  0
 0  1 136820 2796852 1755996 185090048    0    0 52144 38972 88881 32417  1  0 99  1  0  0
 0  1 136820 2796788 1755996 185090216    0    0 52128 39084 88963 32617  1  0 99  1  0  0
 1  0 136820 2797672 1755996 185090380    0    0 52208 39144 89035 33194  1  0 99  1  0  0
 0  2 136820 2798624 1756000 185090544    0    0 52928 40064 89009 32948  1  0 99  1  0  0
 1  0 136820 2798056 1756000 185090716    0    0 52672 39528 88945 32862  1  0 98  1  0  0
 0  1 136820 2797528 1756000 185090952    0    0 52176 40168 89082 33147  1  0 99  1  0  0
 0  1 136820 2796816 1756000 185091120    0    0 52272 40048 89206 33303  1  0 98  1  0  0
 0  1 136820 2795080 1756000 185091276    0    0 52736 40524 89036 32844  1  0 99  1  0  0
 1  0 136820 2795968 1756000 185091440    0    0 52528 39612 89127 32842  1  0 98  1  0  0
 2  0 136820 2793452 1756000 185091612    0    0 52656 39384 88892 33216  1  0 99  1  0  0
 0  1 136820 2798232 1756000 185091764    0    0 52768 38596 89156 33178  1  0 99  1  0  0
 1  0 136820 2799224 1756000 185091936    0    0 52080 39132 88869 32397  1  0 99  1  0  0
 1  0 136820 2800080 1756000 185092116    0    0 52400 39764 89048 32737  1  0 99  1  0  0
 0  1 136820 2801016 1756000 185092288    0    0 52000 40816 89028 33093  1  0 99  1  0  0
 1  1 136820 2798584 1756000 185092444    0    0 52560 41080 89010 33096  1  0 99  1  0  0
 0  1 136820 2797812 1756000 185092600    0    0 51792 40484 88959 32454  1  0 99  1  0  0
 0  1 136820 2799404 1756000 185092772    0    0 51952 39696 88938 32652  1  0 99  1  0  0
 1  0 136820 2794116 1756000 185092940    0    0 51856 39036 88978 32943  1  0 99  1  0  0
 2  0 136820 2797456 1756000 185093096    0    0 52448 39584 89123 33274  1  0 99  1  0  0
procs -----------memory---------- ---swap-- -----io---- -system-- -------cpu-------
 r  b   swpd   free   buff  cache   si   so    bi    bo   in   cs us sy id wa st gu
 1  0 136820 2797628 1756000 185093256    0    0 52784 40208 89074 32883  1  0 99  1  0  0
 0  1 136820 2795212 1756000 185093416    0    0 52096 40744 89037 32801  1  0 99  1  0  0
 1  0 136820 2792448 1756000 185093596    0    0 52112 39948 88950 32720  1  0 99  1  0  0
 0  1 136820 2791796 1756000 185093768    0    0 52000 40020 88950 32602  1  0 98  1  0  0
 1  0 136820 2792228 1756004 185093916    0    0 52080 40168 89076 32711  1  0 99  1  0  0
 0  1 136820 2791316 1756004 185094072    0    0 52256 39976 88875 32789  1  0 99  1  0  0
 1  0 136820 2789560 1756004 185094248    0    0 51968 39212 88927 32985  1  0 99  1  0  0
 1  0 136820 2790916 1756004 185094400    0    0 52224 27840 88304 32290  1  0 99  1  0  0
 1  1 136820 2789928 1756004 185094580    0    0 52160 39452 88970 32564  1  0 99  1  0  0
 1  0 136820 2790308 1756008 185094736    0    0 52480 39388 88942 32365  1  0 99  1  0  0
 1  0 136820 2790768 1756008 185094916    0    0 52304 39460 88943 32966  1  0 99  1  0  0
 1  0 136820 2790580 1756008 185095072    0    0 51712 39544 88865 32559  1  0 99  1  0  0
 1  0 136820 2790824 1756008 185095228    0    0 51840 40412 88982 32617  1  0 98  1  0  0
 2  0 136820 2793104 1756008 185095400    0    0 52560 40412 88764 33800  1  0 99  1  0  0
 0  1 136820 2792200 1756012 185095564    0    0 52512 40496 89046 33102  1  0 98  1  0  0
 0  1 136820 2791824 1756012 185095728    0    0 52192 40464 88921 33199  1  0 99  1  0  0
 0  1 136820 2791424 1756012 185095892    0    0 52576 39908 89057 33031  1  0 99  1  0  0
 0  1 136820 2784148 1756012 185096052    0    0 52160 39812 89000 32761  1  0 98  1  0  0
 0  1 136820 2782052 1756012 185096224    0    0 52528 39548 89012 33110  1  0 99  1  0  0
 0  1 136820 2778712 1756020 185096380    0    0 52112 40276 89018 32817  1  0 99  1  0  0
 1  0 136820 2783900 1756020 185096564    0    0 52032 41068 89037 32826  1  0 99  1  0  0
procs -----------memory---------- ---swap-- -----io---- -system-- -------cpu-------
 r  b   swpd   free   buff  cache   si   so    bi    bo   in   cs us sy id wa st gu
 0  1 136820 2783924 1756020 185096660    0    0 52704 40188 89015 32941  1  0 98  1  0  0
 1  0 136820 2787040 1756020 185096856    0    0 52080 39840 89119 33431  1  0 99  1  0  0
 0  1 136820 2788176 1756020 185097036    0    0 52400 39288 88851 33021  1  0 98  1  0  0
 0  1 136820 2789440 1756028 185097200    0    0 52128 38516 89008 32432  1  0 99  1  0  0
 1  0 136820 2788480 1756028 185097376    0    0 52160 39292 88836 33079  1  0 99  1  0  0
 0  1 136820 2789752 1756028 185097552    0    0 52720 39312 89109 33066  1  0 99  1  0  0
 2  0 136820 2790528 1756028 185097708    0    0 51904 39276 88839 32563  1  0 99  1  0  0
 0  1 136820 2790152 1756028 185097860    0    0 52272 39272 89096 33015  1  0 99  1  0  0
 1  0 136820 2783964 1756032 185098040    0    0 52448 39872 88969 32973  1  0 99  1  0  0
 1  0 136820 2784844 1756032 185098216    0    0 52000 39904 89066 33452  1  0 99  1  0  0
 0  1 136820 2788244 1756032 185098360    0    0 52288 39376 88867 32603  1  0 99  1  0  0
 0  1 136820 2788216 1756032 185098548    0    0 52144 39028 89056 32863  1  0 99  1  0  0
 1  0 136820 2792784 1756032 185098712    0    0 52336 39496 88903 32871  1  0 99  1  0  0
 1  0 136820 2791940 1756036 185098876    0    0 52336 41620 89250 33353  1  0 99  1  0  0
 1  0 136820 2789992 1756036 185099056    0    0 52176 41524 88792 32412  1  0 99  1  0  0
 1  0 136820 2787376 1756036 185099248    0    0 52208 41604 89286 33334  1  0 99  1  0  0
 0  1 136820 2785112 1756036 185099408    0    0 52608 28544 88434 32167  1  0 99  1  0  0
 0  1 136820 2781624 1756036 185099560    0    0 52608 40344 89142 33327  1  0 99  1  0  0
 1  0 136820 2781132 1756044 185099708    0    0 52160 40320 88838 32710  1  0 99  1  0  0
 1  0 136820 2782928 1756044 185099900    0    0 52480 40092 89042 33080  1  0 99  1  0  0
 0  1 136820 2783236 1756044 185100068    0    0 52240 41084 89057 33142  1  0 99  1  0  0
procs -----------memory---------- ---swap-- -----io---- -system-- -------cpu-------
 r  b   swpd   free   buff  cache   si   so    bi    bo   in   cs us sy id wa st gu
 0  1 136820 2784244 1756044 185100232    0    0 52080 40264 89101 33371  1  0 99  1  0  0
 1  0 136820 2789464 1756044 185100392    0    0 52016 40728 88871 32639  1  0 99  1  0  0
 0  1 136820 2784856 1756052 185100540    0    0 52272 40696 89110 32996  1  0 99  1  0  0
 2  0 136820 2781668 1756052 185100720    0    0 51792 39964 88947 33277  1  0 98  1  0  0
 0  1 136820 2780556 1756052 185100960    0    0 52048 39208 88838 33323  1  0 99  1  0  0
 0  1 136820 2780132 1756052 185101124    0    0 51952 39452 88948 32295  1  0 99  1  0  0
 1  0 136820 2783644 1756052 185101264    0    0 52528 38824 88947 32718  1  0 99  1  0  0
 0  1 136820 2781192 1756052 185101452    0    0 52144 40556 89136 33274  1  0 99  1  0  0
 2  0 136820 2782152 1756056 185101612    0    0 51872 28648 88404 32523  1  0 99  1  0  0
 1  0 136820 2783244 1756056 185101780    0    0 52416 41140 88992 32713  1  0 99  1  0  0
 1  0 136820 2784284 1756056 185101928    0    0 52192 40600 89083 32927  1  0 99  1  0  0
 0  1 136820 2784544 1756056 185102104    0    0 52400 40128 89031 33055  1  0 99  1  0  0
 0  1 136820 2784792 1756056 185102284    0    0 52256 39172 89039 32814  1  0 99  1  0  0
 0  1 136820 2784948 1756060 185102420    0    0 51824 39752 88761 32420  1  0 99  1  0  0
 0  1 136820 2785744 1756060 185102580    0    0 52560 40400 89194 33237  1  0 99  1  0  0
 2  0 136820 2785676 1756060 185102764    0    0 52368 41044 89145 32968  1  0 99  1  0  0
 1  0 136820 2787616 1756060 185102924    0    0 52176 40224 89000 33279  1  0 99  1  0  0
 0  1 136820 2781436 1756060 185103104    0    0 51520 39680 88815 32174  1  0 99  1  0  0
 0  1 136820 2778940 1756064 185103256    0    0 52384 38796 88911 32727  1  0 99  1  0  0
 1  0 136820 2779920 1756064 185103420    0    0 52048 38584 88907 32567  1  0 98  1  0  0
 1  0 136820 2780652 1756064 185103584    0    0 52016 39116 88944 32672  1  0 99  1  0  0
procs -----------memory---------- ---swap-- -----io---- -system-- -------cpu-------
 r  b   swpd   free   buff  cache   si   so    bi    bo   in   cs us sy id wa st gu
 2  0 136820 2780540 1756064 185103760    0    0 51968 39192 88736 32654  1  0 99  1  0  0
 0  1 136820 2783728 1756064 185103900    0    0 52080 28592 88446 32119  1  0 99  1  0  0
 1  0 136820 2784252 1756072 185104092    0    0 51904 40252 88884 32951  1  0 99  1  0  0
 1  0 136820 2785384 1756072 185104232    0    0 52304 39916 89008 33221  1  0 99  1  0  0
 1  0 136820 2785740 1756072 185104396    0    0 51936 40408 88937 32485  1  0 99  1  0  0
 1  0 136820 2783724 1756072 185104588    0    0 52288 40588 88895 32478  1  0 99  1  0  0
 0  1 136820 2782972 1756072 185104728    0    0 52352 40060 89097 33007  1  0 99  1  0  0
 0  1 136820 2782820 1756080 185104900    0    0 51920 39892 88881 32904  1  0 98  1  0  0
 0  1 136820 2787300 1756080 185105072    0    0 52000 39428 88970 32341  1  0 99  1  0  0
 0  1 136820 2783400 1756080 185105232    0    0 51584 39656 88940 32615  1  0 99  1  0  0
 0  1 136820 2784256 1756080 185105404    0    0 52016 39780 89056 32916  1  0 99  1  0  0
 1  0 136820 2785232 1756080 185105560    0    0 51680 39764 88872 32673  1  0 98  1  0  0
 2  0 136820 2781880 1756088 185105736    0    0 51968 39276 88819 32494  1  0 99  1  0  0
 0  1 136820 2781608 1756088 185105888    0    0 52064 39452 88897 32825  1  0 99  1  0  0
 0  1 136820 2783688 1756088 185106060    0    0 51680 39708 88863 32636  1  0 99  1  0  0
 1  0 136820 2783752 1756088 185106220    0    0 52528 40612 88920 32612  1  0 99  1  0  0
 0  1 136820 2780728 1756088 185106372    0    0 52320 38852 88899 32261  1  0 99  1  0  0
 1  0 136820 2783236 1756096 185106548    0    0 52384 40000 88945 32925  1  0 99  1  0  0
 1  1 136820 2781516 1756096 185106724    0    0 51920 39296 88949 32730  1  0 99  1  0  0
 1  0 136820 2781892 1756096 185106872    0    0 52400 28908 88340 32057  1  0 99  1  0  0
 2  0 136820 2780384 1756096 185107040    0    0 52496 39844 88850 32236  1  0 99  1  0  0
procs -----------memory---------- ---swap-- -----io---- -system-- -------cpu-------
 r  b   swpd   free   buff  cache   si   so    bi    bo   in   cs us sy id wa st gu
 0  1 136820 2782740 1756096 185107208    0    0 52384 39908 89032 32692  1  0 99  1  0  0
 0  1 136820 2782804 1756104 185107380    0    0 52880 39516 89034 33096  1  0 99  1  0  0
 0  1 136820 2784388 1756104 185107548    0    0 52032 39788 89095 32856  1  0 99  1  0  0
 0  1 136820 2783144 1756104 185107704    0    0 52224 40428 88803 32505  1  0 99  1  0  0
 0  1 136820 2784140 1756104 185107876    0    0 52112 40912 89020 32921  1  0 99  1  0  0
 0  1 136820 2782448 1756104 185108020    0    0 51840 40740 89130 33239  1  0 99  1  0  0
 0  0 136820 2782312 1756112 185108192    0    0 52144 39904 88902 32754  1  0 99  1  0  0
 1  0 136820 2782512 1756112 185108344    0    0 52576 39204 88885 32549  1  0 99  1  0  0
 0  1 136820 2776220 1756112 185108520    0    0 52880 38632 88911 32672  1  0 99  1  0  0
 0  1 136820 2775968 1756112 185108668    0    0 52112 39212 88958 32994  1  0 99  1  0  0
 0  1 136820 2777216 1756112 185108864    0    0 52368 39372 88890 32951  1  0 99  1  0  0
 2  1 136820 2778176 1756116 185109004    0    0 52176 39672 88854 32582  1  0 99  1  0  0
 0  0 136820 2776032 1756116 185109176    0    0 51968 39248 89016 32822  1  0 99  1  0  0
 0  1 136820 2776328 1756116 185109364    0    0 52480 40104 88981 33138  1  0 99  1  0  0
 0  1 136820 2773440 1756116 185109520    0    0 52496 40168 89057 32946  1  0 99  1  0  0
 1  1 136820 2773760 1756116 185109696    0    0 51808 39432 88796 32409  1  0 99  1  0  0
 0  1 136820 2774388 1756116 185109848    0    0 51840 39356 89011 32826  1  0 99  1  0  0
 1  0 136820 2773156 1756116 185110008    0    0 52608 39300 88981 33225  1  0 99  1  0  0
 0  1 136820 2775088 1756116 185110160    0    0 52336 39320 88870 32555  1  0 99  1  0  0
 1  0 136820 2772404 1756116 185110332    0    0 52080 40196 89004 32806  1  0 98  1  0  0
 2  0 136820 2774724 1756116 185110628    0    0 51856 40500 89005 32993  1  0 99  1  0  0
procs -----------memory---------- ---swap-- -----io---- -system-- -------cpu-------
 r  b   swpd   free   buff  cache   si   so    bi    bo   in   cs us sy id wa st gu
 1  0 136820 2773716 1756120 185110800    0    0 52192 40420 89080 33482  1  0 98  1  0  0
 1  0 136820 2775192 1756120 185111032    0    0 51856 39660 88838 32657  1  0 99  1  0  0
 1  0 136820 2776520 1756120 185111204    0    0 52752 38640 88956 32804  1  0 98  1  0  0
 2  0 136820 2776084 1756120 185111360    0    0 52240 39072 89093 33152  1  0 99  1  0  0
 1  0 136820 2778760 1756120 185111516    0    0 52784 39568 88929 33327  1  0 99  1  0  0
 0  1 136820 2777760 1756120 185111680    0    0 52400 39964 89007 32749  1  0 99  1  0  0
 2  1 136820 2779740 1756120 185111852    0    0 52144 40200 88841 32507  1  0 98  1  0  0
 0  1 136820 2778200 1756120 185112024    0    0 52448 39416 89182 33014  1  0 99  1  0  0
 1  0 136820 2773432 1756120 185112192    0    0 52448 39812 89053 33490  1  0 99  1  0  0
 1  0 136820 2772464 1756120 185112344    0    0 52608 38560 88762 32426  1  0 99  1  0  0
 0  1 136820 2771348 1756124 185112504    0    0 52640 39444 88949 32709  1  0 99  1  0  0
 1  0 136820 2772512 1756124 185112688    0    0 52096 38632 88888 32599  1  0 99  1  0  0
 1  1 136820 2769636 1756124 185112836    0    0 52656 40256 88933 33730  1  0 99  1  0  0
 1  0 136820 2771820 1756124 185113004    0    0 52144 39488 88948 32445  1  0 99  1  0  0
 1  0 136820 2773260 1756124 185113160    0    0 52304 39652 88866 32775  1  0 99  1  0  0
 0  1 136820 2774472 1756128 185113316    0    0 52848 39064 89140 32812  1  0 99  1  0  0
 1  0 136820 2774760 1756128 185113500    0    0 52624 39856 88886 33256  1  0 99  1  0  0
 0  1 136820 2777460 1756128 185113660    0    0 52144 39420 88773 33015  1  0 99  1  0  0
 1  0 136820 2777220 1756128 185113824    0    0 52160 40224 88889 32820  1  0 98  1  0  0
 1  0 136820 2776936 1756128 185114004    0    0 52016 40308 89139 33162  1  0 99  1  0  0
 1  1 136820 2776632 1756132 185114160    0    0 52576 40380 88988 32944  1  0 99  1  0  0
procs -----------memory---------- ---swap-- -----io---- -system-- -------cpu-------
 r  b   swpd   free   buff  cache   si   so    bi    bo   in   cs us sy id wa st gu
 1  0 136820 2776392 1756132 185114332    0    0 51648 40172 88932 32478  1  0 99  1  0  0
 0  1 136820 2769632 1756132 185114488    0    0 52416 28632 88366 31939  1  0 99  1  0  0
 0  1 136820 2769148 1756132 185114636    0    0 51792 40640 88927 32675  1  0 99  1  0  0
 0  1 136820 2767640 1756132 185114816    0    0 52944 40624 89046 33351  1  0 99  1  0  0
 0  1 136820 2772772 1756132 185114976    0    0 52416 40228 88962 32601  1  0 99  1  0  0
 0  1 136820 2773160 1756132 185115164    0    0 52288 39812 88938 32792  1  0 99  1  0  0
 0  1 136820 2772164 1756132 185115320    0    0 51936 40632 88966 32769  1  0 99  1  0  0
 0  1 136820 2774116 1756132 185115488    0    0 52464 41024 89054 33113  1  0 99  1  0  0
 0  1 136820 2775376 1756132 185115664    0    0 52576 42092 88902 32620  1  0 99  1  0  0
 2  0 136820 2770076 1756136 185115812    0    0 52352 40460 89043 33026  1  0 99  1  0  0
 1  0 136820 2773944 1756136 185115968    0    0 52144 40608 89099 33446  1  0 99  1  0  0
 0  1 136820 2772604 1756136 185116140    0    0 52064 40440 88953 32796  1  0 99  1  0  0
 1  0 136820 2772836 1756136 185116324    0    0 52352 40300 89048 32615  1  0 99  1  0  0
 0  1 136820 2772360 1756136 185116480    0    0 51984 40124 88940 32975  1  0 99  1  0  0
 0  1 136820 2771668 1756144 185116632    0    0 52336 27752 88496 32410  1  0 99  1  0  0
 0  1 136820 2771708 1756144 185116800    0    0 52352 40392 88934 33032  1  0 99  1  0  0
 0  1 136820 2772916 1756144 185116972    0    0 52224 41608 88995 32646  1  0 99  1  0  0
 1  0 136820 2773564 1756144 185117132    0    0 52560 40832 89135 32987  1  0 99  1  0  0
 0  1 136820 2775036 1756144 185117292    0    0 52624 40936 89011 33097  1  0 98  1  0  0
 0  1 136820 2777612 1756152 185117428    0    0 52464 39632 88915 32669  1  0 99  1  0  0
 0  1 136820 2777540 1756152 185117624    0    0 51984 40908 88860 32759  1  0 99  1  0  0
procs -----------memory---------- ---swap-- -----io---- -system-- -------cpu-------
 r  b   swpd   free   buff  cache   si   so    bi    bo   in   cs us sy id wa st gu
 1  0 136820 2780024 1756152 185117800    0    0 51680 39620 88907 33072  1  0 99  1  0  0
 0  1 136820 2780428 1756152 185117956    0    0 52336 40016 89067 33157  1  0 99  1  0  0
 1  0 136820 2779584 1756152 185118124    0    0 51936 28256 88339 31985  1  0 99  1  0  0
 0  1 136820 2778112 1756152 185118268    0    0 52368 39160 88933 32636  1  0 99  1  0  0
 0  1 136820 2776828 1756152 185118456    0    0 51936 38784 88869 32719  1  0 99  1  0  0
 0  1 136820 2775752 1756152 185118620    0    0 51984 38956 88915 32991  1  0 99  1  0  0
 1  0 136820 2781112 1756152 185118784    0    0 51952 39696 88938 32904  1  0 99  1  0  0
 2  0 136820 2780208 1756152 185118936    0    0 52400 40756 88799 32361  1  0 99  1  0  0
 1  0 136820 2781648 1756156 185119092    0    0 51744 41316 89116 32874  1  0 99  1  0  0
 1  0 136820 2780880 1756156 185119264    0    0 52192 40032 88852 32839  1  0 99  1  0  0
 2  0 136820 2780176 1756156 185119424    0    0 52192 39868 88977 32811  1  0 99  1  0  0
 1  0 136820 2781116 1756156 185119588    0    0 52272 39544 88830 32765  1  0 99  1  0  0
 1  0 136820 2777600 1756156 185119764    0    0 51584 39448 89050 33028  1  0 99  1  0  0
 1  0 136820 2780256 1756160 185119936    0    0 52320 39556 88962 33222  1  0 99  1  0  0
 0  1 136820 2780080 1756160 185120100    0    0 52640 39904 88952 32801  1  0 99  1  0  0
 0  1 136820 2777956 1756160 185120268    0    0 52128 40592 88904 32679  1  0 99  1  0  0
 0  1 136820 2773456 1756160 185120440    0    0 51456 39824 88921 32708  1  0 99  1  0  0
 1  0 136820 2770020 1756160 185120596    0    0 52096 39716 88967 33105  1  0 99  1  0  0
 0  1 136820 2766168 1756164 185120772    0    0 51952 38408 88935 32606  1  0 98  1  0  0
 0  1 136820 2760552 1756164 185120988    0    0 52000 39680 88678 32795  1  0 99  1  0  0
 0  1 136820 2756816 1756164 185121160    0    0 51744 41232 89226 33082  1  0 99  1  0  0
procs -----------memory---------- ---swap-- -----io---- -system-- -------cpu-------
 r  b   swpd   free   buff  cache   si   so    bi    bo   in   cs us sy id wa st gu
 0  1 136820 2755720 1756164 185121332    0    0 51680 41244 88965 33503  1  0 99  1  0  0
 2  1 136820 2758684 1756164 185121496    0    0 52160 29644 88491 31664  1  0 98  1  0  0
 1  1 136820 2758060 1756168 185121664    0    0 52016 41140 88879 32527  1  0 98  1  0  0
 0  1 136820 2758976 1756168 185121832    0    0 52016 40300 88882 32454  1  0 99  1  0  0
 2  0 136820 2759924 1756168 185121976    0    0 52320 39396 88936 33063  1  0 99  1  0  0
 0  1 136820 2760840 1756168 185122140    0    0 51632 39308 88712 32663  1  0 99  1  0  0
 1  0 136820 2760664 1756168 185122332    0    0 51920 39244 88835 32297  1  0 98  1  0  0
 1  0 136820 2762140 1756172 185122480    0    0 51776 39748 89023 32838  1  0 98  1  0  0
 1  0 136820 2762124 1756172 185122652    0    0 52192 39752 88779 33492  1  0 99  1  0  0
 0  1 136820 2758624 1756172 185122812    0    0 52144 39208 88892 32548  1  0 99  1  0  0
 0  1 136820 2759372 1756172 185122992    0    0 51792 39340 88804 32662  1  0 99  1  0  0
 0  1 136820 2761372 1756172 185123140    0    0 52288 39156 88991 33024  1  0 99  1  0  0
 1  1 136820 2761552 1756172 185123300    0    0 51488 40076 88989 33001  1  0 99  1  0  0
 1  0 136820 2762596 1756176 185123472    0    0 52512 40796 88961 32736  1  0 99  1  0  0
 1  0 136820 2760076 1756176 185123624    0    0 52080 39644 88881 32535  1  0 99  1  0  0
 0  1 136820 2762372 1756176 185123780    0    0 52512 39268 88953 32989  1  0 99  1  0  0
 1  0 136820 2762004 1756176 185123948    0    0 52176 38396 88991 33322  1  0 99  1  0  0
 1  0 136820 2755268 1756176 185124124    0    0 52416 39368 88556 33177  1  0 99  1  0  0
 1  0 136820 2757792 1756176 185124276    0    0 52480 39736 88839 32339  1  0 99  1  0  0
 1  0 136820 2755872 1756176 185124440    0    0 51792 40792 89015 32669  1  0 99  1  0  0
 2  1 136820 2758068 1756176 185124616    0    0 51856 40664 88949 32992  1  0 99  1  0  0
procs -----------memory---------- ---swap-- -----io---- -system-- -------cpu-------
 r  b   swpd   free   buff  cache   si   so    bi    bo   in   cs us sy id wa st gu
 0  1 136820 2762712 1756176 185124780    0    0 51792 40136 88937 32493  1  0 99  1  0  0
 2  0 136820 2762300 1756176 185124944    0    0 51888 28604 88216 31961  1  0 99  1  0  0
 0  1 136820 2763152 1756176 185125112    0    0 52304 39652 89007 32908  1  0 99  1  0  0
 0  1 136820 2762260 1756176 185125280    0    0 51904 40204 89127 33158  1  0 98  1  0  0
 1  0 136820 2764608 1756176 185125420    0    0 51296 39376 88613 33101  1  0 99  1  0  0
 0  1 136820 2764252 1756176 185125592    0    0 52464 40012 88970 32813  1  0 99  1  0  0
 1  0 136820 2760392 1756176 185125788    0    0 52080 39580 88666 33363  1  0 99  1  0  0
 1  1 136820 2759704 1756176 185125936    0    0 52608 40084 89167 33244  1  0 99  1  0  0
 0  1 136820 2757452 1756176 185126108    0    0 52560 39484 88828 32466  1  0 99  1  0  0
 3  0 136820 2756108 1756176 185126256    0    0 52672 40328 89020 32633  1  0 99  1  0  0
 1  0 136820 2750656 1756176 185126432    0    0 52704 39588 89159 33337  1  0 99  1  0  0
 0  1 136820 2748644 1756176 185126612    0    0 52128 40348 89020 33114  1  0 99  1  0  0
 1  0 136820 2745576 1756180 185126756    0    0 52064 39912 88769 31971  1  0 98  1  0  0
 1  0 136820 2748348 1756180 185126936    0    0 51728 39824 88956 32542  1  0 99  1  0  0
 0  1 136820 2741332 1756180 185127096    0    0 52128 39668 89115 33106  1  0 99  1  0  0
 0  1 136820 2741544 1756180 185127264    0    0 52128 38496 89018 32863  1  0 99  1  0  0
 0  1 136820 2742568 1756180 185127432    0    0 51648 40492 88751 32379  1  0 99  1  0  0
 0  1 136820 2745556 1756188 185127620    0    0 51968 41340 89136 32766  1  0 99  1  0  0
 1  0 136820 2751056 1756188 185127780    0    0 51936 30116 88495 32379  1  0 99  1  0  0
 1  1 136820 2751220 1756188 185127920    0    0 52304 40524 89366 33379  1  0 99  1  0  0
 1  0 136820 2753844 1756188 185128096    0    0 52400 40396 89039 32648  1  0 99  1  0  0
procs -----------memory---------- ---swap-- -----io---- -system-- -------cpu-------
 r  b   swpd   free   buff  cache   si   so    bi    bo   in   cs us sy id wa st gu
 0  1 136820 2755260 1756188 185128284    0    0 52512 40016 89127 32688  1  0 99  1  0  0
 0  1 136820 2755420 1756192 185128424    0    0 52144 39812 89061 33225  1  0 99  1  0  0
 0  1 136820 2755340 1756192 185128600    0    0 52032 40052 89106 33131  1  0 99  1  0  0
 1  0 136820 2754776 1756192 185128656    0    0 52016 40460 88961 32935  1  0 99  1  0  0
 3  1 136820 2753996 1756192 185128908    0    0 51872 40880 89150 32892  1  0 99  1  0  0
 1  0 136820 2754296 1756192 185129080    0    0 52400 40900 89017 34019  1  0 99  1  0  0
 0  1 136820 2753932 1756196 185129260    0    0 52752 28008 88465 32345  1  0 99  1  0  0
 1  0 136820 2751444 1756196 185129428    0    0 52432 39700 88936 32518  1  0 99  1  0  0
 1  0 136820 2751460 1756196 185129596    0    0 52368 39296 89097 32563  1  0 99  1  0  0
 1  0 136820 2752376 1756196 185129752    0    0 51856 39688 89080 32917  1  0 98  1  0  0
 0  1 136820 2752608 1756196 185129904    0    0 52176 40096 89083 33253  1  0 99  1  0  0
 1  0 136820 2751312 1756200 185130072    0    0 52048 40032 88874 32568  1  0 99  1  0  0
 1  0 136820 2750260 1756200 185130248    0    0 52352 38920 88960 32763  1  0 99  1  0  0
 1  0 136820 2748832 1756200 185130392    0    0 52096 39324 88868 33200  1  0 99  1  0  0
 0  1 136820 2747884 1756216 185130548    0    0 51552 39456 89012 33304  1  0 99  1  0  0
 1  0 136820 2748308 1756216 185130728    0    0 52816 39932 88973 32761  1  0 98  1  0  0
 1  1 136820 2745972 1756216 185130992    0    0 52464 39292 88861 32487  1  0 99  1  0  0
 1  0 136820 2745836 1756216 185131196    0    0 52224 40376 89120 33065  1  0 99  1  0  0
 0  1 136820 2747004 1756216 185131332    0    0 51104 39960 88923 32671  1  0 99  1  0  0
 0  1 136820 2746696 1756220 185131484    0    0 51888 39372 88872 32459  1  0 99  1  0  0
 1  0 136820 2746464 1756220 185131668    0    0 51984 39324 88957 32592  1  0 99  1  0  0
procs -----------memory---------- ---swap-- -----io---- -system-- -------cpu-------
 r  b   swpd   free   buff  cache   si   so    bi    bo   in   cs us sy id wa st gu
 0  1 136820 2744372 1756220 185131832    0    0 52096 40348 88977 33005  1  0 99  1  0  0
 0  1 136820 2745160 1756220 185131996    0    0 52608 40200 89006 32709  1  0 99  1  0  0
 0  1 136820 2743408 1756220 185132164    0    0 52560 28000 88305 31682  1  0 99  1  0  0
 0  1 136820 2744944 1756228 185132324    0    0 52176 40396 88975 32512  1  0 98  1  0  0
 1  0 136820 2743300 1756228 185132504    0    0 52080 39568 89095 33033  1  0 99  1  0  0
 1  0 136820 2743808 1756228 185132680    0    0 52352 40496 89023 33124  1  0 99  1  0  0
 0  1 136820 2744860 1756228 185132848    0    0 52448 39916 88943 32306  1  0 99  1  0  0
 0  1 136820 2746296 1756228 185133008    0    0 51936 39512 88888 32324  1  0 99  1  0  0
 1  0 136820 2739784 1756228 185133144    0    0 52144 38728 89084 32909  1  0 99  1  0  0
 1  0 136820 2740068 1756236 185133320    0    0 52512 40004 88925 32899  1  0 99  1  0  0
 1  0 136820 2738048 1756236 185133488    0    0 52144 40384 88868 33097  1  0 99  1  0  0
 0  1 136820 2741724 1756236 185133660    0    0 52416 40268 89047 33108  1  0 99  1  0  0
 1  0 136820 2742100 1756236 185133828    0    0 51552 39924 89092 33252  1  0 99  1  0  0
 2  0 136820 2741096 1756236 185133988    0    0 52272 39844 88893 33159  1  0 99  1  0  0
 0  1 136820 2742628 1756240 185134164    0    0 52016 40456 88895 32834  1  0 99  1  0  0
 1  0 136820 2738812 1756240 185134328    0    0 51792 40116 88934 32872  1  0 99  1  0  0
 0  1 136820 2740148 1756240 185134488    0    0 52128 40740 89120 32835  1  0 99  1  0  0
 0  1 136820 2741092 1756240 185134648    0    0 52112 28432 88451 32038  1  0 99  1  0  0
 0  1 136820 2738984 1756240 185134808    0    0 52144 40300 89034 32372  1  0 99  1  0  0
 1  0 136820 2739636 1756240 185134960    0    0 52128 38940 88798 32485  1  0 98  1  0  0
 3  0 136820 2741184 1756240 185135148    0    0 52624 39328 89235 32987  1  0 99  1  0  0
procs -----------memory---------- ---swap-- -----io---- -system-- -------cpu-------
 r  b   swpd   free   buff  cache   si   so    bi    bo   in   cs us sy id wa st gu
 1  0 136820 2746380 1756240 185135300    0    0 52448 39660 88960 32979  1  0 99  1  0  0
 1  0 136820 2744308 1756240 185135472    0    0 52144 40504 89025 32618  1  0 99  1  0  0
 1  0 136820 2743296 1756240 185135640    0    0 52736 39664 88818 32781  1  0 99  1  0  0
 1  0 136820 2744072 1756244 185135800    0    0 51376 39288 89187 33071  1  0 99  1  0  0
 0  1 136820 2743328 1756244 185135956    0    0 51952 40024 89037 32842  1  0 99  1  0  0
 0  1 136820 2742424 1756244 185136132    0    0 52208 39880 88969 32339  1  0 99  1  0  0
 0  1 136820 2743452 1756244 185136284    0    0 51824 39916 88882 32539  1  0 99  1  0  0
 0  1 136820 2745080 1756244 185136460    0    0 52000 39460 89039 33100  1  0 98  1  0  0
 0  1 136820 2741328 1756252 185136648    0    0 52400 39896 88994 33631  1  0 99  1  0  0
 1  0 136820 2736132 1756252 185136828    0    0 52048 40004 88816 32853  1  0 99  1  0  0
 1  1 136820 2732392 1756252 185136984    0    0 52208 41104 89037 32690  1  0 98  1  0  0
 0  1 136820 2732460 1756252 185137152    0    0 52400 39768 89087 33098  1  0 99  1  0  0
 1  1 136820 2732956 1756252 185137316    0    0 51616 39240 88805 32747  1  0 99  1  0  0
 1  0 136820 2733996 1756260 185137488    0    0 52432 38316 88852 32395  1  0 99  1  0  0
 1  0 136820 2733588 1756260 185137664    0    0 52496 39164 88888 32735  1  0 99  1  0  0
 1  0 136820 2733680 1756260 185137816    0    0 52160 39828 89057 33114  1  0 99  1  0  0
 1  0 136820 2735212 1756260 185137984    0    0 52640 39812 88992 32781  1  0 99  1  0  0
 1  0 136820 2734432 1756260 185138164    0    0 52480 38796 88783 32453  1  0 99  1  0  0
 0  1 136820 2734764 1756268 185138328    0    0 51872 38904 88938 32611  1  0 99  1  0  0
 1  0 136820 2736668 1756268 185138476    0    0 52720 38368 89004 33077  1  0 99  1  0  0
 1  0 136820 2735044 1756268 185138632    0    0 52000 40832 89081 32800  1  0 99  1  0  0
procs -----------memory---------- ---swap-- -----io---- -system-- -------cpu-------
 r  b   swpd   free   buff  cache   si   so    bi    bo   in   cs us sy id wa st gu
 0  1 136820 2732752 1756268 185138816    0    0 52800 41632 89046 32646  1  0 99  1  0  0
 1  0 136820 2735492 1756268 185139008    0    0 52608 41328 88989 32802  1  0 98  1  0  0
 0  1 136820 2734924 1756272 185139164    0    0 51856 27884 88390 31823  1  0 99  1  0  0
 0  1 136820 2736764 1756272 185139340    0    0 52512 39372 88907 32856  1  0 99  1  0  0
 0  1 136820 2736736 1756272 185139484    0    0 52608 39196 88824 32887  1  0 99  1  0  0
 1  0 136820 2738896 1756272 185139656    0    0 52096 39544 88938 32504  1  0 99  1  0  0
 0  1 136820 2735140 1756272 185139836    0    0 52320 39544 88959 32663  1  0 99  1  0  0
 0  1 136820 2737968 1756276 185140000    0    0 51776 39896 88919 32387  1  0 99  1  0  0
 1  1 136820 2737196 1756276 185140164    0    0 52496 40216 88880 32346  1  0 99  1  0  0
 0  1 136820 2738104 1756276 185140320    0    0 52224 39948 89011 32682  1  0 99  1  0  0
 0  1 136820 2733892 1756276 185140484    0    0 52176 40280 89153 33298  1  0 99  1  0  0
 0  1 136820 2732952 1756276 185140648    0    0 51712 40476 88916 32496  1  0 99  1  0  0
 2  0 136820 2732596 1756280 185140804    0    0 52128 40976 88915 32531  1  0 98  1  0  0
 0  1 136820 2732164 1756280 185141064    0    0 52128 40304 88947 32486  1  0 99  1  0  0
 0  1 136820 2732684 1756280 185141204    0    0 51968 28712 88404 31823  1  0 98  1  0  0
 1  0 136820 2733788 1756280 185141376    0    0 51920 40632 88831 32049  1  0 99  1  0  0
 1  0 136820 2731720 1756280 185141544    0    0 51488 41164 88754 32286  1  0 99  1  0  0
 1  0 136820 2732584 1756284 185141700    0    0 51760 40728 88973 32453  1  0 99  1  0  0
 0  1 136820 2730804 1756284 185141876    0    0 52480 39840 88913 33021  1  0 99  1  0  0
 0  1 136820 2731328 1756284 185142044    0    0 52096 40132 88753 32838  1  0 99  1  0  0
 1  0 136820 2732116 1756284 185142192    0    0 51712 40648 88749 32545  1  0 99  1  0  0
procs -----------memory---------- ---swap-- -----io---- -system-- -------cpu-------
 r  b   swpd   free   buff  cache   si   so    bi    bo   in   cs us sy id wa st gu
 1  0 136820 2731308 1756284 185142360    0    0 52128 40004 88952 32529  1  0 99  1  0  0
 0  1 136820 2729036 1756292 185142508    0    0 52240 28184 88344 32054  1  0 99  1  0  0
 0  1 136820 2725940 1756292 185142692    0    0 51840 39452 88995 32694  1  0 99  1  0  0
 1  0 136820 2728356 1756292 185142868    0    0 52352 40652 88933 32696  1  0 99  1  0  0
 0  1 136820 2730088 1756292 185143016    0    0 52080 40360 89098 32972  1  0 98  1  0  0
 1  1 136820 2731380 1756292 185143188    0    0 52368 39936 89065 33585  1  0 99  1  0  0
 1  0 136820 2730640 1756296 185143348    0    0 51920 39068 88935 32343  1  0 99  1  0  0
 0  1 136820 2734040 1756296 185143520    0    0 51536 39624 88870 32462  1  0 99  1  0  0
 1  0 136820 2735820 1756296 185143688    0    0 51888 39500 89013 32780  1  0 99  1  0  0
 0  1 136820 2736048 1756296 185143844    0    0 52048 39608 89029 33017  1  0 99  1  0  0
 0  1 136820 2735772 1756296 185144012    0    0 52128 39436 88775 32288  1  0 99  1  0  0
 1  0 136820 2736584 1756304 185144196    0    0 50544 38400 88585 31477  1  0 99  1  0  0
 1  0 136820 2736848 1756304 185144244    0    0 49952 38988 88807 31413  1  0 99  1  0  0
 0  1 136820 2738612 1756304 185144500    0    0 50576 39532 88867 32630  1  0 99  1  0  0
 0  1 136820 2736104 1756304 185144680    0    0 52448 39700 88846 32591  1  0 98  1  0  0
 1  0 136820 2738688 1756304 185144716    0    0 52048 40424 88910 32535  1  0 98  1  0  0
 1  0 136820 2732840 1756308 185145000    0    0 51984 39364 88825 32697  1  0 99  1  0  0
 1  0 136820 2730348 1756308 185145160    0    0 52304 38840 89136 33052  1  0 99  1  0  0
 1  0 136820 2731412 1756308 185145332    0    0 52144 40064 88876 32823  1  0 99  1  0  0
 1  0 136820 2732700 1756308 185145484    0    0 52272 39408 88936 32977  1  0 99  1  0  0
 1  0 136820 2734484 1756308 185145660    0    0 51872 38284 88890 32702  1  0 99  1  0  0
procs -----------memory---------- ---swap-- -----io---- -system-- -------cpu-------
 r  b   swpd   free   buff  cache   si   so    bi    bo   in   cs us sy id wa st gu
 0  1 136820 2728008 1756308 185145836    0    0 51952 39088 89055 33236  1  0 99  1  0  0
 0  1 136820 2728292 1756308 185145960    0    0 52224 39432 88902 32492  1  0 99  1  0  0
 2  0 136820 2727972 1756308 185146132    0    0 51984 39628 88938 32669  1  0 99  1  0  0
 2  0 136820 2728720 1756308 185146304    0    0 52016 39220 88998 32765  1  0 99  1  0  0
 0  1 136820 2729532 1756308 185146480    0    0 51936 39612 89088 33203  1  0 99  1  0  0
 0  1 136820 2725220 1756316 185146640    0    0 51888 38540 88801 32174  1  0 99  1  0  0
 0  1 136820 2724828 1756316 185146780    0    0 51856 27708 88347 31536  1  0 99  1  0  0
 1  0 136820 2726480 1756316 185146956    0    0 52208 39708 88864 32665  1  0 99  1  0  0
 1  0 136820 2724852 1756316 185147136    0    0 51824 39940 89016 32728  1  0 99  1  0  0
 0  1 136820 2727124 1756316 185147304    0    0 52144 40040 88865 32807  1  0 99  1  0  0
 1  0 136820 2728760 1756320 185147468    0    0 52224 39956 88991 32559  1  0 99  1  0  0
 0  1 136820 2729328 1756320 185147636    0    0 52096 40364 89047 33132  1  0 99  1  0  0
 0  1 136820 2729160 1756320 185147828    0    0 52016 40244 89128 33011  1  0 99  1  0  0
 0  1 136820 2729844 1756320 185147996    0    0 51968 40984 88872 32473  1  0 99  1  0  0
 1  0 136820 2731260 1756320 185148156    0    0 52000 39320 88860 32237  1  0 98  1  0  0
 0  1 136820 2729736 1756328 185148324    0    0 52032 39300 88674 33433  1  0 99  1  0  0
 1  0 136820 2728768 1756328 185148492    0    0 51840 39648 88927 33020  1  0 99  1  0  0
 1  0 136820 2728148 1756328 185148652    0    0 52272 40232 88698 32097  1  0 99  1  0  0
 0  1 136820 2728380 1756328 185148832    0    0 52000 41116 89081 32569  1  0 99  1  0  0
 1  0 136820 2727644 1756328 185149004    0    0 52240 40908 88877 33065  1  0 99  1  0  0
 2  0 136820 2727756 1756332 185149148    0    0 52896 27972 88693 32604  1  0 99  1  0  0
procs -----------memory---------- ---swap-- -----io---- -system-- -------cpu-------
 r  b   swpd   free   buff  cache   si   so    bi    bo   in   cs us sy id wa st gu
 0  1 136820 2728940 1756332 185149324    0    0 52544 40084 88870 32781  1  0 99  1  0  0
 1  0 136820 2730608 1756332 185149484    0    0 52304 39800 88958 32626  1  0 99  1  0  0
 0  1 136820 2730240 1756332 185149652    0    0 52560 40352 89061 33276  1  0 99  1  0  0
 0  0 136820 2730068 1756332 185149832    0    0 52560 39472 89184 33593  1  0 99  1  0  0
 0  1 136820 2726704 1756332 185149996    0    0 51744 38692 88759 32331  1  0 99  1  0  0
 0  1 136820 2728192 1756332 185150168    0    0 52160 39252 88958 32550  1  0 99  1  0  0
 1  0 136820 2729936 1756332 185150320    0    0 52000 39684 88974 32718  1  0 99  1  0  0
 1  0 136820 2726356 1756332 185150488    0    0 51904 40100 89169 33154  1  0 98  1  0  0
 2  0 136820 2725504 1756332 185150652    0    0 52656 40016 88920 32614  1  0 99  1  0  0
 0  1 136820 2723916 1756340 185150828    0    0 52592 39684 88992 32857  1  0 98  1  0  0
 1  0 136820 2726400 1756340 185150936    0    0 50144 39620 88783 32262  1  0 99  1  0  0
 1  0 136820 2726676 1756340 185151208    0    0 52240 38952 89204 33504  1  0 99  1  0  0
 0  1 136820 2727548 1756340 185151376    0    0 52112 38984 88823 32722  1  0 99  1  0  0
 1  0 136820 2729196 1756340 185151548    0    0 52032 37928 88895 32380  1  0 98  1  0  0
 1  0 136820 2731300 1756348 185151696    0    0 51824 38264 88828 33065  1  0 99  1  0  0
 0  0 136820 2730472 1756348 185151868    0    0 52080 39536 89058 33414  1  0 99  1  0  0
 0  1 136820 2733796 1756348 185152024    0    0 52656 40832 89079 32579  1  0 99  1  0  0
 2  0 136820 2730508 1756348 185152180    0    0 52816 41684 89047 32774  1  0 99  1  0  0
 1  0 136820 2733748 1756348 185152368    0    0 52336 29808 88584 32247  1  0 99  1  0  0
 0  1 136820 2730872 1756348 185152528    0    0 51872 41548 89212 33425  1  0 99  1  0  0
 1  0 136820 2732480 1756356 185152692    0    0 51840 41408 88869 32218  1  0 99  1  0  0
procs -----------memory---------- ---swap-- -----io---- -system-- -------cpu-------
 r  b   swpd   free   buff  cache   si   so    bi    bo   in   cs us sy id wa st gu
 0  1 136820 2732652 1756356 185152840    0    0 52144 41276 88942 32632  1  0 99  1  0  0
 0  1 136820 2729692 1756356 185153016    0    0 52464 40600 88942 32438  1  0 99  1  0  0
 1  0 136820 2731380 1756356 185153176    0    0 52480 41564 89162 33191  1  0 99  1  0  0
 0  1 136820 2728860 1756356 185153340    0    0 52352 29132 88381 31605  1  0 99  1  0  0
 1  0 136820 2726340 1756360 185153496    0    0 52608 41360 89034 32690  1  0 99  1  0  0
 1  0 136820 2728840 1756360 185153684    0    0 52160 41184 89079 32899  1  0 98  1  0  0
 1  0 136820 2727416 1756360 185153840    0    0 52224 40756 89111 33226  1  0 99  1  0  0
 1  0 136820 2724432 1756360 185154032    0    0 52288 39548 88909 32800  1  0 98  1  0  0
 0  1 136820 2724184 1756360 185154128    0    0 52368 28092 88301 31814  1  0 99  1  0  0
 0  1 136820 2722104 1756364 185154356    0    0 52528 39164 88948 33372  1  0 99  1  0  0
 0  1 136820 2722868 1756364 185154508    0    0 52320 39132 89087 33066  1  0 99  1  0  0
 0  1 136820 2721756 1756364 185154688    0    0 51600 39452 88756 32292  1  0 99  1  0  0
 1  0 136820 2721256 1756364 185154852    0    0 52288 40604 88806 33179  1  0 99  1  0  0
 0  1 136820 2721516 1756364 185154996    0    0 52336 40448 89032 33061  1  0 99  1  0  0
 2  0 136820 2721756 1756364 185155160    0    0 52272 41332 89190 33445  1  0 99  1  0  0
 0  1 136820 2722132 1756364 185155344    0    0 52416 40108 88916 32166  1  0 99  1  0  0
 1  0 136820 2722188 1756364 185155500    0    0 52160 41284 88791 32433  1  0 99  1  0  0
 3  1 136820 2723092 1756364 185155680    0    0 52208 28788 88494 31823  1  0 99  1  0  0
 1  1 136820 2728076 1756364 185155836    0    0 52448 39384 88955 33074  1  0 99  1  0  0
 4  1 136820 2726184 1756372 185156036    0    0 51824 39756 88911 32182  1  0 99  1  0  0
 1  0 136820 2722244 1756372 185156200    0    0 52112 39448 88839 32230  1  0 99  1  0  0
procs -----------memory---------- ---swap-- -----io---- -system-- -------cpu-------
 r  b   swpd   free   buff  cache   si   so    bi    bo   in   cs us sy id wa st gu
 1  0 136820 2724240 1756372 185156268    0    0 52208 40240 89064 33032  1  0 99  1  0  0
 0  1 136820 2726936 1756372 185156504    0    0 52416 39660 89158 33584  1  0 98  1  0  0
 1  0 136820 2724184 1756372 185156676    0    0 52112 38828 88812 32240  1  0 99  1  0  0
 1  0 136820 2722948 1756376 185156832    0    0 52448 39052 88852 32921  1  0 99  1  0  0
 0  1 136820 2723276 1756376 185157000    0    0 52480 40732 89135 32962  1  0 99  1  0  0
 1  0 136820 2720052 1756376 185157168    0    0 52784 40012 89053 33327  1  0 99  1  0  0
 1  0 136820 2717588 1756376 185157344    0    0 52112 39748 89012 32421  1  0 99  1  0  0
 1  0 136820 2716028 1756376 185157500    0    0 51984 39064 88836 32608  1  0 99  1  0  0
 0  1 136820 2714760 1756376 185157660    0    0 51904 39212 89048 32855  1  0 99  1  0  0
 0  1 136820 2715608 1756376 185157816    0    0 51984 39856 88994 32993  1  0 99  1  0  0
 1  0 136820 2716464 1756376 185157984    0    0 52288 39916 88842 32204  1  0 99  1  0  0
 1  1 136820 2708024 1756376 185158044    0    0 52640 40004 88958 32955  1  0 99  1  0  0
 1  0 136820 2710100 1756376 185158312    0    0 52544 40048 88572 34181  1  0 99  1  0  0
 0  1 136820 2707332 1756380 185158464    0    0 52544 39084 89059 33491  1  0 99  1  0  0
 0  0 136820 2701660 1756380 185158656    0    0 51984 38696 88499 33615  1  0 99  1  0  0
 0  1 136820 2700228 1756380 185158816    0    0 52176 39688 88599 33627  1  0 98  1  0  0
 1  0 136820 2700436 1756380 185158992    0    0 52432 40068 88888 33736  1  0 98  1  0  0
 0  1 136820 2696916 1756380 185159132    0    0 52000 40588 88981 33306  1  0 99  1  0  0
 1  0 136820 2946452 1756384 184909944    0    0 52544 27744 88465 31958  1  0 98  1  0  0
 1  0 136820 2946956 1756384 184910108    0    0 52128 39204 88824 32362  1  0 99  1  0  0
 1  0 136820 2948276 1756384 184910272    0    0 51936 39816 88898 32589  1  0 99  1  0  0
procs -----------memory---------- ---swap-- -----io---- -system-- -------cpu-------
 r  b   swpd   free   buff  cache   si   so    bi    bo   in   cs us sy id wa st gu
 1  0 136820 2946992 1756384 184910436    0    0 52064 38644 89005 33092  1  0 99  1  0  0
 1  0 136820 2945648 1756384 184910600    0    0 52256 39940 88565 34070  1  0 99  1  0  0
 1  0 136820 2943132 1756384 184910744    0    0 52592 39980 88976 32656  1  0 99  1  0  0
 2  0 136820 2943840 1756384 184910916    0    0 52240 41088 89030 33277  1  0 99  1  0  0
 1  0 136820 2946940 1756384 184911084    0    0 51888 40188 89019 33459  1  0 98  1  0  0
 1  0 136820 2944972 1756384 184911240    0    0 52496 39948 88680 33805  1  0 99  1  0  0
 0  1 136820 2946508 1756384 184911408    0    0 52368 40148 88958 32984  1  0 98  1  0  0
 0  1 136820 2944076 1756384 184911632    0    0 51824 39676 88623 33647  1  0 99  1  0  0
 0  1 136820 2944336 1756384 184911804    0    0 52128 40232 88976 34036  1  0 99  1  0  0
 1  1 136820 2945192 1756384 184911964    0    0 52368 39124 88907 32143  1  0 99  1  0  0
 0  1 136820 2948120 1756384 184912100    0    0 51536 39300 88789 32259  1  0 99  1  0  0
 1  0 136820 2945352 1756384 184912284    0    0 51664 38332 88810 32676  1  0 99  1  0  0
 0  1 136820 2942144 1756392 184912428    0    0 52320 38516 88658 34172  1  0 99  1  0  0
 0  1 136820 2944440 1756392 184912584    0    0 51952 38740 88626 33462  1  0 99  1  0  0
 1  0 136820 2945624 1756392 184912744    0    0 51968 39764 88780 33462  1  0 99  1  0  0
 0  1 136820 2943292 1756392 184912900    0    0 52368 39148 88556 34003  1  0 99  1  0  0
 0  1 136820 2941044 1756392 184913080    0    0 52176 40052 89154 33420  1  0 98  1  0  0
 0  1 136820 2942088 1756396 184913248    0    0 52048 40504 88667 33808  1  0 99  1  0  0
 0  1 136820 2942132 1756396 184913388    0    0 53216 28964 88429 32850  1  0 99  1  0  0
 0  1 136820 2942880 1756396 184913564    0    0 51664 40484 88733 33303  1  0 99  1  0  0
 1  0 136820 2944064 1756396 184913712    0    0 52560 40868 89142 33425  1  0 99  1  0  0
procs -----------memory---------- ---swap-- -----io---- -system-- -------cpu-------
 r  b   swpd   free   buff  cache   si   so    bi    bo   in   cs us sy id wa st gu
 0  2 136820 2940032 1756396 184913880    0    0 52032 40512 88958 33117  1  0 99  1  0  0
 1  0 136820 2939016 1756404 184914024    0    0 52640 40356 88902 33762  1  0 99  1  0  0
 1  0 136820 2942792 1756404 184914192    0    0 52704 39616 88858 33076  1  0 99  1  0  0
 0  1 136820 2945392 1756404 184914352    0    0 52688 39688 89158 33486  1  0 99  1  0  0
 1  0 136820 2944376 1756404 184914548    0    0 52144 39932 88782 32795  1  0 99  1  0  0
 2  0 136820 2942644 1756404 184914696    0    0 52368 40468 88707 33784  1  0 99  1  0  0
 1  1 136820 2946824 1756408 184914856    0    0 52048 39284 88579 33527  1  0 99  1  0  0
 0  0 136820 2949712 1756408 184915004    0    0 52752 39100 89209 33323  1  0 99  1  0  0
 0  1 136820 2948940 1756408 184915164    0    0 52320 38940 88679 33507  1  0 99  1  0  0
 0  1 136820 2948704 1756408 184915328    0    0 52496 39460 88870 32659  1  0 98  1  0  0
 0  1 136820 2952300 1756408 184915512    0    0 51952 39352 88846 32384  1  0 99  1  0  0
 1  0 136820 2949032 1756412 184915660    0    0 52016 38520 89038 33079  1  0 98  1  0  0
 0  0 136820 2949464 1756412 184915812    0    0 52896 37904 88795 32433  1  0 99  1  0  0
 0  1 136820 2948724 1756412 184915980    0    0 52528 38780 88636 33648  1  0 99  1  0  0
 1  1 136820 2945480 1756412 184916144    0    0 52672 39708 88592 34402  1  0 99  1  0  0
 0  1 136820 2941708 1756412 184916308    0    0 52640 40128 88811 34615  1  0 99  1  0  0
 0  1 136820 2941408 1756412 184916484    0    0 52544 39932 88896 32829  1  0 99  1  0  0
 1  0 136820 2939380 1756412 184916632    0    0 52736 39704 89029 32587  1  0 99  1  0  0
