procs -----------memory---------- ---swap-- -----io---- -system-- -------cpu-------
 r  b   swpd   free   buff  cache   si   so    bi    bo   in   cs us sy id wa st gu
 4  0 136308 2967932 1742488 172798160    4    6 25847 26073 12497    3  3  0 96  1  0  0
67  0 136308 2935620 1742488 172798228    0    0     0 231936 92837 44256 78  1 21  0  0  0
52  0 136308 2927680 1742488 172798264    0    0     0 408100 110576 33160 77  1 23  0  0  0
50 17 136308 2840196 1742488 172798296    0    0 419344 312932 183458 376628 38  5 48  9  0  0
52 16 136308 2794852 1742488 172801760    0    0 1174976 654164 265489 919526 35 10 35 20  0  0
 2  7 136308 2782420 1742492 172807328    0    0 1143264 741156 264805 903681 34 10 37 19  0  0
38 28 136308 2773648 1742492 172812716    0    0 1143168 738932 259522 899115 34 10 38 19  0  0
38 27 136308 2767612 1742492 172818156    0    0 1161072 755688 263002 917911 34 10 36 20  0  0
37 25 136308 2763944 1742492 172823736    0    0 1153024 742108 261902 912730 34 10 37 19  0  0
52 16 136308 2758516 1742492 172829244    0    0 1143712 749264 263597 912380 34 10 38 18  0  0
43 23 136308 2751156 1742496 172834728    0    0 1148176 764688 263306 909018 34 10 37 19  0  0
44 24 136308 2746536 1742496 172840228    0    0 1153392 777756 264832 912763 34 10 37 19  0  0
47 17 136308 2740472 1742500 172845760    0    0 1150164 768832 263110 910296 34  9 38 19  0  0
39 31 136308 2727348 1742500 172851316    0    0 1151040 784588 264524 912828 34 10 38 19  0  0
45 25 136308 2719148 1742500 172856956    0    0 1133072 776396 260240 899665 33  9 37 20  0  0
40 27 136308 2710692 1742504 172862404    0    0 1075376 746992 252048 851255 31  9 40 19  0  0
10 10 136308 2707692 1742504 172867648    0    0 1133072 806284 261790 894507 33  9 37 21  0  0
14 14 136308 2701264 1742504 172873172    0    0 1099312 788748 258972 878833 32  9 38 20  0  0
48 17 136308 2695696 1742504 172878508    0    0 1099520 786524 258016 875993 32  9 39 19  0  0
14 18 136308 2689824 1742504 172883960    0    0 1124416 821012 262884 897907 33  9 37 21  0  0
17 11 136308 2685060 1742508 172889380    0    0 1098544 810288 259483 876690 32  9 39 20  0  0
procs -----------memory---------- ---swap-- -----io---- -system-- -------cpu-------
 r  b   swpd   free   buff  cache   si   so    bi    bo   in   cs us sy id wa st gu
41 28 136308 2678864 1742508 172894812    0    0 1110064 822008 262327 889387 32  9 37 21  0  0
13 11 136308 2673316 1742508 172900188    0    0 1113312 849244 264061 890662 33  9 38 20  0  0
44 21 136308 2669608 1742508 172905564    0    0 1093568 836632 259473 868598 32  9 39 20  0  0
48 21 136308 2920460 1742508 172666012    0    0 1117088 845352 263916 893418 33 10 38 20  0  0
50 17 136308 2915812 1742516 172671220    0    0 1123952 848844 264727 899770 33  9 37 21  0  0
48 21 136308 2911440 1742516 172676612    0    0 1089472 828608 258851 870154 32  9 39 20  0  0
51 12 136308 2907588 1742516 172681748    0    0 1099568 823792 259004 875922 32  9 38 21  0  0
17 10 136308 2877248 1742516 172686944    0    0 1067952 812236 255586 857536 31  9 40 20  0  0
26 40 136308 2868616 1742516 172692180    0    0 1105104 823988 260192 882336 32  9 38 21  0  0
42 20 136308 2866212 1742524 172697428    0    0 1092064 810936 258081 872936 32  9 38 21  0  0
 8 15 136308 2860992 1742524 172702600    0    0 1081936 818936 258637 867866 32  9 38 21  0  0
41 21 136308 2854768 1742524 172707860    0    0 1085184 819248 258567 861598 32  9 39 20  0  0
46 22 136308 2849360 1742524 172712968    0    0 1098512 830760 260506 876063 32  9 38 20  0  0
31  5 136308 2844200 1742524 172718240    0    0 1098832 836588 262367 881388 32  9 38 21  0  0
46 18 136308 2838696 1742528 172723444    0    0 1081968 827888 259158 865572 32  9 40 19  0  0
18 10 136308 2832708 1742528 172728656    0    0 1101552 861676 264668 888020 33 10 38 19  0  0
24  7 136308 2825752 1742532 172734028    0    0 1132292 850108 266990 904176 33 10 38 19  0  0
46 26 136308 2822372 1742532 172739424    0    0 1109744 836048 262160 885375 32  9 38 20  0  0
30 31 136308 2819536 1742532 172744628    0    0 1077040 823248 257476 860460 32  9 40 19  0  0
11 26 136308 2812616 1742532 172749828    0    0 1076688 824768 257272 863013 32  9 39 20  0  0
46 21 136308 2807308 1742532 172754944    0    0 1091584 819020 258348 872930 32  9 39 20  0  0
procs -----------memory---------- ---swap-- -----io---- -system-- -------cpu-------
 r  b   swpd   free   buff  cache   si   so    bi    bo   in   cs us sy id wa st gu
12 15 136308 2804420 1742532 172760132    0    0 1063360 808040 254485 851079 31  9 40 20  0  0
45 24 136308 2798120 1742532 172765188    0    0 1091232 827212 260696 874132 32  9 38 20  0  0
52  8 136308 2790300 1742532 172770372    0    0 1101872 822784 260145 879590 32  9 38 21  0  0
55 13 136308 2783184 1742536 172775616    0    0 1077760 815484 257584 867921 32  9 40 19  0  0
47 21 136308 2783412 1742536 172780720    0    0 1099936 841692 261190 875845 32  9 38 20  0  0
37 29 136308 2778532 1742536 172786108    0    0 1097824 847212 263225 887557 33  9 38 20  0  0
38 27 136308 2773080 1742536 172791296    0    0 1084752 836444 258858 867363 32  9 40 19  0  0
42 25 136308 2768184 1742536 172796544    0    0 1091792 825172 258375 865872 32  9 39 19  0  0
34 29 136308 2761884 1742536 172801688    0    0 1087072 837128 259789 871785 32  9 39 20  0  0
22 21 136308 2757224 1742536 172806856    0    0 1082960 832936 258075 864834 32  9 39 20  0  0
35 33 136308 2751580 1742536 172812104    0    0 1087344 827708 257470 862534 32  9 38 21  0  0
42 26 136308 2747972 1742536 172817264    0    0 1085792 824336 258342 866553 32  9 38 21  0  0
44 20 136308 2743588 1742536 172822408    0    0 1069248 826052 256381 854271 31  9 39 21  0  0
 8  4 136308 2739240 1742544 172827572    0    0 1065632 810728 253435 850762 31  9 40 20  0  0
50 19 136308 2734508 1742544 172832628    0    0 1062544 825148 254379 850369 32  9 40 20  0  0
38 28 136308 2730252 1742544 172837732    0    0 1060304 816272 254314 847995 31  9 41 19  0  0
44 24 136308 2725096 1742544 172842876    0    0 1084304 826816 257449 865584 32  9 39 20  0  0
40 28 136308 2715568 1742544 172848128    0    0 1074496 825900 257991 860378 31  9 40 19  0  0
38 30 136308 2703660 1742544 172853436    0    0 1092800 847884 261979 879100 32  9 39 20  0  0
44 20 136308 2698104 1742544 172858744    0    0 1103216 850960 264691 889053 33 10 38 20  0  0
46 22 136308 2691680 1742544 172864176    0    0 1087328 836812 259896 869990 32  9 39 20  0  0
procs -----------memory---------- ---swap-- -----io---- -system-- -------cpu-------
 r  b   swpd   free   buff  cache   si   so    bi    bo   in   cs us sy id wa st gu
39 27 136308 2686128 1742548 172869464    0    0 1086756 833892 258363 865821 32  9 38 21  0  0
 3  7 136308 2682196 1742548 172874748    0    0 1072192 826712 256318 859619 32  9 39 20  0  0
45 20 136308 2762552 1742548 172761076    0    0 979408 768856 242658 783784 28  8 44 19  0  0
12 16 136308 2760640 1742548 172765056    0    0 1077760 842176 256454 868261 32  9 39 21  0  0
 9 13 136308 2807688 1742552 172770196    0    0 1061232 810552 254164 843746 31  9 39 21  0  0
23 46 136308 2806912 1742552 172775244    0    0 1071360 833912 256177 853461 31  9 39 20  0  0
 8  2 136308 2801080 1742552 172780428    0    0 1103808 841912 260574 878096 33  9 37 21  0  0
35 36 136308 2796004 1742556 172785544    0    0 1079536 838480 256395 856197 32  9 39 21  0  0
14 11 136308 2790644 1742556 172790904    0    0 1106352 866884 264089 884250 32 10 38 21  0  0
48 18 136308 2785588 1742556 172796080    0    0 1074976 830496 258409 864785 32  9 40 19  0  0
 8 15 136308 2781080 1742556 172801228    0    0 1092720 842976 259785 873256 32  9 38 20  0  0
13 10 136308 2775700 1742556 172806544    0    0 1078640 820512 257788 865947 32  9 39 20  0  0
39 24 136308 2768888 1742556 172811600    0    0 1078064 837108 255461 851684 31  9 40 20  0  0
48 14 136308 2761452 1742556 172816760    0    0 1085104 819440 255447 851754 31  9 39 20  0  0
39 27 136308 2758196 1742556 172821804    0    0 1086496 844412 259611 872490 32  9 38 20  0  0
46 21 136308 2752956 1742556 172827048    0    0 1087120 840284 258719 871146 32  9 38 21  0  0
43 24 136308 2749008 1742556 172832148    0    0 1062080 831904 255506 843702 31  9 40 20  0  0
39 25 136308 2738016 1742560 172837236    0    0 1085440 845748 259273 870230 32  9 38 21  0  0
25 13 136308 2732036 1742560 172842488    0    0 1094896 837664 260725 877657 32  9 38 20  0  0
17  6 136308 2726348 1742560 172847620    0    0 1075648 837584 258454 866960 32  9 39 20  0  0
43 27 136308 2720620 1742560 172852776    0    0 1085840 857424 259909 867493 32  9 39 19  0  0
procs -----------memory---------- ---swap-- -----io---- -system-- -------cpu-------
 r  b   swpd   free   buff  cache   si   so    bi    bo   in   cs us sy id wa st gu
40 23 136308 2716196 1742560 172858004    0    0 1078320 843632 260169 870267 32  9 40 19  0  0
12  6 136308 2711980 1742560 172863176    0    0 1092672 846092 261257 880260 32 10 39 20  0  0
 6  2 136308 2705208 1742560 172868404    0    0 1087712 845860 260606 875884 32  9 39 20  0  0
 8  5 136308 2700844 1742560 172873836    0    0 1101088 850992 261018 876547 32  9 38 21  0  0
21  3 136308 2694520 1742564 172879004    0    0 1094468 843428 260252 875002 32  9 38 21  0  0
41 26 136308 2688120 1742564 172884476    0    0 1074352 843356 258228 854138 31  9 39 21  0  0
37 29 136308 2686400 1742564 172889700    0    0 1085328 849328 260120 873538 32  9 38 21  0  0
51 14 136308 2678404 1742564 172894964    0    0 1064160 830344 255400 849647 31  9 39 20  0  0
41 28 136308 2674556 1742564 172900204    0    0 1077568 831800 256015 853197 31  9 39 20  0  0
10  9 136308 2669336 1742564 172905484    0    0 1087184 845176 260119 867305 32  9 39 20  0  0
42 25 136308 2664208 1742564 172910804    0    0 1097568 832176 260212 874705 32  9 39 20  0  0
31 35 136308 2913916 1742572 172670208    0    0 1102480 855632 263561 886954 33  9 37 20  0  0
45 22 136308 2907548 1742572 172675484    0    0 1095840 845136 264066 881683 32  9 39 20  0  0
34 32 136308 2902788 1742572 172680688    0    0 1082528 842900 260790 868181 32  9 39 19  0  0
43 23 136308 2896548 1742572 172685892    0    0 1079424 828900 258160 862220 32  9 39 20  0  0
44 19 136308 2892328 1742572 172690996    0    0 1081200 825116 259069 865333 32  9 39 19  0  0
41 28 136308 2887380 1742576 172696084    0    0 1071504 835128 258118 861230 32  9 40 20  0  0
21  3 136308 2885388 1742576 172701352    0    0 1102832 847616 262894 879794 32  9 38 21  0  0
 8 25 136308 2878668 1742576 172706528    0    0 1066176 816628 256008 856619 31  9 40 20  0  0
14 50 136308 2873708 1742576 172711672    0    0 1067344 817016 257978 859501 32  9 40 20  0  0
33 27 136308 2866468 1742576 172716700    0    0 1071424 821072 258119 859674 31  9 40 20  0  0
procs -----------memory---------- ---swap-- -----io---- -system-- -------cpu-------
 r  b   swpd   free   buff  cache   si   so    bi    bo   in   cs us sy id wa st gu
40 23 136308 2859732 1742580 172721816    0    0 1103376 836204 263371 886322 32  9 37 21  0  0
21 39 136308 2854572 1742580 172727048    0    0 1078944 834024 259472 863462 32  9 39 20  0  0
24 38 136308 2847416 1742580 172732184    0    0 1103904 848916 263367 885845 33  9 39 19  0  0
19 43 136308 2844380 1742580 172737428    0    0 1095808 843316 263054 884573 33  9 38 20  0  0
28 40 136308 2837548 1742580 172742680    0    0 1089296 827944 260913 875060 32  9 39 19  0  0
35 36 136308 2832596 1742584 172747928    0    0 1104416 847844 261787 880231 32  9 37 21  0  0
27 42 136308 2827680 1742584 172753196    0    0 1100960 845376 261433 879164 33  9 37 21  0  0
31 45 136308 2820448 1742584 172758428    0    0 1098832 836912 261920 877231 32  9 38 21  0  0
30 36 136308 2816280 1742584 172763664    0    0 1088048 836492 260550 872917 32  9 38 21  0  0
32 40 136308 2810544 1742596 172768828    0    0 1072808 827544 258576 859308 31  9 39 21  0  0
29 42 136308 2801588 1742596 172773944    0    0 1072960 823088 257434 859091 32  9 39 20  0  0
22 25 136308 2796308 1742596 172779140    0    0 1072416 835700 256830 851511 31  9 40 20  0  0
37 35 136308 2789860 1742596 172784228    0    0 1070384 812424 257785 859152 32  9 40 20  0  0
25 39 136308 2786368 1742596 172789308    0    0 1084528 840920 261076 873365 32  9 40 19  0  0
39 32 136308 2779348 1742596 172794504    0    0 1100064 854108 263190 876925 32 10 39 19  0  0
25 45 136308 2770712 1742596 172799768    0    0 1101344 856544 262004 879330 32  9 39 19  0  0
24 39 136308 2765124 1742596 172804916    0    0 1082448 846948 260693 867660 32  9 39 20  0  0
27 32 136308 2758496 1742596 172810116    0    0 1085088 827396 258943 868026 32  9 39 20  0  0
31 37 136308 2756616 1742596 172815292    0    0 1093968 853924 262330 883358 32  9 38 20  0  0
31 32 136308 2748064 1742604 172820656    0    0 1090464 828360 258540 861312 32  9 40 20  0  0
17 44 136308 2741044 1742604 172825852    0    0 1099008 839388 261944 875541 32  9 38 20  0  0
procs -----------memory---------- ---swap-- -----io---- -system-- -------cpu-------
 r  b   swpd   free   buff  cache   si   so    bi    bo   in   cs us sy id wa st gu
15 29 136308 2734888 1742604 172831292    0    0 1065488 831584 258115 860275 31  9 40 20  0  0
25 41 136308 2727844 1742604 172836532    0    0 1080592 834232 259461 862335 32  9 39 21  0  0
34 28 136308 2722424 1742604 172841644    0    0 1073392 835808 257708 856720 31  9 40 20  0  0
37 34 136308 2717964 1742612 172847052    0    0 1106560 842172 262888 887233 33  9 38 20  0  0
32 33 136308 2695172 1742612 172852424    0    0 1086272 840900 261070 877428 32  9 39 20  0  0
16 45 136308 2689132 1742612 172857664    0    0 1115104 854248 264889 893252 33  9 37 21  0  0
53 30 136308 2683272 1742612 172863084    0    0 1099392 838768 261297 876291 32  9 38 20  0  0
27 37 136308 2675640 1742612 172868500    0    0 1083392 837868 259692 867616 32  9 39 20  0  0
12 48 136308 2671524 1742612 172873756    0    0 1084800 828004 259896 869138 32  9 39 20  0  0
36 30 136308 2926372 1742612 172631684    0    0 1101216 839696 262027 883354 33  9 38 20  0  0
11 44 136308 2923976 1742612 172636508    0    0 1091856 828672 259615 875276 33  9 39 19  0  0
41 34 136308 2918644 1742612 172641844    0    0 1087792 838964 260345 868171 32  9 39 20  0  0
36 28 136308 2911056 1742612 172647036    0    0 1081136 828100 258677 867780 32  9 39 20  0  0
40 30 136308 2905824 1742620 172652188    0    0 1070136 830744 257363 853942 31  9 40 19  0  0
33 33 136308 2904268 1742620 172657344    0    0 1081968 822820 257621 865070 32  9 39 20  0  0
26 37 136308 2898032 1742620 172662444    0    0 1069408 827208 255541 850795 31  9 40 20  0  0
26 40 136308 2891568 1742620 172667520    0    0 1089152 836220 260759 874632 32  9 38 21  0  0
30 40 136308 2885180 1742620 172672724    0    0 1071152 826524 257326 855227 31  9 40 20  0  0
34 36 136308 2878476 1742628 172677896    0    0 1103888 829972 260897 876377 32  9 38 21  0  0
35 24 136308 2872216 1742628 172683016    0    0 1074208 819564 256982 862400 32  9 40 19  0  0
23 36 136308 2869124 1742628 172688220    0    0 1085744 821736 258485 870486 32  9 39 20  0  0
procs -----------memory---------- ---swap-- -----io---- -system-- -------cpu-------
 r  b   swpd   free   buff  cache   si   so    bi    bo   in   cs us sy id wa st gu
31 26 136308 2863908 1742628 172693420    0    0 1073872 829040 258650 867883 32  9 39 20  0  0
26 45 136308 2857156 1742628 172698572    0    0 1088928 828204 259626 871085 32  9 38 20  0  0
33 39 136308 2848708 1742636 172703772    0    0 1071888 825508 258654 860347 31  9 40 20  0  0
20 43 136308 2842156 1742636 172709064    0    0 1075808 826508 256413 855069 31  9 39 20  0  0
46 28 136308 2835256 1742636 172714124    0    0 1075424 828356 258158 860104 32  9 39 21  0  0
21 43 136308 2829568 1742636 172719304    0    0 1074416 824052 258116 865727 32  9 39 20  0  0
38 31 136308 2821076 1742636 172724584    0    0 1070736 829184 258520 865156 32  9 39 20  0  0
41 36 136308 2817988 1742640 172729852    0    0 1073248 821688 256898 860291 32  9 39 20  0  0
38 31 136308 2812748 1742640 172735084    0    0 1073968 823524 255890 853957 31  9 40 20  0  0
32 40 136308 2804956 1742640 172740308    0    0 1077920 833616 258283 868856 32  9 38 21  0  0
37 33 136308 2799676 1742640 172745608    0    0 1088336 831976 258526 868448 32  9 38 21  0  0
29 38 136308 2794016 1742640 172750952    0    0 1078352 839344 259625 869825 32  9 39 20  0  0
25 35 136308 2788824 1742640 172756196    0    0 1073744 823268 257520 862371 32  9 40 19  0  0
42 30 136308 2783676 1742640 172761420    0    0 1085680 823592 258570 871522 32  9 39 20  0  0
29 35 136308 2777736 1742640 172767128    0    0 1097744 840796 261566 877010 32  9 38 21  0  0
39 27 136308 2772200 1742640 172772120    0    0 1081504 823172 258182 859503 32  9 39 20  0  0
26 13 136308 2769036 1742640 172777332    0    0 1082240 825336 257975 864852 32  9 39 20  0  0
18 12 136308 2760920 1742640 172782636    0    0 1069616 827068 257634 860291 31  9 40 19  0  0
44 23 136308 2756536 1742644 172787836    0    0 1061892 808832 253144 843529 31  9 40 20  0  0
19 11 136308 2750416 1742644 172793148    0    0 1076064 831688 258470 863814 32  9 39 20  0  0
56 14 136308 2744120 1742644 172798280    0    0 1080384 830028 256745 859830 32  9 40 20  0  0
procs -----------memory---------- ---swap-- -----io---- -system-- -------cpu-------
 r  b   swpd   free   buff  cache   si   so    bi    bo   in   cs us sy id wa st gu
42 25 136308 2706880 1742644 172803456    0    0 1003616 784200 246587 804369 29  8 44 18  0  0
48 21 136308 2698552 1742644 172808900    0    0 1083856 828312 258873 865586 32  9 39 20  0  0
43 29 136308 2754396 1742652 172813720    0    0 1060784 821412 256366 851822 31  9 40 19  0  0
46 23 136308 2746996 1742652 172818944    0    0 1100480 851772 262889 880886 32  9 39 20  0  0
31  6 136308 2741828 1742652 172824876    0    0 1112336 861828 265480 893408 33 10 38 19  0  0
38 31 136308 2738916 1742652 172829884    0    0 1116624 862324 265601 887257 33  9 38 20  0  0
15 12 136308 2730564 1742652 172835436    0    0 1114976 851768 264579 892268 33  9 38 19  0  0
16 11 136308 2725836 1742652 172840668    0    0 1112992 861852 265020 886068 33  9 37 21  0  0
45 22 136308 2719584 1742652 172846172    0    0 1092624 851216 262603 873141 32  9 39 20  0  0
12  8 136308 2712904 1742652 172851892    0    0 1108448 837100 262236 876964 32 10 38 20  0  0
44 22 136308 2705640 1742656 172856960    0    0 1097376 841484 263261 875809 32  9 40 19  0  0
44 26 136308 2698352 1742656 172862344    0    0 1103632 858536 265227 887950 33  9 39 19  0  0
46 17 136308 2693464 1742656 172868252    0    0 1122432 854712 266729 894494 33 10 38 19  0  0
48 18 136308 2687488 1742656 172873164    0    0 1097984 866364 264621 880575 32  9 39 20  0  0
39 24 136308 2683020 1742656 172878668    0    0 1085632 825208 260651 870690 33  9 40 19  0  0
20 11 136308 2676904 1742664 172884532    0    0 1104768 861832 264071 888521 33  9 39 19  0  0
32 11 136308 2670732 1742664 172889180    0    0 1085360 851400 261809 873417 32  9 40 19  0  0
49 22 136308 2666464 1742664 172894852    0    0 1093552 838528 262371 881507 32  9 38 20  0  0
12  8 136308 2919320 1742664 172653396    0    0 1082096 832620 259178 867671 32  9 40 19  0  0
41 25 136308 2916152 1742672 172658276    0    0 1092928 846272 262565 875391 32  9 39 20  0  0
33  2 136308 2910324 1742680 172664004    0    0 1075200 821876 259127 864071 32  9 39 20  0  0
procs -----------memory---------- ---swap-- -----io---- -system-- -------cpu-------
 r  b   swpd   free   buff  cache   si   so    bi    bo   in   cs us sy id wa st gu
 7  3 136308 2906424 1742680 172668692    0    0 1066768 837028 256415 855271 31  9 39 21  0  0
40 25 136308 2899592 1742680 172673852    0    0 1063296 816556 255107 848001 31  9 39 21  0  0
46 24 136308 2895676 1742680 172679500    0    0 1088432 827588 258628 866535 32  9 38 21  0  0
55 11 136308 2888780 1742680 172683964    0    0 1067056 812292 255741 849826 31  9 39 21  0  0
14 11 136308 2886492 1742688 172689352    0    0 1060112 829772 255598 853356 31  9 39 21  0  0
21  6 136308 2882160 1742688 172694868    0    0 1064816 812432 254665 853283 31  9 39 21  0  0
11  6 136308 2879032 1742688 172699224    0    0 1056032 813616 253907 845433 31  9 40 20  0  0
43 18 136308 2872684 1742688 172704720    0    0 1061760 812848 253498 848648 32  9 39 20  0  0
14  6 136308 2867700 1742688 172709340    0    0 1078240 831784 257734 862236 32  9 38 21  0  0
43 23 136308 2862652 1742696 172714536    0    0 1056784 816732 252702 834759 31  9 40 20  0  0
42 24 136308 2858656 1742696 172720108    0    0 1056080 810600 254845 846438 31  9 40 20  0  0
22  5 136308 2849060 1742696 172724536    0    0 1049408 801716 252327 840583 31  9 40 20  0  0
45 24 136308 2844440 1742696 172729880    0    0 1071072 811452 255358 854276 31  9 38 22  0  0
46 15 136308 2838964 1742696 172735432    0    0 1068800 814332 254864 851172 31  9 39 21  0  0
52 12 136308 2834352 1742704 172739756    0    0 1077440 818348 256372 861014 32  9 38 21  0  0
43 26 136308 2829920 1742704 172745376    0    0 1078000 835708 257784 867044 32  9 38 21  0  0
34 14 136308 2823596 1742704 172750964    0    0 1074480 833336 257457 859504 31  9 39 21  0  0
44 22 136308 2818124 1742704 172755308    0    0 1090720 829864 261429 874097 32  9 38 21  0  0
38 28 136308 2810476 1742704 172761084    0    0 1072496 824880 256359 859980 31  9 39 21  0  0
38 28 136308 2806256 1742708 172765464    0    0 1080944 837208 259104 869347 32  9 38 21  0  0
31 16 136308 2800032 1742708 172770952    0    0 1084736 818964 259113 871438 32  9 39 20  0  0
procs -----------memory---------- ---swap-- -----io---- -system-- -------cpu-------
 r  b   swpd   free   buff  cache   si   so    bi    bo   in   cs us sy id wa st gu
51 18 136308 2792620 1742708 172776916    0    0 1074656 829076 256577 855998 31  9 40 20  0  0
18  5 136308 2784616 1742708 172781184    0    0 1067856 831160 257324 859335 32  9 39 20  0  0
43 25 136308 2778384 1742708 172786928    0    0 1082464 819940 257985 869521 32  9 38 20  0  0
45 26 136308 2773396 1742708 172792636    0    0 1080480 818064 257110 861553 31  9 39 21  0  0
42 28 136308 2769564 1742708 172797160    0    0 1067776 827504 257067 850805 31  9 40 20  0  0
22  2 136308 2758172 1742708 172802936    0    0 1063312 806500 254319 852100 32  9 40 20  0  0
46 19 136308 2755288 1742712 172808844    0    0 1090020 824608 258176 869266 32  9 38 21  0  0
 5  1 136308 2751460 1742712 172813160    0    0 1075728 829128 258825 864175 32  9 39 20  0  0
47 21 136308 2746008 1742716 172818924    0    0 1065136 828724 255880 851449 31  9 40 20  0  0
13 33 136308 2741340 1742716 172823300    0    0 1071760 828088 255764 857371 32  9 39 20  0  0
45 22 136308 2738124 1742716 172828944    0    0 1033344 790112 249647 825965 30  9 41 20  0  0
46 21 136308 2731428 1742716 172834716    0    0 1067936 812228 255738 860679 32  9 39 20  0  0
34 31 136308 2726836 1742716 172838972    0    0 1076736 833844 257420 861419 32  9 39 21  0  0
51 18 136308 2719652 1742724 172844804    0    0 1075264 810616 257830 867095 32  9 39 20  0  0
 6  8 136308 2713056 1742724 172850648    0    0 1042672 809384 253164 838446 31  9 41 20  0  0
43 24 136308 2710312 1742724 172854864    0    0 1051808 812296 253692 842594 31  9 41 19  0  0
45 25 136308 2705156 1742724 172860628    0    0 1058112 819880 255189 843946 31  9 39 21  0  0
15 10 136308 2697200 1742724 172866232    0    0 1060128 804664 254044 845287 31  9 39 20  0  0
38 25 136308 2694184 1742724 172870528    0    0 1077248 814380 255890 858869 31  9 39 21  0  0
54 14 136308 2689692 1742724 172876308    0    0 1061040 822304 254456 853860 31  9 39 20  0  0
37 29 136308 2685180 1742724 172880600    0    0 1056112 814852 253676 842527 31  9 41 19  0  0
procs -----------memory---------- ---swap-- -----io---- -system-- -------cpu-------
 r  b   swpd   free   buff  cache   si   so    bi    bo   in   cs us sy id wa st gu
53 13 136308 2677824 1742724 172886280    0    0 1065376 801276 254557 852831 32  9 40 19  0  0
 3  2 136308 2673092 1742724 172892212    0    0 1050336 827272 254503 843901 31  9 40 20  0  0
34 33 136308 2911660 1742724 172648460    0    0 1048880 797024 251654 843948 31  9 40 20  0  0
51 19 136308 2911716 1742724 172653608    0    0 1052368 812696 253455 838886 31  9 41 20  0  0
36 29 136308 2904028 1742724 172659096    0    0 1075104 813728 254038 851865 31  9 40 20  0  0
44 21 136308 2901604 1742724 172663440    0    0 1072880 822336 255695 851581 31  9 39 20  0  0
49 21 136308 2898096 1742724 172668932    0    0 1060128 805228 252727 844721 31  9 40 20  0  0
10  7 136308 2890552 1742728 172674492    0    0 1065152 814708 253596 852534 31  9 39 20  0  0
14 13 136308 2887368 1742728 172678672    0    0 1042848 803416 249317 826191 30  9 41 20  0  0
40 21 136308 2881816 1742728 172684288    0    0 1052992 809508 252125 835766 31  9 41 20  0  0
19  5 136308 2875928 1742728 172688452    0    0 1046192 805640 250042 830689 31  9 41 20  0  0
46 20 136308 2868472 1742732 172693984    0    0 1074132 817856 256094 859113 32  9 39 20  0  0
 8 11 136308 2860856 1742736 172699648    0    0 1074848 821636 254965 854641 32  9 40 20  0  0
11  0 136308 2855708 1742736 172703980    0    0 1053440 815276 254109 844192 31  9 40 19  0  0
52 19 136308 2848688 1742736 172709596    0    0 1049344 808832 252090 832256 31  9 41 19  0  0
49 17 136308 2842916 1742736 172715288    0    0 1078496 803240 253200 853113 32  9 39 20  0  0
50 22 136308 2837576 1742736 172719556    0    0 1058032 809760 250475 840755 31  9 41 19  0  0
31 33 136308 2826828 1742740 172725288    0    0 1070576 829536 256883 858835 32  9 40 20  0  0
21  3 136308 2818896 1742740 172731184    0    0 1095936 824512 259233 875705 32  9 38 20  0  0
50 26 136308 2815092 1742740 172735736    0    0 1065248 830268 255923 851648 31  9 39 20  0  0
 9 11 136308 2811896 1742740 172741592    0    0 1067280 816652 255504 851901 32  9 40 19  0  0
procs -----------memory---------- ---swap-- -----io---- -system-- -------cpu-------
 r  b   swpd   free   buff  cache   si   so    bi    bo   in   cs us sy id wa st gu
54 10 136308 2804256 1742740 172745836    0    0 1078128 813828 258148 861198 31  9 38 21  0  0
19 17 136308 2795228 1742744 172751660    0    0 1059440 822176 253954 844414 31  9 41 19  0  0
13  6 136308 2791228 1742744 172757232    0    0 1070336 839064 257870 856732 31  9 39 20  0  0
32 32 136308 2785044 1742744 172761608    0    0 1083792 833864 259624 871740 32  9 38 21  0  0
38 28 136308 2780308 1742744 172767504    0    0 1072976 822484 256614 858951 32  9 40 20  0  0
49 23 136308 2773388 1742744 172773396    0    0 1078000 822052 258043 867193 32  9 39 20  0  0
44 10 136308 2768336 1742748 172777696    0    0 1074784 817312 257774 865257 32  9 39 19  0  0
17  8 136308 2765704 1742748 172783588    0    0 1083456 827916 258834 865957 32  9 38 20  0  0
42 20 136308 2758476 1742748 172789364    0    0 1089888 842224 260461 870208 32  9 38 20  0  0
 5  5 136308 2751896 1742748 172793824    0    0 1079072 827724 258831 866737 32  9 39 20  0  0
43 24 136308 2743716 1742748 172799660    0    0 1062320 812068 252647 841214 31  9 41 19  0  0
42 16 136308 2741464 1742756 172803984    0    0 1078496 821048 258216 862405 32  9 39 21  0  0
48 21 136308 2733388 1742756 172809704    0    0 1059120 820664 256665 852842 31  9 40 21  0  0
51 17 136308 2727280 1742756 172815448    0    0 1069776 819884 256442 861131 31  9 39 20  0  0
13 23 136308 2723476 1742756 172819864    0    0 1049728 816536 254394 846623 31  9 40 20  0  0
39 12 136308 2716952 1742756 172825584    0    0 1081856 819752 256230 864316 32  9 39 20  0  0
48 18 136308 2710212 1742760 172831312    0    0 1073396 826016 257164 857970 32  9 39 20  0  0
 9  4 136308 2705680 1742760 172835792    0    0 1061472 833396 255845 853229 31  9 39 20  0  0
10 11 136308 2698704 1742760 172841428    0    0 1062240 807736 253707 852765 31  9 39 21  0  0
17  6 136308 2761520 1742760 172745284    0    0 993184 763788 244188 800148 29  8 43 19  0  0
45 21 136308 2757336 1742760 172749628    0    0 1069312 811864 255175 853862 31  9 40 20  0  0
procs -----------memory---------- ---swap-- -----io---- -system-- -------cpu-------
 r  b   swpd   free   buff  cache   si   so    bi    bo   in   cs us sy id wa st gu
18  8 136308 2801380 1742764 172755048    0    0 1055312 830304 256189 858758 31  9 40 20  0  0
64  9 136308 2798784 1742764 172759288    0    0 1076912 805752 253996 857810 31  9 40 20  0  0
45 16 136308 2795840 1742764 172764916    0    0 1066064 816712 255415 852464 31  9 40 20  0  0
36 33 136308 2788452 1742764 172770484    0    0 1025808 808140 250682 826660 30  9 41 20  0  0
 9  6 136308 2781100 1742764 172774748    0    0 1072496 820708 256873 861035 32  9 39 21  0  0
45 23 136308 2776132 1742764 172780468    0    0 1083888 825476 257938 862995 32  9 39 21  0  0
 8 16 136308 2770356 1742764 172786160    0    0 1082144 829576 256980 859576 32  9 40 19  0  0
17 11 136308 2764736 1742764 172790572    0    0 1086048 823416 258601 871488 32  9 39 20  0  0
45 21 136308 2759648 1742764 172796236    0    0 1081200 833036 259185 870407 32  9 39 20  0  0
48 20 136308 2754060 1742764 172802064    0    0 1087216 838920 260853 872697 32  9 38 21  0  0
29 11 136308 2750100 1742764 172806568    0    0 1072720 829344 256354 855461 31  9 40 20  0  0
19 48 136308 2742192 1742764 172812264    0    0 1077808 837444 259909 866911 32  9 39 20  0  0
20  8 136308 2736528 1742764 172816652    0    0 1095808 829588 259278 869903 32  9 39 20  0  0
47 20 136308 2731196 1742764 172822436    0    0 1086064 825124 257832 867647 32  9 39 20  0  0
21 13 136308 2726688 1742764 172828256    0    0 1086544 843380 260311 875161 32  9 38 20  0  0
36 30 136308 2720048 1742768 172832840    0    0 1088784 840632 260713 870876 32  9 39 20  0  0
12  6 136308 2716768 1742768 172838636    0    0 1068192 823872 258051 863903 31  9 40 20  0  0
20 11 136308 2711132 1742768 172844328    0    0 1070928 830144 257217 861866 32  9 40 19  0  0
46 22 136308 2707400 1742768 172848808    0    0 1095392 840100 261289 877970 32  9 38 20  0  0
38 29 136308 2702204 1742768 172854584    0    0 1070128 832400 259603 865113 32  9 39 20  0  0
22  7 136308 2696104 1742776 172860372    0    0 1079872 815004 257169 864302 32  9 40 19  0  0
procs -----------memory---------- ---swap-- -----io---- -system-- -------cpu-------
 r  b   swpd   free   buff  cache   si   so    bi    bo   in   cs us sy id wa st gu
42 29 136308 2693600 1742776 172864892    0    0 1094528 843860 260828 874387 32  9 38 21  0  0
28 42 136308 2686496 1742776 172870652    0    0 1059552 830780 255617 853896 31  9 40 19  0  0
51 20 136308 2682312 1742776 172875152    0    0 1080992 823896 258700 872753 32  9 39 20  0  0
43 16 136308 2678940 1742776 172880788    0    0 1089840 828140 259959 875127 32  9 39 20  0  0
 4  5 136308 2672744 1742784 172886488    0    0 1070336 826772 257042 859153 32  9 40 20  0  0
34 33 136308 2668964 1742784 172891064    0    0 1088560 843916 259737 878077 32  9 39 20  0  0
19  8 136308 2918696 1742784 172650340    0    0 1077136 833392 255816 868799 32  9 39 20  0  0
 4 13 136308 2913072 1742784 172655628    0    0 1071584 824248 256063 859256 31  9 39 21  0  0
34 28 136308 2907560 1742784 172659824    0    0 1078096 837856 259126 866394 32  9 39 21  0  0
43 19 136308 2901208 1742792 172665556    0    0 1062240 799628 253254 844709 31  9 40 20  0  0
36 29 136308 2895712 1742792 172671012    0    0 1050000 824628 253873 848101 31  9 41 19  0  0
21  5 136308 2890808 1742792 172675232    0    0 1067680 817480 256724 857654 31  9 40 20  0  0
42 20 136308 2886152 1742792 172680784    0    0 1076800 814432 254862 857923 31  9 39 20  0  0
25 11 136308 2881196 1742792 172684988    0    0 1066864 818372 255024 846970 31  9 40 20  0  0
13  8 136308 2876664 1742800 172690612    0    0 1055200 829044 254671 852006 31  9 40 20  0  0
16 14 136308 2869084 1742800 172696240    0    0 1080896 825220 257482 865445 32  9 38 21  0  0
39 25 136308 2867376 1742800 172700412    0    0 1083200 824424 258323 860127 32  9 39 21  0  0
 8  6 136308 2860764 1742800 172706116    0    0 1064640 827724 255875 855017 31  9 40 20  0  0
37 29 136308 2853188 1742800 172711616    0    0 1068400 826808 256245 854028 31  9 39 20  0  0
 9  5 136308 2850480 1742804 172715840    0    0 1048432 812084 252666 837344 31  9 41 20  0  0
41 13 136308 2845356 1742804 172721448    0    0 1069392 820136 255159 856126 31  9 39 21  0  0
procs -----------memory---------- ---swap-- -----io---- -system-- -------cpu-------
 r  b   swpd   free   buff  cache   si   so    bi    bo   in   cs us sy id wa st gu
26 11 136308 2836660 1742804 172727004    0    0 1095136 827712 258764 872580 32  9 37 22  0  0
21  5 136308 2834328 1742804 172731420    0    0 1076016 840312 257683 858059 32  9 39 21  0  0
16  3 136308 2829168 1742804 172737004    0    0 1075920 815356 256514 858711 32  9 39 20  0  0
43 28 136308 2825176 1742808 172741256    0    0 1076000 828692 256616 853978 31  9 39 20  0  0
40 23 136308 2820508 1742808 172746772    0    0 1053104 811316 253646 844813 31  9 41 20  0  0
 8  6 136308 2815292 1742812 172752268    0    0 1057988 806028 254098 849664 31  9 41 19  0  0
36  4 136308 2809540 1742812 172756452    0    0 1064064 815076 255737 853670 31  9 40 20  0  0
15 15 136308 2803320 1742812 172762116    0    0 1070448 840960 257543 861959 32  9 39 20  0  0
14  4 136308 2793976 1742816 172767888    0    0 1105552 836088 262912 882885 32  9 37 21  0  0
45 23 136308 2786224 1742816 172772308    0    0 1042512 813816 251873 832602 31  9 42 18  0  0
13 10 136308 2781112 1742816 172778092    0    0 1074096 820232 256357 860235 32  9 40 19  0  0
49 22 136308 2773940 1742816 172783716    0    0 1070208 828612 257156 858520 32  9 39 20  0  0
41 29 136308 2769060 1742816 172788244    0    0 1084112 830876 259321 869554 32  9 39 20  0  0
39 28 136308 2762836 1742820 172793920    0    0 1078256 830088 258240 866400 32  9 40 19  0  0
17 13 136308 2754692 1742820 172798272    0    0 1077456 837516 258443 866207 32  9 40 19  0  0
35 31 136308 2750260 1742820 172804116    0    0 1076944 833292 258116 861798 32  9 40 19  0  0
43 22 136308 2744408 1742820 172810012    0    0 1073680 822000 257134 859435 31  9 41 19  0  0
17  4 136308 2741572 1742820 172814528    0    0 1067184 820976 256346 854888 32  9 40 19  0  0
 8  5 136308 2734956 1742828 172820252    0    0 1104512 845024 262821 885237 32  9 38 20  0  0
22 20 136308 2729448 1742828 172826280    0    0 1080896 849204 258799 862792 32  9 39 19  0  0
40 27 136308 2727344 1742828 172830532    0    0 1083536 818488 257758 865592 32  9 40 19  0  0
procs -----------memory---------- ---swap-- -----io---- -system-- -------cpu-------
 r  b   swpd   free   buff  cache   si   so    bi    bo   in   cs us sy id wa st gu
41 24 136308 2706252 1742828 172836384    0    0 1059040 827092 255360 855023 32  9 41 19  0  0
32 36 136308 2700440 1742828 172842048    0    0 1088656 847240 260647 874752 32  9 38 20  0  0
38 27 136308 2695280 1742832 172846632    0    0 1100560 832584 261033 874743 32  9 37 21  0  0
45 22 136308 2687924 1742832 172852260    0    0 1060320 807040 252790 843759 31  9 40 20  0  0
45 19 136308 2681844 1742832 172856656    0    0 1068928 828040 256653 863989 32  9 39 21  0  0
51 20 136308 2679828 1742832 172862516    0    0 1055744 807024 252189 836639 31  9 41 19  0  0
45 24 136308 2676460 1742832 172868208    0    0 1063856 829700 255320 852731 31  9 39 20  0  0
13 18 136308 2671524 1742836 172872404    0    0 1073008 812704 254479 851979 31  9 39 20  0  0
44 16 136308 2664520 1742836 172878172    0    0 1061728 815680 255203 851921 31  9 39 20  0  0
51 19 136308 2912192 1742836 172635036    0    0 1066192 830424 254861 852726 31  9 39 21  0  0
14 10 136308 2909080 1742836 172639468    0    0 1055728 811736 252921 848298 31  9 40 19  0  0
31 35 136308 2902604 1742836 172645128    0    0 1081632 833724 257136 864291 32  9 39 20  0  0
30 38 136308 2898096 1742840 172650752    0    0 1082832 824728 257107 865358 32  9 39 20  0  0
48 19 136308 2894412 1742840 172655080    0    0 1076864 812044 255203 855197 31  9 39 21  0  0
11 12 136308 2888388 1742840 172660572    0    0 1063600 827184 254382 848384 31  9 40 20  0  0
17  3 136308 2883188 1742844 172664876    0    0 1055072 801892 252891 845289 31  9 39 21  0  0
34 33 136308 2877032 1742844 172670452    0    0 1069952 837820 257088 856768 32  9 39 21  0  0
42 24 136308 2874076 1742848 172676112    0    0 1070592 824336 254572 854998 32  9 39 20  0  0
28 17 136308 2867756 1742848 172680384    0    0 1089760 835564 261361 880598 33  9 38 20  0  0
36  7 136308 2858640 1742848 172686484    0    0 1084784 837344 259045 870468 32  9 38 20  0  0
44 23 136308 2853612 1742848 172692304    0    0 1081472 822276 257434 866119 32  9 39 20  0  0
procs -----------memory---------- ---swap-- -----io---- -system-- -------cpu-------
 r  b   swpd   free   buff  cache   si   so    bi    bo   in   cs us sy id wa st gu
42 26 136308 2850284 1742848 172696708    0    0 1059472 822360 256054 848457 31  9 40 20  0  0
41 24 136308 2845516 1742852 172702436    0    0 1064880 811928 253554 846392 32  9 41 19  0  0
47 17 136308 2835716 1742852 172708040    0    0 1064208 824720 256757 855068 32  9 40 19  0  0
 7 16 136308 2829760 1742852 172712512    0    0 1078464 819364 258061 868042 32  9 39 20  0  0
 5  3 136308 2825620 1742852 172718408    0    0 1100784 844796 261491 880144 33  9 38 20  0  0
13  7 136308 2817796 1742852 172722848    0    0 1077664 846732 258863 865762 32  9 40 19  0  0
51 19 136308 2810896 1742852 172728656    0    0 1085008 839884 259427 868952 32  9 38 21  0  0
 5 13 136308 2806648 1742852 172734488    0    0 1103200 844744 261959 884386 32  9 38 20  0  0
44 22 136308 2799684 1742852 172739020    0    0 1060384 832368 256712 853742 32  9 41 19  0  0
37 11 136308 2794200 1742852 172744488    0    0 1092832 835304 260585 876307 32  9 39 19  0  0
45 24 136308 2788196 1742852 172750384    0    0 1089360 857312 262123 876631 32  9 39 20  0  0
49 18 136308 2784404 1742852 172754908    0    0 1086368 830584 259333 872535 32  9 38 20  0  0
45 21 136308 2773172 1742860 172760652    0    0 1065056 825736 255178 848280 31  9 40 20  0  0
31 24 136308 2768744 1742860 172766360    0    0 1062800 830140 256182 856551 32  9 40 19  0  0
45 20 136308 2762932 1742860 172770964    0    0 1094864 827748 259448 872470 32  9 39 20  0  0
 5  3 136308 2758440 1742864 172776724    0    0 1061892 826008 255924 855293 32  9 40 19  0  0
20 15 136308 2752736 1742864 172781104    0    0 1066896 831688 256482 852512 32  9 40 19  0  0
32 31 136308 2749216 1742872 172786720    0    0 1046976 798792 251635 838229 31  9 40 20  0  0
 9  6 136308 2741164 1742872 172792476    0    0 1074368 839600 259799 867227 32  9 39 20  0  0
38 29 136308 2738096 1742872 172796888    0    0 1065664 826192 256534 860972 32  9 40 20  0  0
39 31 136308 2757216 1742876 172802476    0    0 1064464 817808 255237 852999 31  9 40 19  0  0
procs -----------memory---------- ---swap-- -----io---- -system-- -------cpu-------
 r  b   swpd   free   buff  cache   si   so    bi    bo   in   cs us sy id wa st gu
35 30 136308 2750832 1742876 172808316    0    0 1075264 820692 255388 853004 32  9 39 20  0  0
 7  3 136308 2747616 1742876 172812592    0    0 1058096 820244 253718 839330 31  9 41 19  0  0
41 30 136308 2741140 1742876 172818412    0    0 1063136 811844 253386 848290 31  9 41 19  0  0
39 26 136308 2735228 1742876 172824116    0    0 1062400 819312 255188 853311 31  9 39 20  0  0
13 12 136308 2731684 1742876 172828420    0    0 1078512 815088 256474 862244 32  9 39 21  0  0
48 20 136308 2728816 1742876 172834324    0    0 1075568 838424 257416 857075 31  9 39 21  0  0
27 12 136308 2722444 1742884 172838728    0    0 1083536 838264 258243 868047 32  9 38 21  0  0
 7 20 136308 2716004 1742884 172844628    0    0 1075328 815980 255709 865281 32  9 39 20  0  0
10  5 136308 2709952 1742884 172850368    0    0 1070592 819224 255335 857484 32  9 39 20  0  0
39 25 136308 2706856 1742884 172854664    0    0 1061360 806280 252895 846416 31  9 40 20  0  0
16 14 136308 2700164 1742884 172860352    0    0 1056352 817252 253764 849441 31  9 39 21  0  0
42 21 136308 2695028 1742892 172865936    0    0 1066512 816368 255242 849170 31  9 39 21  0  0
47 23 136308 2689832 1742892 172870316    0    0 1066128 814576 254668 850474 32  9 40 20  0  0
46 27 136308 2685364 1742892 172876132    0    0 1067680 828544 255013 848574 31  9 39 20  0  0
22  9 136308 2679820 1742892 172881948    0    0 1082064 827044 256611 860927 32  9 39 20  0  0
43 21 136308 2675880 1742892 172886296    0    0 1072544 827052 256419 855973 32  9 39 20  0  0
50 17 136308 2670804 1742900 172891976    0    0 1071056 810024 255444 856071 32  9 39 20  0  0
37 28 136308 2666280 1742900 172896292    0    0 1080928 829484 256995 862408 32  9 38 21  0  0
27 33 136308 2761724 1742900 172806792    0    0 1064336 810408 253987 847903 32  9 40 20  0  0
34 33 136308 2756844 1742900 172812480    0    0 1059040 809308 252527 844644 31  9 40 20  0  0
38 26 136308 2754352 1742904 172816624    0    0 1068516 827740 255534 856259 31  9 40 20  0  0
procs -----------memory---------- ---swap-- -----io---- -system-- -------cpu-------
 r  b   swpd   free   buff  cache   si   so    bi    bo   in   cs us sy id wa st gu
42 21 136308 2745980 1742912 172822160    0    0 1075440 815116 255382 857977 32  9 39 20  0  0
53 21 136308 2739260 1742912 172827816    0    0 1064880 833004 255314 849801 31  9 39 21  0  0
12 10 136308 2736828 1742912 172832208    0    0 1067808 808240 254613 852656 32  9 39 21  0  0
16 10 136308 2729428 1742912 172837804    0    0 1067648 822692 254642 849689 31  9 39 20  0  0
31 30 136308 2724304 1742912 172843472    0    0 1063776 819400 253863 848923 31  9 40 20  0  0
40 30 136308 2720864 1742916 172847952    0    0 1075568 826356 256184 852626 32  9 39 20  0  0
 5  7 136308 2715428 1742916 172853588    0    0 1071424 826384 257270 862073 32  9 40 19  0  0
57 12 136308 2709776 1742916 172857852    0    0 1074224 823540 256340 853649 31  9 39 21  0  0
25 14 136308 2702368 1742916 172863672    0    0 1074000 833564 257925 855350 32  9 39 20  0  0
 3  7 136308 2691304 1742916 172869524    0    0 1080544 821012 257452 863885 32  9 39 20  0  0
49 18 136308 2685816 1742920 172873676    0    0 1084784 830520 259134 871076 32  9 39 20  0  0
17 11 136308 2678392 1742920 172879692    0    0 1082096 837272 257365 872639 32  9 39 20  0  0
 6 23 136308 2673884 1742920 172885504    0    0 1076432 822060 256420 862013 32  9 39 20  0  0
46 23 136308 2671160 1742920 172889824    0    0 1070848 822620 256780 853338 31  9 39 21  0  0
49 18 136308 2666772 1742920 172895684    0    0 1062912 824828 254863 847794 31  9 39 20  0  0
37 28 136308 2930080 1742928 172651924    0    0 1083184 818784 256242 862986 32  9 39 20  0  0
 9  3 136308 2921612 1742928 172657324    0    0 1089856 824360 259028 875381 32  9 38 21  0  0
12  9 136308 2914832 1742928 172662912    0    0 1079056 842136 258525 861684 32  9 40 19  0  0
43 20 136308 2909376 1742928 172667236    0    0 1070544 823616 255632 861816 32  9 40 19  0  0
50 18 136308 2904448 1742928 172672672    0    0 1068960 808412 256027 857616 32  9 40 19  0  0
43 33 136308 2894496 1742928 172678320    0    0 1063488 827068 256376 855817 31  9 40 20  0  0
procs -----------memory---------- ---swap-- -----io---- -system-- -------cpu-------
 r  b   swpd   free   buff  cache   si   so    bi    bo   in   cs us sy id wa st gu
24 36 136308 2889220 1742928 172682584    0    0 1075456 822316 257132 859071 32  9 39 20  0  0
31 16 136308 2883936 1742928 172688288    0    0 1067712 802280 254978 855912 32  9 40 19  0  0
41 31 136308 2875368 1742928 172693884    0    0 1069296 834092 255820 851968 31  9 39 20  0  0
17 17 136308 2869452 1742928 172697964    0    0 1064304 818824 253423 849536 32  9 40 19  0  0
26 14 136308 2863616 1742936 172703892    0    0 1088068 820452 258368 869399 32  9 38 21  0  0
11  7 136308 2858028 1742936 172708228    0    0 1058480 816200 253739 848589 31  9 39 20  0  0
38 28 136308 2851952 1742936 172713892    0    0 1044128 805984 251891 837453 31  9 41 19  0  0
40 27 136308 2844184 1742936 172719548    0    0 1050112 810044 253430 837321 31  9 41 19  0  0
18 17 136308 2838552 1742936 172723784    0    0 1069568 829368 255699 854876 31  9 39 20  0  0
17 16 136308 2830720 1742936 172729616    0    0 1067984 818904 254894 853870 32  9 40 19  0  0
38 30 136308 2826236 1742936 172735456    0    0 1071376 819160 256408 856217 31  9 40 20  0  0
12 17 136308 2818008 1742936 172739816    0    0 1092992 832176 259205 868151 32  9 38 21  0  0
33 37 136308 2813456 1742936 172745484    0    0 1064992 823544 256109 851748 31  9 39 20  0  0
40 25 136308 2806668 1742936 172751172    0    0 1064448 812780 255890 852863 31  9 40 19  0  0
14 11 136308 2803524 1742940 172755664    0    0 1071040 825656 256652 858003 31  9 39 20  0  0
43 23 136308 2798080 1742940 172761288    0    0 1085136 822172 259339 870382 32  9 39 20  0  0
35 25 136308 2792172 1742940 172766076    0    0 1064880 839844 258339 859570 32  9 40 20  0  0
16  3 136308 2787532 1742940 172771516    0    0 1080864 830332 258513 867900 32  9 38 21  0  0
48 21 136308 2782004 1742940 172777232    0    0 1059216 813184 254559 849272 31  9 40 20  0  0
18  6 136308 2774156 1742944 172781568    0    0 1061968 827696 255994 847683 31  9 41 19  0  0
42 26 136308 2745720 1742944 172787416    0    0 1077168 822020 257105 860655 32  9 40 19  0  0
procs -----------memory---------- ---swap-- -----io---- -system-- -------cpu-------
 r  b   swpd   free   buff  cache   si   so    bi    bo   in   cs us sy id wa st gu
 5 22 136308 2739880 1742944 172793264    0    0 1092320 833848 261039 874061 32  9 39 20  0  0
23  5 136308 2736144 1742944 172797720    0    0 1075840 825396 256755 857452 32  9 39 20  0  0
47 23 136308 2733804 1742944 172803352    0    0 1068256 830840 257595 860947 32  9 40 20  0  0
15  3 136308 2731168 1742948 172809112    0    0 1072672 835904 259730 871491 32  9 39 20  0  0
22 44 136308 2725708 1742948 172813620    0    0 1073520 833576 259750 868515 32  9 39 19  0  0
41 26 136308 2720204 1742948 172819332    0    0 1089456 823796 258946 871000 32  9 39 20  0  0
46 23 136308 2711052 1742948 172824952    0    0 1080592 837952 258604 861883 32  9 39 20  0  0
38 31 136308 2706476 1742948 172829720    0    0 1074896 833664 259820 866791 32  9 39 19  0  0
 8 15 136308 2697876 1742952 172835548    0    0 1086752 835292 259680 868001 32  9 38 20  0  0
21 21 136308 2694876 1742952 172839880    0    0 1073184 835132 258830 863574 32  9 39 20  0  0
34 36 136308 2687516 1742952 172845636    0    0 1057008 827316 255919 840966 31  9 41 20  0  0
 8  0 136308 2684572 1742952 172851180    0    0 1065168 816812 256989 854781 31  9 40 20  0  0
32 34 136308 2681052 1742952 172855584    0    0 1077504 824884 257403 861962 31  9 39 20  0  0
48 22 136308 2673824 1742960 172861432    0    0 1071648 822608 257525 861295 32  9 39 20  0  0
 9  7 136308 2664348 1742960 172867140    0    0 1062368 814000 255589 852604 32  9 40 19  0  0
 3  3 136308 2926736 1742960 172622752    0    0 1074032 828628 258321 865954 32  9 39 20  0  0
11  4 136308 2921112 1742960 172628480    0    0 1077888 822764 258064 861290 32  9 39 20  0  0
15  9 136308 2916116 1742960 172632600    0    0 1064672 831772 255786 850138 31  9 40 19  0  0
47 14 136308 2909948 1742964 172638212    0    0 1094992 831656 260697 871928 32  9 38 21  0  0
31 12 136308 2904460 1742964 172643812    0    0 1052224 828328 254196 839774 31  9 41 19  0  0
15  9 136308 2898828 1742964 172648028    0    0 1066880 826068 258171 856725 31  9 39 21  0  0
procs -----------memory---------- ---swap-- -----io---- -system-- -------cpu-------
 r  b   swpd   free   buff  cache   si   so    bi    bo   in   cs us sy id wa st gu
24  4 136308 2891384 1742964 172653640    0    0 1077280 827264 258653 862479 32  9 39 20  0  0
18 15 136308 2884392 1742964 172659416    0    0 1059984 820784 256087 851668 31  9 40 20  0  0
40 29 136308 2876288 1742972 172663668    0    0 1062656 816640 255582 853919 32  9 40 19  0  0
43 21 136308 2872592 1742972 172669300    0    0 1087232 819520 259207 867030 32  9 39 20  0  0
51 22 136308 2865324 1742972 172675088    0    0 1068176 830192 257466 854340 31  9 40 20  0  0
51 20 136308 2860832 1742972 172679444    0    0 1083392 833204 260575 866495 32  9 39 20  0  0
18 16 136308 2854908 1742972 172685188    0    0 1073664 840012 258540 866920 32  9 39 20  0  0
51 15 136308 2846916 1742976 172689692    0    0 1092016 826144 259197 868771 32  9 39 20  0  0
22  9 136308 2842500 1742976 172695504    0    0 1083872 837052 259879 866898 32  9 38 21  0  0
43 23 136308 2836684 1742976 172701296    0    0 1064720 830976 258851 855512 31  9 39 20  0  0
52  8 136308 2831088 1742976 172705640    0    0 1079440 819028 257290 857839 32  9 40 19  0  0
48 19 136308 2826228 1742988 172711460    0    0 1065024 824404 257545 858360 32  9 39 20  0  0
44 20 136308 2820528 1742988 172717152    0    0 1070640 824068 256554 856154 32  9 39 20  0  0
18 12 136308 2816912 1742992 172721552    0    0 1061092 834616 258339 861128 31  9 39 20  0  0
38 29 136308 2809040 1742992 172727308    0    0 1067040 828792 258119 856127 31  9 39 21  0  0
39 31 136308 2801960 1742992 172732984    0    0 1070944 829604 259624 860137 31  9 39 20  0  0
16 11 136308 2763056 1742996 172737068    0    0 983728 760044 243066 788475 29  8 45 18  0  0
54 15 136308 2763300 1742996 172742776    0    0 1070560 826580 257120 855118 31  9 40 20  0  0
23 10 136308 2813364 1743000 172747120    0    0 1050800 817720 254803 846788 31  9 41 19  0  0
44 22 136308 2809432 1743000 172752848    0    0 1071184 831256 258612 860635 31  9 39 20  0  0
47 22 136308 2806368 1743000 172758596    0    0 1084912 832380 259956 872575 32  9 38 21  0  0
procs -----------memory---------- ---swap-- -----io---- -system-- -------cpu-------
 r  b   swpd   free   buff  cache   si   so    bi    bo   in   cs us sy id wa st gu
13 13 136308 2800860 1743004 172762976    0    0 1076208 851624 260210 868515 32  9 39 20  0  0
10  2 136308 2792904 1743004 172768912    0    0 1078128 827964 258482 860113 32  9 39 20  0  0
43 20 136308 2787548 1743004 172774500    0    0 1054880 821196 255491 846174 31  9 41 19  0  0
37 31 136308 2782188 1743004 172778892    0    0 1055184 829320 256807 850524 31  9 40 20  0  0
34 32 136308 2776904 1743004 172784648    0    0 1069360 823864 257964 857399 31  9 39 20  0  0
35 34 136308 2767612 1743008 172790176    0    0 1052208 824000 254943 842320 31  9 40 20  0  0
20 14 136308 2761856 1743008 172794784    0    0 1081968 838776 259420 870382 32  9 38 20  0  0
46 21 136308 2758052 1743008 172800452    0    0 1082640 832388 258948 866390 32  9 39 20  0  0
49 17 136308 2751848 1743008 172804936    0    0 1092976 833408 260053 874530 32  9 38 21  0  0
18 13 136308 2747732 1743008 172810624    0    0 1074000 838312 258831 864618 32  9 39 20  0  0
28 14 136308 2742796 1743012 172816436    0    0 1086336 832568 258796 866562 32  9 39 20  0  0
42 24 136308 2739888 1743012 172820996    0    0 1089168 849560 262286 872057 32  9 38 21  0  0
35 31 136308 2732104 1743012 172826704    0    0 1072064 820408 257374 857997 31  9 40 20  0  0
42 20 136308 2725996 1743012 172832360    0    0 1082992 832396 258511 865746 32  9 38 21  0  0
45 20 136308 2721044 1743012 172836960    0    0 1069792 834260 257963 863216 32  9 39 20  0  0
45 21 136308 2718160 1743012 172842616    0    0 1063568 825424 256179 858471 31  9 39 21  0  0
44 25 136308 2712224 1743012 172848136    0    0 1075424 827976 258477 872969 32  9 38 20  0  0
46 20 136308 2706724 1743012 172852932    0    0 1080160 827708 257780 863367 32  9 39 20  0  0
50 20 136308 2702124 1743012 172858556    0    0 1067888 829664 257202 857899 31  9 40 20  0  0
39 26 136308 2697720 1743012 172862948    0    0 1078400 829164 258363 863241 32  9 39 20  0  0
11  8 136308 2688796 1743020 172868808    0    0 1087632 836216 260538 872349 32  9 38 21  0  0
procs -----------memory---------- ---swap-- -----io---- -system-- -------cpu-------
 r  b   swpd   free   buff  cache   si   so    bi    bo   in   cs us sy id wa st gu
47 20 136308 2683576 1743020 172874536    0    0 1082256 839924 258897 867704 32  9 38 21  0  0
 6  4 136308 2678712 1743020 172879016    0    0 1081920 836156 260397 874153 32  9 38 20  0  0
44 13 136308 2674480 1743020 172884900    0    0 1095856 825020 260801 874643 32  9 38 21  0  0
21  7 136308 2670680 1743020 172890288    0    0 1061648 832828 256493 852417 31  9 40 20  0  0
23 15 136308 2665852 1743024 172894992    0    0 1085248 839140 261092 872202 32  9 38 21  0  0
10 11 136308 2921700 1743024 172653296    0    0 1065552 826732 257979 862900 32  9 40 20  0  0
37 27 136308 2912812 1743024 172658068    0    0 1074992 827048 257938 863233 31  9 39 21  0  0
45 21 136308 2904700 1743024 172662764    0    0 1071568 823044 256729 860763 32  9 39 20  0  0
56 10 136308 2900316 1743024 172668260    0    0 1068528 817832 255286 854397 31  9 40 20  0  0
36 23 136308 2894964 1743024 172672632    0    0 1058176 828772 257105 855596 31  9 39 20  0  0
41 27 136308 2891116 1743024 172678280    0    0 1083504 836880 259835 869017 32  9 38 21  0  0
36 32 136308 2881804 1743024 172683464    0    0 1049968 820800 253966 840131 31  9 41 19  0  0
40 27 136308 2876812 1743024 172687948    0    0 1079072 832260 257984 862956 32  9 39 21  0  0
44 25 136308 2874212 1743024 172693644    0    0 1089440 836876 259176 872661 32  9 38 20  0  0
40 26 136308 2867600 1743024 172698796    0    0 1068976 829956 256884 854337 31  9 40 20  0  0
 9  9 136308 2861940 1743024 172703584    0    0 1083600 844156 259684 872307 32  9 38 21  0  0
 7  5 136308 2856556 1743024 172709124    0    0 1072192 831704 258143 861569 31  9 39 20  0  0
38 26 136308 2852224 1743024 172714204    0    0 1079696 836456 259575 865237 32  9 39 20  0  0
 9  9 136308 2846008 1743024 172719180    0    0 1071120 822964 257636 861950 32  9 39 20  0  0
13 10 136308 2838044 1743028 172724576    0    0 1093776 844636 261981 880279 32  9 37 21  0  0
46 11 136308 2832084 1743028 172729320    0    0 1096976 832200 260426 879609 32  9 37 21  0  0
procs -----------memory---------- ---swap-- -----io---- -system-- -------cpu-------
 r  b   swpd   free   buff  cache   si   so    bi    bo   in   cs us sy id wa st gu
13  8 136308 2826968 1743028 172735092    0    0 1065248 836896 258264 861323 31  9 39 20  0  0
24 16 136308 2820876 1743028 172740280    0    0 1067968 825828 257722 861434 32  9 39 20  0  0
25 11 136308 2812684 1743032 172745140    0    0 1081188 846408 260410 868488 32  9 39 21  0  0
12 13 136308 2808808 1743040 172750900    0    0 1088672 841128 260187 873813 32  9 38 21  0  0
48 19 136308 2804568 1743040 172756200    0    0 1093072 839128 260209 872753 32  9 38 21  0  0
 7 10 136308 2799664 1743040 172761264    0    0 1073536 839084 258431 860451 31  9 39 20  0  0
42 25 136308 2793096 1743040 172766672    0    0 1054656 817984 254439 843437 31  9 39 21  0  0
55 15 136308 2788856 1743040 172771876    0    0 1098832 833000 260671 876031 32  9 37 21  0  0
36 30 136308 2785860 1743044 172777088    0    0 1066080 819984 256427 852466 31  9 39 20  0  0
10  0 136308 2776436 1743044 172782380    0    0 1075168 819948 257258 860649 32  9 38 21  0  0
 4  5 136308 2773040 1743044 172787228    0    0 1052320 828920 255715 851864 31  9 40 20  0  0
13  2 136308 2766028 1743044 172792836    0    0 1068352 815800 255735 849583 31  9 39 20  0  0
 4  5 136308 2760856 1743044 172798068    0    0 1076528 826212 258546 863361 32  9 38 21  0  0
44 22 136308 2755436 1743048 172803168    0    0 1074960 823096 257686 857880 32  9 38 21  0  0
48 22 136308 2751872 1743048 172808452    0    0 1058240 816044 255408 847409 31  9 39 21  0  0
36 32 136308 2746016 1743048 172813848    0    0 1066912 825220 257018 854204 31  9 39 20  0  0
43 16 136308 2740520 1743048 172818836    0    0 1087920 836728 259925 869063 32  9 38 21  0  0
51 19 136308 2732044 1743048 172824264    0    0 1082416 830624 259464 868848 32  9 39 20  0  0
48 18 136308 2711332 1743052 172829620    0    0 1063600 830308 256386 855584 31  9 40 19  0  0
47 19 136308 2703680 1743052 172834868    0    0 1090832 852560 261732 876776 32  9 38 21  0  0
47 20 136308 2696632 1743052 172840156    0    0 1072848 824076 258566 864260 32  9 40 19  0  0
procs -----------memory---------- ---swap-- -----io---- -system-- -------cpu-------
 r  b   swpd   free   buff  cache   si   so    bi    bo   in   cs us sy id wa st gu
42 26 136308 2692188 1743052 172845244    0    0 1086800 839440 260591 868674 32  9 39 20  0  0
 9 18 136308 2688348 1743052 172850700    0    0 1077856 838720 259952 868871 32  9 38 21  0  0
12 19 136308 2680588 1743052 172855928    0    0 1059424 824452 256489 848993 31  9 41 19  0  0
18 11 136308 2675060 1743052 172860968    0    0 1050144 809080 254115 838118 31  9 41 19  0  0
31 39 136308 2669968 1743052 172866276    0    0 1070816 803988 256013 857271 31  9 40 20  0  0
27 16 136308 2664672 1743056 172871476    0    0 1079076 847904 258996 865407 32  9 38 21  0  0
 8 10 136308 2919000 1743056 172628696    0    0 1074208 835908 259872 866984 32  9 39 20  0  0
19 15 136308 2911400 1743060 172633888    0    0 1088208 838520 261549 876478 32  9 38 21  0  0
33 10 136308 2906828 1743060 172639016    0    0 1080848 841344 260712 867634 32  9 39 20  0  0
35 31 136308 2903288 1743060 172644104    0    0 1073792 827832 257023 860042 31  9 40 20  0  0
35 34 136308 2895076 1743060 172649216    0    0 1077856 831340 258552 867542 32  9 39 20  0  0
27 30 136308 2891884 1743060 172654268    0    0 1076128 828992 257359 858183 32  9 40 19  0  0
45 29 136308 2882600 1743060 172659552    0    0 1081936 823856 258810 868029 32  9 39 20  0  0
19 46 136308 2879176 1743060 172664680    0    0 1070896 821080 258585 865607 32  9 39 20  0  0
12 56 136308 2873552 1743060 172669768    0    0 1069680 831340 259731 869455 32  9 39 20  0  0
37 32 136308 2868484 1743060 172674936    0    0 1071664 827036 258395 862134 32  9 40 20  0  0
 8 45 136308 2862308 1743060 172680036    0    0 1092384 831712 260543 871530 32  9 38 21  0  0
12 41 136308 2857716 1743064 172685132    0    0 1057232 840916 258400 852314 31  9 40 20  0  0
23 45 136308 2850856 1743064 172690324    0    0 1082512 837348 259150 867190 32  9 39 20  0  0
34 34 136308 2844576 1743064 172695512    0    0 1082064 835160 259566 865093 32  9 39 20  0  0
25 32 136308 2837352 1743064 172700804    0    0 1076160 830768 260218 866274 32  9 39 20  0  0
procs -----------memory---------- ---swap-- -----io---- -system-- -------cpu-------
 r  b   swpd   free   buff  cache   si   so    bi    bo   in   cs us sy id wa st gu
38 33 136308 2831372 1743064 172705940    0    0 1078752 834172 258502 862651 32  9 39 20  0  0
20 44 136308 2823692 1743072 172711180    0    0 1075120 836236 260524 866008 32  9 39 20  0  0
17 46 136308 2815316 1743072 172716444    0    0 1086368 821144 259881 870982 32  9 39 20  0  0
36 30 136308 2812116 1743072 172721788    0    0 1081168 842292 262093 878919 32  9 38 20  0  0
23 44 136308 2804568 1743072 172726988    0    0 1074992 822832 257194 862105 32  9 40 19  0  0
17 48 136308 2800892 1743072 172732216    0    0 1076672 826828 260682 868846 32  9 38 21  0  0
30 38 136308 2790484 1743076 172737588    0    0 1092064 829788 259866 872869 32  9 38 20  0  0
35 31 136308 2789960 1743076 172742788    0    0 1066272 817540 254578 845374 31  9 41 19  0  0
23 44 136308 2785044 1743076 172747912    0    0 1067248 823076 257881 859182 32  9 39 20  0  0
21 45 136308 2780372 1743076 172753224    0    0 1073696 826372 258560 862122 31  9 39 20  0  0
18 45 136308 2775356 1743080 172758516    0    0 1054212 830984 255552 856384 31  9 40 19  0  0
30 39 136308 2770844 1743080 172763748    0    0 1074176 816552 258967 864320 32  9 39 20  0  0
 9 50 136308 2764192 1743080 172768968    0    0 1070592 827980 257020 858040 31  9 40 20  0  0
29 33 136308 2757252 1743080 172774356    0    0 1089728 861016 261644 877710 32  9 38 21  0  0
10  1 136308 2719504 1743080 172779496    0    0 991344 809004 246482 799055 29  8 45 18  0  0
31 37 136308 2710216 1743080 172784336    0    0 1058880 781644 252203 841931 31  9 42 18  0  0
 0 57 136308 2705320 1743080 172789544    0    0 1072096 825432 259320 870742 32  9 39 20  0  0
30 41 136308 2760904 1743084 172794856    0    0 1079744 831772 258210 861489 31  9 39 21  0  0
29 35 136308 2758652 1743084 172800080    0    0 1073488 832692 258139 859600 32  9 39 20  0  0
44 28 136308 2750760 1743084 172805292    0    0 1068144 828720 256822 859253 32  9 40 20  0  0
31 38 136308 2747392 1743084 172810516    0    0 1070960 821236 258341 860972 31  9 39 20  0  0
procs -----------memory---------- ---swap-- -----io---- -system-- -------cpu-------
 r  b   swpd   free   buff  cache   si   so    bi    bo   in   cs us sy id wa st gu
35 31 136308 2739804 1743084 172815772    0    0 1067584 820124 257624 855885 32  9 39 20  0  0
38 34 136308 2729680 1743084 172821084    0    0 1090928 838204 260733 876338 32  9 38 21  0  0
47 24 136308 2726116 1743084 172826428    0    0 1086720 831188 260648 871123 32  9 39 20  0  0
30 37 136308 2724768 1743084 172831692    0    0 1087168 846516 259792 872533 32  9 38 21  0  0
28 38 136308 2717296 1743084 172837048    0    0 1092976 838004 260380 876173 32  9 38 21  0  0
46 30 136308 2714244 1743084 172842464    0    0 1100816 847968 260544 880192 32  9 37 21  0  0
29 43 136308 2708468 1743084 172847696    0    0 1073872 826336 258390 865263 32  9 39 20  0  0
38 32 136308 2703424 1743084 172852944    0    0 1072992 831288 257221 861426 32  9 39 20  0  0
29 38 136308 2696648 1743084 172858220    0    0 1073760 832456 258530 861648 32  9 39 21  0  0
33 34 136308 2690772 1743084 172863500    0    0 1088048 834268 261182 871828 32  9 38 21  0  0
43 30 136308 2684548 1743084 172868736    0    0 1061296 827052 256800 849322 31  9 40 19  0  0
31 36 136308 2680244 1743084 172873868    0    0 1068736 822188 257181 858234 32  9 40 20  0  0
38 32 136308 2675252 1743084 172879116    0    0 1080192 835932 258684 860130 32  9 39 20  0  0
39 27 136308 2668460 1743084 172884412    0    0 1080304 825724 257942 860476 32  9 39 20  0  0
26 37 136308 2765944 1743084 172790680    0    0 1069840 844328 259058 859314 32  9 39 20  0  0
39 30 136308 2763976 1743092 172795724    0    0 1071364 819904 256847 859462 32  9 40 20  0  0
34 28 136308 2754204 1743092 172800924    0    0 1087760 838808 261069 875800 32  9 38 21  0  0
39 27 136308 2751732 1743092 172806072    0    0 1073136 838156 259069 865622 32  9 39 20  0  0
31 43 136308 2747580 1743092 172811348    0    0 1079680 827072 258032 864513 32  9 39 20  0  0
31 32 136308 2741740 1743092 172816644    0    0 1086944 846892 260109 866590 32  9 38 21  0  0
20 39 136308 2734328 1743100 172821868    0    0 1077840 842604 259377 864934 31  9 39 21  0  0
procs -----------memory---------- ---swap-- -----io---- -system-- -------cpu-------
 r  b   swpd   free   buff  cache   si   so    bi    bo   in   cs us sy id wa st gu
42 26 136308 2729596 1743100 172827032    0    0 1072304 823624 257241 859834 31  9 39 21  0  0
33 36 136308 2724380 1743100 172832304    0    0 1054528 825788 255908 851345 31  9 41 19  0  0
37 40 136308 2718108 1743100 172837552    0    0 1093216 829964 261020 872649 32  9 38 21  0  0
24 38 136308 2711184 1743100 172842856    0    0 1084288 838864 259034 866603 32  9 39 20  0  0
36 32 136308 2708520 1743104 172848036    0    0 1071296 815328 256907 856984 32  9 39 20  0  0
23 41 136308 2703184 1743104 172853308    0    0 1083632 843704 259874 865727 32  9 38 21  0  0
39 30 136308 2696740 1743104 172858564    0    0 1081232 827384 256557 856529 32  9 39 20  0  0
15 35 136308 2689412 1743104 172863856    0    0 1095024 832924 259424 872970 32  9 38 21  0  0
41 15 136308 2685976 1743104 172869152    0    0 1077120 836728 259701 866418 32  9 39 20  0  0
24  9 136308 2681776 1743104 172874424    0    0 1083536 829676 259250 866891 32  9 39 20  0  0
39 16 136308 2675916 1743104 172879680    0    0 1087232 853504 260401 870470 32  9 38 21  0  0
16 17 136308 2668692 1743104 172884996    0    0 1090512 830548 260178 876543 32  9 38 21  0  0
49 20 136308 2665548 1743104 172890300    0    0 1080896 837468 259800 862702 31  9 38 21  0  0
11 21 136308 2762136 1743104 172798660    0    0 1080240 842004 259284 863009 32  9 39 20  0  0
39 28 136308 2755620 1743108 172803848    0    0 1093920 839092 262221 880334 32  9 37 21  0  0
42 26 136308 2753120 1743108 172809060    0    0 1076960 838000 259458 864722 32  9 39 20  0  0
44 23 136308 2749940 1743108 172814204    0    0 1094064 839464 260152 872929 32  9 38 21  0  0
42 25 136308 2742896 1743108 172819348    0    0 1086288 834968 260931 877638 32  9 38 21  0  0
45 25 136308 2736708 1743108 172824556    0    0 1084768 835620 260473 878889 32  9 38 21  0  0
41 28 136308 2732712 1743108 172829756    0    0 1081184 833704 259356 866751 32  9 39 20  0  0
46 23 136308 2728728 1743108 172834752    0    0 1087456 846684 262204 871974 32  9 38 21  0  0
procs -----------memory---------- ---swap-- -----io---- -system-- -------cpu-------
 r  b   swpd   free   buff  cache   si   so    bi    bo   in   cs us sy id wa st gu
41 25 136308 2722808 1743108 172840004    0    0 1077344 834220 258878 866418 32  9 39 21  0  0
44 22 136308 2718548 1743108 172845108    0    0 1074240 836736 258257 866327 32  9 39 20  0  0
17 16 136308 2712564 1743108 172850224    0    0 1082496 840316 259433 867193 32  9 38 21  0  0
 8  9 136308 2703284 1743108 172855496    0    0 1088368 826284 259001 862403 32  9 38 21  0  0
41 24 136308 2699776 1743112 172860652    0    0 1065904 824248 256351 848104 31  9 40 20  0  0
52 14 136308 2690660 1743112 172865932    0    0 1073280 818536 257994 857591 31  9 40 20  0  0
49 17 136308 2688568 1743112 172871200    0    0 1080656 837088 258093 862839 32  9 39 20  0  0
50 17 136308 2682388 1743112 172876344    0    0 1075552 832992 258544 861864 32  9 39 20  0  0
45 20 136308 2678188 1743112 172881664    0    0 1071792 834832 259522 864527 32  9 39 20  0  0
40 28 136308 2672780 1743116 172886916    0    0 1072384 843136 258257 860900 32  9 39 20  0  0
46 18 136308 2665632 1743116 172892264    0    0 1106464 834952 262336 886097 33  9 37 21  0  0
12 13 136308 2922948 1743116 172649536    0    0 1063040 833752 257946 860280 31  9 40 20  0  0
37 27 136308 2917748 1743116 172654772    0    0 1087936 849708 261325 872323 32  9 38 21  0  0
39 28 136308 2911424 1743116 172659860    0    0 1080160 826612 257611 864815 32  9 39 21  0  0
48 20 136308 2907252 1743120 172664948    0    0 1075536 829588 258557 865038 32  9 39 20  0  0
32 36 136308 2901196 1743120 172670080    0    0 1058592 819516 255344 850533 31  9 41 19  0  0
37 30 136308 2870348 1743120 172675184    0    0 1065728 832228 257655 853543 31  9 39 20  0  0
46 23 136308 2864948 1743120 172680268    0    0 1084272 814732 258104 868812 32  9 39 20  0  0
 5 18 136308 2861000 1743120 172685296    0    0 1065296 830588 256782 854435 31  9 40 20  0  0
38 28 136308 2853504 1743128 172690328    0    0 1068192 830952 256695 854096 31  9 39 20  0  0
42 23 136308 2847112 1743128 172695532    0    0 1085504 840380 258773 860607 31  9 39 21  0  0
procs -----------memory---------- ---swap-- -----io---- -system-- -------cpu-------
 r  b   swpd   free   buff  cache   si   so    bi    bo   in   cs us sy id wa st gu
60  7 136308 2841112 1743128 172700656    0    0 1074464 807096 255934 858683 32  9 40 20  0  0
39 29 136308 2837676 1743128 172705768    0    0 1078544 846528 260038 865014 32  9 39 20  0  0
10  3 136308 2834620 1743128 172710924    0    0 1082144 834672 259231 866104 32  9 39 20  0  0
32 26 136308 2829748 1743144 172716004    0    0 1060696 829688 255508 853472 31  9 41 19  0  0
19  6 136308 2820008 1743144 172721308    0    0 1070432 825848 257690 859658 31  9 40 20  0  0
39 27 136308 2813704 1743144 172726540    0    0 1075792 828136 258370 864942 32  9 39 20  0  0
41 24 136308 2805012 1743144 172731784    0    0 1073744 830288 257240 858118 31  9 40 20  0  0
38 28 136308 2800932 1743144 172737148    0    0 1097088 853960 263201 878430 32  9 39 20  0  0
50 19 136308 2795440 1743152 172742448    0    0 1089744 849360 260981 870448 32  9 39 19  0  0
47 21 136308 2790900 1743152 172747888    0    0 1103808 839016 262171 877291 33 10 38 20  0  0
40 27 136308 2785356 1743152 172753124    0    0 1083440 851588 262988 872402 32  9 39 20  0  0
42 26 136308 2779548 1743152 172758540    0    0 1093952 846620 261543 876800 32  9 39 20  0  0
36 30 136308 2774452 1743152 172763796    0    0 1098752 839876 260333 870233 32  9 39 20  0  0
39 27 136308 2768088 1743156 172769168    0    0 1084256 846996 261461 873423 32  9 39 19  0  0
44 26 136308 2763468 1743156 172774416    0    0 1075424 830336 258437 864877 32  9 40 18  0  0
26  5 136308 2755040 1743156 172779828    0    0 1094160 843072 261703 874730 32  9 39 20  0  0
10  3 136308 2751664 1743156 172785072    0    0 1086352 836620 261408 873099 32  9 39 20  0  0
41 25 136308 2744712 1743156 172790320    0    0 1086016 854536 262287 871255 32  9 39 19  0  0
15  6 136308 2739252 1743160 172795744    0    0 1092160 853536 262488 880686 32 10 38 20  0  0
22 13 136308 2731596 1743160 172800976    0    0 1073856 829620 259024 861777 32  9 40 19  0  0
46 17 136308 2726068 1743160 172806312    0    0 1095904 826772 260612 877365 33  9 39 19  0  0
procs -----------memory---------- ---swap-- -----io---- -system-- -------cpu-------
 r  b   swpd   free   buff  cache   si   so    bi    bo   in   cs us sy id wa st gu
56 12 136308 2721220 1743160 172811588    0    0 1081776 835660 260525 872522 32  9 39 19  0  0
12  7 136308 2715616 1743160 172816828    0    0 1074656 838340 259776 862212 32  9 40 19  0  0
14  7 136308 2708440 1743160 172822272    0    0 1100080 849268 263619 882391 32 10 38 20  0  0
45 20 136308 2703976 1743160 172827536    0    0 1089488 846516 260323 869533 32  9 39 19  0  0
50 23 136308 2696768 1743160 172833000    0    0 1097392 845536 261697 879514 33  9 39 19  0  0
48 19 136308 2692752 1743160 172838296    0    0 1094128 829008 258634 868316 32  9 39 19  0  0
48 22 136308 2687204 1743160 172843576    0    0 1084208 839504 260557 874157 32  9 40 19  0  0
48 23 136308 2680268 1743164 172848840    0    0 1089696 838212 260879 875514 33  9 39 20  0  0
22  7 136308 2674780 1743168 172854168    0    0 1078612 855408 260337 868684 32  9 39 19  0  0
 3  9 136308 2669724 1743168 172859500    0    0 1091296 831496 260516 875968 32  9 39 19  0  0
48 21 136308 2915436 1743168 172621240    0    0 1074096 841392 259497 866742 32  9 40 19  0  0
38 26 136308 2915616 1743168 172626132    0    0 1093424 830712 261251 875422 32  9 39 19  0  0
15 10 136308 2869804 1743168 172631168    0    0 1017616 804120 250028 816078 30  9 43 19  0  0
16  8 136308 2864496 1743168 172636064    0    0 1084928 844988 261086 869588 32  9 39 19  0  0
31 23 136308 2858192 1743168 172641216    0    0 1077472 823588 260154 867715 32  9 39 20  0  0
50 19 136308 2912000 1743172 172646388    0    0 1055856 813272 255595 846548 31  9 41 19  0  0
12 23 136308 2906828 1743172 172651520    0    0 1075152 837620 259779 865654 32  9 39 21  0  0
24 42 136308 2903408 1743172 172656692    0    0 1064928 833660 256549 853386 31  9 40 19  0  0
29 13 136308 2896140 1743172 172661844    0    0 1100624 829292 258085 870845 32  9 38 20  0  0
14 12 136308 2891904 1743172 172666976    0    0 1070256 834656 257302 857277 32  9 39 20  0  0
 4  4 136308 2887132 1743172 172672080    0    0 1071600 812212 255345 852895 31  9 40 20  0  0
procs -----------memory---------- ---swap-- -----io---- -system-- -------cpu-------
 r  b   swpd   free   buff  cache   si   so    bi    bo   in   cs us sy id wa st gu
54 11 136308 2883700 1743172 172676996    0    0 1023488 775844 243437 802249 29  8 41 21  0  0
35 34 136308 2879816 1743176 172681756    0    0 1014784 768396 241874 794960 29  8 39 24  0  0
32 37 136308 2873296 1743176 172686664    0    0 1043664 798292 249664 831560 30  8 38 23  0  0
27 12 136308 2869856 1743176 172691624    0    0 1026368 775140 246508 816793 30  8 40 21  0  0
40 26 136308 2864380 1743176 172696524    0    0 1012480 788164 245456 807099 30  8 42 20  0  0
31 28 136308 2860732 1743176 172701464    0    0 1054688 809028 252843 844569 31  9 38 23  0  0
36 25 136308 2855504 1743176 172706428    0    0 1032576 779420 247675 816896 30  9 40 22  0  0
41 23 136308 2853700 1743176 172711344    0    0 1035904 793844 249027 818235 30  8 40 22  0  0
37 24 136308 2850660 1743176 172716128    0    0 1013200 776356 244130 804566 30  8 41 21  0  0
34 31 136308 2843976 1743176 172721064    0    0 1041056 778208 246482 821839 30  9 39 23  0  0
49 17 136308 2840000 1743176 172725944    0    0 1024384 772780 244971 813102 30  9 40 22  0  0
43 29 136308 2834928 1743176 172730824    0    0 1012672 791256 245001 803360 29  8 41 22  0  0
 9  5 136308 2827496 1743176 172735668    0    0 1024224 772272 244703 810572 30  8 40 22  0  0
45 21 136308 2821284 1743184 172740504    0    0 1045752 783400 248677 827591 30  9 40 22  0  0
34 29 136308 2817744 1743184 172745484    0    0 1019024 779912 244670 807176 29  9 41 21  0  0
44 22 136308 2813544 1743184 172750336    0    0 1028112 780204 247175 817588 30  9 41 20  0  0
27 35 136308 2808128 1743188 172755144    0    0 1024016 784484 246101 819921 30  9 40 21  0  0
42 24 136308 2804644 1743188 172760076    0    0 1035344 781192 246618 818303 30  9 39 22  0  0
42 24 136308 2800452 1743188 172764968    0    0 1011952 780060 244630 807873 29  8 41 21  0  0
39 27 136308 2797084 1743188 172769808    0    0 1017344 781772 244662 805769 29  8 40 23  0  0
42 20 136308 2785764 1743188 172774608    0    0 1018164 776656 243919 807190 29  8 41 22  0  0
procs -----------memory---------- ---swap-- -----io---- -system-- -------cpu-------
 r  b   swpd   free   buff  cache   si   so    bi    bo   in   cs us sy id wa st gu
43 26 136308 2786052 1743196 172779620    0    0 1034448 788368 247816 822367 30  9 39 22  0  0
40 28 136308 2781356 1743196 172784564    0    0 1029040 771784 245847 818193 31  9 40 21  0  0
41 25 136308 2775664 1743196 172789500    0    0 1033712 795504 248685 830034 30  9 39 22  0  0
37 28 136308 2769704 1743196 172794332    0    0 1031072 792756 248781 820904 30  9 41 21  0  0
45 23 136308 2764324 1743196 172799376    0    0 1049344 787616 248855 832189 31  9 40 20  0  0
45 18 136308 2758744 1743208 172804332    0    0 1026944 794388 248668 816645 30  8 41 20  0  0
24 12 136308 2752740 1743208 172809200    0    0 1035600 798576 249702 826804 30  9 41 20  0  0
 6  9 136308 2748728 1743208 172814340    0    0 1066240 813048 255772 851549 31  9 39 21  0  0
 8 13 136308 2744428 1743208 172819352    0    0 1076912 830812 258138 863896 32  9 38 21  0  0
42 29 136308 2738800 1743208 172824428    0    0 1062672 820888 255196 851139 31  9 39 20  0  0
11 19 136308 2732548 1743212 172829480    0    0 1064000 811344 252796 847008 31  9 40 20  0  0
20  8 136308 2730648 1743212 172834528    0    0 1061568 808900 254342 848636 31  9 39 21  0  0
42 28 136308 2726952 1743212 172839564    0    0 1064256 818616 255511 850240 31  9 39 21  0  0
43 23 136308 2722160 1743212 172844700    0    0 1070480 825516 257524 860115 31  9 39 21  0  0
37 30 136308 2718476 1743212 172849736    0    0 1070448 810580 254537 851177 31  9 40 20  0  0
36 31 136308 2711440 1743220 172854756    0    0 1050880 813224 252995 836503 31  9 41 19  0  0
44 26 136308 2703384 1743220 172859932    0    0 1081392 827656 257255 863254 31  9 38 21  0  0
50 16 136308 2694068 1743220 172865248    0    0 1073376 818920 255953 861871 32  9 38 21  0  0
19 17 136308 2688844 1743220 172870332    0    0 1039728 815132 251649 830661 31  9 41 19  0  0
42 27 136308 2683784 1743220 172875512    0    0 1072016 820768 256143 853949 31  9 39 21  0  0
45 22 136308 2678076 1743228 172880744    0    0 1069648 817232 252682 844301 31  9 39 21  0  0
procs -----------memory---------- ---swap-- -----io---- -system-- -------cpu-------
 r  b   swpd   free   buff  cache   si   so    bi    bo   in   cs us sy id wa st gu
16  6 136308 2671080 1743228 172885952    0    0 1066704 822924 255228 854018 31  9 39 21  0  0
47 22 136308 2665448 1743228 172891052    0    0 1053488 804988 251562 837221 31  9 41 19  0  0
15  4 136308 2920392 1743228 172652292    0    0 1054416 799512 252204 841597 31  9 40 20  0  0
40 26 136308 2911708 1743228 172657356    0    0 1051520 812868 254731 844817 31  9 40 20  0  0
 6  5 136308 2903448 1743228 172662380    0    0 1064928 805576 253913 848860 31  9 40 20  0  0
43 24 136308 2900736 1743228 172667540    0    0 1088736 846768 259097 868510 32  9 39 20  0  0
39 26 136308 2893052 1743228 172672776    0    0 1084128 843844 259545 868468 32  9 39 19  0  0
39 26 136308 2886592 1743228 172677928    0    0 1084160 828956 256921 862842 32  9 38 21  0  0
41 22 136308 2881920 1743228 172683060    0    0 1086240 830180 257251 862235 32  9 38 21  0  0
15 17 136308 2871968 1743232 172688208    0    0 1063424 818632 255211 852064 32  9 39 20  0  0
46 19 136308 2870808 1743232 172693388    0    0 1072384 827704 257280 860766 32  9 39 20  0  0
11  5 136308 2866000 1743232 172698428    0    0 1071472 817796 256551 865735 32  9 39 20  0  0
 8 23 136308 2859228 1743232 172703512    0    0 1041600 807668 252432 836944 31  9 41 19  0  0
44 25 136308 2853856 1743232 172708540    0    0 1074416 814576 254979 852381 32  9 39 20  0  0
45 25 136308 2850028 1743232 172713712    0    0 1055104 810756 254022 847883 31  9 40 20  0  0
43 24 136308 2842504 1743232 172718592    0    0 1058528 807096 253328 839064 31  9 40 20  0  0
22 13 136308 2838608 1743232 172723572    0    0 1042352 811116 251029 833122 31  9 41 19  0  0
47 14 136308 2832744 1743232 172728748    0    0 1100640 827044 258495 871370 32  9 37 21  0  0
42 23 136308 2826064 1743232 172733960    0    0 1091760 836800 259839 866277 32  9 39 19  0  0
46 21 136308 2822332 1743232 172739084    0    0 1067312 839280 256268 856789 32  9 41 18  0  0
38 29 136308 2815908 1743232 172744200    0    0 1082704 826592 258685 866655 32  9 40 19  0  0
procs -----------memory---------- ---swap-- -----io---- -system-- -------cpu-------
 r  b   swpd   free   buff  cache   si   so    bi    bo   in   cs us sy id wa st gu
16 14 136308 2810672 1743232 172749356    0    0 1079728 825864 257477 868693 33  9 39 19  0  0
44 24 136308 2803388 1743236 172754484    0    0 1091204 834884 259008 873438 32  9 38 21  0  0
25 17 136308 2799856 1743236 172759568    0    0 1055360 819816 254621 848952 31  9 40 19  0  0
40 27 136308 2794188 1743240 172764636    0    0 1076640 803884 253586 855066 32  9 39 20  0  0
13 15 136308 2788292 1743240 172769660    0    0 1064672 830144 255042 848047 31  9 39 20  0  0
33 34 136308 2782600 1743240 172774828    0    0 1070720 821344 254889 851317 31  9 39 21  0  0
46 25 136308 2778128 1743240 172779788    0    0 1052016 796832 251333 842914 31  9 40 20  0  0
51 18 136308 2771244 1743240 172784940    0    0 1077280 815896 256763 863362 32  9 38 21  0  0
45 23 136308 2763100 1743252 172790144    0    0 1082080 841652 260207 867858 32  9 40 19  0  0
36 30 136308 2757624 1743252 172795360    0    0 1093648 846460 262737 880855 32 10 39 19  0  0
36 30 136308 2751748 1743252 172800524    0    0 1083952 851992 261183 874340 32  9 39 20  0  0
 7  2 136308 2746728 1743252 172805812    0    0 1097696 842856 260785 873592 32  9 39 20  0  0
10  2 136308 2742920 1743252 172810852    0    0 1074688 816284 258382 860755 32  9 40 19  0  0
23 10 136308 2736932 1743256 172816008    0    0 1068400 835920 257184 862101 32  9 40 19  0  0
43 20 136308 2735160 1743256 172821120    0    0 1088320 833860 258987 869656 32  9 39 20  0  0
43 24 136308 2730856 1743256 172826332    0    0 1082880 835248 258507 860763 32  9 40 18  0  0
53 12 136308 2728000 1743256 172831444    0    0 1090096 834936 262044 878030 32  9 39 19  0  0
 7  2 136308 2721432 1743264 172836632    0    0 1093696 856052 261558 875904 32  9 39 20  0  0
55 11 136308 2716320 1743264 172841840    0    0 1093280 839300 260832 876565 33  9 39 19  0  0
51 19 136308 2707968 1743264 172847108    0    0 1088864 839120 260467 870157 32  9 39 20  0  0
40 24 136308 2705008 1743264 172852288    0    0 1076928 839976 258356 863095 32  9 39 20  0  0
procs -----------memory---------- ---swap-- -----io---- -system-- -------cpu-------
 r  b   swpd   free   buff  cache   si   so    bi    bo   in   cs us sy id wa st gu
43 21 136308 2701136 1743264 172857484    0    0 1089440 841496 261627 878500 33  9 39 20  0  0
 7  5 136308 2695824 1743272 172862680    0    0 1100608 849560 262191 884653 33  9 38 20  0  0
10  9 136308 2691504 1743272 172867864    0    0 1089168 831748 259006 872601 33  9 39 19  0  0
39 28 136308 2683608 1743272 172872928    0    0 1074800 830000 257363 859556 32  9 40 19  0  0
47 22 136308 2678496 1743272 172878100    0    0 1098912 844616 263105 884703 33 10 38 20  0  0
 8  2 136308 2671304 1743272 172883440    0    0 1081968 852980 261887 868653 32  9 40 18  0  0
29 11 136308 2763116 1743280 172793048    0    0 1078884 830556 257872 864255 32  9 40 18  0  0
52 27 136308 2761444 1743280 172797820    0    0 1089472 831964 259942 871496 32  9 40 19  0  0
56 14 136308 2753920 1743280 172803096    0    0 1111152 849964 264027 882976 32 10 38 20  0  0
45 25 136308 2749320 1743280 172808228    0    0 1098400 847456 261475 874100 32  9 38 20  0  0
47 23 136308 2742236 1743280 172813448    0    0 1085248 843260 261087 871655 32  9 39 20  0  0
 4  9 136308 2737516 1743280 172818560    0    0 1066480 812436 254355 847529 31  9 40 20  0  0
43 25 136308 2697740 1743280 172823536    0    0 1045232 814096 252729 837096 31  9 43 18  0  0
43 25 136308 2692080 1743280 172828652    0    0 1090640 839400 260210 870482 32  9 39 19  0  0
54 18 136308 2717732 1743284 172833876    0    0 1092992 837996 260590 878331 32  9 39 19  0  0
41 23 136308 2713772 1743284 172839020    0    0 1075120 836080 257363 858828 32  9 40 19  0  0
37 30 136308 2708844 1743288 172844116    0    0 1092176 833544 260554 873331 32  9 39 19  0  0
23  7 136308 2703368 1743288 172849288    0    0 1088336 845360 261936 873079 32  9 39 19  0  0
24  8 136308 2699024 1743288 172854480    0    0 1084768 846392 261484 874492 33  9 39 19  0  0
31 10 136308 2692552 1743288 172859680    0    0 1082384 839952 260441 874311 32  9 40 19  0  0
15  8 136308 2687540 1743288 172864856    0    0 1085664 822012 259025 866275 32  9 40 18  0  0
procs -----------memory---------- ---swap-- -----io---- -system-- -------cpu-------
 r  b   swpd   free   buff  cache   si   so    bi    bo   in   cs us sy id wa st gu
18 16 136308 2683084 1743300 172870032    0    0 1092944 844336 262484 876549 32  9 39 19  0  0
 7  6 136308 2677736 1743300 172875172    0    0 1081408 839460 260881 868786 32  9 39 20  0  0
 6  2 136308 2671768 1743300 172880232    0    0 1058240 821372 254267 845106 31  9 40 20  0  0
51 14 136308 2665876 1743300 172885432    0    0 1090912 830532 259821 873454 32  9 39 20  0  0
42 27 136308 2763216 1743300 172791948    0    0 1079472 832492 257684 861110 32  9 40 19  0  0
 3  3 136308 2759524 1743300 172796992    0    0 1098320 836312 260041 871030 32  9 39 20  0  0
44 25 136308 2753020 1743300 172802148    0    0 1079696 834320 258364 859498 32  9 40 19  0  0
15 16 136308 2747508 1743300 172807204    0    0 1091968 841988 261222 868146 32  9 39 20  0  0
45 22 136308 2737420 1743300 172812468    0    0 1091552 853884 261891 874099 32  9 40 18  0  0
47 19 136308 2734964 1743300 172817740    0    0 1120992 873612 267455 899921 33 10 38 19  0  0
44 25 136308 2731544 1743304 172822996    0    0 1102016 862884 262988 880966 33  9 40 18  0  0
45 20 136308 2727392 1743312 172828268    0    0 1110920 866088 265301 887909 33 10 39 18  0  0
50 22 136308 2720256 1743312 172833572    0    0 1111312 855840 265793 894169 33 10 39 18  0  0
50 18 136308 2716192 1743312 172838828    0    0 1082608 834716 258660 863363 32  9 41 18  0  0
43 25 136308 2711684 1743312 172843980    0    0 1079472 833152 258417 863915 32  9 39 19  0  0
29 37 136308 2702112 1743320 172849056    0    0 1059744 838396 256933 853435 31  9 41 19  0  0
39 24 136308 2698020 1743320 172854172    0    0 1102032 839148 260777 878873 33  9 39 19  0  0
46 20 136308 2690556 1743320 172859448    0    0 1112128 842276 262644 883703 33 10 38 20  0  0
45 20 136308 2686036 1743320 172864620    0    0 1088720 851928 261790 878513 32  9 39 20  0  0
43 26 136308 2679988 1743320 172869880    0    0 1107232 839004 261333 882696 33  9 39 19  0  0
 8  3 136308 2674140 1743324 172875124    0    0 1094832 848804 261469 873341 33  9 40 18  0  0
procs -----------memory---------- ---swap-- -----io---- -system-- -------cpu-------
 r  b   swpd   free   buff  cache   si   so    bi    bo   in   cs us sy id wa st gu
27 41 136308 2669636 1743324 172880356    0    0 1098208 859624 263020 878350 32  9 40 18  0  0
40 26 136308 2907360 1743324 172642188    0    0 1115360 854644 264911 890097 33 10 39 18  0  0
48 20 136308 2902256 1743324 172647276    0    0 1130448 863276 266813 899633 33 10 38 19  0  0
 8  1 136308 2901180 1743324 172652484    0    0 1100736 857024 263737 884592 33  9 40 18  0  0
48 20 136308 2894836 1743328 172657724    0    0 1088256 843660 259476 873038 33  9 40 18  0  0
40 25 136308 2892068 1743328 172662936    0    0 1093712 833356 258416 865785 32  9 39 20  0  0
13  2 136308 2885504 1743328 172668100    0    0 1082064 835184 257665 864215 32  9 40 19  0  0
33 33 136308 2881908 1743328 172673248    0    0 1097232 859904 261222 875994 32  9 38 20  0  0
39 28 136308 2878032 1743328 172678508    0    0 1087520 838976 259386 867163 32  9 39 19  0  0
44 23 136308 2871544 1743328 172683688    0    0 1086928 826236 258516 868668 32  9 40 19  0  0
 8 17 136308 2865784 1743328 172688840    0    0 1113232 866208 265087 886414 33 10 39 18  0  0
46 23 136308 2860544 1743328 172694188    0    0 1109248 841900 262166 881401 33  9 39 18  0  0
38 28 136308 2854872 1743328 172699360    0    0 1077392 839264 258706 863875 32  9 40 19  0  0
16  2 136308 2849280 1743328 172704448    0    0 1102640 830036 261933 884777 33  9 38 19  0  0
22  3 136308 2847892 1743332 172709600    0    0 1091808 840212 258292 865310 32  9 39 19  0  0
43 24 136308 2841172 1743336 172714912    0    0 1104084 851804 263136 879595 33  9 38 20  0  0
16 15 136308 2835480 1743336 172720108    0    0 1058400 822788 253776 847852 31  9 40 20  0  0
45 22 136308 2826712 1743336 172725212    0    0 1066592 817604 254707 849012 31  9 39 21  0  0
34 32 136308 2819748 1743336 172730228    0    0 1056976 817924 254611 845430 31  9 40 20  0  0
48 22 136308 2816264 1743336 172735356    0    0 1079408 817420 256322 862035 32  9 39 20  0  0
40 27 136308 2811336 1743336 172740476    0    0 1070384 835132 257208 867573 32  9 39 20  0  0
procs -----------memory---------- ---swap-- -----io---- -system-- -------cpu-------
 r  b   swpd   free   buff  cache   si   so    bi    bo   in   cs us sy id wa st gu
47 16 136308 2808764 1743336 172745556    0    0 1068752 802892 253792 858208 32  9 40 19  0  0
35 30 136308 2802264 1743336 172750492    0    0 1028256 811316 251137 822650 30  9 43 18  0  0
37 28 136308 2795584 1743336 172755556    0    0 1079392 822216 257431 860274 32  9 40 19  0  0
52 13 136308 2791812 1743336 172760692    0    0 1067536 821336 256485 851964 31  9 40 19  0  0
41 25 136308 2788328 1743336 172765872    0    0 1082656 844888 259430 868146 32 10 39 20  0  0
48 20 136308 2782484 1743336 172771104    0    0 1104800 840596 262548 886445 33  9 38 20  0  0
44 22 136308 2776124 1743336 172776200    0    0 1077728 823132 255496 853273 32  9 41 18  0  0
39 28 136308 2772996 1743336 172781340    0    0 1069504 831536 256215 854141 31  9 39 20  0  0
20 16 136308 2768184 1743336 172786444    0    0 1056176 813128 252747 843259 31  9 40 20  0  0
14 16 136308 2763220 1743336 172791444    0    0 1069120 823156 254922 851125 31  9 39 21  0  0
48 17 136308 2757616 1743336 172796536    0    0 1070704 822652 254992 854144 31  9 39 20  0  0
23 13 136308 2752784 1743336 172801604    0    0 1074320 819952 254053 849780 31  9 40 20  0  0
34 33 136308 2744248 1743336 172806696    0    0 1075808 819412 255393 860652 32  9 39 20  0  0
22  9 136308 2742432 1743336 172811940    0    0 1094320 845920 260194 869046 32  9 39 20  0  0
28 17 136308 2722148 1743336 172817088    0    0 1066240 824528 257363 858412 32  9 40 20  0  0
 6  6 136308 2716416 1743336 172822248    0    0 1094560 833860 260832 878792 33  9 38 20  0  0
42 24 136308 2713456 1743336 172827368    0    0 1080288 836980 259353 867759 32  9 40 18  0  0
39 27 136308 2707976 1743336 172832524    0    0 1094624 840584 260244 874500 32  9 39 19  0  0
16 17 136308 2701408 1743340 172837592    0    0 1084544 837152 259363 866605 32  9 39 19  0  0
44 24 136308 2697132 1743340 172842856    0    0 1091136 831196 258268 862703 32  9 38 21  0  0
55 12 136308 2690688 1743344 172847964    0    0 1078676 816900 256275 859835 32  9 39 21  0  0
procs -----------memory---------- ---swap-- -----io---- -system-- -------cpu-------
 r  b   swpd   free   buff  cache   si   so    bi    bo   in   cs us sy id wa st gu
 5  3 136308 2686180 1743344 172853104    0    0 1058208 825768 253967 843803 31  9 40 20  0  0
47 21 136308 2681140 1743344 172858140    0    0 1064752 816708 255641 856604 32  9 41 19  0  0
52 13 136308 2677972 1743348 172863252    0    0 1090992 832196 260785 875773 32  9 39 19  0  0
40 27 136308 2671708 1743348 172868400    0    0 1089392 837976 259765 868458 32  9 40 19  0  0
42 22 136308 2766580 1743348 172777304    0    0 1082304 850412 261347 872271 32 10 41 17  0  0
34 15 136308 2762856 1743348 172781948    0    0 1104912 844804 263919 888120 33 10 39 18  0  0
43 26 136308 2757448 1743348 172787152    0    0 1098368 860304 263816 882258 32 10 40 18  0  0
54 15 136308 2751464 1743348 172792284    0    0 1089584 841496 261413 877441 33  9 41 17  0  0
 2  6 136308 2745180 1743348 172797612    0    0 1110896 863264 264352 890629 33 10 39 19  0  0
48 23 136308 2740176 1743348 172802880    0    0 1099920 844244 261811 875575 33  9 40 18  0  0
19 10 136308 2731452 1743348 172808500    0    0 1082336 840024 258558 859828 32  9 40 19  0  0
16  7 136308 2719524 1743348 172819348    0    0 1089504 831936 259858 872343 32  9 39 19  0  0
28 10 136308 2704800 1743352 172830968    0    0 1084176 833852 259140 867173 32  9 39 20  0  0
 6  2 136308 2695284 1743352 172840232    0    0 1071616 833408 256764 853816 32  9 41 18  0  0
42 18 136308 2684712 1743352 172848312    0    0 1091552 835508 261537 878500 32  9 39 19  0  0
46 22 136308 2680472 1743352 172855428    0    0 1097408 842020 261592 876392 32  9 39 19  0  0
 8  3 136308 2672232 1743352 172863312    0    0 1075344 843436 261379 871373 32  9 41 17  0  0
52 16 136308 2666560 1743360 172869936    0    0 1118912 857456 266640 890871 33 10 38 19  0  0
39 23 136308 2914732 1743360 172632344    0    0 1087632 860388 264756 875670 32  9 40 19  0  0
 6  4 136308 2906372 1743360 172638932    0    0 1118448 859368 267818 899000 33 10 38 19  0  0
45 20 136308 2895236 1743360 172648544    0    0 1109568 865176 266378 893251 33 10 38 18  0  0
procs -----------memory---------- ---swap-- -----io---- -system-- -------cpu-------
 r  b   swpd   free   buff  cache   si   so    bi    bo   in   cs us sy id wa st gu
44 18 136308 2879604 1743360 172658372    0    0 1114416 839736 264990 895918 33 10 39 19  0  0
37 33 136308 2868876 1743364 172666316    0    0 1085072 854956 261604 871149 32  9 39 20  0  0
16  2 136308 2862508 1743364 172675192    0    0 1082144 818232 259019 868122 32  9 40 19  0  0
43 25 136308 2853760 1743368 172682836    0    0 1064548 831816 255962 849551 31  9 41 19  0  0
52 16 136308 2847588 1743368 172688088    0    0 1092832 849084 262416 876226 32  9 39 20  0  0
34 34 136308 2843600 1743368 172693232    0    0 1090944 842016 260131 870318 32  9 39 19  0  0
43 25 136308 2836460 1743368 172698428    0    0 1113184 851936 266731 892792 33 10 38 19  0  0
45 20 136308 2830920 1743368 172703768    0    0 1119632 867828 267027 895947 33 10 39 18  0  0
20 19 136308 2825760 1743368 172709040    0    0 1095904 859908 264206 882842 33  9 39 18  0  0
41 19 136308 2779852 1743368 172714188    0    0 1019520 775660 248973 818580 30  9 43 18  0  0
29  9 136308 2778236 1743368 172719028    0    0 1067616 822356 256176 856872 32  9 41 18  0  0
44 26 136308 2831776 1743384 172724224    0    0 1080928 841540 261987 871748 32  9 39 19  0  0
47 24 136308 2827228 1743384 172729356    0    0 1076096 828172 258585 862702 32  9 39 20  0  0
40 27 136308 2821068 1743384 172734564    0    0 1075792 832736 256728 859820 32  9 39 21  0  0
45 16 136308 2814716 1743384 172739660    0    0 1072912 809072 254742 858168 32  9 39 20  0  0
45 21 136308 2811012 1743384 172744632    0    0 1050256 826936 253690 837591 31  9 40 20  0  0
40 27 136308 2807140 1743392 172749676    0    0 1054720 815284 252379 836115 30  9 40 21  0  0
24 27 136308 2798108 1743392 172754692    0    0 1055360 817548 253932 845359 31  9 40 20  0  0
17 15 136308 2794196 1743392 172759708    0    0 1086176 836744 259867 867355 32  9 39 19  0  0
42 24 136308 2790592 1743392 172765060    0    0 1109152 857700 263917 884931 33 10 38 20  0  0
11  0 136308 2828384 1743392 172770272    0    0 1063168 826104 276608 862509 32 10 40 19  0  0
