procs -----------memory---------- ---swap-- -----io---- -system-- -------cpu-------
 r  b   swpd   free   buff  cache   si   so    bi    bo   in   cs us sy id wa st gu
 4  0 136820 2765384 1757984 185126920    4    6 26067 26256 12585    3  3  0 96  1  0  0
 2  3 136820 2733360 1757984 185127084    0    0 160224 78392 98180 82634  3  1 95  2  0  0
 2  2 136820 2732588 1757984 185127564    0    0 198832 100172 102245 95610  2  1 95  2  0  0
 2  2 136820 2728856 1757984 185128064    0    0 201024 62624 100371 93019  2  1 95  2  0  0
 3  1 136820 2732616 1757984 185128616    0    0 199280 71256 100785 93070  2  1 95  2  0  0
 2  2 136820 2731104 1757988 185129144    0    0 200304 74212 100909 93097  2  1 95  2  0  0
 5  1 136820 2729048 1757988 185129652    0    0 201216 80740 101146 93369  2  1 95  2  0  0
 4  3 136820 2729024 1757988 185130188    0    0 192256 109332 102079 92423  2  1 95  2  0  0
 6  1 136820 2726300 1757988 185130700    0    0 189184 124304 102066 92815  2  1 95  2  0  0
 6  2 136820 2730176 1757988 185131192    0    0 187280 126856 101879 92139  2  1 95  2  0  0
 2  4 136820 2732716 1757992 185131676    0    0 185888 128544 101998 92127  2  1 95  2  0  0
 6  0 136820 2729560 1757992 185132172    0    0 186416 121408 102222 90948  2  1 95  2  0  0
 3  3 136820 2728424 1757992 185132684    0    0 189232 120116 102219 91205  2  1 95  2  0  0
 5  1 136820 2732532 1757992 185133180    0    0 185904 121924 101628 91957  2  1 95  2  0  0
 4  2 136820 2733016 1757992 185133676    0    0 189824 123904 102571 92013  2  1 95  2  0  0
 5  1 136820 2726964 1758000 185134164    0    0 189376 130440 102592 91264  2  1 95  2  0  0
 4  2 136820 2729528 1758000 185134676    0    0 188032 125188 102086 92165  2  1 95  2  0  0
 6  3 136820 2730280 1758000 185135204    0    0 187344 127064 102336 90860  2  1 95  2  0  0
 3  3 136820 2729060 1758000 185135684    0    0 188192 122132 101643 91635  2  1 95  2  0  0
 2  2 136820 2729980 1758000 185136196    0    0 188160 128440 102470 90686  2  1 95  2  0  0
 3  3 136820 2729820 1758004 185136680    0    0 189152 124944 101959 91241  2  1 95  2  0  0
procs -----------memory---------- ---swap-- -----io---- -system-- -------cpu-------
 r  b   swpd   free   buff  cache   si   so    bi    bo   in   cs us sy id wa st gu
 4  2 136820 2726840 1758004 185137172    0    0 187664 129672 101967 91841  2  1 95  2  0  0
 2  2 136820 2727388 1758004 185137688    0    0 188272 126332 102255 91972  2  1 95  2  0  0
 3  3 136820 2728968 1758004 185138184    0    0 190928 118612 101916 92917  2  1 95  2  0  0
 3  3 136820 2729840 1758004 185138708    0    0 186448 124392 101933 91836  2  1 95  2  0  0
 3  2 136820 2727356 1758004 185139088    0    0 185008 122676 101817 90731  2  1 95  2  0  0
 1  3 136820 2727884 1758004 185139720    0    0 186000 122496 101961 90599  2  1 95  2  0  0
 2  2 136820 2721720 1758004 185140160    0    0 186448 121200 101916 90698  2  1 95  2  0  0
 3  1 136820 2722460 1758004 185140656    0    0 187136 123056 102145 90890  2  1 95  2  0  0
 2  2 136820 2725848 1758004 185141132    0    0 189280 120732 102223 91391  2  1 95  2  0  0
 3  1 136820 2723064 1758004 185141648    0    0 190192 123792 101995 93339  2  1 95  2  0  0
 1  3 136820 2723092 1758008 185142156    0    0 190304 121772 102529 91933  2  1 95  2  0  0
 3  1 136820 2725492 1758008 185142652    0    0 191104 120964 102301 92085  2  1 95  2  0  0
 2  2 136820 2723700 1758008 185143168    0    0 185824 120536 101916 90052  2  1 95  2  0  0
 3  2 136820 2724956 1758008 185143668    0    0 187232 119364 101582 92247  2  1 95  2  0  0
 3  1 136820 2725520 1758008 185144196    0    0 188064 116164 101935 91959  2  1 95  2  0  0
 1  3 136820 2723276 1758016 185144676    0    0 187840 120288 101532 92938  2  1 95  2  0  0
 5  2 136820 2724532 1758016 185145176    0    0 188864 120292 102134 91115  2  1 95  2  0  0
 3  1 136820 2721300 1758016 185145672    0    0 189552 118468 102026 91456  2  1 95  2  0  0
 3  2 136820 2719284 1758016 185146208    0    0 190368 115348 102186 91697  2  1 95  2  0  0
 2  2 136820 2718204 1758016 185146700    0    0 189296 116540 102015 91249  2  1 95  2  0  0
 1  4 136820 2721200 1758024 185147180    0    0 182048 112228 101143 89438  2  1 95  2  0  0
procs -----------memory---------- ---swap-- -----io---- -system-- -------cpu-------
 r  b   swpd   free   buff  cache   si   so    bi    bo   in   cs us sy id wa st gu
 1  3 136820 2720228 1758024 185147700    0    0 186704 116340 101665 89941  2  1 95  2  0  0
 3  1 136820 2718204 1758024 185148188    0    0 189824 115304 101963 92336  2  1 95  2  0  0
 2  2 136820 2714248 1758024 185148744    0    0 190512 117744 101959 91775  2  1 95  2  0  0
 0  4 136820 2719056 1758024 185149220    0    0 191968 120940 102347 91928  2  1 95  2  0  0
 2  2 136820 2719472 1758028 185149740    0    0 191424 113788 101863 91610  2  1 95  2  0  0
 3  1 136820 2720972 1758028 185150260    0    0 189088 115004 101985 90998  2  1 95  2  0  0
 3  1 136820 2718104 1758028 185150744    0    0 190032 116580 101712 91975  2  1 95  2  0  0
 2  2 136820 2717008 1758028 185151272    0    0 190128 119556 102028 90304  2  1 95  2  0  0
 3  1 136820 2722100 1758028 185151752    0    0 190624 119884 102026 91989  2  1 95  2  0  0
 5  1 136820 2718520 1758032 185152260    0    0 191088 117452 102044 92735  2  1 95  2  0  0
 4  1 136820 2718020 1758032 185152772    0    0 191920 124252 102502 91692  2  1 95  2  0  0
 1  3 136820 2720852 1758032 185153288    0    0 191840 124156 102454 92960  2  1 95  2  0  0
 2  2 136820 2714756 1758032 185153796    0    0 191568 119496 101984 92195  2  1 95  2  0  0
 4  0 136820 2715188 1758032 185154296    0    0 190080 120096 102103 92311  2  1 95  2  0  0
 2  2 136820 2717272 1758036 185154820    0    0 185328 116480 101550 89705  2  1 95  2  0  0
 1  3 136820 2706604 1758036 185155332    0    0 188896 118216 102100 91212  2  1 95  2  0  0
 2  2 136820 2703644 1758036 185155916    0    0 188688 118588 102185 90109  2  1 95  2  0  0
 2  2 136820 2704360 1758036 185156392    0    0 188464 119392 102164 90469  2  1 95  2  0  0
 2  2 136820 2703016 1758036 185156896    0    0 189312 121924 102285 91490  2  1 95  2  0  0
 4  1 136820 2702364 1758040 185157404    0    0 189648 121632 102363 91059  2  1 95  2  0  0
 1  3 136820 2704128 1758040 185157904    0    0 189088 118800 102352 90784  2  1 95  2  0  0
procs -----------memory---------- ---swap-- -----io---- -system-- -------cpu-------
 r  b   swpd   free   buff  cache   si   so    bi    bo   in   cs us sy id wa st gu
 4  1 136820 2702772 1758040 185158412    0    0 189360 119864 102103 91591  2  1 95  2  0  0
 2  2 136820 2703064 1758040 185158892    0    0 190528 119148 102229 91335  2  1 95  2  0  0
 2  2 136820 2702304 1758040 185159420    0    0 190336 122920 102161 91975  2  1 95  2  0  0
 3  1 136820 2701432 1758056 185159924    0    0 192000 118324 102254 92258  2  1 95  2  0  0
 2  2 136820 2699148 1758056 185160428    0    0 190416 120672 102313 91984  2  1 95  2  0  0
 2  2 136820 2946944 1758056 184911452    0    0 192048 118780 102497 92422  2  1 95  2  0  0
 1  4 136820 2944908 1758056 184911884    0    0 190480 124024 102272 92847  2  1 95  2  0  0
 1  3 136820 2948396 1758056 184912392    0    0 191232 119836 102272 91565  2  1 95  2  0  0
 1  2 136820 2947588 1758060 184912888    0    0 190992 117852 102213 93434  2  1 95  2  0  0
 7  1 136820 2943884 1758060 184913376    0    0 190880 119136 102217 90360  2  1 95  2  0  0
 4  0 136820 2940604 1758060 184913868    0    0 190208 124220 102156 92295  2  1 95  2  0  0
 4  1 136820 2945220 1758060 184914340    0    0 189856 119108 101665 91321  2  1 95  2  0  0
 3  2 136820 2943120 1758060 184914872    0    0 188688 120832 101765 90370  2  1 95  2  0  0
 2  2 136820 2941476 1758068 184915376    0    0 190768 119136 102457 91001  2  1 95  2  0  0
 1  3 136820 2943160 1758068 184915852    0    0 190464 122060 101955 92193  2  1 95  2  0  0
 0  4 136820 2942128 1758068 184916364    0    0 190992 120188 101927 93070  2  1 95  2  0  0
 3  1 136820 2937696 1758068 184916884    0    0 191296 119824 101976 92868  2  1 95  2  0  0
 3  1 136820 2929748 1758068 184917360    0    0 191504 119428 102285 92134  2  1 95  2  0  0
 1  3 136820 2927996 1758072 184917876    0    0 190048 118604 101946 92381  2  1 95  2  0  0
 2  2 136820 2929784 1758072 184918372    0    0 189600 117380 102028 91893  2  1 95  2  0  0
 1  3 136820 2928996 1758072 184918900    0    0 189520 122452 102061 90414  2  1 95  2  0  0
procs -----------memory---------- ---swap-- -----io---- -system-- -------cpu-------
 r  b   swpd   free   buff  cache   si   so    bi    bo   in   cs us sy id wa st gu
 4  1 136820 2928568 1758072 184919400    0    0 190656 119972 101953 91741  2  1 95  2  0  0
 4  1 136820 2930052 1758072 184919880    0    0 190080 123156 102338 91347  2  1 95  2  0  0
 2  2 136820 2929600 1758080 184920376    0    0 191024 123016 102656 92515  2  1 95  2  0  0
 3  3 136820 2924180 1758080 184920928    0    0 190176 123352 102457 91987  2  1 95  2  0  0
 2  2 136820 2927204 1758080 184921396    0    0 191952 122728 102468 91833  2  1 95  2  0  0
 3  1 136820 2924780 1758080 184921924    0    0 192128 121476 102547 91858  2  1 95  2  0  0
 5  2 136820 2924756 1758080 184922412    0    0 190768 121268 102426 91332  2  1 95  2  0  0
 4  0 136820 2924724 1758088 184922896    0    0 188960 121700 102334 91321  2  1 95  2  0  0
 3  1 136820 2920168 1758088 184923432    0    0 188544 120980 101967 90070  2  1 95  2  0  0
 2  2 136820 2915112 1758088 184923920    0    0 188592 121092 101831 92073  2  1 95  2  0  0
 2  2 136820 2915680 1758088 184924472    0    0 190528 121140 102074 91795  2  1 95  2  0  0
 2  3 136820 2914792 1758088 184924972    0    0 189360 121496 102203 91673  2  1 95  2  0  0
 2  2 136820 2912472 1758096 184925456    0    0 189888 121568 102295 92259  2  1 95  2  0  0
 2  2 136820 2910528 1758096 184926008    0    0 190448 121332 102198 90806  2  1 95  2  0  0
 2  2 136820 2911824 1758096 184926472    0    0 189456 121900 102282 92170  2  1 95  2  0  0
 2  2 136820 2912336 1758096 184926964    0    0 190480 122572 102444 92185  2  1 95  2  0  0
 1  3 136820 2913112 1758096 184927452    0    0 186576 123760 101921 91426  2  1 95  2  0  0
 2  2 136820 2913720 1758100 184927960    0    0 188784 118148 101747 91824  2  1 95  2  0  0
 1  3 136820 2916576 1758100 184928500    0    0 191248 121192 102602 92308  2  1 95  2  0  0
 3  2 136820 2919808 1758100 184928996    0    0 190560 119572 102310 91467  2  1 95  2  0  0
 2  3 136820 2919164 1758100 184929492    0    0 189888 123020 102249 91759  2  1 95  2  0  0
procs -----------memory---------- ---swap-- -----io---- -system-- -------cpu-------
 r  b   swpd   free   buff  cache   si   so    bi    bo   in   cs us sy id wa st gu
 3  2 136820 2917040 1758100 184930008    0    0 188976 121488 102208 92380  2  1 95  2  0  0
 3  1 136820 2918836 1758104 184930488    0    0 190224 122548 102540 91315  2  1 95  2  0  0
 4  1 136820 2921104 1758104 184931000    0    0 190144 122408 102422 92656  2  1 95  2  0  0
 2  2 136820 2916692 1758104 184931508    0    0 189808 123204 102328 90383  2  1 95  2  0  0
 1  3 136820 2918136 1758104 184932032    0    0 190736 122068 102368 92028  2  1 95  2  0  0
 3  2 136820 2916216 1758104 184932472    0    0 186688 121656 101925 91105  2  1 95  2  0  0
 3  2 136820 2913148 1758104 184933008    0    0 191152 120124 102322 91871  2  1 95  2  0  0
 2  1 136820 2916784 1758104 184933532    0    0 190400 120144 102101 92627  2  1 95  2  0  0
 2  2 136820 2917432 1758104 184934036    0    0 190496 121480 102283 91602  2  1 95  2  0  0
 3  2 136820 2916444 1758104 184934556    0    0 189008 122584 102173 91703  2  1 95  2  0  0
 4  1 136820 2915736 1758104 184935036    0    0 190720 121592 102357 92896  2  1 95  2  0  0
 2  2 136820 2914432 1758104 184935540    0    0 190080 123488 102233 91811  2  1 95  2  0  0
 1  3 136820 2913892 1758104 184936068    0    0 191216 121364 102329 92416  2  1 95  2  0  0
 1  3 136820 2907624 1758104 184936576    0    0 190336 124528 102504 91931  2  1 95  2  0  0
 2  2 136820 2907432 1758104 184937116    0    0 190448 121328 102437 92102  2  1 95  2  0  0
 3  1 136820 2913948 1758104 184937640    0    0 189664 127060 102447 91238  2  1 95  2  0  0
 2  3 136820 2916896 1758108 184938144    0    0 185600 117332 101732 89739  2  1 95  2  0  0
 4  1 136820 2913048 1758108 184938636    0    0 186624 120976 101596 89898  2  1 95  2  0  0
 4  2 136820 2909964 1758108 184939152    0    0 186560 117928 101968 90624  2  1 95  2  0  0
 1  3 136820 2912716 1758108 184939640    0    0 187472 122360 101761 91352  2  1 95  2  0  0
 2  2 136820 2913720 1758108 184940132    0    0 188896 118044 102026 90909  2  1 95  2  0  0
procs -----------memory---------- ---swap-- -----io---- -system-- -------cpu-------
 r  b   swpd   free   buff  cache   si   so    bi    bo   in   cs us sy id wa st gu
 1  3 136820 2914580 1758116 184940592    0    0 186720 121652 101847 90662  2  1 95  2  0  0
 3  1 136820 2912628 1758116 184941108    0    0 186000 117360 101985 89942  2  1 95  2  0  0
 2  2 136820 2911648 1758116 184941604    0    0 184960 120988 101765 89569  2  1 95  2  0  0
 4  0 136820 2910416 1758116 184942104    0    0 182288 120544 101664 88318  2  1 95  2  0  0
 4  0 136820 2906528 1758116 184942580    0    0 186048 121384 101860 90376  2  1 95  2  0  0
 1  3 136820 2905712 1758116 184943100    0    0 184384 119988 101998 89787  2  1 95  2  0  0
 2  1 136820 2900984 1758116 184943564    0    0 185456 119380 101942 89969  2  1 95  2  0  0
 1  3 136820 2905804 1758116 184944092    0    0 186112 119472 101800 90391  2  1 95  2  0  0
 2  2 136820 2912464 1758116 184944520    0    0 187760 120660 102073 90335  2  1 95  2  0  0
 1  3 136820 2909668 1758116 184945036    0    0 184304 117968 101942 89780  2  1 95  2  0  0
 2  2 136820 2908512 1758120 184945528    0    0 183632 121304 101661 90361  2  1 95  2  0  0
 1  3 136820 2905496 1758120 184946008    0    0 185168 120060 102321 89619  2  1 95  2  0  0
 3  1 136820 2908992 1758120 184946532    0    0 185696 123828 101833 89239  2  1 95  2  0  0
 3  1 136820 2908880 1758120 184947016    0    0 185248 121380 101958 88792  2  1 95  2  0  0
 4  1 136820 2907024 1758120 184947460    0    0 186384 122092 101708 90480  2  1 95  2  0  0
 2  2 136820 2907980 1758120 184947996    0    0 187488 120656 102092 90297  2  1 95  2  0  0
 2  2 136820 2904992 1758120 184948532    0    0 187056 120596 101940 91835  2  1 95  2  0  0
 1  3 136820 2903924 1758120 184948976    0    0 188272 120720 102088 90461  2  1 95  2  0  0
 4  3 136820 2908408 1758120 184949508    0    0 187856 122792 102058 90201  2  1 95  2  0  0
 2  2 136820 2905896 1758120 184949916    0    0 188336 122836 101977 90607  2  1 95  2  0  0
 4  2 136820 2904424 1758124 184950464    0    0 189360 123876 102402 91648  2  1 95  2  0  0
procs -----------memory---------- ---swap-- -----io---- -system-- -------cpu-------
 r  b   swpd   free   buff  cache   si   so    bi    bo   in   cs us sy id wa st gu
 3  2 136820 2902464 1758124 184950904    0    0 186704 122796 102187 90130  2  1 95  2  0  0
 2  2 136820 2897620 1758124 184951456    0    0 190064 121600 101899 91456  2  1 95  2  0  0
 1  3 136820 2896516 1758124 184952012    0    0 189472 121776 102123 91223  2  1 95  2  0  0
 3  1 136820 2894760 1758124 184952368    0    0 188192 120976 101940 90804  2  1 95  2  0  0
 2  2 136820 2897020 1758128 184952992    0    0 190048 121924 102218 92043  2  1 95  2  0  0
 3  1 136820 2894940 1758128 184953480    0    0 186128 121548 101749 91947  2  1 95  2  0  0
 2  2 136820 2895436 1758128 184953988    0    0 188464 123932 101791 91224  2  1 95  2  0  0
 2  2 136820 2896712 1758128 184954508    0    0 189264 122700 102313 90277  2  1 95  2  0  0
 2  2 136820 2895268 1758128 184954992    0    0 190336 122404 102300 91891  2  1 95  2  0  0
 3  1 136820 2893108 1758132 184955496    0    0 187968 123316 102189 91038  2  1 95  2  0  0
 1  3 136820 2892276 1758132 184956004    0    0 188848 123068 102148 91021  2  1 95  2  0  0
 3  2 136820 2889536 1758132 184956452    0    0 188000 120860 101952 90817  2  1 95  2  0  0
 2  2 136820 2895188 1758132 184956988    0    0 188816 119264 102008 90979  2  1 95  2  0  0
 3  1 136820 2893804 1758132 184957484    0    0 188016 121760 101836 91942  2  1 95  2  0  0
 2  2 136820 2889448 1758136 184958004    0    0 187456 119724 101608 92018  2  1 95  2  0  0
 3  1 136820 2889524 1758136 184958520    0    0 187648 120052 102017 90393  2  1 95  2  0  0
 3  1 136820 2895172 1758136 184958996    0    0 188576 120204 102229 90683  2  1 95  2  0  0
 2  3 136820 2893620 1758140 184959508    0    0 185936 124344 102068 90351  2  1 95  2  0  0
 2  2 136820 2894664 1758140 184960032    0    0 188064 122676 102126 91194  2  1 95  2  0  0
 2  1 136820 2891672 1758140 184960448    0    0 188896 119524 102053 90311  2  1 95  2  0  0
 4  0 136820 2886572 1758144 184961000    0    0 188352 118224 102032 91805  2  1 95  2  0  0
procs -----------memory---------- ---swap-- -----io---- -system-- -------cpu-------
 r  b   swpd   free   buff  cache   si   so    bi    bo   in   cs us sy id wa st gu
 1  3 136820 2887324 1758144 184961492    0    0 190496 123372 102374 90967  2  1 95  2  0  0
 4  0 136820 2887880 1758144 184961996    0    0 188832 122544 101963 90826  2  1 95  2  0  0
 2  2 136820 2888100 1758148 184962528    0    0 187936 122588 102003 90910  2  1 95  2  0  0
 3  1 136820 2888856 1758148 184962948    0    0 190448 123812 102451 91553  2  1 95  2  0  0
 4  0 136820 2883420 1758148 184963520    0    0 186096 121828 102162 90420  2  1 95  2  0  0
 2  2 136820 2880744 1758148 184963976    0    0 186480 120452 102165 90467  2  1 95  2  0  0
 4  0 136820 2879368 1758148 184964508    0    0 188016 120396 102081 90361  2  1 95  2  0  0
 2  2 136820 2881784 1758148 184964980    0    0 190864 119028 102232 92078  2  1 95  2  0  0
 2  3 136820 2879192 1758148 184965516    0    0 185456 121920 101893 89298  2  1 95  2  0  0
 3  1 136820 2877760 1758148 184965960    0    0 187472 120568 102163 91263  2  1 95  2  0  0
 4  0 136820 2876452 1758148 184966568    0    0 186976 119756 101844 89707  2  1 95  2  0  0
 2  2 136820 2875652 1758148 184967052    0    0 185808 117636 101972 89961  2  1 95  2  0  0
 1  3 136820 2873796 1758148 184967524    0    0 184512 119276 101761 89006  2  1 95  2  0  0
 1  3 136820 2870520 1758148 184968012    0    0 186528 123204 102152 89712  2  1 95  2  0  0
 7  1 136820 2866820 1758148 184968520    0    0 186368 119276 102125 90177  2  1 95  2  0  0
 5  1 136820 2865424 1758148 184969020    0    0 188736 119388 102145 90504  2  1 95  2  0  0
 2  2 136820 2864084 1758148 184969504    0    0 190208 123596 102291 90681  2  1 95  2  0  0
 2  2 136820 2871172 1758148 184970020    0    0 185904 121928 102127 90839  2  1 95  2  0  0
 2  2 136820 2876512 1758148 184970540    0    0 187488 120760 102081 91482  2  1 95  2  0  0
 1  3 136820 2877536 1758156 184971024    0    0 187728 120408 102170 91388  2  1 95  2  0  0
 3  1 136820 2874456 1758156 184971496    0    0 188240 121472 102358 91371  2  1 95  2  0  0
procs -----------memory---------- ---swap-- -----io---- -system-- -------cpu-------
 r  b   swpd   free   buff  cache   si   so    bi    bo   in   cs us sy id wa st gu
 0  4 136820 2870428 1758156 184972024    0    0 187584 121928 102535 91682  2  1 95  2  0  0
 2  2 136820 2873280 1758156 184972544    0    0 185712 119984 102195 90078  2  1 95  2  0  0
 3  2 136820 2868820 1758156 184973016    0    0 187088 119400 102094 90366  2  1 95  2  0  0
 2  3 136820 2869692 1758156 184973544    0    0 188032 122900 102338 91112  2  1 95  2  0  0
 3  2 136820 2867888 1758156 184974036    0    0 187216 121408 102008 90427  2  1 95  2  0  0
 4  3 136820 2868236 1758156 184974460    0    0 186160 121108 102095 91294  2  1 95  2  0  0
 3  3 136820 2866996 1758156 184975012    0    0 188496 120332 102132 91331  2  1 95  2  0  0
 4  3 136820 2865356 1758156 184975556    0    0 187920 123284 101736 93485  2  1 95  2  0  0
 4  2 136820 2865348 1758160 184976028    0    0 187760 121344 101834 90894  2  1 95  2  0  0
 3  2 136820 2861956 1758160 184976592    0    0 187920 122712 102463 91877  2  1 95  2  0  0
 2  3 136820 2866116 1758160 184977040    0    0 187888 118292 102415 90755  2  1 95  2  0  0
 2  3 136820 2861212 1758160 184977556    0    0 186688 121332 102262 91933  2  1 95  2  0  0
 5  0 136820 2859036 1758160 184978048    0    0 187792 119628 102437 90447  2  1 95  2  0  0
 3  2 136820 2856512 1758164 184978552    0    0 187504 120228 102328 90830  2  1 95  2  0  0
 1  4 136820 2859752 1758164 184979052    0    0 186720 121296 101791 90633  2  1 95  2  0  0
 4  2 136820 2861072 1758164 184979536    0    0 188416 119768 101854 90933  2  1 95  2  0  0
 3  1 136820 2857304 1758164 184980076    0    0 188336 122704 101842 92362  2  1 95  2  0  0
 2  2 136820 2852636 1758164 184980556    0    0 187216 118864 102064 91462  2  1 95  2  0  0
 4  1 136820 2856572 1758172 184981080    0    0 185744 118500 102081 90139  2  1 95  2  0  0
 2  2 136820 2857712 1758172 184981564    0    0 186752 120388 102082 90807  2  1 95  2  0  0
 3  1 136820 2859308 1758172 184982048    0    0 188016 120384 101949 90716  2  1 95  2  0  0
procs -----------memory---------- ---swap-- -----io---- -system-- -------cpu-------
 r  b   swpd   free   buff  cache   si   so    bi    bo   in   cs us sy id wa st gu
 1  3 136820 2856396 1758172 184982568    0    0 186976 121380 102118 90886  2  1 95  2  0  0
 1  0 136820 2857452 1758172 184983048    0    0 187312 120572 102313 90994  2  1 95  2  0  0
 5  1 136820 2854732 1758180 184983608    0    0 187088 120668 102044 90168  2  1 95  2  0  0
 1  3 136820 2856252 1758180 184984088    0    0 187872 122080 102198 90299  2  1 95  2  0  0
 1  3 136820 2857532 1758180 184984572    0    0 186624 121208 102005 89993  2  1 95  2  0  0
 3  1 136820 2856072 1758180 184985132    0    0 188336 117756 102054 90339  2  1 95  2  0  0
 2  2 136820 2854488 1758180 184985620    0    0 187120 121256 102154 91335  2  1 95  2  0  0
 2  2 136820 2856216 1758188 184986112    0    0 187120 122304 102200 90917  2  1 95  2  0  0
 2  2 136820 2854776 1758188 184986624    0    0 187632 122820 102163 91679  2  1 95  2  0  0
 0  4 136820 2854300 1758188 184987124    0    0 186704 121020 101631 92247  2  1 95  2  0  0
 3  1 136820 2851076 1758188 184987636    0    0 187600 122176 102160 91251  2  1 95  2  0  0
 2  2 136820 2850356 1758188 184988112    0    0 186960 121028 102056 91419  2  1 95  2  0  0
 2  2 136820 2846000 1758192 184988628    0    0 186656 123816 102141 90711  2  1 95  2  0  0
 0  4 136820 2843068 1758192 184989132    0    0 187632 123132 102246 90778  2  1 95  2  0  0
 2  2 136820 2842848 1758192 184989612    0    0 186832 124108 101928 92049  2  1 95  2  0  0
 2  2 136820 2837712 1758192 184990104    0    0 188368 120948 101826 92632  2  1 95  2  0  0
 3  1 136820 2837756 1758192 184990596    0    0 187456 120240 101551 93120  2  1 95  2  0  0
 3  1 136820 2840568 1758200 184991080    0    0 186048 121604 102075 90479  2  1 95  2  0  0
 1  3 136820 2840672 1758200 184991604    0    0 188016 119456 101643 93019  2  1 95  2  0  0
 2  2 136820 2840900 1758200 184992100    0    0 186576 122872 102081 90780  2  1 95  2  0  0
 2  3 136820 2845040 1758200 184992592    0    0 188496 122736 101935 91796  2  1 95  2  0  0
procs -----------memory---------- ---swap-- -----io---- -system-- -------cpu-------
 r  b   swpd   free   buff  cache   si   so    bi    bo   in   cs us sy id wa st gu
 1  3 136820 2843064 1758200 184993096    0    0 186592 121836 101894 91841  2  1 95  2  0  0
 3  1 136820 2841812 1758204 184993584    0    0 186656 121096 101851 91233  2  1 95  2  0  0
 3  1 136820 2842532 1758204 184994096    0    0 187600 120316 102070 91020  2  1 95  2  0  0
 4  0 136820 2837268 1758204 184994588    0    0 186464 123856 101918 92260  2  1 95  2  0  0
 2  2 136820 2837456 1758204 184995076    0    0 187440 120052 101882 92298  2  1 95  2  0  0
 1  3 136820 2836336 1758204 184995560    0    0 187072 123392 102079 92355  2  1 95  2  0  0
 2  2 136820 2827320 1758208 184996064    0    0 186704 122144 101886 92282  2  1 95  2  0  0
 1  3 136820 2827244 1758208 184996628    0    0 187168 118816 101886 90732  2  1 95  2  0  0
 3  1 136820 2825692 1758208 184997120    0    0 188496 121624 102224 91136  2  1 95  2  0  0
 2  2 136820 2826568 1758208 184997628    0    0 187376 122972 102245 91413  2  1 95  2  0  0
 2  2 136820 2825820 1758208 184998128    0    0 188208 122264 102198 91258  2  1 95  2  0  0
 2  3 136820 2823620 1758216 184998608    0    0 187424 122088 102305 90859  2  1 95  2  0  0
 3  3 136820 2824612 1758216 184999108    0    0 187584 122004 101940 91697  2  1 95  2  0  0
 2  2 136820 2825312 1758216 184999596    0    0 186320 119740 102051 91077  2  1 95  2  0  0
 3  1 136820 2821592 1758216 185000108    0    0 186512 121552 101992 91734  2  1 95  2  0  0
 2  2 136820 2821356 1758216 185000604    0    0 187312 119680 101894 91754  2  1 95  2  0  0
 2  3 136820 2821092 1758220 185001112    0    0 187120 119076 101934 91408  2  1 95  2  0  0
 1  3 136820 2820152 1758220 185001584    0    0 187952 120560 102494 91238  2  1 95  2  0  0
 3  2 136820 2817020 1758220 185002088    0    0 187824 120672 101884 91421  2  1 95  2  0  0
 3  2 136820 2818556 1758220 185002612    0    0 188320 122000 102340 91315  2  1 95  2  0  0
 3  1 136820 2821520 1758220 185003108    0    0 187456 119464 102088 91272  2  1 95  2  0  0
procs -----------memory---------- ---swap-- -----io---- -system-- -------cpu-------
 r  b   swpd   free   buff  cache   si   so    bi    bo   in   cs us sy id wa st gu
 3  1 136820 2820240 1758228 185003600    0    0 187968 119804 102041 90407  2  1 95  2  0  0
 1  3 136820 2796584 1758228 185004092    0    0 183856 119960 101654 89456  2  1 95  2  0  0
 2  2 136820 2796960 1758228 185004608    0    0 186976 120568 102135 90838  2  1 95  2  0  0
 2  2 136820 2793976 1758228 185005088    0    0 186512 121164 101994 91372  2  1 95  2  0  0
 2  2 136820 2797836 1758228 185005580    0    0 184272 120916 101825 91559  2  1 95  2  0  0
 4  1 136820 2797176 1758228 185006060    0    0 186672 120268 102456 91008  2  1 95  2  0  0
 3  0 136820 2797736 1758228 185006556    0    0 186464 119672 101999 91258  2  1 95  2  0  0
 1  3 136820 2805812 1758228 185007048    0    0 186752 119060 102216 90757  2  1 95  2  0  0
 1  3 136820 2800440 1758228 185007540    0    0 188208 120100 102364 92962  2  1 95  2  0  0
 2  3 136820 2798808 1758228 185008036    0    0 188336 120136 102308 91496  2  1 95  2  0  0
 1  3 136820 2796572 1758232 185008504    0    0 187744 120860 102414 90946  2  1 95  2  0  0
 1  3 136820 2795132 1758232 185009020    0    0 187296 121156 102542 90362  2  1 95  2  0  0
 3  1 136820 2797516 1758232 185009536    0    0 187488 120952 102150 91921  2  1 95  2  0  0
 3  2 136820 2797272 1758232 185010044    0    0 187616 122732 102291 90740  2  1 95  2  0  0
 1  4 136820 2800200 1758232 185010540    0    0 183216 121700 101651 90931  2  1 95  2  0  0
 3  3 136820 2795824 1758232 185010960    0    0 187872 121852 102560 90576  2  1 95  2  0  0
 5  0 136820 2800016 1758232 185011532    0    0 186608 120444 102344 90688  2  1 95  2  0  0
 2  2 136820 2797436 1758232 185012028    0    0 186544 119996 102302 91019  2  1 95  2  0  0
 3  1 136820 2798848 1758232 185012536    0    0 184720 118864 102090 90570  2  1 95  2  0  0
 4  0 136820 2796628 1758232 185012976    0    0 185536 122476 102171 91818  2  1 95  2  0  0
 3  2 136820 2796972 1758236 185013488    0    0 184752 118628 101973 89118  2  1 95  2  0  0
procs -----------memory---------- ---swap-- -----io---- -system-- -------cpu-------
 r  b   swpd   free   buff  cache   si   so    bi    bo   in   cs us sy id wa st gu
 3  3 136820 2796308 1758236 185013980    0    0 185552 119620 102098 90306  2  1 95  2  0  0
 3  1 136820 2795552 1758236 185014468    0    0 183120 120360 101717 89567  2  1 95  2  0  0
 2  2 136820 2798016 1758236 185014952    0    0 185024 120724 101972 90004  2  1 95  2  0  0
 3  1 136820 2796660 1758236 185015452    0    0 186688 123268 102008 91028  2  1 95  2  0  0
 1  3 136820 2796172 1758244 185015904    0    0 186864 122760 102113 90508  2  1 95  2  0  0
 1  3 136820 2795996 1758244 185016412    0    0 185488 121476 102357 90458  2  1 95  2  0  0
 1  3 136820 2794808 1758244 185016908    0    0 185840 119624 102218 90828  2  1 95  2  0  0
 1  3 136820 2792360 1758244 185017412    0    0 187376 122200 102256 91391  2  1 95  2  0  0
 2  2 136820 2788076 1758244 185017896    0    0 188464 122540 102256 92043  2  1 95  2  0  0
 2  2 136820 2785960 1758244 185018392    0    0 188240 122164 102459 92308  2  1 95  2  0  0
 2  3 136820 2787152 1758244 185018896    0    0 186688 123076 101887 93063  2  1 95  2  0  0
 5  0 136820 2788068 1758244 185019420    0    0 186624 123552 101882 91226  2  1 95  2  0  0
 3  1 136820 2787412 1758244 185019920    0    0 188576 121976 101903 93577  2  1 95  2  0  0
 1  4 136820 2786484 1758244 185020448    0    0 185664 121744 101864 90479  2  1 95  2  0  0
 3  1 136820 2784496 1758244 185020924    0    0 186928 120652 102345 91274  2  1 95  2  0  0
 1  3 136820 2784532 1758244 185021416    0    0 185888 121392 101665 89916  2  1 95  2  0  0
 2  2 136820 2785288 1758244 185021908    0    0 186784 121248 102276 91602  2  1 95  2  0  0
 2  2 136820 2787872 1758244 185022428    0    0 188496 121356 102307 91796  2  1 95  2  0  0
 0  3 136820 2786700 1758244 185022932    0    0 187664 120376 102205 92374  2  1 95  2  0  0
 2  3 136820 2784808 1758248 185023420    0    0 187456 122140 101818 91156  2  1 95  2  0  0
 5  0 136820 2784188 1758248 185023900    0    0 187008 121372 101844 92830  2  1 95  2  0  0
procs -----------memory---------- ---swap-- -----io---- -system-- -------cpu-------
 r  b   swpd   free   buff  cache   si   so    bi    bo   in   cs us sy id wa st gu
 0  4 136820 2780968 1758248 185024412    0    0 186544 119780 101717 90580  2  1 95  2  0  0
 2  2 136820 2778972 1758256 185024920    0    0 185392 119928 101829 90306  2  1 95  2  0  0
 2  2 136820 2778524 1758256 185025428    0    0 187584 122492 101958 91235  2  1 95  2  0  0
 3  1 136820 2780036 1758256 185025904    0    0 184928 124000 102013 89918  2  1 95  2  0  0
 3  1 136820 2779928 1758256 185026420    0    0 187584 120596 102236 91489  2  1 95  2  0  0
 2  2 136820 2782484 1758256 185026936    0    0 186528 120860 101940 92266  2  1 95  2  0  0
 3  1 136820 2779116 1758256 185027452    0    0 186944 120408 101624 92067  2  1 95  2  0  0
 5  0 136820 2777152 1758256 185027928    0    0 185200 122040 101932 90782  2  1 95  2  0  0
 2  3 136820 2775764 1758256 185028436    0    0 184544 123056 102151 89792  2  1 95  2  0  0
 3  1 136820 2771768 1758256 185028804    0    0 186672 118912 102100 91223  2  1 95  2  0  0
 3  1 136820 2773372 1758256 185029456    0    0 186944 120732 101953 91951  2  1 95  2  0  0
 1  3 136820 2774636 1758256 185029908    0    0 187472 119608 102192 90377  2  1 95  2  0  0
 1  3 136820 2771404 1758256 185030404    0    0 186208 119996 101955 91332  2  1 95  2  0  0
 2  2 136820 2772708 1758256 185030900    0    0 185056 120976 102025 90681  2  1 95  2  0  0
 3  1 136820 2776680 1758256 185031404    0    0 186224 119320 101635 91503  2  1 95  2  0  0
 4  1 136820 2779196 1758256 185031896    0    0 185440 119756 101820 89846  2  1 95  2  0  0
 3  1 136820 2780068 1758264 185032344    0    0 186480 119360 102075 90537  2  1 95  2  0  0
 2  2 136820 2775924 1758264 185032860    0    0 186336 123572 102083 90983  2  1 95  2  0  0
 1  3 136820 2775904 1758264 185033460    0    0 185216 118712 101660 91000  2  1 95  2  0  0
 3  1 136820 2774084 1758264 185033832    0    0 186544 120892 102048 90382  2  1 95  2  0  0
 1  3 136820 2774004 1758264 185034356    0    0 184960 122132 101539 91743  2  1 95  2  0  0
procs -----------memory---------- ---swap-- -----io---- -system-- -------cpu-------
 r  b   swpd   free   buff  cache   si   so    bi    bo   in   cs us sy id wa st gu
 3  1 136820 2776576 1758272 185034960    0    0 186928 120912 101829 91743  2  1 95  2  0  0
 2  2 136820 2774272 1758272 185035348    0    0 187264 118028 101839 90796  2  1 95  2  0  0
 3  1 136820 2776748 1758272 185035892    0    0 185664 120908 101598 90367  2  1 95  2  0  0
 2  2 136820 2776032 1758272 185036352    0    0 186896 120544 102185 90333  2  1 95  2  0  0
 3  2 136820 2774564 1758272 185036892    0    0 188144 120908 102197 91419  2  1 95  2  0  0
 0  4 136820 2776600 1758280 185037352    0    0 187200 120040 101723 90045  2  1 95  2  0  0
 2  2 136820 2777040 1758280 185037908    0    0 186800 121200 101800 92034  2  1 95  2  0  0
 2  2 136820 2778188 1758280 185038388    0    0 187248 121456 102208 91943  2  1 95  2  0  0
 3  1 136820 2776576 1758280 185038892    0    0 187920 121604 102444 90513  2  1 95  2  0  0
 1  3 136820 2774604 1758280 185039368    0    0 186848 119192 101868 90275  2  1 95  2  0  0
 2  2 136820 2774964 1758284 185039892    0    0 185872 122044 101732 91000  2  1 95  2  0  0
 3  1 136820 2775248 1758284 185040372    0    0 188208 120884 102148 90612  2  1 95  2  0  0
 2  2 136820 2774216 1758284 185040888    0    0 187056 121576 102230 91160  2  1 95  2  0  0
 2  2 136820 2772524 1758284 185041368    0    0 186080 122596 102163 91045  2  1 95  2  0  0
 1  3 136820 2774088 1758284 185041880    0    0 185968 124380 101980 90194  2  1 95  2  0  0
 3  1 136820 2774968 1758292 185042348    0    0 186048 115792 101711 90564  2  1 95  2  0  0
 3  1 136820 2772956 1758292 185042836    0    0 187248 121604 102225 91692  2  1 95  2  0  0
 3  1 136820 2769876 1758292 185043348    0    0 185408 122112 101921 91252  2  1 95  2  0  0
 3  2 136820 2770148 1758292 185043824    0    0 185408 123520 101874 90291  2  1 95  2  0  0
 4  1 136820 2769508 1758292 185044328    0    0 183344 122472 101988 89747  2  1 95  2  0  0
 0  4 136820 2769708 1758296 185044828    0    0 186320 120268 101418 93820  2  1 95  2  0  0
procs -----------memory---------- ---swap-- -----io---- -system-- -------cpu-------
 r  b   swpd   free   buff  cache   si   so    bi    bo   in   cs us sy id wa st gu
 3  2 136820 2767800 1758296 185045328    0    0 184880 122368 101983 91311  2  1 95  2  0  0
 3  1 136820 2770876 1758296 185045776    0    0 184576 118584 101434 90762  2  1 95  2  0  0
 1  3 136820 2770012 1758296 185046300    0    0 185776 125108 102093 91158  2  1 95  2  0  0
 3  2 136820 2771084 1758296 185046792    0    0 186992 118136 101376 93823  2  1 95  2  0  0
 2  2 136820 2772880 1758300 185047288    0    0 187952 121700 102177 91056  2  1 95  2  0  0
 2  2 136820 2775540 1758300 185047780    0    0 186608 119732 101398 92246  2  1 95  2  0  0
 5  0 136820 2778048 1758300 185048308    0    0 184448 126456 101879 90323  2  1 95  2  0  0
 4  0 136820 2775216 1758300 185048788    0    0 185360 120856 101757 90976  2  1 95  2  0  0
 3  1 136820 2773300 1758300 185049276    0    0 186112 122008 101726 91310  2  1 95  2  0  0
 4  1 136820 2770488 1758304 185049740    0    0 186160 121656 101886 90599  2  1 95  2  0  0
 0  4 136820 2767476 1758304 185050260    0    0 186464 121972 101821 92075  2  1 95  2  0  0
 2  2 136820 2766536 1758304 185050748    0    0 186976 120944 101769 91655  2  1 95  2  0  0
 2  2 136820 2768280 1758304 185051276    0    0 186784 120112 101772 90563  2  1 95  2  0  0
 3  1 136820 2770812 1758304 185051772    0    0 188208 120336 102141 89895  2  1 95  2  0  0
 2  2 136820 2769112 1758308 185052236    0    0 186640 120132 101913 90577  2  1 95  2  0  0
 3  1 136820 2768660 1758308 185052760    0    0 186336 121948 101792 91633  2  1 95  2  0  0
 1  3 136820 2769828 1758308 185053260    0    0 186384 121092 102105 90708  2  1 95  2  0  0
 2  2 136820 2768040 1758308 185053772    0    0 184512 120880 101674 89736  2  1 95  2  0  0
 3  2 136820 2763216 1758308 185054216    0    0 187168 124172 101968 90591  2  1 95  2  0  0
 2  2 136820 2768580 1758308 185054688    0    0 185616 122444 102300 91119  2  1 95  2  0  0
 4  0 136820 2767956 1758308 185055232    0    0 187456 120464 101976 91348  2  1 95  2  0  0
procs -----------memory---------- ---swap-- -----io---- -system-- -------cpu-------
 r  b   swpd   free   buff  cache   si   so    bi    bo   in   cs us sy id wa st gu
 3  2 136820 2765940 1758308 185055716    0    0 187760 120832 102005 91240  2  1 95  2  0  0
 2  3 136820 2760744 1758308 185056284    0    0 187232 121880 102027 91209  2  1 95  2  0  0
 5  0 136820 2759724 1758308 185056804    0    0 187136 121392 101974 92738  2  1 95  2  0  0
 4  1 136820 2757144 1758312 185057300    0    0 186288 122296 101988 91348  2  1 95  2  0  0
 3  1 136820 2760608 1758312 185057840    0    0 186688 120632 102138 90878  2  1 95  2  0  0
 3  1 136820 2758748 1758312 185058304    0    0 185696 122636 101919 89959  2  1 95  2  0  0
 1  3 136820 2759448 1758312 185058784    0    0 187664 120360 102027 92236  2  1 95  2  0  0
 1  3 136820 2761636 1758312 185059324    0    0 186336 121268 101984 90941  2  1 95  2  0  0
 3  3 136820 2760468 1758312 185059784    0    0 186144 118676 101727 88979  2  1 95  2  0  0
 2  2 136820 2761516 1758312 185060280    0    0 185728 118604 101712 90959  2  1 95  2  0  0
 1  3 136820 2757312 1758312 185060768    0    0 186592 119340 101869 90807  2  1 95  2  0  0
 3  2 136820 2757884 1758312 185061256    0    0 186912 117688 101899 89635  2  1 95  2  0  0
 6  2 136820 2756420 1758312 185061768    0    0 186304 122780 101659 91235  2  1 95  2  0  0
 3  1 136820 2750492 1758316 185062268    0    0 186768 121552 102094 90030  2  1 95  2  0  0
 3  1 136820 2751428 1758316 185062764    0    0 186960 122016 102163 92054  2  1 95  2  0  0
 5  0 136820 2747688 1758316 185063228    0    0 187504 120824 101997 91948  2  1 95  2  0  0
 3  1 136820 2746944 1758316 185063732    0    0 184816 124116 101766 90829  2  1 95  2  0  0
 1  3 136820 2747208 1758316 185064248    0    0 187376 120764 101888 91668  2  1 95  2  0  0
 1  3 136820 2745452 1758316 185064740    0    0 187952 119292 101970 92041  2  1 95  2  0  0
 2  2 136820 2745668 1758316 185065212    0    0 186592 122416 101899 91504  2  1 95  2  0  0
 1  3 136820 2746264 1758316 185065692    0    0 185312 122388 101982 90020  2  1 95  2  0  0
procs -----------memory---------- ---swap-- -----io---- -system-- -------cpu-------
 r  b   swpd   free   buff  cache   si   so    bi    bo   in   cs us sy id wa st gu
 2  2 136820 2747136 1758316 185066200    0    0 187696 120804 101930 90955  2  1 95  2  0  0
 2  2 136820 2750408 1758316 185066708    0    0 186160 120756 102073 91199  2  1 95  2  0  0
 3  2 136820 2751856 1758320 185067212    0    0 186416 122540 101942 90268  2  1 95  2  0  0
 3  2 136820 2751920 1758320 185067724    0    0 185072 121724 102205 90761  2  1 95  2  0  0
 3  1 136820 2750584 1758320 185068232    0    0 185952 120020 101893 90345  2  1 95  2  0  0
 4  0 136820 2749928 1758320 185068716    0    0 186944 120128 102076 90659  2  1 95  2  0  0
 3  2 136820 2749108 1758320 185069212    0    0 187184 117260 101989 90503  2  1 95  2  0  0
 2  2 136820 2750872 1758320 185069724    0    0 186896 120264 101933 90405  2  1 95  2  0  0
 2  2 136820 2750336 1758320 185070228    0    0 186064 122556 102047 90741  2  1 95  2  0  0
 3  1 136820 2746900 1758320 185070700    0    0 186848 120440 102038 91365  2  1 95  2  0  0
 4  0 136820 2744692 1758320 185071228    0    0 186304 121480 101773 90449  2  1 95  2  0  0
 2  2 136820 2740744 1758320 185071696    0    0 187312 122488 102435 93337  2  1 95  2  0  0
 3  2 136820 2737468 1758320 185072208    0    0 185712 126140 102082 91413  2  1 95  2  0  0
 2  2 136820 2738612 1758320 185072692    0    0 186304 120668 101935 91989  2  1 95  2  0  0
 2  3 136820 2739044 1758320 185073192    0    0 185344 120692 101780 90521  2  1 95  2  0  0
 1  3 136820 2744272 1758320 185073664    0    0 187856 118740 102026 92199  2  1 95  2  0  0
 4  0 136820 2745236 1758320 185074184    0    0 186992 120112 101690 91222  2  1 95  2  0  0
 2  2 136820 2742292 1758324 185074644    0    0 189456 119488 102042 92566  2  1 95  2  0  0
 2  2 136820 2739544 1758324 185075164    0    0 189040 122312 101949 92910  2  1 95  2  0  0
 3  1 136820 2741836 1758324 185075764    0    0 186480 122564 101832 91289  2  1 95  2  0  0
 4  1 136820 2742400 1758324 185076164    0    0 186416 120360 101370 92206  2  1 95  2  0  0
procs -----------memory---------- ---swap-- -----io---- -system-- -------cpu-------
 r  b   swpd   free   buff  cache   si   so    bi    bo   in   cs us sy id wa st gu
 2  2 136820 2741548 1758328 185076628    0    0 184980 121316 101763 91093  2  1 95  2  0  0
 2  2 136820 2741116 1758332 185077140    0    0 188912 120004 101875 91689  2  1 95  2  0  0
 3  1 136820 2740448 1758332 185077644    0    0 186896 118984 101881 91344  2  1 95  2  0  0
 2  2 136820 2739540 1758332 185078188    0    0 186848 120760 101798 92164  2  1 95  2  0  0
 2  2 136820 2738184 1758332 185078632    0    0 185664 120684 101744 90847  2  1 95  2  0  0
 4  1 136820 2736548 1758332 185079212    0    0 188032 119728 102068 91215  2  1 95  2  0  0
 1  3 136820 2738464 1758340 185079816    0    0 187744 118392 101914 90559  2  1 95  2  0  0
 5  0 136820 2738260 1758340 185080180    0    0 185776 122064 101907 90483  2  1 95  2  0  0
 3  2 136820 2737192 1758340 185080692    0    0 186336 121316 102179 90295  2  1 95  2  0  0
 3  1 136820 2739280 1758340 185081156    0    0 185424 121604 102054 90320  2  1 95  2  0  0
 2  3 136820 2738020 1758340 185081660    0    0 186096 122224 102040 89919  2  1 95  2  0  0
 3  1 136820 2740568 1758344 185082280    0    0 187344 118940 102161 90725  2  1 95  2  0  0
 3  1 136820 2741072 1758344 185082632    0    0 187952 115928 101902 90171  2  1 95  2  0  0
 2  2 136820 2737660 1758344 185083152    0    0 186800 119448 102044 90982  2  1 95  2  0  0
 2  3 136820 2736844 1758344 185083904    0    0 183664 121392 102302 89968  2  1 95  2  0  0
 3  1 136820 2732656 1758344 185084148    0    0 186064 118472 102203 89944  2  1 95  2  0  0
 3  1 136820 2732968 1758348 185084636    0    0 185760 121624 102106 89535  2  1 95  2  0  0
 2  2 136820 2730844 1758348 185085352    0    0 184992 119064 101792 90525  2  1 95  2  0  0
 1  3 136820 2730816 1758348 185085632    0    0 183952 121276 101757 89440  2  1 95  2  0  0
 4  1 136820 2727008 1758348 185086360    0    0 185872 123136 101808 92474  2  1 95  2  0  0
 2  2 136820 2727356 1758348 185086696    0    0 185824 119988 101917 91911  2  1 95  2  0  0
procs -----------memory---------- ---swap-- -----io---- -system-- -------cpu-------
 r  b   swpd   free   buff  cache   si   so    bi    bo   in   cs us sy id wa st gu
 4  0 136820 2726760 1758356 185087204    0    0 186464 119404 101692 92710  2  1 95  2  0  0
 1  3 136820 2727088 1758356 185087752    0    0 187904 119968 102172 91524  2  1 95  2  0  0
 3  2 136820 2728524 1758356 185088208    0    0 188400 120872 102377 90485  2  1 95  2  0  0
 1  3 136820 2723784 1758356 185088708    0    0 186992 120316 101962 89450  2  1 95  2  0  0
 3  2 136820 2722352 1758356 185089360    0    0 184944 120308 101887 89696  2  1 95  2  0  0
 2  2 136820 2722960 1758364 185089680    0    0 186144 122352 101737 90629  2  1 95  2  0  0
 3  1 136820 2724228 1758364 185090272    0    0 186208 122088 102163 90271  2  1 95  2  0  0
 4  2 136820 2728052 1758364 185090824    0    0 185968 120292 102013 89680  2  1 95  2  0  0
 2  3 136820 2730072 1758364 185091200    0    0 186976 119912 102028 91611  2  1 95  2  0  0
 3  2 136820 2729812 1758364 185091852    0    0 189088 118460 101824 91630  2  1 95  2  0  0
 2  2 136820 2725072 1758372 185092184    0    0 187248 120332 102371 91359  2  1 95  2  0  0
 5  1 136820 2726076 1758372 185092712    0    0 188064 121420 102078 91718  2  1 95  2  0  0
 1  3 136820 2724556 1758372 185093392    0    0 188912 121780 102472 91287  2  1 95  2  0  0
 3  1 136820 2725912 1758372 185093708    0    0 189264 119940 102011 92886  2  1 95  2  0  0
 2  2 136820 2722764 1758372 185094252    0    0 186944 122120 102341 91995  2  1 95  2  0  0
 1  3 136820 2719696 1758376 185094900    0    0 187664 121372 102387 90749  2  1 95  2  0  0
 4  2 136820 2719508 1758376 185095200    0    0 182672 121436 101491 89283  2  1 95  2  0  0
 2  2 136820 2715720 1758376 185095792    0    0 187024 122548 102074 90081  2  1 95  2  0  0
 2  2 136820 2715348 1758376 185096220    0    0 187328 120020 101921 90782  2  1 95  2  0  0
 2  2 136820 2716392 1758376 185096676    0    0 185776 120996 102081 90849  2  1 95  2  0  0
 3  2 136820 2717304 1758376 185097220    0    0 186560 118708 101752 89653  2  1 95  2  0  0
procs -----------memory---------- ---swap-- -----io---- -system-- -------cpu-------
 r  b   swpd   free   buff  cache   si   so    bi    bo   in   cs us sy id wa st gu
 4  1 136820 2715440 1758376 185097788    0    0 186928 119380 102260 90515  2  1 95  2  0  0
 4  1 136820 2715368 1758376 185098224    0    0 185872 121540 102029 91080  2  1 95  2  0  0
 0  4 136820 2718580 1758376 185098796    0    0 188560 121104 102516 92184  2  1 95  2  0  0
 2  3 136820 2720748 1758376 185099300    0    0 189248 119408 102217 90082  2  1 95  2  0  0
 3  1 136820 2716880 1758380 185099768    0    0 187088 121564 101976 91352  2  1 95  2  0  0
 3  2 136820 2714836 1758380 185100336    0    0 187744 122600 102030 92367  2  1 95  2  0  0
 1  3 136820 2712660 1758380 185100700    0    0 187264 121628 102298 91284  2  1 95  2  0  0
 1  3 136820 2711784 1758380 185101176    0    0 188400 120728 102290 91516  2  1 95  2  0  0
 3  1 136820 2712048 1758380 185101704    0    0 189312 118720 102025 91290  2  1 95  2  0  0
 2  2 136820 2709788 1758384 185102280    0    0 188160 118184 102226 92106  2  1 95  2  0  0
 3  1 136820 2709848 1758384 185102784    0    0 187152 120592 102323 91169  2  1 95  2  0  0
 2  2 136820 2708984 1758384 185103276    0    0 188912 120992 102275 90336  2  1 95  2  0  0
 4  1 136820 2709020 1758384 185103788    0    0 187008 119444 102130 90783  2  1 95  2  0  0
 2  2 136820 2711548 1758384 185104240    0    0 187440 120324 101809 90999  2  1 95  2  0  0
 0  4 136820 2709300 1758388 185104676    0    0 189520 120176 102314 93157  2  1 95  2  0  0
 2  2 136820 2711904 1758388 185105176    0    0 188688 119604 102140 92024  2  1 95  2  0  0
 1  3 136820 2711612 1758388 185105672    0    0 187520 119432 102149 90324  2  1 95  2  0  0
 2  3 136820 2712952 1758388 185106172    0    0 187200 119384 102064 90745  2  1 95  2  0  0
 2  3 136820 2707324 1758388 185106676    0    0 187200 121060 102468 91261  2  1 95  2  0  0
 2  2 136820 2706328 1758388 185107164    0    0 185856 116968 101832 89975  2  1 95  2  0  0
 3  1 136820 2707836 1758388 185107648    0    0 185712 122324 102102 90913  2  1 95  2  0  0
procs -----------memory---------- ---swap-- -----io---- -system-- -------cpu-------
 r  b   swpd   free   buff  cache   si   so    bi    bo   in   cs us sy id wa st gu
 5  1 136820 2705972 1758388 185108156    0    0 187472 119592 101848 92013  2  1 95  2  0  0
 3  1 136820 2704456 1758388 185108656    0    0 186560 120044 102066 91951  2  1 95  2  0  0
 1  3 136820 2703196 1758388 185109148    0    0 187664 120864 102142 90942  2  1 95  2  0  0
 3  1 136820 2705680 1758396 185109664    0    0 188672 121056 102053 91529  2  1 95  2  0  0
 0  4 136820 2704296 1758396 185110136    0    0 187840 122104 102111 91179  2  1 95  2  0  0
 4  1 136820 2705524 1758396 185110648    0    0 187376 120616 102411 91811  2  1 95  2  0  0
 3  2 136820 2704772 1758396 185111112    0    0 186416 120352 101992 90241  2  1 95  2  0  0
 1  3 136820 2703856 1758396 185111636    0    0 186800 118736 101972 90765  2  1 95  2  0  0
 0  4 136820 2706892 1758404 185112148    0    0 186064 120792 101797 90955  2  1 95  2  0  0
 3  1 136820 2704676 1758404 185112636    0    0 188048 119888 102425 90745  2  1 95  2  0  0
 2  2 136820 2703808 1758404 185113152    0    0 188592 120144 102263 91603  2  1 95  2  0  0
 0  4 136820 2703308 1758404 185113688    0    0 188224 119444 102087 91575  2  1 95  2  0  0
 3  1 136820 2701552 1758404 185114160    0    0 184512 120232 101577 90588  2  1 95  2  0  0
 1  3 136820 2954432 1758408 184865148    0    0 184160 118332 101887 89067  2  1 95  2  0  0
 3  1 136820 2952196 1758408 184865532    0    0 186128 120592 102189 90010  2  1 95  2  0  0
 5  2 136820 2951960 1758408 184865952    0    0 187584 120152 102052 90929  2  1 95  2  0  0
 0  4 136820 2954676 1758408 184866528    0    0 188512 119824 102119 90195  2  1 95  2  0  0
 3  1 136820 2952688 1758408 184867036    0    0 188512 119144 102158 90946  2  1 95  2  0  0
 3  1 136820 2946636 1758412 184867508    0    0 187456 121760 102199 91205  2  1 95  2  0  0
 3  1 136820 2944980 1758412 184868116    0    0 187200 121788 102114 91022  2  1 95  2  0  0
 4  1 136820 2946772 1758412 184868464    0    0 188352 119512 102348 91494  2  1 95  2  0  0
procs -----------memory---------- ---swap-- -----io---- -system-- -------cpu-------
 r  b   swpd   free   buff  cache   si   so    bi    bo   in   cs us sy id wa st gu
 3  1 136820 2945224 1758412 184869004    0    0 188224 121788 102205 90844  2  1 95  2  0  0
 4  1 136820 2949716 1758412 184869516    0    0 188832 120204 102150 91104  2  1 95  2  0  0
 1  3 136820 2944060 1758416 184869964    0    0 187296 121704 102391 91328  2  1 95  2  0  0
 3  1 136820 2940776 1758416 184870476    0    0 188400 119680 102059 91185  2  1 95  2  0  0
 1  3 136820 2938036 1758416 184871024    0    0 188336 122748 102213 91541  2  1 95  2  0  0
 3  2 136820 2938252 1758416 184871460    0    0 188720 120504 102138 90860  2  1 95  2  0  0
 3  2 136820 2936912 1758416 184872084    0    0 188528 120268 102179 91218  2  1 95  2  0  0
 2  0 136820 2940984 1758420 184872420    0    0 187600 123064 102249 91063  2  1 95  2  0  0
 3  1 136820 2939252 1758420 184872936    0    0 188704 116404 102236 91978  2  1 95  2  0  0
 1  3 136820 2939188 1758420 184873564    0    0 187552 120004 101866 91523  2  1 95  2  0  0
 4  0 136820 2939332 1758420 184873952    0    0 188240 120204 102132 91617  2  1 95  2  0  0
 2  2 136820 2936324 1758420 184874480    0    0 187616 121344 102071 90636  2  1 95  2  0  0
 6  1 136820 2937420 1758428 184875072    0    0 189264 121680 102058 91468  2  1 95  2  0  0
 2  2 136820 2935648 1758428 184875448    0    0 188704 120596 102071 91800  2  1 95  2  0  0
 1  1 136820 2934892 1758428 184876084    0    0 188880 121220 101978 92270  2  1 95  2  0  0
 3  2 136820 2933916 1758428 184876476    0    0 189328 122308 102263 91839  2  1 95  2  0  0
 3  1 136820 2933064 1758428 184876976    0    0 189120 122468 102275 90767  2  1 95  2  0  0
 2  2 136820 2933184 1758432 184877584    0    0 188672 120324 102003 92757  2  1 95  2  0  0
 4  0 136820 2928684 1758432 184877944    0    0 188528 120292 102280 90953  2  1 95  2  0  0
 4  0 136820 2930304 1758432 184878488    0    0 188560 122200 102247 91588  2  1 95  2  0  0
 1  3 136820 2930296 1758432 184879000    0    0 189440 121472 102047 92569  2  1 95  2  0  0
procs -----------memory---------- ---swap-- -----io---- -system-- -------cpu-------
 r  b   swpd   free   buff  cache   si   so    bi    bo   in   cs us sy id wa st gu
 1  3 136820 2930408 1758432 184879440    0    0 189536 122276 102213 91654  2  1 95  2  0  0
 2  2 136820 2930576 1758436 184880028    0    0 188608 120164 102195 90686  2  1 95  2  0  0
 3  1 136820 2931220 1758436 184880536    0    0 188432 120472 102352 91515  2  1 95  2  0  0
 4  1 136820 2925972 1758436 184880972    0    0 188080 126068 102338 90603  2  1 95  2  0  0
 2  0 136820 2928460 1758436 184881596    0    0 188992 119748 102221 90992  2  1 95  2  0  0
 1  3 136820 2922392 1758436 184882048    0    0 188064 119204 102059 91556  2  1 95  2  0  0
 3  2 136820 2923168 1758440 184882508    0    0 186256 125584 102355 90200  2  1 95  2  0  0
 2  0 136820 2921216 1758440 184883092    0    0 188720 120224 102191 91261  2  1 95  2  0  0
 5  1 136820 2920260 1758440 184883500    0    0 188144 124464 102119 92856  2  1 95  2  0  0
 2  1 136820 2923248 1758440 184884060    0    0 189232 116168 101534 92568  2  1 95  2  0  0
15  0 136820 2920508 1758440 184884636    0    0 187776 121568 102150 91114  2  1 95  2  0  0
 3  2 136820 2919924 1758444 184884996    0    0 187600 119000 102177 91490  2  1 95  2  0  0
 1  0 136820 2922624 1758444 184885524    0    0 186576 122564 102122 90972  2  1 95  2  0  0
 3  2 136820 2917604 1758444 184886040    0    0 187808 124184 102070 92062  2  1 95  2  0  0
 4  2 136820 2911216 1758444 184886508    0    0 188000 121704 102380 91498  2  1 95  2  0  0
 2  0 136820 2910968 1758444 184887056    0    0 187728 120144 102203 90574  2  1 95  2  0  0
 4  0 136820 2922096 1758448 184887492    0    0 188592 121072 102139 91922  2  1 95  2  0  0
 3  2 136820 2919152 1758448 184888012    0    0 191712 117060 101947 92760  2  1 95  2  0  0
 2  2 136820 2915904 1758448 184888500    0    0 189744 122744 102506 91596  2  1 95  2  0  0
 1  4 136820 2914684 1758448 184889004    0    0 191856 124580 102764 92981  2  1 95  2  0  0
 3  1 136820 2913016 1758448 184889532    0    0 188944 117208 102271 90845  2  1 95  2  0  0
procs -----------memory---------- ---swap-- -----io---- -system-- -------cpu-------
 r  b   swpd   free   buff  cache   si   so    bi    bo   in   cs us sy id wa st gu
 1  0 136820 2910040 1758456 184890032    0    0 189360 124916 102622 92535  2  1 95  2  0  0
 1  3 136820 2906820 1758456 184890532    0    0 188592 128636 102460 91018  2  1 95  2  0  0
 2  0 136820 2913080 1758456 184891032    0    0 189056 125272 102694 92052  2  1 95  2  0  0
 2  0 136820 2911284 1758456 184891544    0    0 189744 121660 102239 92704  2  1 95  2  0  0
 3  1 136820 2909204 1758456 184892036    0    0 188016 115112 101824 91665  2  1 95  2  0  0
 3  2 136820 2908284 1758464 184892528    0    0 189040 119788 102256 91316  2  1 95  2  0  0
 1  0 136820 2908824 1758464 184893024    0    0 186960 121136 102234 90897  2  1 95  2  0  0
 3  1 136820 2907652 1758464 184893528    0    0 186368 123632 102364 91248  2  1 95  2  0  0
 0  1 136820 2904432 1758464 184894076    0    0 189584 121184 102271 92125  2  1 95  2  0  0
 1  2 136820 2908536 1758464 184894524    0    0 186256 125944 102105 91398  2  1 95  2  0  0
 3  1 136820 2907212 1758468 184895008    0    0 188864 118384 102279 91755  2  1 95  2  0  0
 1  3 136820 2907180 1758468 184895720    0    0 187632 120228 102194 90778  2  1 95  2  0  0
 0  4 136820 2906204 1758468 184895996    0    0 187776 119752 102220 90586  2  1 95  2  0  0
 2  0 136820 2907216 1758468 184896672    0    0 188144 119476 102101 90348  2  1 95  2  0  0
 1  3 136820 2902776 1758468 184897336    0    0 186912 123088 102592 91390  2  1 95  2  0  0
 1  3 136820 2909252 1758472 184897636    0    0 188272 118688 102303 90865  2  1 95  2  0  0
 7  0 136820 2905656 1758472 184898288    0    0 189984 118932 102258 91823  2  1 95  2  0  0
 2  0 136820 2900968 1758472 184898580    0    0 188800 117300 102097 90779  2  1 95  2  0  0
 1  3 136820 2900388 1758472 184899052    0    0 188816 122532 102283 91454  2  1 95  2  0  0
 2  2 136820 2902508 1758472 184899688    0    0 189648 120156 102171 91411  2  1 95  2  0  0
 2  2 136820 2903896 1758476 184900056    0    0 188640 119084 102492 91416  2  1 95  2  0  0
procs -----------memory---------- ---swap-- -----io---- -system-- -------cpu-------
 r  b   swpd   free   buff  cache   si   so    bi    bo   in   cs us sy id wa st gu
 1  0 136820 2902940 1758476 184900732    0    0 189536 120012 102120 90956  2  1 95  2  0  0
 3  1 136820 2905468 1758476 184901320    0    0 187648 120996 102197 91355  2  1 95  2  0  0
 4  2 136820 2908044 1758476 184901544    0    0 188528 120328 102367 91743  2  1 95  2  0  0
 2  2 136820 2908588 1758476 184902224    0    0 189296 121776 102237 92482  2  1 95  2  0  0
 4  2 136820 2910424 1758484 184902696    0    0 189312 120944 102113 91150  2  1 95  2  0  0
 3  1 136820 2910652 1758484 184903172    0    0 191632 114228 102154 92290  2  1 95  2  0  0
 4  0 136820 2909460 1758484 184903808    0    0 189120 120256 102096 91732  2  1 95  2  0  0
 6  0 136820 2910508 1758484 184904092    0    0 188064 120732 102075 91639  2  1 95  2  0  0
 1  4 136820 2909908 1758484 184904628    0    0 186160 127988 102181 91244  2  1 95  2  0  0
 2  2 136820 2904944 1758492 184905284    0    0 187472 120812 102388 90862  2  1 95  2  0  0
 1  3 136820 2911864 1758492 184905632    0    0 187664 121640 102115 90551  2  1 95  2  0  0
 4  1 136820 2909924 1758492 184906188    0    0 185696 124228 102072 90799  2  1 95  2  0  0
 4  0 136820 2905744 1758492 184906784    0    0 188064 118876 102007 90896  2  1 95  2  0  0
 0  1 136820 2906668 1758492 184907120    0    0 188384 116944 101947 90131  2  1 95  2  0  0
 2  0 136820 2906816 1758492 184907872    0    0 187680 121136 101923 90314  2  1 95  2  0  0
 0  4 136820 2903816 1758496 184908148    0    0 187568 122292 101937 91978  2  1 95  2  0  0
 1  3 136820 2902400 1758496 184908720    0    0 188352 120924 102027 91525  2  1 95  2  0  0
 2  2 136820 2900640 1758496 184909224    0    0 189184 121576 102231 92319  2  1 95  2  0  0
 2  2 136820 2893336 1758496 184909640    0    0 188000 123248 102013 90477  2  1 95  2  0  0
 3  1 136820 2891372 1758496 184910152    0    0 187360 125092 102066 91344  2  1 95  2  0  0
 3  2 136820 2892984 1758500 184910680    0    0 187584 119240 101832 90455  2  1 95  2  0  0
procs -----------memory---------- ---swap-- -----io---- -system-- -------cpu-------
 r  b   swpd   free   buff  cache   si   so    bi    bo   in   cs us sy id wa st gu
 1  3 136820 2891884 1758500 184911144    0    0 190032 120840 101949 92643  2  1 95  2  0  0
 1  3 136820 2890508 1758500 184911624    0    0 188544 118020 101922 90776  2  1 95  2  0  0
 1  3 136820 2888912 1758500 184912156    0    0 189264 122380 102153 91735  2  1 95  2  0  0
 1  3 136820 2887544 1758500 184912668    0    0 188912 116992 102080 91388  2  1 95  2  0  0
 2  0 136820 2886916 1758504 184913156    0    0 186912 124388 102163 90842  2  1 95  2  0  0
 1  3 136820 2884480 1758504 184913656    0    0 189056 123772 102564 92049  2  1 95  2  0  0
 1  3 136820 2884320 1758504 184914228    0    0 189904 123260 102072 92448  2  1 95  2  0  0
 1  2 136820 2887320 1758504 184914724    0    0 192656 121304 102600 92828  2  1 95  2  0  0
 1  3 136820 2887308 1758504 184915144    0    0 189840 123244 102450 92179  2  1 95  2  0  0
 2  2 136820 2881684 1758504 184915668    0    0 191312 119100 102343 91516  2  1 95  2  0  0
 3  1 136820 2883216 1758504 184916380    0    0 192912 121156 102481 92801  2  1 95  2  0  0
 1  3 136820 2878876 1758504 184916668    0    0 192480 122248 102469 92884  2  1 95  2  0  0
 1  3 136820 2878156 1758504 184917400    0    0 191264 126628 102408 93780  2  1 95  2  0  0
 2  2 136820 2881416 1758504 184918032    0    0 193760 116392 102403 93317  2  1 95  2  0  0
 6  2 136820 2881100 1758508 184918208    0    0 192816 123008 102604 92943  2  1 95  2  0  0
 3  1 136820 2877796 1758508 184918912    0    0 191296 122464 102489 92278  2  1 95  2  0  0
 3  1 136820 2877084 1758508 184919244    0    0 188400 121260 102419 91296  2  1 95  2  0  0
 4  1 136820 2882880 1758508 184919828    0    0 188784 126608 102287 92063  2  1 95  2  0  0
 6  0 136820 2885652 1758508 184920516    0    0 188336 122476 102262 90815  2  1 95  2  0  0
 2  0 136820 2882464 1758516 184920712    0    0 189136 123120 102267 91455  2  1 95  2  0  0
 0  4 136820 2880424 1758516 184921448    0    0 190576 120644 102192 93399  2  1 95  2  0  0
procs -----------memory---------- ---swap-- -----io---- -system-- -------cpu-------
 r  b   swpd   free   buff  cache   si   so    bi    bo   in   cs us sy id wa st gu
 3  1 136820 2877060 1758516 184921976    0    0 191280 116768 101992 93513  2  1 95  2  0  0
 3  1 136820 2872108 1758516 184922244    0    0 189936 122860 102360 91635  2  1 95  2  0  0
 2  2 136820 2873864 1758516 184922860    0    0 188368 119164 101859 91485  2  1 95  2  0  0
 4  1 136820 2873348 1758520 184923256    0    0 188528 120684 102170 91040  2  1 95  2  0  0
 5  1 136820 2871892 1758520 184923800    0    0 185920 128136 102339 90699  2  1 95  2  0  0
 2  2 136820 2871220 1758520 184924472    0    0 186976 124096 102098 90545  2  1 95  2  0  0
 2  0 136820 2871008 1758520 184924760    0    0 188784 119920 101997 92937  2  1 95  2  0  0
 2  2 136820 2868400 1758520 184925444    0    0 187568 120952 101663 94293  2  1 95  2  0  0
 3  1 136820 2870856 1758528 184925888    0    0 188272 118764 102015 91320  2  1 95  2  0  0
 3  1 136820 2874436 1758528 184926260    0    0 189776 121056 102263 91989  2  1 95  2  0  0
 4  0 136820 2873740 1758528 184927064    0    0 190368 119868 102216 93055  2  1 95  2  0  0
 1  3 136820 2872956 1758528 184927632    0    0 191312 120948 102501 92267  2  1 95  2  0  0
 3  2 136820 2874412 1758528 184928108    0    0 187264 127140 102287 91887  2  1 95  2  0  0
 2  2 136820 2876032 1758532 184928684    0    0 187760 120812 102165 90772  2  1 95  2  0  0
 5  2 136820 2875960 1758532 184929052    0    0 187456 121968 102243 91024  2  1 95  2  0  0
 2  2 136820 2879164 1758532 184929680    0    0 189808 127532 102306 94448  2  1 95  2  0  0
 3  2 136820 2876068 1758532 184930104    0    0 187936 121840 102234 91697  2  1 95  2  0  0
 1  3 136820 2877260 1758532 184930556    0    0 186160 119736 101904 92296  2  1 95  2  0  0
 2  2 136820 2874016 1758540 184931076    0    0 187120 119588 102016 90548  2  1 95  2  0  0
 1  3 136820 2872564 1758540 184931684    0    0 189968 123468 102127 92804  2  1 95  2  0  0
 1  3 136820 2870868 1758540 184932044    0    0 187184 121592 102192 90735  2  1 95  2  0  0
procs -----------memory---------- ---swap-- -----io---- -system-- -------cpu-------
 r  b   swpd   free   buff  cache   si   so    bi    bo   in   cs us sy id wa st gu
 3  2 136820 2868532 1758540 184932700    0    0 187344 120640 101775 92306  2  1 95  2  0  0
 1  4 136820 2868636 1758540 184933184    0    0 187776 120640 102144 90649  2  1 95  2  0  0
 3  2 136820 2870276 1758540 184933672    0    0 189200 121696 102223 91519  2  1 95  2  0  0
 2  2 136820 2870656 1758540 184934160    0    0 188240 121464 102055 92646  2  1 95  2  0  0
 2  2 136820 2865600 1758540 184934524    0    0 187872 122556 102346 91196  2  1 95  2  0  0
 1  3 136820 2866460 1758540 184935088    0    0 188880 121920 102038 92554  2  1 95  2  0  0
 4  0 136820 2869184 1758540 184935724    0    0 189728 123748 102645 92446  2  1 95  2  0  0
 3  1 136820 2869692 1758544 184935992    0    0 189040 115640 102093 90908  2  1 95  2  0  0
 3  1 136820 2865348 1758544 184936728    0    0 186864 124824 102249 91520  2  1 95  2  0  0
 1  3 136820 2868836 1758544 184937200    0    0 190560 114060 101811 93444  2  1 95  2  0  0
 2  3 136820 2871856 1758544 184937692    0    0 185296 126992 102197 90546  2  1 95  2  0  0
 2  2 136820 2870664 1758544 184938224    0    0 186384 125876 102083 91151  2  1 95  2  0  0
 2  2 136820 2868876 1758552 184938712    0    0 188160 118968 102112 91577  2  1 95  2  0  0
 2  2 136820 2868400 1758552 184939140    0    0 187600 121904 102223 91549  2  1 95  2  0  0
 3  1 136820 2867868 1758552 184939716    0    0 188400 117240 101786 92787  2  1 95  2  0  0
 2  2 136820 2868924 1758552 184940012    0    0 188976 120080 101901 92905  2  1 95  2  0  0
 2  1 136820 2870156 1758552 184940696    0    0 188464 120156 102125 91590  2  1 95  2  0  0
 3  1 136820 2872744 1758556 184941200    0    0 188336 119636 102355 91998  2  1 95  2  0  0
 3  1 136820 2871332 1758556 184941592    0    0 189792 117304 102234 91450  2  1 95  2  0  0
 2  2 136820 2867516 1758556 184942236    0    0 186112 124772 101935 91784  2  1 95  2  0  0
 2  2 136820 2858652 1758556 184942724    0    0 187888 121976 102186 91622  2  1 95  2  0  0
procs -----------memory---------- ---swap-- -----io---- -system-- -------cpu-------
 r  b   swpd   free   buff  cache   si   so    bi    bo   in   cs us sy id wa st gu
 3  2 136820 2862004 1758556 184943064    0    0 188240 121296 102245 90856  2  1 95  2  0  0
 2  2 136820 2861332 1758560 184943624    0    0 188144 123944 102308 92183  2  1 95  2  0  0
 1  3 136820 2859136 1758560 184944020    0    0 188960 119628 102340 90656  2  1 95  2  0  0
 2  2 136820 2858244 1758560 184944668    0    0 188416 121624 102299 91187  2  1 95  2  0  0
 7  0 136820 2859548 1758560 184945140    0    0 187136 121116 102021 92872  2  1 95  2  0  0
 2  2 136820 2855812 1758560 184945656    0    0 186864 121620 101914 92049  2  1 95  2  0  0
 3  1 136820 2857584 1758560 184946216    0    0 190128 121068 102132 91961  2  1 95  2  0  0
 4  2 136820 2859620 1758560 184946588    0    0 187456 120432 102139 91047  2  1 95  2  0  0
 1  2 136820 2863992 1758560 184947144    0    0 189392 123928 101907 94486  2  1 95  2  0  0
 3  1 136820 2860812 1758560 184947668    0    0 188784 122180 102181 90914  2  1 95  2  0  0
 2  2 136820 2863368 1758560 184948136    0    0 189024 122252 102318 91106  2  1 95  2  0  0
 0  1 136820 2864804 1758564 184948740    0    0 189888 115464 101993 91332  2  1 95  2  0  0
 3  1 136820 2860720 1758564 184949240    0    0 189056 125964 102185 93232  2  1 95  2  0  0
 0  4 136820 2856472 1758564 184949688    0    0 191088 120888 102580 91688  2  1 95  2  0  0
 4  1 136820 2851408 1758564 184950280    0    0 190288 116328 102121 91479  2  1 95  2  0  0
 4  0 136820 2850200 1758564 184950784    0    0 189184 131248 102655 91722  2  1 95  2  0  0
 1  0 136820 2850636 1758568 184951284    0    0 191184 115024 102056 91527  2  1 95  2  0  0
 3  0 136820 2846120 1758568 184951852    0    0 189056 122324 102292 92246  2  1 95  2  0  0
 3  1 136820 2847408 1758568 184952192    0    0 188464 129192 102490 91974  2  1 95  2  0  0
 1  3 136820 2844432 1758568 184952856    0    0 190144 115760 102098 90706  2  1 95  2  0  0
 2  2 136820 2841912 1758568 184953352    0    0 189344 128384 102370 91870  2  1 95  2  0  0
procs -----------memory---------- ---swap-- -----io---- -system-- -------cpu-------
 r  b   swpd   free   buff  cache   si   so    bi    bo   in   cs us sy id wa st gu
 2  3 136820 2844212 1758576 184953868    0    0 190000 122148 102326 91687  2  1 95  2  0  0
 1  3 136820 2841420 1758576 184954372    0    0 191104 116572 102078 91119  2  1 95  2  0  0
 1  3 136820 2844984 1758576 184954864    0    0 188288 129984 102395 91892  2  1 95  2  0  0
 3  2 136820 2843248 1758576 184955380    0    0 189680 117260 101862 93534  2  1 95  2  0  0
 4  1 136820 2846020 1758580 184955776    0    0 189568 116296 102294 91796  2  1 95  2  0  0
 1  3 136820 2842084 1758580 184956288    0    0 187072 129272 102242 92530  2  1 95  2  0  0
 2  2 136820 2843476 1758580 184956764    0    0 190560 119496 102047 92703  2  1 95  2  0  0
 2  2 136820 2844548 1758580 184957452    0    0 189504 121188 101897 92127  2  1 95  2  0  0
 2  2 136820 2843472 1758580 184957952    0    0 190048 121696 102246 93867  2  1 95  2  0  0
 2  2 136820 2843020 1758584 184958476    0    0 189456 126756 102453 92572  2  1 95  2  0  0
 4  1 136820 2846344 1758584 184958928    0    0 190112 120548 102113 92031  2  1 95  2  0  0
 2  2 136820 2848880 1758584 184959476    0    0 191488 116620 102184 93202  2  1 95  2  0  0
 3  1 136820 2844024 1758584 184960024    0    0 187568 127196 102363 90543  2  1 95  2  0  0
 1  3 136820 2843776 1758584 184960532    0    0 191280 121220 102209 93063  2  1 95  2  0  0
 4  1 136820 2838984 1758588 184961044    0    0 189680 122576 102278 91220  2  1 95  2  0  0
 3  1 136820 2834660 1758588 184961528    0    0 188320 122104 102132 91063  2  1 95  2  0  0
 3  2 136820 2833012 1758588 184962000    0    0 191040 121408 102277 93550  2  1 95  2  0  0
 2  2 136820 2831584 1758588 184962520    0    0 186272 124684 102067 93233  2  1 95  2  0  0
 3  1 136820 2835192 1758588 184963036    0    0 188560 121340 102117 92022  2  1 95  2  0  0
 1  3 136820 2834024 1758596 184963536    0    0 188288 119804 102293 90614  2  1 95  2  0  0
 2  3 136820 2835396 1758596 184964024    0    0 188384 121276 102127 91562  2  1 95  2  0  0
procs -----------memory---------- ---swap-- -----io---- -system-- -------cpu-------
 r  b   swpd   free   buff  cache   si   so    bi    bo   in   cs us sy id wa st gu
 3  2 136820 2835168 1758596 184964496    0    0 186512 121564 101677 92125  2  1 95  2  0  0
 6  2 136820 2840456 1758596 184965016    0    0 188288 123216 102189 91659  2  1 95  2  0  0
 5  1 136820 2837360 1758596 184965516    0    0 190768 120196 102344 93142  2  1 95  2  0  0
 3  1 136820 2841868 1758604 184965936    0    0 190208 117456 101976 92908  2  1 95  2  0  0
 1  3 136820 2840840 1758604 184966424    0    0 187952 130584 102615 91499  2  1 95  2  0  0
 3  1 136820 2839796 1758604 184967012    0    0 189712 120484 102359 91313  2  1 95  2  0  0
 2  2 136820 2838424 1758604 184967528    0    0 192032 117592 102077 93614  2  1 95  2  0  0
 3  1 136820 2838248 1758604 184967920    0    0 187440 121172 102088 91557  2  1 95  2  0  0
 2  2 136820 2835912 1758612 184968524    0    0 189456 121140 102160 92424  2  1 95  2  0  0
 2  2 136820 2833680 1758612 184969040    0    0 193216 125008 102453 93044  2  1 95  2  0  0
 0  4 136820 2834328 1758612 184969416    0    0 187872 120640 102115 92216  2  1 95  2  0  0
 2  0 136820 2834048 1758612 184969952    0    0 189472 121336 101935 91433  2  1 95  2  0  0
 4  0 136820 2797616 1758612 184970512    0    0 173104 118944 101152 84271  2  1 95  2  0  0
 3  1 136820 2800316 1758612 184970884    0    0 185200 123064 102057 89847  2  1 95  2  0  0
 0  4 136820 2801484 1758612 184971376    0    0 186288 119684 101946 90771  2  1 95  2  0  0
 4  1 136820 2799956 1758612 184971932    0    0 189376 120052 102020 92188  2  1 95  2  0  0
 4  0 136820 2799572 1758612 184972420    0    0 188864 118308 102114 91083  2  1 95  2  0  0
 2  2 136820 2799504 1758612 184972896    0    0 189792 118432 102240 91981  2  1 95  2  0  0
 4  1 136820 2796568 1758620 184973368    0    0 189848 120128 102168 92428  2  1 95  2  0  0
 0  4 136820 2797620 1758620 184973980    0    0 187920 124052 102114 91878  2  1 95  2  0  0
 2  2 136820 2797836 1758620 184974572    0    0 189600 122296 102101 93003  2  1 95  2  0  0
procs -----------memory---------- ---swap-- -----io---- -system-- -------cpu-------
 r  b   swpd   free   buff  cache   si   so    bi    bo   in   cs us sy id wa st gu
 4  0 136820 2795796 1758620 184974988    0    0 188736 120872 102222 90866  2  1 95  2  0  0
 2  2 136820 2795164 1758620 184975464    0    0 188448 117432 102012 91004  2  1 95  2  0  0
 2  2 136820 2793932 1758624 184975952    0    0 188432 121824 102348 91633  2  1 95  2  0  0
 2  2 136820 2792200 1758624 184976436    0    0 187760 121684 102378 90584  2  1 95  2  0  0
 3  1 136820 2796348 1758624 184977016    0    0 186864 119152 101689 91048  2  1 95  2  0  0
 2  3 136820 2798160 1758624 184977492    0    0 189360 118644 102223 91026  2  1 95  2  0  0
 2  2 136820 2793212 1758624 184977932    0    0 187968 119852 102198 90331  2  1 95  2  0  0
 1  3 136820 2792800 1758632 184978420    0    0 187600 124336 102278 92024  2  1 95  2  0  0
 3  1 136820 2792908 1758632 184978960    0    0 187904 118448 101852 91748  2  1 95  2  0  0
 3  1 136820 2794432 1758632 184979476    0    0 187472 119308 102141 90772  2  1 95  2  0  0
 2  2 136820 2792044 1758632 184979944    0    0 187568 119156 101523 92210  2  1 95  2  0  0
 2  2 136820 2794012 1758632 184980460    0    0 186272 123072 102045 90098  2  1 95  2  0  0
 2  2 136820 2797584 1758636 184980916    0    0 186464 119044 101852 90889  2  1 95  2  0  0
 2  2 136820 2796632 1758636 184981456    0    0 188832 119484 102205 92425  2  1 95  2  0  0
 2  3 136820 2794636 1758636 184981940    0    0 188016 119036 102003 91318  2  1 95  2  0  0
 3  1 136820 2855720 1758640 184982536    0    0 182704 121776 101784 88412  2  1 95  2  0  0
 2  2 136820 2854916 1758640 184982912    0    0 185568 118968 101825 90401  2  1 95  2  0  0
 2  2 136820 2855292 1758648 184983412    0    0 184976 120732 102198 89509  2  1 95  2  0  0
 3  3 136820 2847968 1758648 184984048    0    0 184416 118620 101671 90316  2  1 95  2  0  0
 4  1 136820 2850316 1758648 184984392    0    0 185808 118000 101616 91361  2  1 95  2  0  0
 5  1 136820 2851536 1758648 184984880    0    0 184288 120172 102110 88927  2  1 95  2  0  0
procs -----------memory---------- ---swap-- -----io---- -system-- -------cpu-------
 r  b   swpd   free   buff  cache   si   so    bi    bo   in   cs us sy id wa st gu
 6  0 136820 2846804 1758648 184985428    0    0 183728 119928 101863 89726  2  1 95  2  0  0
 5  1 136820 2845936 1758652 184985856    0    0 183296 116496 101695 88715  2  1 95  2  0  0
 3  2 136820 2843464 1758652 184986440    0    0 185280 117696 101692 90142  2  1 95  2  0  0
 3  2 136820 2842996 1758652 184986896    0    0 184112 120904 102066 89586  2  1 95  2  0  0
 3  3 136820 2845904 1758652 184987432    0    0 187952 124688 102535 91403  2  1 95  2  0  0
 4  1 136820 2849672 1758652 184987912    0    0 186784 119568 102350 90953  2  1 95  2  0  0
 2  3 136820 2848496 1758656 184988240    0    0 183616 120100 101888 90090  2  1 95  2  0  0
 3  1 136820 2846764 1758656 184988888    0    0 184288 118260 101867 89144  2  1 95  2  0  0
 2  3 136820 2848544 1758656 184989536    0    0 183904 117908 101697 90724  2  1 95  2  0  0
 2  2 136820 2848608 1758656 184989872    0    0 184976 118624 102017 89740  2  1 95  2  0  0
 2  2 136820 2841764 1758656 184990456    0    0 182272 116968 101409 90135  2  1 95  2  0  0
 4  3 136820 2839692 1758664 184990776    0    0 185824 122360 102166 90695  2  1 95  2  0  0
 1  3 136820 2842320 1758664 184991428    0    0 186288 119080 101836 92250  2  1 95  2  0  0
 1  3 136820 2842988 1758664 184991972    0    0 183872 123868 102268 89571  2  1 95  2  0  0
 2  2 136820 2841860 1758664 184992412    0    0 189488 117744 101533 92292  2  1 95  2  0  0
 1  3 136820 2844840 1758664 184992920    0    0 187872 119260 102215 91078  2  1 95  2  0  0
 0  3 136820 2843856 1758672 184993492    0    0 188320 119296 101982 92260  2  1 95  2  0  0
 2  2 136820 2847300 1758672 184993860    0    0 186912 123396 102181 89980  2  1 95  2  0  0
 3  1 136820 2845876 1758672 184994480    0    0 187904 121860 101767 92322  2  1 95  2  0  0
 2  2 136820 2841136 1758672 184994940    0    0 187792 118892 102028 90551  2  1 95  2  0  0
 4  0 136820 2845928 1758672 184995380    0    0 188032 121584 101956 93153  2  1 95  2  0  0
procs -----------memory---------- ---swap-- -----io---- -system-- -------cpu-------
 r  b   swpd   free   buff  cache   si   so    bi    bo   in   cs us sy id wa st gu
 3  3 136820 2845044 1758676 184995988    0    0 185776 124524 102049 92535  2  1 95  2  0  0
 1  3 136820 2843236 1758676 184996360    0    0 188896 122240 101844 93061  2  1 95  2  0  0
 2  2 136820 2842836 1758676 184996840    0    0 188720 119564 102215 91650  2  1 95  2  0  0
 0  4 136820 2845328 1758676 184997492    0    0 186256 121732 101996 90837  2  1 95  2  0  0
 1  4 136820 2842768 1758676 184997856    0    0 187856 120708 101961 92208  2  1 95  2  0  0
 3  1 136820 2840224 1758676 184998360    0    0 185888 120008 101843 89089  2  1 95  2  0  0
 3  1 136820 2839648 1758684 184998980    0    0 189088 118928 102022 92463  2  1 95  2  0  0
 3  2 136820 2837196 1758684 184999368    0    0 187904 119744 101777 91757  2  1 95  2  0  0
 2  2 136820 2841140 1758684 184999972    0    0 186288 124536 102338 89809  2  1 95  2  0  0
 4  1 136820 2837420 1758684 185000332    0    0 186720 123944 102107 90507  2  1 95  2  0  0
 2  2 136820 2837560 1758684 185000852    0    0 187888 118480 101813 91770  2  1 95  2  0  0
 3  1 136820 2833868 1758688 185001456    0    0 185120 125148 102019 91802  2  1 95  2  0  0
 1  3 136820 2837912 1758688 185001864    0    0 188016 119228 102026 90669  2  1 95  2  0  0
 4  0 136820 2835024 1758688 185002448    0    0 186704 120904 101957 91002  2  1 95  2  0  0
 1  3 136820 2825644 1758688 185002960    0    0 186976 118600 102007 90562  2  1 95  2  0  0
 2  2 136820 2828424 1758688 185003356    0    0 188512 121160 102200 92332  2  1 95  2  0  0
 2  2 136820 2823988 1758696 185003960    0    0 187696 119184 102235 91220  2  1 95  2  0  0
 3  1 136820 2827136 1758696 185004464    0    0 188720 118800 101619 92089  2  1 95  2  0  0
 1  3 136820 2831004 1758696 185004876    0    0 188272 118420 101880 90143  2  1 95  2  0  0
 2  2 136820 2830088 1758696 185005456    0    0 188448 118428 101860 91112  2  1 95  2  0  0
 2  2 136820 2830460 1758696 185005832    0    0 188848 122204 102079 92804  2  1 95  2  0  0
procs -----------memory---------- ---swap-- -----io---- -system-- -------cpu-------
 r  b   swpd   free   buff  cache   si   so    bi    bo   in   cs us sy id wa st gu
 2  2 136820 2830524 1758700 185006412    0    0 186576 121508 101965 90048  2  1 95  2  0  0
 5  1 136820 2827872 1758700 185006940    0    0 189184 119836 102053 91166  2  1 95  2  0  0
 2  2 136820 2829264 1758700 185007328    0    0 189232 119260 101987 91916  2  1 95  2  0  0
 1  3 136820 2834732 1758700 185007960    0    0 188944 122388 101880 93747  2  1 95  2  0  0
 5  0 136820 2832288 1758700 185008480    0    0 188816 122356 102065 90908  2  1 95  2  0  0
 3  0 136820 2832932 1758700 185008964    0    0 188752 120304 102026 92500  2  1 95  2  0  0
 2  2 136820 2832544 1758700 185009472    0    0 191024 117352 102196 92028  2  1 95  2  0  0
 3  2 136820 2833388 1758700 185009948    0    0 188480 122144 102270 92750  2  1 95  2  0  0
 2  2 136820 2834424 1758700 185010400    0    0 189264 118456 102308 91641  2  1 95  2  0  0
 2  2 136820 2832380 1758700 185010944    0    0 188160 120588 102070 91038  2  1 95  2  0  0
 1  3 136820 2828200 1758704 185011348    0    0 187984 122404 102377 91573  2  1 95  2  0  0
 2  2 136820 2825664 1758704 185011964    0    0 186704 121548 102208 90920  2  1 95  2  0  0
 3  1 136820 2822388 1758704 185012488    0    0 190288 118004 101915 93484  2  1 95  2  0  0
 4  0 136820 2822632 1758704 185012964    0    0 190176 121880 102308 91812  2  1 95  2  0  0
 3  1 136820 2824432 1758704 185013488    0    0 189136 119224 102198 91426  2  1 95  2  0  0
 1  3 136820 2827092 1758712 185013952    0    0 187616 120948 102154 90768  2  1 95  2  0  0
 2  2 136820 2826868 1758712 185014444    0    0 187744 121672 102090 90985  2  1 95  2  0  0
 4  1 136820 2829452 1758712 185014960    0    0 189712 123872 102118 92666  2  1 95  2  0  0
 3  2 136820 2830008 1758712 185015300    0    0 187664 116028 101956 90790  2  1 95  2  0  0
 1  2 136820 2828068 1758712 185015944    0    0 189216 120624 102260 92724  2  1 95  2  0  0
 1  3 136820 2824320 1758716 185016444    0    0 189104 124640 102370 91259  2  1 95  2  0  0
procs -----------memory---------- ---swap-- -----io---- -system-- -------cpu-------
 r  b   swpd   free   buff  cache   si   so    bi    bo   in   cs us sy id wa st gu
 2  3 136820 2818872 1758716 185016944    0    0 184096 122324 101694 90579  2  1 95  2  0  0
 2  2 136820 2826392 1758716 185017516    0    0 188912 119168 101950 92238  2  1 95  2  0  0
 3  1 136820 2828272 1758716 185018020    0    0 187872 118780 101467 93777  2  1 95  2  0  0
 2  2 136820 2828656 1758716 185018392    0    0 188800 119036 101926 93253  2  1 95  2  0  0
 3  1 136820 2825640 1758720 185019008    0    0 189248 121456 101965 92430  2  1 95  2  0  0
 2  2 136820 2830808 1758720 185019520    0    0 187424 121352 102304 92545  2  1 95  2  0  0
 1  3 136820 2831124 1758720 185019892    0    0 188880 119304 102147 91979  2  1 95  2  0  0
 2  2 136820 2828692 1758720 185020492    0    0 187488 120872 101950 91698  2  1 95  2  0  0
 4  0 136820 2825352 1758720 185021004    0    0 185936 117216 101493 90271  2  1 95  2  0  0
 3  0 136820 2828912 1758720 185021504    0    0 183264 118456 101343 90225  2  1 95  2  0  0
 3  1 136820 2823408 1758720 185022008    0    0 184000 118056 101903 89336  2  1 95  2  0  0
 1  3 136820 2819728 1758720 185022432    0    0 184784 119948 101715 89354  2  1 95  2  0  0
 1  2 136820 2819228 1758720 185022996    0    0 185936 119244 101903 90584  2  1 95  2  0  0
 5  1 136820 2815660 1758720 185023500    0    0 185776 120432 101766 89967  2  1 95  2  0  0
 5  2 136820 2820156 1758724 185024000    0    0 188240 119024 102348 91559  2  1 95  2  0  0
 3  2 136820 2825052 1758724 185024484    0    0 187232 120536 101817 91176  2  1 95  2  0  0
 3  1 136820 2821720 1758724 185024988    0    0 186656 122292 102060 90810  2  1 95  2  0  0
 2  2 136820 2819588 1758724 185025504    0    0 186832 119852 101924 90856  2  1 95  2  0  0
 3  2 136820 2820004 1758724 185026000    0    0 184208 119968 101652 90642  2  1 95  2  0  0
 1  3 136820 2822336 1758732 185026452    0    0 186544 119244 102116 90160  2  1 95  2  0  0
 3  2 136820 2823120 1758732 185026968    0    0 185968 119012 101943 89316  2  1 95  2  0  0
procs -----------memory---------- ---swap-- -----io---- -system-- -------cpu-------
 r  b   swpd   free   buff  cache   si   so    bi    bo   in   cs us sy id wa st gu
 2  2 136820 2822384 1758732 185027484    0    0 187552 119692 102105 91221  2  1 95  2  0  0
 3  1 136820 2813380 1758732 185027956    0    0 185344 122044 102321 90802  2  1 95  2  0  0
 2  2 136820 2813276 1758732 185028480    0    0 185888 118828 101922 91023  2  1 95  2  0  0
 3  1 136820 2814904 1758732 185028956    0    0 185952 121500 101926 90067  2  1 95  2  0  0
 1  3 136820 2816572 1758732 185029444    0    0 184096 122252 101791 91437  2  1 95  2  0  0
 2  2 136820 2813720 1758732 185029944    0    0 185104 118752 101566 91836  2  1 95  2  0  0
 1  3 136820 2811212 1758732 185030416    0    0 188672 118332 101884 92529  2  1 95  2  0  0
 4  1 136820 2811440 1758732 185030948    0    0 185840 124176 101773 91085  2  1 95  2  0  0
 4  1 136820 2808312 1758732 185031428    0    0 185632 122980 102480 90900  2  1 95  2  0  0
 1  3 136820 2802284 1758732 185031888    0    0 187280 118320 102065 91251  2  1 95  2  0  0
 2  2 136820 2799520 1758732 185032464    0    0 187808 121564 102125 91954  2  1 95  2  0  0
 3  4 136820 2802516 1758732 185032972    0    0 188224 120444 101870 90955  2  1 95  2  0  0
 2  2 136820 2799996 1758732 185033476    0    0 189088 121000 102060 92638  2  1 95  2  0  0
 0  4 136820 2797264 1758740 185033972    0    0 187648 121264 102024 92346  2  1 95  2  0  0
 3  1 136820 2797056 1758740 185034504    0    0 186080 121684 102131 91310  2  1 95  2  0  0
 2  3 136820 2797372 1758740 185034968    0    0 185392 123520 101917 90155  2  1 95  2  0  0
 1  3 136820 2792732 1758740 185035476    0    0 185360 120908 101645 91471  2  1 95  2  0  0
 3  1 136820 2793688 1758740 185035868    0    0 185504 122764 101915 91695  2  1 95  2  0  0
 0  4 136820 2792144 1758748 185036452    0    0 186736 118820 102030 90384  2  1 95  2  0  0
 3  1 136820 2788624 1758748 185036944    0    0 186560 119364 102008 89471  2  1 95  2  0  0
 1  2 136820 2790240 1758748 185037460    0    0 186688 118764 101711 90692  2  1 95  2  0  0
procs -----------memory---------- ---swap-- -----io---- -system-- -------cpu-------
 r  b   swpd   free   buff  cache   si   so    bi    bo   in   cs us sy id wa st gu
 1  3 136820 2790800 1758748 185037952    0    0 187664 119108 102079 90157  2  1 95  2  0  0
 2  2 136820 2789324 1758748 185038448    0    0 185648 120652 101604 90728  2  1 95  2  0  0
 6  1 136820 2790112 1758752 185038936    0    0 186064 120016 102000 90127  2  1 95  2  0  0
 4  0 136820 2792684 1758752 185039472    0    0 186816 120132 101487 90350  2  1 95  2  0  0
 2  2 136820 2790248 1758752 185039824    0    0 187312 120404 101917 90218  2  1 95  2  0  0
 2  2 136820 2790408 1758752 185040424    0    0 188784 117732 101706 91325  2  1 95  2  0  0
 4  1 136820 2788900 1758752 185040936    0    0 188448 120760 102080 91370  2  1 95  2  0  0
 2  2 136820 2788292 1758760 185041412    0    0 186928 120212 101612 92032  2  1 95  2  0  0
 2  2 136820 2787868 1758760 185041920    0    0 187856 118992 101927 91220  2  1 95  2  0  0
 2  2 136820 2786520 1758760 185042408    0    0 188080 122008 101932 90977  2  1 95  2  0  0
 1  3 136820 2788196 1758760 185042952    0    0 188496 120332 101685 91079  2  1 95  2  0  0
 3  2 136820 2783788 1758760 185043408    0    0 188576 122796 101987 90086  2  1 95  2  0  0
 2  2 136820 2785724 1758764 185043912    0    0 189680 120172 102315 91081  2  1 95  2  0  0
 0  4 136820 2783860 1758764 185044460    0    0 190352 119872 102209 91613  2  1 95  2  0  0
 4  0 136820 2786024 1758764 185044908    0    0 188512 122464 102112 91045  2  1 95  2  0  0
 2  2 136820 2783692 1758764 185045416    0    0 188576 120708 102062 90961  2  1 95  2  0  0
 2  2 136820 2779704 1758764 185045928    0    0 187600 121544 101874 92329  2  1 95  2  0  0
 1  3 136820 2781056 1758764 185046420    0    0 189856 116256 102052 91504  2  1 95  2  0  0
 1  3 136820 2780696 1758764 185047040    0    0 189680 119176 102068 91472  2  1 95  2  0  0
 2  2 136820 2781544 1758764 185047492    0    0 188176 121232 102031 91606  2  1 95  2  0  0
 4  1 136820 2782072 1758764 185047996    0    0 189040 123348 102227 92094  2  1 95  2  0  0
procs -----------memory---------- ---swap-- -----io---- -system-- -------cpu-------
 r  b   swpd   free   buff  cache   si   so    bi    bo   in   cs us sy id wa st gu
 4  0 136820 2782108 1758764 185048504    0    0 188096 123860 102389 91759  2  1 95  2  0  0
 2  2 136820 2781516 1758772 185049012    0    0 189536 114944 102203 91717  2  1 95  2  0  0
 2  3 136820 2781344 1758772 185049556    0    0 188528 122304 101539 93192  2  1 95  2  0  0
 3  2 136820 2783684 1758772 185050056    0    0 188736 120920 102294 91306  2  1 95  2  0  0
 2  2 136820 2782072 1758772 185050552    0    0 187856 122096 102386 91764  2  1 95  2  0  0
 4  0 136820 2778340 1758772 185050952    0    0 189712 119932 102161 91974  2  1 95  2  0  0
 5  0 136820 2777556 1758772 185051548    0    0 189664 116816 101932 90318  2  1 95  2  0  0
 1  3 136820 2775788 1758772 185052060    0    0 189568 119408 102284 91500  2  1 95  2  0  0
 5  1 136820 2778408 1758772 185052572    0    0 189264 119564 102033 91307  2  1 95  2  0  0
 1  3 136820 2779896 1758772 185053048    0    0 187952 121988 102100 92509  2  1 95  2  0  0
 2  2 136820 2781036 1758772 185053540    0    0 188816 120152 102334 90661  2  1 95  2  0  0
 0  4 136820 2779164 1758776 185054056    0    0 188496 121004 102453 91094  2  1 95  2  0  0
 5  1 136820 2781400 1758776 185054552    0    0 188752 122328 102292 90929  2  1 95  2  0  0
 3  1 136820 2777792 1758776 185055052    0    0 188704 121200 102174 92016  2  1 95  2  0  0
 3  2 136820 2776104 1758776 185055568    0    0 188544 122616 102496 91876  2  1 95  2  0  0
 2  1 136820 2776980 1758776 185056048    0    0 187456 123796 102379 92025  2  1 95  2  0  0
 0  3 136820 2776852 1758780 185056560    0    0 186736 120792 102261 90780  2  1 95  2  0  0
 1  3 136820 2777856 1758780 185057088    0    0 186320 113676 101794 90090  2  1 95  2  0  0
 3  1 136820 2778064 1758780 185057560    0    0 185120 119932 102029 89864  2  1 95  2  0  0
 2  2 136820 2778568 1758780 185058120    0    0 187360 124404 102168 90692  2  1 95  2  0  0
 2  2 136820 2777268 1758780 185058468    0    0 187712 121344 101833 92362  2  1 95  2  0  0
procs -----------memory---------- ---swap-- -----io---- -system-- -------cpu-------
 r  b   swpd   free   buff  cache   si   so    bi    bo   in   cs us sy id wa st gu
 4  1 136820 2774640 1758788 185059064    0    0 187248 116900 101656 90817  2  1 95  2  0  0
 1  3 136820 2773396 1758788 185059568    0    0 186336 120320 101682 92371  2  1 95  2  0  0
 1  3 136820 2771428 1758788 185060088    0    0 186960 121812 101861 92568  2  1 95  2  0  0
 3  2 136820 2776004 1758788 185060444    0    0 185648 123712 102089 91177  2  1 95  2  0  0
 4  2 136820 2772748 1758788 185061068    0    0 187680 117952 101722 90534  2  1 95  2  0  0
 2  2 136820 2769908 1758788 185061536    0    0 186480 120668 102118 90918  2  1 95  2  0  0
 3  1 136820 2772272 1758792 185062044    0    0 187568 121812 102030 91155  2  1 95  2  0  0
 2  2 136820 2770692 1758792 185062524    0    0 186224 120216 101869 90607  2  1 95  2  0  0
 2  3 136820 2768584 1758792 185063032    0    0 185856 121384 101616 91079  2  1 95  2  0  0
 3  1 136820 2770072 1758792 185063524    0    0 188656 117052 101743 92252  2  1 95  2  0  0
 4  1 136820 2766080 1758792 185064020    0    0 185072 121532 101710 90008  2  1 95  2  0  0
 3  2 136820 2765424 1758796 185064516    0    0 184896 122068 101695 90592  2  1 95  2  0  0
 2  2 136820 2764476 1758796 185064984    0    0 186240 120564 101716 91375  2  1 95  2  0  0
 1  3 136820 2769332 1758796 185065520    0    0 188896 121068 102001 92702  2  1 95  2  0  0
 1  4 136820 2767140 1758796 185066028    0    0 188336 118048 101710 92490  2  1 95  2  0  0
 4  1 136820 2765804 1758796 185066556    0    0 186048 123292 101619 90210  2  1 95  2  0  0
 2  2 136820 2765032 1758800 185066976    0    0 186864 119464 101958 91465  2  1 95  2  0  0
 1  3 136820 2765928 1758800 185067548    0    0 187408 121416 101944 91337  2  1 95  2  0  0
 5  3 136820 2766752 1758800 185068008    0    0 187536 120160 101997 92561  2  1 95  2  0  0
 3  1 136820 2762752 1758800 185068520    0    0 187952 122092 101999 90938  2  1 95  2  0  0
 2  2 136820 2763884 1758800 185069024    0    0 187824 121076 101947 91472  2  1 95  2  0  0
procs -----------memory---------- ---swap-- -----io---- -system-- -------cpu-------
 r  b   swpd   free   buff  cache   si   so    bi    bo   in   cs us sy id wa st gu
 3  1 136820 2760372 1758804 185069512    0    0 187888 120084 101865 91524  2  1 95  2  0  0
 4  1 136820 2761772 1758804 185070076    0    0 187904 119684 102023 90686  2  1 95  2  0  0
 3  1 136820 2761728 1758804 185070556    0    0 188160 119440 101811 89844  2  1 95  2  0  0
 5  0 136820 2756292 1758804 185070920    0    0 187728 121432 102102 91263  2  1 95  2  0  0
 2  3 136820 2753816 1758804 185071532    0    0 188800 121860 102250 91232  2  1 95  2  0  0
 2  2 136820 2752468 1758804 185072020    0    0 187856 119124 102016 91478  2  1 95  2  0  0
 2  2 136820 2756904 1758804 185072532    0    0 185776 120144 101785 90288  2  1 95  2  0  0
 1  3 136820 2755076 1758804 185073044    0    0 187504 119592 102111 90237  2  1 95  2  0  0
 2  2 136820 2752968 1758804 185073512    0    0 188432 119624 101959 92039  2  1 95  2  0  0
 3  1 136820 2754892 1758804 185074032    0    0 187648 120780 102127 92302  2  1 95  2  0  0
 3  1 136820 2752228 1758804 185074524    0    0 187984 120340 102034 91010  2  1 95  2  0  0
 3  1 136820 2753868 1758804 185075016    0    0 187280 120692 102040 90893  2  1 95  2  0  0
 3  2 136820 2750636 1758804 185075528    0    0 188064 121232 102112 91401  2  1 95  2  0  0
 1  2 136820 2754080 1758804 185076040    0    0 188912 120544 102164 91134  2  1 95  2  0  0
 1  3 136820 2755888 1758804 185076472    0    0 187136 118988 101900 91489  2  1 95  2  0  0
 1  2 136820 2750708 1758812 185077088    0    0 187552 119196 101891 90985  2  1 95  2  0  0
 2  2 136820 2752704 1758812 185077576    0    0 186752 120368 101942 90374  2  1 95  2  0  0
 1  2 136820 2748420 1758812 185078072    0    0 186704 119876 101963 89868  2  1 95  2  0  0
