procs -----------memory---------- ---swap-- -----io---- -system-- -------cpu-------
 r  b   swpd   free   buff  cache   si   so    bi    bo   in   cs us sy id wa st gu
 4  1 135032 50231308 1720668 102835344    4    6 25703 25771 12387    3  3  0 96  1  0  0
25  0 135032 50182952 1720668 102835404    0    0     0 311876 103872 39623 38  1 61  0  0  0
41  0 135032 50089188 1720676 102836340    0    0     8 421564 147912 693879 30  7 63  0  0  0
30  2 135032 50082104 1720676 102843976    0    0     0 644428 182449 947053 33  9 58  1  0  0
33  0 135032 50078468 1720684 102851764    0    0     0 510164 174175 954386 33  8 58  1  0  0
37  0 135032 50072132 1720692 102859592    0    0     0 508956 172316 945962 32  9 58  1  0  0
33  1 135032 50067788 1720692 102867360    0    0     0 506288 178881 945877 32  8 58  1  0  0
35  1 135032 50058924 1720692 102874876    0    0     0 510488 173967 949570 33  9 58  1  0  0
38  0 135032 50053088 1720692 102882808    0    0     0 509300 173259 956349 33  9 58  1  0  0
34  0 135032 50043556 1720692 102890640    0    0     0 501552 170998 930457 32  8 59  1  0  0
35  0 135032 50039140 1720700 102898044    0    0     0 484440 173993 943909 32  9 58  1  0  0
38  0 135032 50034100 1720700 102905692    0    0     0 503188 177626 984547 33  9 57  1  0  0
37  1 135032 50026992 1720700 102913992    0    0     0 512228 179400 992215 33  9 57  1  0  0
35  1 135032 50023892 1720700 102921876    0    0     0 505388 176796 985377 33  9 57  1  0  0
35  0 135032 50010584 1720700 102929936    0    0     0 505452 176343 990511 33  9 57  1  0  0
35  1 135032 50007844 1720704 102937928    0    0     0 501352 176565 982309 33  9 58  1  0  0
35  0 135032 50002456 1720704 102945784    0    0     0 503144 177176 979602 33  9 57  1  0  0
33  1 135032 49997564 1720704 102953820    0    0     0 506480 177557 984629 33  9 57  1  0  0
38  0 135032 49992480 1720704 102961808    0    0     0 499556 174397 978194 33  9 57  1  0  0
35  1 135032 49991384 1720704 102969464    0    0     0 501820 175284 980584 33  9 57  1  0  0
33  1 135032 49984848 1720716 102977672    0    0     4 497556 173339 973880 33  9 58  1  0  0
procs -----------memory---------- ---swap-- -----io---- -system-- -------cpu-------
 r  b   swpd   free   buff  cache   si   so    bi    bo   in   cs us sy id wa st gu
34  0 135032 49973932 1720716 102985416    0    0     0 505876 177356 978691 33  8 58  1  0  0
34  1 135032 49968728 1720716 102993292    0    0     0 502076 176365 970419 33  8 58  1  0  0
30  0 135032 49957356 1720716 103000976    0    0     0 503816 178087 971349 33  9 58  1  0  0
36  0 135032 49955004 1720716 103009036    0    0     0 508296 177538 975312 33  8 58  1  0  0
29  0 135032 49942396 1720724 103016936    0    0     0 507224 176404 977927 33  9 58  1  0  0
37  0 135032 49937984 1720724 103024668    0    0     0 503236 174443 970021 33  8 58  1  0  0
34  1 135032 49929868 1720724 103032532    0    0     0 502868 175464 965746 33  9 58  1  0  0
43  1 135032 49917996 1720724 103040304    0    0     0 502952 175753 972742 33  8 58  1  0  0
37  1 135032 49906632 1720724 103048280    0    0     0 506804 177229 971530 33  8 58  1  0  0
36  0 135032 49895524 1720728 103056084    0    0     0 507272 177281 968650 33  8 58  1  0  0
35  1 135032 49886992 1720728 103063956    0    0     0 501120 172949 959830 33  9 58  1  0  0
35  0 135032 49880668 1720728 103071656    0    0     0 499208 174741 964408 33  9 58  1  0  0
35  0 135032 49883572 1720728 103079472    0    0     0 501068 175230 957207 33  8 58  1  0  0
35  1 135032 49875496 1720728 103087240    0    0     0 479972 169314 932275 32  8 59  1  0  0
35  0 135032 49869840 1720736 103094948    0    0     0 487348 172816 942633 32  9 58  1  0  0
35  1 135032 49863920 1720736 103102412    0    0     0 495364 174592 975644 34  9 57  1  0  0
30  2 135032 49857016 1720740 103110668    0    0     4 479092 168855 914925 31  8 59  1  0  0
35  0 135032 49848104 1720740 103117884    0    0     0 490376 173015 944852 32  8 58  1  0  0
32  1 135032 49840404 1720740 103125832    0    0     0 489448 171923 948154 33  9 58  1  0  0
37  2 135032 49829120 1720744 103133420    0    0     0 508096 175090 961466 33  8 58  1  0  0
33  2 135032 49826088 1720744 103141260    0    0     0 513460 176282 961166 33  9 58  1  0  0
procs -----------memory---------- ---swap-- -----io---- -system-- -------cpu-------
 r  b   swpd   free   buff  cache   si   so    bi    bo   in   cs us sy id wa st gu
35  1 135032 49788332 1720744 103149036    0    0     0 500532 173640 905114 31  8 60  1  0  0
12  0 135032 49791764 1720748 103156256    0    0     0 510032 175972 953760 33  8 58  1  0  0
34  0 135032 49804040 1720752 103164004    0    0     0 514860 175861 956767 33  8 58  1  0  0
32  2 135032 49793684 1720756 103171816    0    0     0 516628 177043 969803 33  9 57  1  0  0
35  0 135032 49777904 1720756 103179588    0    0     0 515092 175774 969000 33  9 57  1  0  0
39  1 135032 49773408 1720756 103187548    0    0     0 514832 176504 959293 33  8 58  1  0  0
36  0 135032 49765156 1720756 103195240    0    0     0 519592 177132 954330 32  8 58  1  0  0
38  0 135032 49761956 1720756 103202912    0    0     0 517676 176598 955667 32  8 58  1  0  0
34  1 135032 49759028 1720760 103210512    0    0     0 515036 173639 944433 32  8 58  1  0  0
36  1 135032 49753492 1720760 103218100    0    0     0 521760 176940 965828 33  9 58  1  0  0
35  0 135032 49742368 1720760 103225872    0    0     0 521168 176737 965784 33  9 58  1  0  0
33  0 135032 49739788 1720760 103233544    0    0     0 521672 178454 972394 33  9 57  1  0  0
33  1 135032 49731848 1720760 103241444    0    0     0 515148 174837 964566 33  8 58  1  0  0
32  2 135032 49717396 1720764 103249232    0    0     0 519460 177184 969379 33  9 57  1  0  0
38  0 135032 49713596 1720764 103257008    0    0     0 512820 174862 958438 33  9 58  1  0  0
38  2 135032 49706500 1720764 103264824    0    0     0 524956 178177 975027 33  9 57  1  0  0
39  1 135032 49695076 1720764 103272668    0    0     0 515752 175774 962980 33  8 58  1  0  0
33  1 135032 49684896 1720764 103280456    0    0     0 519452 176798 969644 33  9 57  1  0  0
36  0 135032 49679056 1720772 103288264    0    0     0 511968 174497 947406 32  9 58  1  0  0
36  0 135032 49671460 1720772 103295864    0    0     0 509988 174108 948892 32  9 58  1  0  0
35  1 135032 49661488 1720772 103303524    0    0     0 511596 173982 946173 32  9 58  1  0  0
procs -----------memory---------- ---swap-- -----io---- -system-- -------cpu-------
 r  b   swpd   free   buff  cache   si   so    bi    bo   in   cs us sy id wa st gu
33  0 135032 49657100 1720772 103311268    0    0     0 526632 178200 978400 33  9 57  1  0  0
36  0 135032 49650544 1720772 103319140    0    0     0 512900 173377 931906 32  8 59  1  0  0
34  0 135032 49646384 1720772 103326616    0    0     0 512232 175865 936987 32  8 59  1  0  0
38  0 135032 49636592 1720772 103334132    0    0     0 518312 176417 955943 33  8 58  1  0  0
35  1 135032 49628320 1720772 103341808    0    0     0 516156 175022 953434 33  8 58  1  0  0
34  1 135032 49619176 1720772 103349516    0    0     0 513240 175111 949504 32  8 58  1  0  0
35  1 135032 49614912 1720772 103357092    0    0     0 515200 174677 958231 32  8 58  1  0  0
36  1 135032 49607232 1720780 103364824    0    0     0 523748 175865 956693 33  9 58  1  0  0
33  0 135032 49599192 1720780 103372444    0    0     0 520972 173971 954040 32  9 58  1  0  0
36  0 135032 49590968 1720780 103380308    0    0     0 527400 177035 961993 33  8 58  1  0  0
34  1 135032 49582900 1720780 103388032    0    0     0 528084 176292 960341 33  9 58  1  0  0
34  1 135032 49573164 1720780 103395804    0    0     0 529400 176052 962260 33  9 58  1  0  0
32  1 135032 49566120 1720784 103403416    0    0     0 522828 176246 949549 32  8 58  1  0  0
34  1 135032 49557512 1720784 103411020    0    0     0 528324 176634 951248 32  8 58  1  0  0
33  0 135032 49554884 1720784 103418656    0    0     0 519980 173529 936776 32  8 59  1  0  0
34  0 135032 49546884 1720784 103426120    0    0     0 525660 174565 951552 32  8 59  1  0  0
36  2 135032 49537692 1720784 103434052    0    0     0 530488 176174 968357 33  9 58  1  0  0
32  1 135032 49527908 1720792 103441744    0    0     0 531220 176731 967812 33  9 58  1  0  0
36  0 135032 49519756 1720792 103449552    0    0     0 528624 175294 957343 33  8 58  1  0  0
28  1 135032 49511720 1720792 103457176    0    0     0 531892 177859 971669 33  9 58  1  0  0
35  1 135032 49498928 1720792 103464968    0    0     0 524872 175282 963986 33  9 58  1  0  0
procs -----------memory---------- ---swap-- -----io---- -system-- -------cpu-------
 r  b   swpd   free   buff  cache   si   so    bi    bo   in   cs us sy id wa st gu
41  1 135032 49501556 1720792 103472812    0    0     0 533544 176952 965700 33  9 58  1  0  0
36  1 135032 49492056 1720800 103480476    0    0     0 528292 176371 964911 33  8 58  1  0  0
40  0 135032 49457824 1720800 103488308    0    0     0 521296 175236 950057 32  8 58  1  0  0
36  0 135032 49448748 1720800 103495868    0    0     0 526188 174530 956399 32  8 58  1  0  0
38  1 135032 49436364 1720800 103503536    0    0     0 522224 174343 952437 33  8 58  1  0  0
38  0 135032 49428028 1720800 103511272    0    0     0 530112 176328 973555 33  9 57  1  0  0
34  0 135032 49421256 1720804 103519252    0    0     4 516544 173087 914772 31  8 60  1  0  0
37  0 135032 49414364 1720804 103526476    0    0     0 521672 175184 934609 32  8 59  1  0  0
35  1 135032 49406952 1720804 103533856    0    0     0 535164 178255 976786 33  9 57  1  0  0
34  0 135032 49393952 1720804 103541816    0    0     0 533352 178989 973658 33  9 57  1  0  0
34  0 135032 49389600 1720804 103549668    0    0     0 535376 177968 975943 33  9 57  1  0  0
36  0 135032 49380840 1720812 103557516    0    0     0 532952 178191 972688 33  9 57  1  0  0
38  0 135032 49376496 1720812 103565300    0    0     0 533808 177912 973498 33  9 57  1  0  0
35  1 135032 49372556 1720812 103573236    0    0     0 536336 177092 978741 33  9 57  1  0  0
32  1 135032 49364272 1720812 103580916    0    0     0 531236 178657 979611 34  9 57  1  0  0
39  0 135032 49359172 1720812 103588760    0    0     0 529040 177471 961800 33  9 58  1  0  0
39  1 135032 49349320 1720820 103596648    0    0     0 533072 175545 958673 33  8 58  1  0  0
34  1 135032 49345624 1720820 103604328    0    0     0 537252 176385 966690 33  8 58  1  0  0
28  1 135032 49337876 1720820 103612036    0    0     0 533416 176710 952609 33  8 58  1  0  0
33  0 135032 49327344 1720820 103619680    0    0     0 531516 175407 952253 32  8 58  1  0  0
35  0 135032 49314856 1720820 103627220    0    0     0 537944 177629 966706 33  9 58  1  0  0
procs -----------memory---------- ---swap-- -----io---- -system-- -------cpu-------
 r  b   swpd   free   buff  cache   si   so    bi    bo   in   cs us sy id wa st gu
35  1 135032 49303944 1720824 103635120    0    0     0 534256 176790 955698 33  8 58  1  0  0
36  1 135032 49295392 1720824 103642772    0    0     0 532420 175214 958933 33  9 58  1  0  0
33  0 135032 49289124 1720824 103650596    0    0     0 534840 174646 957784 32  9 58  1  0  0
33  1 135032 49277468 1720824 103658128    0    0     0 535568 175041 964450 32  9 58  1  0  0
31  2 135032 49271600 1720824 103665884    0    0     0 529808 173285 951330 32  8 59  1  0  0
34  0 135032 49265840 1720832 103673772    0    0     0 532844 174471 962107 32  8 58  1  0  0
37  0 135032 49251648 1720832 103681324    0    0     0 535720 176799 961302 33  8 58  1  0  0
36  0 135032 49251088 1720832 103689128    0    0     0 511752 170409 892985 30  8 61  1  0  0
37  1 135032 49238832 1720832 103696264    0    0     0 531008 173618 951756 32  8 58  1  0  0
37  0 135032 49262672 1720836 103703824    0    0     0 533736 175080 957131 32  8 58  1  0  0
33  0 135032 49249044 1720844 103711644    0    0     0 516536 170652 907549 31  8 60  1  0  0
34  1 135032 49244572 1720844 103718824    0    0     0 532552 174325 948910 32  8 58  1  0  0
35  1 135032 49237996 1720844 103726424    0    0     0 537040 176335 971447 33  9 57  1  0  0
35  0 135032 49231132 1720844 103734300    0    0     0 545512 179482 981026 33  9 57  1  0  0
34  0 135032 49219404 1720844 103742152    0    0     0 535976 177928 971173 33  9 58  1  0  0
34  1 135032 49217424 1720848 103749760    0    0     0 539048 177394 971641 33  9 57  1  0  0
33  1 135032 49206988 1720848 103757740    0    0     0 542772 178089 973627 33  9 57  1  0  0
32  1 135032 49198892 1720848 103765672    0    0     0 535508 177113 970584 33  9 57  1  0  0
35  1 135032 49192404 1720848 103773604    0    0     0 540776 179296 976504 33  9 57  1  0  0
34  0 135032 49179480 1720848 103781336    0    0     0 536724 176867 976564 34  9 57  1  0  0
33  0 135032 49177492 1720856 103789068    0    0     4 543932 178898 979773 33  9 57  1  0  0
procs -----------memory---------- ---swap-- -----io---- -system-- -------cpu-------
 r  b   swpd   free   buff  cache   si   so    bi    bo   in   cs us sy id wa st gu
35  0 135032 49163548 1720856 103797156    0    0     0 539340 178095 977168 33  9 57  1  0  0
33  0 135032 49150900 1720856 103804864    0    0     0 539908 179080 970820 33  9 57  1  0  0
35  1 135032 49137924 1720856 103812736    0    0     0 533744 174941 958190 32  9 58  1  0  0
33  0 135032 49131972 1720856 103820408    0    0     0 541560 179449 974622 33  8 57  1  0  0
37  0 135032 49129072 1720860 103828188    0    0     0 540904 176479 970887 33  9 57  1  0  0
32  1 135032 49123280 1720860 103836064    0    0     0 539372 174244 962168 33  8 58  1  0  0
35  0 135032 49114000 1720860 103843884    0    0     0 545572 177774 974153 33  9 57  1  0  0
37  0 135032 49103980 1720864 103851844    0    0     0 546064 177549 973630 33  9 57  1  0  0
40  0 135032 49096504 1720864 103859632    0    0     0 546804 175212 965146 33  8 58  1  0  0
40  0 135032 49087172 1720868 103867336    0    0     0 558376 175425 959023 32  9 58  1  0  0
39  0 135032 49079228 1720868 103875024    0    0     0 566300 176951 957068 32  9 58  1  0  0
33  2 135032 49066032 1720868 103882800    0    0     0 572704 179202 948378 32  8 58  1  0  0
37  0 135032 49059804 1720868 103890340    0    0     0 573764 177996 963741 33  8 58  1  0  0
35  1 135032 49051592 1720868 103898024    0    0     0 572176 179282 970900 33  9 58  1  0  0
33  0 135032 49043992 1720872 103905616    0    0     0 561528 173908 930667 32  8 59  1  0  0
34  1 135032 49034636 1720872 103913196    0    0     0 562856 176499 956385 32  8 58  1  0  0
35  1 135032 49030356 1720872 103920812    0    0     0 563104 177194 957395 33  8 58  1  0  0
34  0 135032 49026176 1720872 103928428    0    0     0 564132 177679 961958 32  9 58  1  0  0
33  1 135032 49016812 1720872 103936220    0    0     0 563144 177547 960155 32  9 58  1  0  0
34  1 135032 49010780 1720876 103943836    0    0     0 565040 177708 963437 33  8 58  1  0  0
39  0 135032 49007024 1720876 103951536    0    0     0 562328 178047 969584 33  8 58  1  0  0
procs -----------memory---------- ---swap-- -----io---- -system-- -------cpu-------
 r  b   swpd   free   buff  cache   si   so    bi    bo   in   cs us sy id wa st gu
33  1 135032 48996768 1720876 103959304    0    0     0 552600 175412 957539 33  8 58  1  0  0
35  0 135032 48991108 1720876 103967108    0    0     0 553528 176685 948057 32  8 59  1  0  0
35  2 135032 48984768 1720876 103974620    0    0     0 550032 175825 950772 33  9 58  1  0  0
39  1 135032 48971888 1720884 103982296    0    0     0 552476 177452 955728 32  8 58  1  0  0
41  0 135032 48962204 1720884 103989952    0    0     0 553740 176154 956229 32  8 58  1  0  0
39  0 135032 48955164 1720884 103997592    0    0     0 554124 177241 963777 33  9 58  1  0  0
34  1 135032 48950332 1720884 104005536    0    0     0 554696 175607 964990 33  8 58  1  0  0
35  1 135032 48944424 1720884 104013288    0    0     0 555108 177763 962444 33  9 58  1  0  0
36  1 135032 48936692 1720892 104020964    0    0     0 554812 175577 964608 33  9 58  1  0  0
39  0 135032 48907600 1720892 104028792    0    0     0 550440 175373 955371 32  8 58  1  0  0
36  0 135032 48905312 1720892 104036300    0    0     0 550668 176963 958983 32  9 58  1  0  0
34  1 135032 48899924 1720892 104044028    0    0     0 554100 178756 962224 33  8 58  1  0  0
37  1 135032 48894124 1720892 104051796    0    0     0 554888 176665 961330 32  8 58  1  0  0
38  1 135032 48879584 1720892 104059456    0    0     0 542972 174360 934882 32  8 58  1  0  0
36  1 135032 48871528 1720892 104067028    0    0     0 545708 173954 950085 32  9 58  1  0  0
36  0 135032 48865128 1720892 104074692    0    0     0 559008 178283 975139 33  8 57  1  0  0
30  1 135032 48857848 1720892 104082524    0    0     0 546456 174106 926943 31  8 59  1  0  0
37  0 135032 48849572 1720892 104089928    0    0     0 546572 174299 938146 32  8 59  1  0  0
34  1 135032 48836868 1720892 104097460    0    0     0 551732 174696 942700 32  8 59  1  0  0
35  1 135032 48828200 1720892 104104888    0    0     0 546944 174050 938805 32  8 59  1  0  0
35  0 135032 48822692 1720892 104112516    0    0     0 555268 176576 962770 33  8 58  1  0  0
procs -----------memory---------- ---swap-- -----io---- -system-- -------cpu-------
 r  b   swpd   free   buff  cache   si   so    bi    bo   in   cs us sy id wa st gu
34  2 135032 48823296 1720892 104120204    0    0     0 560524 177822 970682 33  9 58  1  0  0
31  2 135032 48814312 1720892 104128016    0    0     0 564400 178983 982457 33  9 57  1  0  0
37  0 135032 48806424 1720896 104135776    0    0     0 559348 178584 974838 33  9 58  1  0  0
35  1 135032 48801652 1720896 104143592    0    0     0 556648 177841 970045 33  9 58  1  0  0
36  0 135032 48791236 1720896 104151360    0    0     0 555528 176469 972614 33  9 58  1  0  0
37  0 135032 48777304 1720896 104159116    0    0     0 551864 176158 960870 32  9 58  1  0  0
32  1 135032 48767428 1720896 104166924    0    0     0 549704 175420 956244 33  8 58  1  0  0
36  0 135032 48759216 1720900 104174644    0    0     0 546872 173664 954991 32  9 58  1  0  0
31  1 135032 48755036 1720900 104182264    0    0     0 530672 170866 938295 32  8 59  1  0  0
36  0 135032 48752104 1720900 104189968    0    0     0 528916 173217 938664 32  8 58  1  0  0
34  0 135032 48740052 1720900 104197472    0    0     0 538936 173300 956906 33  9 58  1  0  0
34  0 135032 48736508 1720900 104205248    0    0     0 551036 175758 964892 33  8 58  1  0  0
38  0 135032 48732252 1720900 104213132    0    0     0 559248 178740 977598 33  9 57  1  0  0
38  1 135032 48731736 1720904 104220864    0    0     0 554812 178607 968634 33  9 58  1  0  0
33  1 135032 48681172 1720904 104228680    0    0     0 529152 169929 897804 31  8 61  1  0  0
40  0 135032 48672068 1720904 104235784    0    0     0 546352 176824 964070 33  8 58  1  0  0
35  0 135032 48718256 1720908 104243592    0    0     0 548648 176702 959918 33  9 58  1  0  0
32  2 135032 48718564 1720908 104251440    0    0     0 549432 177041 958452 32  8 58  1  0  0
30  0 135032 48709728 1720912 104259112    0    0     0 552340 177893 976625 33  9 57  1  0  0
34  0 135032 48702376 1720912 104267036    0    0     0 540100 174717 933295 32  8 59  1  0  0
38  0 135032 48690648 1720912 104274568    0    0     0 547584 175389 948018 32  8 59  1  0  0
procs -----------memory---------- ---swap-- -----io---- -system-- -------cpu-------
 r  b   swpd   free   buff  cache   si   so    bi    bo   in   cs us sy id wa st gu
35  1 135032 48679700 1720912 104282036    0    0     0 558096 178410 980054 33  9 57  1  0  0
40  0 135032 48669860 1720912 104290000    0    0     0 559672 180177 983122 33  9 57  1  0  0
37  0 135032 48662364 1720920 104297820    0    0     0 560124 178714 978806 33  9 57  1  0  0
35  1 135032 48653480 1720920 104305692    0    0     0 553044 177174 973889 33  8 58  1  0  0
35  0 135032 48650232 1720920 104313420    0    0     0 560480 176396 982776 33  9 57  1  0  0
34  1 135032 48643436 1720920 104321420    0    0     0 558688 178580 984644 33  9 57  1  0  0
34  1 135032 48630876 1720924 104329024    0    0     4 553572 178328 974722 33  9 58  1  0  0
36  0 135032 48617800 1720932 104336940    0    0     0 555604 178014 970867 33  8 57  1  0  0
37  1 135032 48609220 1720932 104344720    0    0     0 553484 177732 965663 33  9 58  1  0  0
35  0 135032 48608368 1720932 104352512    0    0     0 553208 178672 966548 33  8 58  1  0  0
33  1 135032 48599244 1720932 104360112    0    0     0 545188 176378 951122 33  8 58  1  0  0
36  0 135032 48589432 1720932 104367872    0    0     0 526604 170864 938412 32  8 58  1  0  0
33  0 135032 48580060 1720940 104375388    0    0     0 522336 170055 927874 32  8 59  1  0  0
34  1 135032 48573660 1720940 104382952    0    0     0 531100 172777 946588 32  8 58  1  0  0
30  1 135032 48564488 1720940 104390572    0    0     0 528620 174268 945165 32  9 58  1  0  0
34  0 135032 48560656 1720940 104398348    0    0     0 526420 172662 941878 32  8 58  1  0  0
41  0 135032 48551724 1720940 104405812    0    0     0 530744 172994 945734 32  8 58  1  0  0
35  0 135032 48543452 1720944 104413488    0    0     0 534120 173492 953656 33  8 58  1  0  0
38  1 135032 48535824 1720944 104421256    0    0     0 547532 176940 958435 33  8 58  1  0  0
32  0 135032 48533856 1720944 104428944    0    0     0 554796 177908 974983 33  9 57  1  0  0
38  1 135032 48524108 1720944 104436708    0    0     0 548044 176283 967824 33  9 58  1  0  0
procs -----------memory---------- ---swap-- -----io---- -system-- -------cpu-------
 r  b   swpd   free   buff  cache   si   so    bi    bo   in   cs us sy id wa st gu
35  1 135032 48515188 1720944 104444604    0    0     0 549208 177302 970755 33  9 57  1  0  0
37  0 135032 48502888 1720952 104452420    0    0     0 539324 174975 942155 32  9 58  1  0  0
37  1 135032 48494680 1720956 104460004    0    0     4 542012 174928 949474 32  8 58  1  0  0
36  0 135032 48490512 1720956 104467696    0    0     0 550356 177483 965868 33  9 58  1  0  0
35  0 135032 48479688 1720956 104475336    0    0     0 547036 176237 964345 33  9 58  1  0  0
32  1 135032 48475084 1720956 104483140    0    0     0 547664 178057 967494 33  9 58  1  0  0
35  0 135032 48463464 1720956 104490904    0    0     0 550512 177638 969019 33  9 58  1  0  0
32  0 135032 48454780 1720956 104498616    0    0     0 549428 178280 975335 33  9 57  1  0  0
39  1 135032 48452712 1720956 104506488    0    0     0 546768 176333 951098 32  8 58  1  0  0
33  1 135032 48447844 1720956 104513896    0    0     0 554292 179957 973860 33  8 58  1  0  0
34  0 135032 48436416 1720956 104521916    0    0     0 554568 179410 978835 33  9 57  1  0  0
32  0 135032 48431104 1720964 104529552    0    0     0 543288 175618 953908 32  9 58  1  0  0
38  0 135032 48417936 1720964 104537380    0    0     0 519412 170571 921737 32  8 59  1  0  0
35  1 135032 48409892 1720964 104544900    0    0     0 522160 170423 921048 31  8 59  1  0  0
33  1 135032 48404224 1720964 104552144    0    0     0 522892 172472 934236 32  8 58  1  0  0
37  1 135032 48395204 1720964 104559764    0    0     0 523468 170826 931690 32  8 58  1  0  0
33  0 135032 48387220 1720972 104567348    0    0     0 519148 170275 935541 32  8 58  1  0  0
32  1 135032 48361540 1720972 104574908    0    0     0 518184 171031 928055 32  8 59  1  0  0
34  1 135032 48347444 1720972 104582552    0    0     0 537768 174181 961808 33  8 58  1  0  0
34  0 135032 48346676 1720972 104590236    0    0     0 549832 177872 967937 33  9 58  1  0  0
33  0 135032 48341184 1720980 104598028    0    0     8 547236 177490 964328 33  8 58  1  0  0
procs -----------memory---------- ---swap-- -----io---- -system-- -------cpu-------
 r  b   swpd   free   buff  cache   si   so    bi    bo   in   cs us sy id wa st gu
37  0 135032 48342708 1720984 104605892    0    0     0 547948 176522 968680 33  9 58  1  0  0
35  1 135032 48333948 1720984 104613572    0    0     0 550792 179158 969301 33  9 58  1  0  0
33  2 135032 48328236 1720984 104621240    0    0     0 547072 178613 959230 33  8 58  1  0  0
36  0 135032 48320732 1720984 104628920    0    0     0 544868 177822 962378 33  9 58  1  0  0
33  0 135032 48312068 1720984 104636628    0    0     0 546804 179228 968694 33  8 58  1  0  0
33  1 135032 48303640 1720984 104644340    0    0     0 538220 175515 934772 32  8 59  1  0  0
37  0 135032 48295368 1720984 104651844    0    0     0 542084 176593 959125 33  8 58  1  0  0
38  0 135032 48287412 1720984 104659408    0    0     0 543896 175095 966165 33  8 58  1  0  0
38  0 135032 48276740 1720984 104667408    0    0     0 545788 177961 962409 33  8 58  1  0  0
31  1 135032 48268016 1720984 104675084    0    0     0 548916 178837 970132 33  9 58  1  0  0
34  1 135032 48253544 1720988 104682728    0    0     0 551284 179377 975267 33  9 57  1  0  0
36  1 135032 48251272 1720988 104690520    0    0     0 540340 176375 958747 33  9 58  1  0  0
32  2 135032 48239768 1720988 104698352    0    0     0 543312 177224 959118 32  8 58  1  0  0
32  1 135032 48230364 1720988 104705888    0    0     0 520736 171645 941017 32  8 58  1  0  0
36  0 135032 48218708 1720988 104713504    0    0     0 522168 171906 944051 32  8 58  1  0  0
34  1 135032 48214024 1720992 104721256    0    0     0 538812 175819 952714 33  9 58  1  0  0
35  1 135032 48202572 1720992 104728844    0    0     0 547680 176291 961980 33  8 58  1  0  0
32  0 135032 48191868 1720996 104736568    0    0     4 545140 177573 960811 33  9 58  1  0  0
34  0 135032 48185340 1720996 104744272    0    0     0 528600 172500 947063 33  9 58  1  0  0
34  0 135032 48176952 1720996 104752000    0    0     0 541280 176584 957504 33  9 58  1  0  0
31  1 135032 48173416 1721004 104759796    0    0     0 541608 176620 961667 33  9 58  1  0  0
procs -----------memory---------- ---swap-- -----io---- -system-- -------cpu-------
 r  b   swpd   free   buff  cache   si   so    bi    bo   in   cs us sy id wa st gu
37  1 135032 48165768 1721004 104767344    0    0     0 542260 176071 963471 32  9 58  1  0  0
34  0 135032 48117496 1721004 104774984    0    0     0 514812 170100 895610 30  8 61  1  0  0
36  0 135032 48163012 1721008 104782460    0    0     0 543180 177241 957000 32  9 58  1  0  0
36  1 135032 48161572 1721008 104790224    0    0     0 542204 176570 962414 33  9 58  1  0  0
34  0 135032 48153552 1721016 104797900    0    0     0 544528 176764 959800 32  8 58  1  0  0
39  0 135032 48141636 1721016 104805580    0    0     0 541828 176539 949310 32  8 59  1  0  0
34  1 135032 48133608 1721016 104813228    0    0     0 537028 175131 946120 32  8 58  1  0  0
33  2 135032 48120876 1721016 104820848    0    0     0 540072 175841 955660 33  9 58  1  0  0
37  2 135032 48112296 1721016 104828520    0    0     0 525328 172115 918916 31  8 59  1  0  0
33  2 135032 48110972 1721024 104836020    0    0     0 530548 173622 926444 32  8 59  1  0  0
35  0 135032 48107084 1721024 104843372    0    0     0 536968 174940 950491 32  8 59  1  0  0
30  2 135032 48100604 1721024 104851076    0    0     0 529440 173561 932151 32  8 59  1  0  0
34  0 135032 48091996 1721024 104858628    0    0     0 545788 179309 972625 33  9 57  1  0  0
36  0 135032 48082356 1721032 104866336    0    0     4 541688 178022 961594 33  9 58  1  0  0
37  0 135032 48074532 1721032 104873956    0    0     0 542720 176708 969088 33  9 57  1  0  0
34  0 135032 48065228 1721032 104881808    0    0     0 519948 169896 944426 33  8 58  1  0  0
34  1 135032 48062496 1721032 104889612    0    0     0 505508 167134 921881 32  8 58  1  0  0
33  0 135032 48056204 1721032 104897072    0    0     0 504120 166389 925499 32  9 58  1  0  0
32  1 135032 48043104 1721032 104904860    0    0     0 533368 173570 952624 33  9 58  1  0  0
35  0 135032 48039788 1721036 104912484    0    0     0 537036 176021 944011 32  8 59  1  0  0
37  1 135032 48027732 1721036 104920412    0    0     0 552560 179739 963454 33  8 58  1  0  0
procs -----------memory---------- ---swap-- -----io---- -system-- -------cpu-------
 r  b   swpd   free   buff  cache   si   so    bi    bo   in   cs us sy id wa st gu
33  1 135032 48020724 1721036 104927692    0    0     0 551732 178275 974241 33  9 58  1  0  0
35  0 135032 48017256 1721036 104935484    0    0     0 551184 177944 973619 33  9 57  1  0  0
34  0 135032 48007676 1721036 104943184    0    0     0 551588 177529 971371 33  9 57  1  0  0
35  1 135032 48001968 1721044 104950996    0    0     0 551508 176267 970491 33  9 57  1  0  0
37  0 135032 47995284 1721044 104958984    0    0     0 557088 180517 968010 33  9 58  1  0  0
35  0 135032 47983536 1721044 104966676    0    0     0 556148 179427 977102 33  9 57  1  0  0
30  2 135032 47978256 1721044 104974600    0    0     0 543440 177097 961765 33  9 58  1  0  0
35  1 135032 47975840 1721044 104982548    0    0     0 543224 175782 955053 32  8 58  1  0  0
34  2 135032 47969192 1721048 104990108    0    0     0 547024 176375 953038 32  8 58  1  0  0
35  0 135032 47957576 1721048 104997668    0    0     0 542920 177244 953747 32  8 58  1  0  0
36  0 135032 47949968 1721056 105005792    0    0     8 545420 176839 963258 33  8 58  1  0  0
35  0 135032 47942240 1721056 105013232    0    0     0 533908 175098 920414 31  8 59  1  0  0
39  0 135032 47937096 1721056 105020508    0    0     0 534508 172846 932016 31  8 59  1  0  0
37  0 135032 47927444 1721056 105027872    0    0     0 544168 179397 969349 33  9 58  1  0  0
37  1 135032 47919744 1721056 105035716    0    0     0 544696 181197 969766 33  9 57  1  0  0
31  2 135032 47908860 1721056 105043832    0    0     0 546796 180496 966186 33  8 58  1  0  0
34  0 135032 47899556 1721056 105051184    0    0     0 533480 175363 942997 32  8 59  1  0  0
36  1 135032 47895816 1721056 105058680    0    0     0 541436 177040 964914 33  9 58  1  0  0
34  1 135032 47884348 1721064 105066948    0    0     0 519036 168500 945878 32  8 58  1  0  0
37  1 135032 47877728 1721064 105074384    0    0     0 520524 170046 941722 33  8 58  1  0  0
32  1 135032 47865940 1721064 105082136    0    0     0 552236 179535 981496 33  9 57  1  0  0
procs -----------memory---------- ---swap-- -----io---- -system-- -------cpu-------
 r  b   swpd   free   buff  cache   si   so    bi    bo   in   cs us sy id wa st gu
35  1 135032 47856332 1721064 105090448    0    0     0 554396 179024 978538 33  9 57  1  0  0
37  0 135032 47846924 1721064 105097720    0    0     0 551740 179196 974621 33  9 58  1  0  0
33  1 135032 47839576 1721072 105105636    0    0     0 551628 179042 969512 33  9 58  1  0  0
37  1 135032 47811424 1721072 105113348    0    0     0 543640 176711 957086 32  9 58  1  0  0
34  1 135032 47802840 1721072 105120944    0    0     0 550544 176954 975515 33  9 57  1  0  0
35  0 135032 47792476 1721072 105129248    0    0     0 550908 177823 973212 33  9 58  1  0  0
33  2 135032 47784236 1721076 105136508    0    0     4 544680 177310 973722 33  9 57  1  0  0
36  0 135032 47781028 1721084 105144368    0    0     0 539336 177208 966021 33  9 57  1  0  0
42  1 135032 47767028 1721084 105153160    0    0     0 536996 175917 964917 33  9 58  1  0  0
42  0 135032 47764700 1721084 105159988    0    0     0 534052 174526 958013 33  9 58  1  0  0
36  0 135032 47726868 1721084 105167928    0    0     0 527052 174892 948879 33  9 57  1  0  0
33  0 135032 47712624 1721108 105176508    0    0     0 526612 174736 945104 33  9 57  1  0  0
33  0 135032 47705828 1721108 105183220    0    0     0 530288 174333 950772 33  9 58  1  0  0
32  0 135032 47702376 1721108 105191516    0    0     0 545840 176699 969822 33  9 58  1  0  0
28  2 135032 47703884 1721108 105198784    0    0     0 545892 175621 972763 33  9 57  1  0  0
36  0 135032 47700868 1721108 105206452    0    0     0 535728 175499 931651 31  8 59  1  0  0
34  1 135032 47687228 1721108 105214852    0    0     0 542216 177033 946593 32  8 58  1  0  0
34  0 135032 47680436 1721108 105221656    0    0     0 536672 174530 948208 32  8 58  1  0  0
32  1 135032 47679780 1721108 105229564    0    0     0 544992 175881 964162 32  9 58  1  0  0
35  0 135032 47674340 1721108 105237892    0    0     0 544988 177245 961261 33  8 58  1  0  0
37  0 135032 47667768 1721108 105244732    0    0     0 543628 176714 957421 33  8 58  1  0  0
procs -----------memory---------- ---swap-- -----io---- -system-- -------cpu-------
 r  b   swpd   free   buff  cache   si   so    bi    bo   in   cs us sy id wa st gu
34  0 135032 47648240 1721108 105252832    0    0     0 525756 172059 933997 32  8 58  1  0  0
34  1 135032 47645388 1721108 105261268    0    0     0 522320 172022 927654 32  8 59  1  0  0
43  2 135032 47639776 1721108 105267572    0    0     0 512256 168530 920297 32  8 59  1  0  0
32  2 135032 47632148 1721112 105275816    0    0     4 505444 166256 918200 32  8 59  1  0  0
38  1 135032 47628716 1721112 105282460    0    0     0 500928 165858 909641 32  8 59  1  0  0
34  0 135032 47621644 1721120 105290124    0    0     0 497892 165651 900003 31  8 59  1  0  0
33  1 135032 47613480 1721120 105298416    0    0     0 516216 169584 933270 32  9 58  1  0  0
37  0 135032 47610376 1721120 105305168    0    0     0 534072 173750 966739 33  9 57  1  0  0
36  1 135032 47609920 1721120 105313380    0    0     0 526816 172262 938322 32  8 59  1  0  0
37  0 135032 47596552 1721120 105321924    0    0     0 533748 174872 966021 33  9 57  1  0  0
33  0 135032 47608144 1721132 105328436    0    0     0 529512 173663 959155 33  9 58  1  0  0
33  1 135032 47602088 1721132 105336964    0    0     0 539696 176073 963508 33  9 57  1  0  0
34  1 135032 47602524 1721132 105345864    0    0     0 533984 173903 963397 33  9 58  1  0  0
33  1 135032 47591504 1721132 105352116    0    0     0 524220 172157 941303 32  9 58  1  0  0
36  0 135032 47586384 1721132 105360248    0    0     0 527224 172008 945921 32  9 58  1  0  0
35  0 135032 47579388 1721132 105367432    0    0     0 529464 173078 947678 33  8 58  1  0  0
33  1 135032 47571564 1721132 105375560    0    0     0 528836 173634 957533 33  8 58  1  0  0
35  0 135032 47566500 1721132 105384156    0    0     0 523944 173004 951992 33  9 58  1  0  0
32  3 135032 47558408 1721132 105390420    0    0     0 516704 168509 923483 32  8 59  1  0  0
31  1 135032 47548624 1721132 105398412    0    0     0 523408 170876 935003 32  9 58  1  0  0
35  1 135032 47538504 1721136 105407228    0    0     0 526948 171907 945772 33  9 58  1  0  0
procs -----------memory---------- ---swap-- -----io---- -system-- -------cpu-------
 r  b   swpd   free   buff  cache   si   so    bi    bo   in   cs us sy id wa st gu
35  0 135032 47532172 1721140 105413716    0    0     4 520472 170402 932939 32  9 58  1  0  0
34  1 135032 47524532 1721140 105422188    0    0     0 511496 168978 923862 32  8 59  1  0  0
39  0 135032 47516672 1721140 105430316    0    0     0 522872 170897 931454 32  8 59  1  0  0
40  1 135032 47509768 1721140 105436708    0    0     0 551392 177350 976475 33  9 57  1  0  0
32  2 135032 47506364 1721140 105445388    0    0     0 548960 176202 969111 33  9 58  1  0  0
34  1 135032 47501140 1721140 105451652    0    0     0 548012 177835 961780 33  9 58  1  0  0
33  0 135032 47492704 1721140 105460192    0    0     0 548512 177544 958565 32  8 58  1  0  0
35  0 135032 47480972 1721140 105468656    0    0     0 544264 176534 948588 32  8 58  1  0  0
37  0 135032 47474984 1721140 105474688    0    0     0 547012 175386 953554 32  8 58  1  0  0
36  2 135032 47465744 1721148 105483496    0    0     0 540896 175225 947248 32  8 58  1  0  0
36  1 135032 47459960 1721148 105491732    0    0     0 546652 177567 956064 33  8 58  1  0  0
37  0 135032 47454520 1721148 105497888    0    0     0 548412 179094 967073 33  9 58  1  0  0
38  0 135032 47445268 1721148 105506376    0    0     0 550348 179286 973067 33  8 57  1  0  0
33  1 135032 47445140 1721148 105515328    0    0     0 551484 177608 969750 33  9 58  1  0  0
35  0 135032 47446232 1721156 105521544    0    0     0 556492 179449 976849 33  9 58  1  0  0
34  0 135032 47432952 1721156 105530300    0    0     0 546052 177341 957758 33  9 58  1  0  0
39  0 135032 47426384 1721156 105536556    0    0     0 548616 178958 967267 33  9 58  1  0  0
39  1 135032 47416820 1721160 105544908    0    0     4 544956 175783 961694 33  8 58  1  0  0
35  1 135032 47403804 1721160 105553648    0    0     0 549308 178328 965977 33  9 58  1  0  0
28  2 135032 47395432 1721164 105560028    0    0     0 549620 176763 960222 33  8 58  1  0  0
36  1 135032 47387252 1721164 105568648    0    0     0 548788 176018 969672 33  9 58  1  0  0
procs -----------memory---------- ---swap-- -----io---- -system-- -------cpu-------
 r  b   swpd   free   buff  cache   si   so    bi    bo   in   cs us sy id wa st gu
36  0 135032 47371444 1721164 105577132    0    0     0 541540 175446 937781 32  8 59  1  0  0
34  0 135032 47368188 1721164 105583168    0    0     0 541760 174974 947913 32  8 58  1  0  0
35  0 135032 47356632 1721164 105591576    0    0     0 541044 177319 934139 32  8 59  1  0  0
26  1 135032 47344400 1721164 105600416    0    0     0 539404 175459 945813 32  8 59  1  0  0
35  0 135032 47342320 1721164 105606224    0    0     0 512644 167825 919975 32  8 59  1  0  0
39  1 135032 47331872 1721164 105614548    0    0     0 540616 175094 957646 32  8 58  1  0  0
31  2 135032 47326424 1721164 105620952    0    0     0 550444 177600 972278 33  8 57  1  0  0
35  0 135032 47324852 1721164 105629376    0    0     0 549620 177476 968039 33  9 57  1  0  0
40  0 135032 47312092 1721172 105638656    0    0     0 549744 178496 966819 33  9 58  1  0  0
37  1 135032 47307064 1721172 105644392    0    0     0 548036 177470 963098 33  9 58  1  0  0
36  0 135032 47295220 1721172 105652884    0    0     0 544776 176545 961378 32  9 58  1  0  0
29  0 135032 47285280 1721172 105661348    0    0     0 536332 174159 942987 32  8 59  1  0  0
36  1 135032 47281512 1721172 105667868    0    0     0 546240 177934 962604 32  9 58  1  0  0
35  0 135032 47271084 1721180 105676576    0    0     0 548776 177952 959993 33  8 58  1  0  0
33  1 135032 47262160 1721184 105684828    0    0     4 551756 179771 969392 33  9 58  1  0  0
38  0 135032 47253136 1721184 105691256    0    0     0 541944 176047 956216 33  8 58  1  0  0
35  2 135032 47241868 1721184 105699616    0    0     0 542204 175176 953534 32  9 58  1  0  0
34  0 135032 47237608 1721184 105705928    0    0     0 549308 175989 961360 33  9 58  1  0  0
33  1 135032 47226948 1721188 105714556    0    0     0 543544 176214 950850 32  8 58  1  0  0
34  0 135032 47215032 1721188 105723416    0    0     0 539832 175279 953883 32  9 58  1  0  0
34  0 135032 47211968 1721188 105729268    0    0     0 540848 176542 950929 32  8 58  1  0  0
procs -----------memory---------- ---swap-- -----io---- -system-- -------cpu-------
 r  b   swpd   free   buff  cache   si   so    bi    bo   in   cs us sy id wa st gu
32  1 135032 47205848 1721188 105738076    0    0     0 544628 175845 944886 32  8 59  1  0  0
41  0 135032 47197800 1721188 105746136    0    0     0 549516 177141 969746 33  9 58  1  0  0
38  0 135032 47193364 1721192 105753064    0    0     0 550484 179935 975391 33  8 57  1  0  0
35  1 135032 47183756 1721192 105761708    0    0     0 530228 172386 931769 32  8 59  1  0  0
36  0 135032 47173536 1721192 105770052    0    0     0 539960 175240 949917 32  8 58  1  0  0
35  0 135032 47173600 1721192 105776068    0    0     0 542984 176775 953861 33  8 58  1  0  0
36  0 135032 47171056 1721192 105784184    0    0     0 520832 170962 929207 32  8 59  1  0  0
33  0 135032 47160504 1721200 105790228    0    0     0 512092 169675 914315 32  8 59  1  0  0
35  1 135032 47151160 1721200 105798524    0    0     0 546684 177383 969811 33  9 58  1  0  0
37  0 135032 47145324 1721200 105807380    0    0     0 547880 178025 968445 33  9 58  1  0  0
34  1 135032 47138648 1721204 105813792    0    0     4 549748 178581 970191 33  9 58  1  0  0
38  0 135032 47130588 1721204 105822592    0    0     0 544108 175145 957147 33  8 58  1  0  0
30  1 135032 47119648 1721212 105831192    0    0     0 552488 178627 969450 33  9 58  1  0  0
35  1 135032 47107640 1721212 105837104    0    0     0 545976 176042 963183 32  9 58  1  0  0
36  1 135032 47098632 1721212 105846032    0    0     0 541864 177323 958333 33  9 58  1  0  0
37  0 135032 47091852 1721212 105854448    0    0     0 541912 176826 956237 33  8 58  1  0  0
37  1 135032 47052312 1721212 105860632    0    0     0 533724 173462 907240 30  8 61  1  0  0
28  2 135032 47081744 1721224 105868708    0    0     0 542152 177012 957024 32  8 58  1  0  0
36  1 135032 47078008 1721224 105874672    0    0     0 545084 176983 960936 33  9 58  1  0  0
36  0 135032 47069056 1721224 105883756    0    0     0 550384 178073 957090 33  8 58  1  0  0
37  0 135032 47056292 1721224 105892100    0    0     0 544376 177331 961500 33  8 58  1  0  0
procs -----------memory---------- ---swap-- -----io---- -system-- -------cpu-------
 r  b   swpd   free   buff  cache   si   so    bi    bo   in   cs us sy id wa st gu
41  0 135032 47049092 1721224 105898508    0    0     0 553124 178229 973193 33  9 57  1  0  0
35  1 135032 47037540 1721232 105906844    0    0     0 547844 177994 958619 33  8 58  1  0  0
36  1 135032 47031324 1721232 105915272    0    0     0 545356 175814 962670 33  8 58  1  0  0
31  1 135032 47027612 1721232 105921900    0    0     0 542728 176164 944435 32  8 59  1  0  0
34  0 135032 47016184 1721232 105930468    0    0     0 544364 176551 953314 32  8 58  1  0  0
 1  0 135032 47006152 1721232 105938444    0    0     0 526000 171397 929587 32  8 59  1  0  0
37  0 135032 46995380 1721236 105944324    0    0     0 502876 165820 879258 30  8 61  1  0  0
32  1 135032 46991812 1721236 105953140    0    0     0 513264 169063 903484 31  8 60  1  0  0
34  0 135032 46982528 1721236 105959072    0    0     0 516340 168352 916122 32  8 59  1  0  0
37  1 135032 46969676 1721236 105967120    0    0     0 511956 167875 912023 31  8 59  1  0  0
33  1 135032 46960812 1721236 105975052    0    0     0 511864 169025 919148 31  8 59  1  0  0
39  1 135032 46957552 1721236 105981568    0    0     0 518860 169749 917403 32  8 59  1  0  0
35  0 135032 46954144 1721236 105989220    0    0     0 519348 170713 928077 32  8 59  1  0  0
26  1 135032 46949508 1721236 105998016    0    0     0 514680 170092 924239 32  8 59  1  0  0
35  1 135032 46944552 1721236 106004572    0    0     0 521428 170383 923662 32  8 59  1  0  0
32  1 135032 46932744 1721236 106012796    0    0     0 515964 169678 920864 32  8 59  1  0  0
31  0 135032 46927816 1721236 106020736    0    0     0 520064 171104 916407 31  8 59  1  0  0
36  0 135032 46922708 1721236 106026552    0    0     0 507276 167105 902155 31  8 60  1  0  0
34  1 135032 46912700 1721236 106034760    0    0     0 514304 168451 910106 31  8 59  1  0  0
36  0 135032 46909084 1721236 106041072    0    0     0 519632 169157 923053 32  8 59  1  0  0
37  0 135032 46904336 1721236 106049568    0    0     0 509168 168031 920587 32  8 59  1  0  0
procs -----------memory---------- ---swap-- -----io---- -system-- -------cpu-------
 r  b   swpd   free   buff  cache   si   so    bi    bo   in   cs us sy id wa st gu
31  2 135032 46891484 1721236 106057752    0    0     0 522012 171792 925608 32  8 59  1  0  0
34  0 135032 46881632 1721236 106063964    0    0     0 521924 171954 926381 32  8 59  1  0  0
36  1 135032 46869412 1721236 106072236    0    0     0 523692 171933 928321 32  8 59  1  0  0
35  1 135032 46860108 1721236 106079988    0    0     0 513800 169773 924444 32  8 59  1  0  0
30  2 135032 46851156 1721240 106087060    0    0     4 525024 172569 928385 32  8 59  1  0  0
34  0 135032 46845312 1721244 106094708    0    0     0 518608 170818 927769 32  8 59  1  0  0
35  1 135032 46841512 1721244 106103540    0    0     0 516896 168833 925730 32  8 59  1  0  0
33  1 135032 46835288 1721244 106109336    0    0     0 521404 170432 920175 32  8 59  1  0  0
39  0 135032 46828024 1721244 106117680    0    0     0 518792 170607 927218 32  8 59  1  0  0
34  0 135032 46823508 1721244 106124020    0    0     0 526128 171587 935981 32  8 59  1  0  0
29  1 135032 46817152 1721248 106132132    0    0     0 500164 165693 864966 30  8 61  1  0  0
34  1 135032 46805660 1721248 106140328    0    0     0 517708 169419 916561 31  8 59  1  0  0
33  2 135032 46799744 1721248 106145892    0    0     0 518492 170490 932198 32  8 59  1  0  0
35  2 135032 46790064 1721248 106154232    0    0     0 528320 173547 941571 32  8 58  1  0  0
34  2 135032 46777520 1721248 106163060    0    0     0 526320 172109 939445 32  8 59  1  0  0
35  0 135032 46770708 1721252 106169456    0    0     0 528316 172853 929481 32  8 59  1  0  0
37  0 135032 46762444 1721252 106177776    0    0     0 534248 175110 952000 32  8 58  1  0  0
33  0 135032 46751800 1721252 106186296    0    0     0 529200 173301 941810 32  8 58  1  0  0
34  1 135032 46746728 1721252 106191932    0    0     0 527508 172104 940176 32  8 58  1  0  0
32  1 135032 46711588 1721252 106200448    0    0     0 523216 172597 929685 32  8 59  1  0  0
35  1 135032 46704636 1721260 106206324    0    0     0 527560 172335 936470 32  8 59  1  0  0
procs -----------memory---------- ---swap-- -----io---- -system-- -------cpu-------
 r  b   swpd   free   buff  cache   si   so    bi    bo   in   cs us sy id wa st gu
35  0 135032 46695192 1721260 106215436    0    0     0 530696 171579 936322 32  8 59  1  0  0
35  0 135032 46687276 1721264 106223116    0    0     4 525608 172549 934148 32  8 59  1  0  0
33  1 135032 46676008 1721264 106230040    0    0     0 528060 171355 941942 32  8 59  1  0  0
35  0 135032 46668948 1721264 106237560    0    0     0 527472 172729 943560 32  8 59  1  0  0
32  0 135032 46665200 1721272 106246440    0    0     0 530504 175498 945236 32  8 58  1  0  0
37  1 135032 46656136 1721272 106252916    0    0     0 527860 172441 938873 32  8 59  1  0  0
36  1 135032 46647088 1721272 106261788    0    0     0 526524 172405 943583 32  8 58  1  0  0
35  0 135032 46636396 1721272 106269852    0    0     0 528264 171981 947553 32  8 58  1  0  0
33  1 135032 46635916 1721272 106275464    0    0     0 531772 174460 948704 32  9 58  1  0  0
33  1 135032 46623716 1721276 106284596    0    0     0 531636 174245 946752 32  8 58  1  0  0
36  1 135032 46619908 1721276 106291016    0    0     0 528928 172752 949371 32  8 58  1  0  0
32  1 135032 46609520 1721276 106298748    0    0     0 522132 172111 924323 32  8 59  1  0  0
33  1 135032 46600464 1721276 106307576    0    0     0 532112 174824 945593 32  8 59  1  0  0
35  1 135032 46594076 1721276 106313500    0    0     0 535352 175283 962641 33  9 58  1  0  0
32  1 135032 46583064 1721280 106321892    0    0     0 522448 170946 909068 31  8 60  1  0  0
33  1 135032 46578892 1721280 106329696    0    0     0 528080 173551 930684 32  8 59  1  0  0
30  2 135032 46571272 1721280 106336204    0    0     0 523184 171564 925678 32  8 59  1  0  0
38  0 135032 46564032 1721280 106344676    0    0     0 523932 171349 924718 31  8 59  1  0  0
35  1 135032 46553944 1721280 106352948    0    0     0 533436 176567 946258 32  8 58  1  0  0
35  1 135032 46541020 1721284 106358980    0    0     4 537948 177092 957365 32  9 58  1  0  0
34  0 135032 46536992 1721284 106367628    0    0     0 534480 174774 954701 32  8 58  1  0  0
procs -----------memory---------- ---swap-- -----io---- -system-- -------cpu-------
 r  b   swpd   free   buff  cache   si   so    bi    bo   in   cs us sy id wa st gu
41  0 135032 46528988 1721284 106374064    0    0     0 537600 174526 956188 33  8 58  1  0  0
33  1 135032 46521132 1721284 106382792    0    0     0 531028 174456 944505 32  8 58  1  0  0
33  1 135032 46514148 1721284 106390440    0    0     0 540676 176684 960110 32  9 58  1  0  0
35  1 135032 46467912 1721284 106396776    0    0     0 520632 169935 891955 30  8 61  1  0  0
33  0 135032 46457928 1721284 106405012    0    0     0 538992 177048 944502 32  8 59  1  0  0
37  0 135032 46504508 1721288 106413464    0    0     0 530584 174703 932486 32  8 59  1  0  0
32  2 135032 46501416 1721288 106419972    0    0     0 533484 175581 948359 32  8 58  1  0  0
32  0 135032 46494288 1721288 106427948    0    0     0 536436 176945 953713 32  8 58  1  0  0
33  2 135032 46488932 1721292 106436912    0    0     0 542156 177030 964563 33  8 58  1  0  0
30  2 135032 46485924 1721292 106443180    0    0     0 528500 172771 949550 32  9 58  1  0  0
34  1 135032 46477780 1721292 106451792    0    0     0 533612 173576 949465 32  8 58  1  0  0
35  1 135032 46470020 1721292 106457724    0    0     0 525684 173631 943144 32  8 59  1  0  0
37  0 135032 46460444 1721292 106465988    0    0     0 529756 173481 945535 32  8 58  1  0  0
28  2 135032 46457628 1721292 106474664    0    0     0 534308 175670 950378 32  8 58  1  0  0
31  2 135032 46450520 1721292 106481088    0    0     0 532212 173689 949853 32  9 58  1  0  0
36  2 135032 46444648 1721292 106489340    0    0     0 530772 173554 940551 32  8 59  1  0  0
34  1 135032 46439412 1721296 106497824    0    0     4 528620 172408 939364 32  8 59  1  0  0
36  0 135032 46428560 1721296 106504300    0    0     0 538632 175854 961037 33  8 58  1  0  0
36  0 135032 46423532 1721300 106512504    0    0     0 516832 169134 903779 31  8 60  1  0  0
41  0 135032 46416884 1721300 106520860    0    0     0 538576 172780 951767 32  8 58  1  0  0
36  0 135032 46406800 1721300 106527208    0    0     0 535568 175207 952223 32  9 58  1  0  0
procs -----------memory---------- ---swap-- -----io---- -system-- -------cpu-------
 r  b   swpd   free   buff  cache   si   so    bi    bo   in   cs us sy id wa st gu
34  0 135032 46398336 1721300 106535336    0    0     0 538144 175307 955296 32  8 58  1  0  0
38  0 135032 46391848 1721300 106542100    0    0     0 535008 175423 947687 32  8 58  1  0  0
41  0 135032 46384720 1721304 106550292    0    0     0 533700 174970 952022 32  9 58  1  0  0
40  0 135032 46378724 1721304 106558340    0    0     0 540328 176045 964580 33  9 58  1  0  0
34  1 135032 46370500 1721304 106565492    0    0     0 538144 176446 968537 33  9 58  1  0  0
34  1 135032 46358312 1721304 106574088    0    0     0 533068 175291 956794 33  9 58  1  0  0
32  0 135032 46354608 1721304 106582696    0    0     0 534444 175172 958197 33  9 58  1  0  0
36  0 135032 46349040 1721308 106588908    0    0     0 533828 175809 954866 33  9 58  1  0  0
32  2 135032 46344196 1721308 106597316    0    0     0 531824 174872 952730 33  9 58  1  0  0
36  1 135032 46332456 1721308 106605580    0    0     0 534348 174473 949104 32  9 58  1  0  0
36  0 135032 46322800 1721308 106612248    0    0     0 534804 174641 959518 33  9 58  1  0  0
36  1 135032 46318504 1721308 106620748    0    0     0 533536 173947 957681 33  9 58  1  0  0
35  1 135032 46314296 1721312 106627520    0    0     0 535008 175391 955672 33  8 58  1  0  0
31  0 135032 46303568 1721320 106635488    0    0     8 536460 173855 952870 33  8 58  1  0  0
35  0 135032 46295460 1721320 106644292    0    0     0 544404 175355 965646 33  9 57  1  0  0
32  3 135032 46290804 1721320 106650816    0    0     0 545940 177443 965332 33  9 58  1  0  0
36  1 135032 46285088 1721320 106659332    0    0     0 539608 174953 957149 32  9 58  1  0  0
38  0 135032 46281140 1721324 106667332    0    0     0 540648 174250 955886 32  8 58  1  0  0
40  0 135032 46247416 1721324 106673720    0    0     0 524900 171846 920438 32  8 59  1  0  0
32  1 135032 46235656 1721324 106682340    0    0     0 533648 173878 953315 32  8 58  1  0  0
34  0 135032 46224524 1721324 106690748    0    0     0 535388 174714 957297 33  8 58  1  0  0
procs -----------memory---------- ---swap-- -----io---- -system-- -------cpu-------
 r  b   swpd   free   buff  cache   si   so    bi    bo   in   cs us sy id wa st gu
34  0 135032 46219952 1721324 106696984    0    0     0 527312 173830 930999 32  8 59  1  0  0
34  0 135032 46213188 1721324 106704944    0    0     0 535916 174958 952154 32  8 58  1  0  0
37  1 135032 46202444 1721324 106712008    0    0     0 532596 175642 952512 33  8 58  1  0  0
35  0 135032 46191916 1721324 106720056    0    0     0 519976 172493 940601 32  9 58  1  0  0
33  0 135032 46190364 1721324 106728616    0    0     0 525544 173092 945113 32  8 58  1  0  0
39  0 135032 46179160 1721324 106735184    0    0     0 510592 169587 937464 32  8 58  1  0  0
31  1 135032 46145860 1721328 106743464    0    0     0 517972 171674 935980 32  9 58  1  0  0
37  0 135032 46143980 1721328 106751532    0    0     0 521780 171929 941440 32  9 58  1  0  0
33  0 135032 46137116 1721328 106758508    0    0     0 525284 173553 952335 33  9 57  1  0  0
33  0 135032 46130020 1721328 106766292    0    0     0 525424 172591 947153 33  9 58  1  0  0
39  2 135032 46118664 1721328 106775068    0    0     0 524940 172543 941468 33  8 58  1  0  0
38  1 135032 46111372 1721336 106781416    0    0     0 517552 171704 936363 32  9 58  1  0  0
36  1 135032 46102612 1721336 106789464    0    0     0 534064 175806 957858 33  8 58  1  0  0
36  1 135032 46098292 1721336 106796308    0    0     0 536748 175448 959281 33  8 58  1  0  0
37  0 135032 46085576 1721336 106804960    0    0     0 538148 176725 959316 33  8 58  1  0  0
33  1 135032 46076380 1721336 106813452    0    0     0 538716 174025 960070 33  8 58  1  0  0
36  1 135032 46070436 1721336 106820164    0    0     0 541160 174561 967469 33  9 58  1  0  0
35  1 135032 46068164 1721336 106828456    0    0     0 530000 172870 952141 32  8 58  1  0  0
31  1 135032 46061500 1721336 106836984    0    0     0 540204 175892 955098 33  9 58  1  0  0
34  1 135032 46062680 1721336 106843576    0    0     0 541464 175752 962354 33  9 58  1  0  0
37  0 135032 46055372 1721336 106851756    0    0     0 536380 173903 955711 33  9 58  1  0  0
procs -----------memory---------- ---swap-- -----io---- -system-- -------cpu-------
 r  b   swpd   free   buff  cache   si   so    bi    bo   in   cs us sy id wa st gu
36  2 135032 46042504 1721340 106859772    0    0     0 539156 175682 953895 32  8 58  1  0  0
34  2 135032 46030452 1721340 106867076    0    0     0 539832 173798 959742 33  8 58  1  0  0
31  1 135032 46027200 1721340 106875420    0    0     0 540436 175506 957963 33  8 58  1  0  0
33  1 135032 46018824 1721340 106881944    0    0     0 536572 173751 940639 32  8 58  1  0  0
35  1 135032 46007932 1721340 106889832    0    0     0 538184 176106 950015 32  8 58  1  0  0
36  2 135032 45998308 1721340 106898192    0    0     0 536260 173756 948684 32  8 58  1  0  0
36  2 135032 45988220 1721352 106904524    0    0     4 542908 177693 956656 33  8 58  1  0  0
33  0 135032 45975496 1721352 106913096    0    0     0 539592 175674 958153 33  8 58  1  0  0
37  1 135032 45970680 1721352 106921828    0    0     0 536204 174941 954321 33  9 58  1  0  0
38  0 135032 45961856 1721352 106928496    0    0     0 542348 176533 969511 33  9 57  1  0  0
37  0 135032 45956280 1721352 106936724    0    0     0 545728 177168 962401 33  8 58  1  0  0
35  0 135032 45912888 1721352 106943080    0    0     0 527444 170824 910074 31  8 60  1  0  0
33  0 135032 45962400 1721356 106951208    0    0     0 539068 174250 960006 33  8 58  1  0  0
33  1 135032 45951848 1721356 106959684    0    0     0 541352 174454 962505 33  8 58  1  0  0
37  0 135032 45939928 1721356 106966088    0    0     0 536564 175773 958039 32  9 58  1  0  0
32  2 135032 45931796 1721356 106974576    0    0     0 530668 173379 943198 32  8 58  1  0  0
36  0 135032 45925704 1721364 106983072    0    0     0 544672 175455 963614 33  9 58  1  0  0
34  0 135032 45918748 1721364 106989248    0    0     0 539452 175063 959468 33  8 58  1  0  0
35  2 135032 45908168 1721364 106998284    0    0     0 542624 176234 964092 33  9 58  1  0  0
35  1 135032 45900192 1721364 107006192    0    0     0 544088 176622 958107 32  8 58  1  0  0
33  1 135032 45892072 1721364 107013096    0    0     0 542316 175920 958134 33  8 58  1  0  0
procs -----------memory---------- ---swap-- -----io---- -system-- -------cpu-------
 r  b   swpd   free   buff  cache   si   so    bi    bo   in   cs us sy id wa st gu
33  1 135032 45885464 1721372 107020880    0    0     0 540316 174093 959206 32  9 58  1  0  0
33  1 135032 45878952 1721372 107028216    0    0     0 545468 179364 968072 33  9 58  1  0  0
31  1 135032 45881444 1721372 107036244    0    0     0 546012 176780 957915 33  9 58  1  0  0
35  1 135032 45877016 1721372 107044492    0    0     0 538832 174815 947690 32  9 58  1  0  0
33  0 135032 45866560 1721372 107051196    0    0     0 542968 175188 954764 32  8 58  1  0  0
35  0 135032 45861328 1721380 107059324    0    0     0 546368 176292 963106 32  9 58  1  0  0
36  1 135032 45851352 1721380 107067832    0    0     0 534976 173568 935853 32  8 59  1  0  0
30  1 135032 45842720 1721380 107074448    0    0     0 540916 176588 938884 32  8 59  1  0  0
36  0 135032 45835488 1721380 107082612    0    0     0 546572 176101 956333 32  8 58  1  0  0
36  1 135032 45823428 1721380 107091124    0    0     0 536216 172112 941094 32  8 58  1  0  0
31  1 135032 45812132 1721380 107097548    0    0     0 544576 175104 960542 32  9 58  1  0  0
33  0 135032 45805200 1721380 107105556    0    0     0 540548 175352 957762 33  9 58  1  0  0
31  3 135032 45792776 1721380 107112956    0    0     0 545400 175080 961175 33  8 58  1  0  0
36  1 135032 45786420 1721380 107120724    0    0     0 539128 173563 955787 33  8 58  1  0  0
34  3 135032 45780372 1721380 107129172    0    0     0 542304 174957 958524 33  8 58  1  0  0
34  1 135032 45772580 1721380 107135792    0    0     0 544112 175660 964562 33  8 58  1  0  0
33  1 135032 45767948 1721380 107144452    0    0     0 540400 176084 952997 33  8 58  1  0  0
31  1 135032 45762152 1721380 107152604    0    0     0 538080 173898 952916 32  9 58  1  0  0
34  0 135032 45754268 1721380 107159108    0    0     0 541120 173525 957909 33  8 58  1  0  0
36  0 135032 45746656 1721380 107167500    0    0     0 533184 172586 943040 32  8 58  1  0  0
34  2 135032 45740604 1721388 107175908    0    0     4 546148 175878 967922 33  9 57  1  0  0
procs -----------memory---------- ---swap-- -----io---- -system-- -------cpu-------
 r  b   swpd   free   buff  cache   si   so    bi    bo   in   cs us sy id wa st gu
36  0 135032 45731708 1721388 107182764    0    0     0 547688 175186 965002 33  9 58  1  0  0
34  0 135032 45722728 1721388 107191440    0    0     0 540056 174884 953997 33  8 58  1  0  0
37  0 135032 45715556 1721388 107198024    0    0     0 540580 174882 957137 32  9 58  1  0  0
34  0 135032 45709960 1721388 107205988    0    0     0 541028 174654 965820 33  9 58  1  0  0
34  0 135032 45701632 1721396 107214292    0    0     0 538316 176059 959766 33  8 58  1  0  0
35  0 135032 45679368 1721396 107220868    0    0     0 537080 174479 940546 32  8 59  1  0  0
33  0 135032 45670256 1721396 107229372    0    0     0 540860 174880 953725 32  9 58  1  0  0
35  1 135032 45661036 1721396 107237636    0    0     0 540168 175172 947727 32  8 58  1  0  0
39  0 135032 45653656 1721396 107243996    0    0     0 539028 176255 961894 33  9 58  1  0  0
33  2 135032 45648424 1721408 107252268    0    0     0 541204 176089 961230 33  9 58  1  0  0
37  0 135032 45641292 1721408 107260736    0    0     0 533964 173765 938830 32  8 59  1  0  0
33  1 135032 45649164 1721408 107267276    0    0     0 532900 174260 945731 32  8 58  1  0  0
36  0 135032 45635152 1721408 107275832    0    0     0 543368 177254 954758 32  8 58  1  0  0
40  1 135032 45605840 1721408 107281760    0    0     0 536624 173031 949500 32  8 58  1  0  0
34  0 135032 45596940 1721416 107290368    0    0     0 540232 176262 955085 33  8 58  1  0  0
34  1 135032 45583496 1721416 107298836    0    0     0 541368 176357 959082 32  9 58  1  0  0
32  1 135032 45575812 1721416 107305688    0    0     0 554460 177905 977766 33  9 57  1  0  0
33  0 135032 45569220 1721420 107313928    0    0     4 550404 178458 977147 33  9 57  1  0  0
35  2 135032 45559600 1721420 107322440    0    0     0 555276 179636 976743 33  9 57  1  0  0
34  0 135032 45555192 1721424 107329748    0    0     0 556424 179594 981590 33  9 57  1  0  0
35  0 135032 45548064 1721424 107338012    0    0     0 546932 177082 966192 33  8 58  1  0  0
procs -----------memory---------- ---swap-- -----io---- -system-- -------cpu-------
 r  b   swpd   free   buff  cache   si   so    bi    bo   in   cs us sy id wa st gu
37  0 135032 45542572 1721424 107346532    0    0     0 545080 176978 972874 33  9 57  1  0  0
33  1 135032 45530244 1721424 107352916    0    0     0 549720 178206 967738 33  8 58  1  0  0
36  1 135032 45523980 1721424 107361488    0    0     0 557024 179312 977433 33  9 57  1  0  0
32  0 135032 45525104 1721432 107369172    0    0     0 557380 178085 978356 33  8 58  1  0  0
34  1 135032 45516680 1721432 107376648    0    0     0 537312 174417 967776 33  9 57  1  0  0
35  1 135032 45505692 1721432 107385336    0    0     0 538788 176132 967659 33  9 57  1  0  0
32  2 135032 45506424 1721432 107391804    0    0     0 538456 176048 959105 33  9 57  1  0  0
37  0 135032 45494176 1721432 107400300    0    0     0 531748 172990 962590 33  9 57  1  0  0
39  0 135032 45483524 1721436 107408908    0    0     0 532308 175363 955220 33  9 58  1  0  0
35  1 135032 45473340 1721436 107415432    0    0     0 526552 172104 943188 32  9 58  1  0  0
31  0 135032 45463260 1721436 107423832    0    0     0 537216 175692 959733 33  9 58  1  0  0
28  1 135032 45459612 1721436 107432196    0    0     0 523192 172395 949630 32  9 58  1  0  0
37  1 135032 45451228 1721436 107438328    0    0     0 506232 169253 927616 32  8 59  1  0  0
33  1 135032 45442960 1721440 107446940    0    0     4 543556 175921 952638 32  8 58  1  0  0
37  0 135032 45432184 1721440 107453412    0    0     0 545208 176878 963192 33  9 58  1  0  0
35  1 135032 45427336 1721440 107462068    0    0     0 549732 179060 976659 33  9 57  1  0  0
35  0 135032 45416480 1721440 107470624    0    0     0 550152 177778 977556 33  9 57  1  0  0
39  1 135032 45407420 1721456 107477016    0    0     0 555908 179219 976697 33  9 57  1  0  0
34  0 135032 45363892 1721456 107485312    0    0     0 529320 172971 908358 31  8 60  1  0  0
36  1 135032 45350684 1721456 107493840    0    0     0 550204 178388 976881 33  9 57  1  0  0
35  0 135032 45400776 1721460 107500560    0    0     0 549108 178783 971763 33  9 57  1  0  0
procs -----------memory---------- ---swap-- -----io---- -system-- -------cpu-------
 r  b   swpd   free   buff  cache   si   so    bi    bo   in   cs us sy id wa st gu
35  1 135032 45392636 1721460 107509320    0    0     0 554016 178946 980557 33  9 57  1  0  0
36  2 135032 45388972 1721464 107517488    0    0     0 554688 177066 980219 33  9 57  1  0  0
27  2 135032 45384412 1721464 107524268    0    0     0 553100 178231 977366 33  9 57  1  0  0
35  0 135032 45377512 1721464 107532960    0    0     0 553600 179603 973019 33  8 57  1  0  0
32  0 135032 45365308 1721464 107539332    0    0     0 553756 179350 976100 33  9 57  1  0  0
36  1 135032 45361572 1721464 107548096    0    0     0 554432 178958 976207 33  9 57  1  0  0
38  0 135032 45357944 1721468 107556680    0    0     0 547044 176250 967634 33  9 58  1  0  0
36  0 135032 45351932 1721468 107562648    0    0     0 548604 176288 972659 33  9 57  1  0  0
41  0 135032 45339792 1721468 107571520    0    0     0 550432 178194 971898 33  9 57  1  0  0
36  0 135032 45332996 1721468 107580164    0    0     0 554620 176771 979912 33  9 57  1  0  0
36  0 135032 45327120 1721468 107587336    0    0     0 555916 179685 978487 33  9 57  1  0  0
36  0 135032 45318004 1721476 107595180    0    0     0 550124 179249 958340 33  8 58  1  0  0
37  1 135032 45309076 1721476 107603192    0    0     0 552476 179829 959182 33  8 58  1  0  0
37  0 135032 45300684 1721476 107610084    0    0     0 551404 178472 971263 33  9 58  1  0  0
33  1 135032 45290700 1721476 107618652    0    0     0 542848 176021 961251 33  8 58  1  0  0
31  0 135032 45283900 1721476 107625336    0    0     0 518356 168686 927392 32  8 59  1  0  0
35  2 135032 45275500 1721488 107633388    0    0     0 510412 166451 921281 31  8 59  1  0  0
31  1 135032 45267068 1721488 107641344    0    0     0 515868 169178 920255 32  8 59  1  0  0
34  0 135032 45259920 1721488 107648008    0    0     0 527040 172729 949098 33  8 58  1  0  0
32  1 135032 45255784 1721488 107656524    0    0     0 527400 171202 948733 32  9 58  1  0  0
35  1 135032 45251496 1721488 107664392    0    0     0 528084 173124 948548 33  8 58  1  0  0
procs -----------memory---------- ---swap-- -----io---- -system-- -------cpu-------
 r  b   swpd   free   buff  cache   si   so    bi    bo   in   cs us sy id wa st gu
32  0 135032 45243304 1721496 107671236    0    0     0 526348 171109 944762 32  8 58  1  0  0
35  0 135032 45235668 1721496 107679688    0    0     0 523364 171061 946465 32  8 58  1  0  0
33  3 135032 45227916 1721496 107687356    0    0     0 519216 169654 933692 32  8 58  1  0  0
39  1 135032 45219760 1721496 107694720    0    0     0 523920 171076 939682 32  8 58  1  0  0
41  1 135032 45212536 1721496 107702924    0    0     0 549264 177501 975700 33  8 57  1  0  0
30  2 135032 45208352 1721504 107709180    0    0     0 556016 178860 981264 33  9 57  1  0  0
35  1 135032 45198788 1721504 107718016    0    0     0 545796 175900 966519 33  8 58  1  0  0
36  0 135032 45185888 1721504 107726316    0    0     0 551516 176824 970170 33  9 57  1  0  0
38  2 135032 45184400 1721504 107733252    0    0     0 548204 174849 958930 33  9 58  1  0  0
35  1 135032 45178172 1721504 107741816    0    0     0 556212 177299 984867 33  9 57  1  0  0
36  0 135032 45172592 1721516 107749712    0    0     0 555844 176413 980912 33  9 57  1  0  0
36  1 135032 45162912 1721516 107757280    0    0     0 555492 179552 974542 33  9 58  1  0  0
36  0 135032 45160972 1721516 107765120    0    0     0 538684 173291 949200 32  8 59  1  0  0
36  0 135032 45153840 1721516 107773028    0    0     0 553676 178558 977299 33  9 57  1  0  0
32  1 135032 45144388 1721516 107780136    0    0     0 530176 171596 929436 32  8 59  1  0  0
32  2 135032 45134112 1721524 107788036    0    0     0 520160 170002 925984 32  8 59  1  0  0
32  0 135032 45128156 1721524 107795000    0    0     0 528148 174010 943815 32  8 58  1  0  0
36  0 135032 45117840 1721524 107803196    0    0     0 526968 170801 941832 32  8 58  1  0  0
34  1 135032 45113964 1721524 107810832    0    0     0 525660 170995 940907 32  8 58  1  0  0
34  1 135032 45103920 1721524 107817888    0    0     0 521384 169898 941748 32  8 58  1  0  0
39  1 135032 45065956 1721528 107826184    0    0     0 519548 170350 931859 32  8 59  1  0  0
procs -----------memory---------- ---swap-- -----io---- -system-- -------cpu-------
 r  b   swpd   free   buff  cache   si   so    bi    bo   in   cs us sy id wa st gu
33  1 135032 45060812 1721528 107833840    0    0     0 527660 171774 941992 32  8 58  1  0  0
31  1 135032 45047620 1721528 107841180    0    0     0 525232 171100 943109 32  8 58  1  0  0
34  1 135032 45044508 1721528 107849084    0    0     0 528916 170944 947004 32  8 58  1  0  0
32  1 135032 45029880 1721532 107856732    0    0     4 530104 173701 944879 32  8 58  1  0  0
29  1 135032 45026872 1721540 107864272    0    0     0 533548 174274 946007 32  8 58  1  0  0
38  0 135032 45012456 1721540 107872148    0    0     0 540200 176482 966948 33  9 57  1  0  0
37  1 135032 45003848 1721540 107879460    0    0     0 539768 175593 962760 33  8 57  1  0  0
36  1 135032 44995236 1721540 107887968    0    0     0 539580 175680 963577 33  9 57  1  0  0
33  0 135032 44991420 1721540 107895616    0    0     0 535440 175320 960690 33  9 57  1  0  0
37  0 135032 44986508 1721544 107903176    0    0     0 538556 175002 954986 33  9 58  1  0  0
33  2 135032 44977184 1721544 107911216    0    0     0 532924 175325 954849 33  9 58  1  0  0
35  0 135032 44973128 1721544 107918876    0    0     0 533004 174710 953240 33  9 58  1  0  0
38  1 135032 44964020 1721544 107926488    0    0     0 533968 175009 956011 33  9 58  1  0  0
32  1 135032 44954108 1721544 107934460    0    0     0 527892 172878 954488 33  9 57  1  0  0
32  2 135032 44947312 1721544 107942048    0    0     0 501572 166664 920848 32  8 58  1  0  0
37  2 135032 44936788 1721544 107949672    0    0     0 522908 170991 935738 32  8 58  1  0  0
35  2 135032 44928452 1721544 107957444    0    0     0 534100 174420 958052 33  9 57  1  0  0
38  0 135032 44918708 1721552 107964848    0    0     0 528044 172338 940137 32  9 58  1  0  0
33  0 135032 44909420 1721552 107972696    0    0     0 527864 172992 937876 32  9 58  1  0  0
32  2 135032 44904452 1721552 107980660    0    0     0 530972 173778 956197 33  9 57  1  0  0
36  0 135032 44901532 1721552 107988160    0    0     0 543140 176092 959354 33  9 58  1  0  0
procs -----------memory---------- ---swap-- -----io---- -system-- -------cpu-------
 r  b   swpd   free   buff  cache   si   so    bi    bo   in   cs us sy id wa st gu
36  0 135032 44895820 1721552 107996216    0    0     0 547016 178409 971737 33  8 57  1  0  0
34  0 135032 44878596 1721560 108003884    0    0     0 550440 177897 971880 33  9 57  1  0  0
37  0 135032 44867256 1721560 108011640    0    0     0 545940 177832 955937 33  8 58  1  0  0
37  1 135032 44859288 1721560 108019284    0    0     0 557260 180322 972423 33  9 58  1  0  0
34  1 135032 44814960 1721560 108026544    0    0     0 534444 174332 916266 31  8 60  1  0  0
34  0 135032 44810624 1721560 108034240    0    0     0 555460 178077 966132 33  9 58  1  0  0
32  2 135032 44856844 1721576 108042212    0    0     0 552088 178545 966794 33  9 58  1  0  0
36  0 135032 44852156 1721576 108049916    0    0     0 550864 179091 966948 33  9 58  1  0  0
35  1 135032 44843152 1721576 108057520    0    0     0 547728 177982 962325 33  9 58  1  0  0
33  0 135032 44835776 1721576 108065304    0    0     0 550012 178004 963079 33  8 58  1  0  0
38  0 135032 44829428 1721576 108072892    0    0     0 544380 177995 958382 32  9 58  1  0  0
37  1 135032 44821500 1721584 108080764    0    0     0 548040 177240 964925 33  9 58  1  0  0
40  1 135032 44817684 1721584 108088412    0    0     0 552668 178386 963868 33  8 58  1  0  0
34  2 135032 44807720 1721584 108096088    0    0     0 556424 179143 966834 33  8 58  1  0  0
32  0 135032 44798128 1721584 108103912    0    0     0 548932 176835 963759 33  9 58  1  0  0
35  1 135032 44788260 1721584 108111624    0    0     0 549760 177590 967686 33  9 58  1  0  0
32  1 135032 44776844 1721588 108119196    0    0     0 532304 173079 936387 32  8 59  1  0  0
36  1 135032 44773004 1721588 108126712    0    0     0 526752 171992 928169 32  8 59  1  0  0
33  1 135032 44768988 1721588 108134192    0    0     0 521300 170110 917696 31  8 59  1  0  0
40  0 135032 44763792 1721588 108141632    0    0     0 544632 177877 947751 32  9 58  1  0  0
37  2 135032 44767388 1721588 108149352    0    0     0 554072 179838 965810 33  9 58  1  0  0
procs -----------memory---------- ---swap-- -----io---- -system-- -------cpu-------
 r  b   swpd   free   buff  cache   si   so    bi    bo   in   cs us sy id wa st gu
34  0 135032 44757724 1721596 108156968    0    0     0 537680 174671 918949 31  8 59  1  0  0
33  0 135032 44746868 1721596 108164508    0    0     0 544220 175122 942881 32  9 59  1  0  0
36  1 135032 44740308 1721596 108171916    0    0     0 547664 176898 950776 32  8 58  1  0  0
34  1 135032 44731716 1721596 108179700    0    0     0 550184 176890 962964 33  8 58  1  0  0
33  1 135032 44726396 1721596 108187376    0    0     0 549544 175826 956153 33  8 58  1  0  0
38  1 135032 44723332 1721604 108194976    0    0     0 547312 175284 956751 33  8 58  1  0  0
39  1 135032 44717168 1721604 108202764    0    0     0 542372 174801 964870 33  9 58  1  0  0
34  0 135032 44710384 1721604 108210756    0    0     0 550036 176879 964662 33  9 58  1  0  0
36  1 135032 44699120 1721604 108218296    0    0     0 547228 174191 949997 32  8 59  1  0  0
35  1 135032 44689896 1721604 108225884    0    0     0 556300 178364 966088 33  8 58  1  0  0
31  1 135032 44686012 1721608 108233484    0    0     0 550376 175733 951071 32  8 58  1  0  0
33  0 135032 44672896 1721608 108240988    0    0     0 550868 177715 948914 32  8 59  1  0  0
35  1 135032 44665472 1721608 108248524    0    0     0 546092 175440 948375 32  8 59  1  0  0
35  0 135032 44652280 1721608 108256232    0    0     0 541200 175309 952056 32  8 58  1  0  0
38  1 135032 44647884 1721608 108263988    0    0     0 550932 177454 960364 32  8 58  1  0  0
32  2 135032 44640860 1721620 108271480    0    0     0 547408 176793 949539 32  8 58  1  0  0
34  0 135032 44636220 1721620 108279132    0    0     0 544720 175683 943998 32  8 58  1  0  0
35  0 135032 44628048 1721620 108286748    0    0     0 539452 175891 945618 32  8 59  1  0  0
31  1 135032 44617652 1721620 108294512    0    0     0 542592 174569 945164 33  8 58  1  0  0
34  0 135032 44605672 1721620 108301760    0    0     0 524796 172176 912296 31  8 60  1  0  0
34  1 135032 44600300 1721632 108309184    0    0     0 519644 171608 925847 32  8 59  1  0  0
procs -----------memory---------- ---swap-- -----io---- -system-- -------cpu-------
 r  b   swpd   free   buff  cache   si   so    bi    bo   in   cs us sy id wa st gu
34  0 135032 44591396 1721632 108316672    0    0     0 523612 171384 939379 32  8 58  1  0  0
39  0 135032 44584188 1721632 108324616    0    0     0 550964 178866 965379 33  9 58  1  0  0
37  2 135032 44575412 1721632 108332228    0    0     0 552336 179236 971503 33  8 58  1  0  0
34  1 135032 44572096 1721632 108339992    0    0     0 539216 176068 946797 32  8 59  1  0  0
34  0 135032 44563128 1721636 108347432    0    0     0 537124 174666 938453 32  8 59  1  0  0
34  0 135032 44557312 1721636 108355316    0    0     0 549384 178560 966379 33  8 58  1  0  0
34  0 135032 44551508 1721636 108362916    0    0     0 548684 177730 960491 32  8 58  1  0  0
36  0 135032 44516496 1721636 108370412    0    0     0 541360 175311 947187 32  9 58  1  0  0
36  1 135032 44509360 1721636 108378156    0    0     0 550996 176961 964241 32  8 58  1  0  0
39  1 135032 44500116 1721644 108386036    0    0     0 546804 176503 969759 33  9 58  1  0  0
38  1 135032 44493468 1721648 108393640    0    0     4 550212 178733 965044 33  9 58  1  0  0
37  0 135032 44483552 1721648 108401368    0    0     0 543352 177004 960162 33  9 58  1  0  0
36  0 135032 44475192 1721648 108409084    0    0     0 543308 175072 961033 33  9 58  1  0  0
34  0 135032 44461556 1721648 108416928    0    0     0 546784 176413 961375 33  9 58  1  0  0
34  0 135032 44451444 1721656 108424608    0    0     0 535404 174545 950338 32  8 58  1  0  0
39  1 135032 44450124 1721656 108432020    0    0     0 535388 173314 945893 32  8 59  1  0  0
38  0 135032 44441176 1721656 108439860    0    0     0 537088 173900 958896 33  9 58  1  0  0
33  1 135032 44437808 1721656 108447572    0    0     0 538984 175648 960916 33  8 58  1  0  0
36  0 135032 44432292 1721656 108455276    0    0     0 545652 176429 961185 33  8 58  1  0  0
33  1 135032 44425276 1721656 108463092    0    0     0 544960 174924 960793 32  9 58  1  0  0
35  1 135032 44420856 1721656 108470880    0    0     0 542296 175330 956299 33  8 58  1  0  0
procs -----------memory---------- ---swap-- -----io---- -system-- -------cpu-------
 r  b   swpd   free   buff  cache   si   so    bi    bo   in   cs us sy id wa st gu
34  1 135032 44409628 1721656 108478420    0    0     0 541224 176174 960647 33  8 58  1  0  0
33  1 135032 44406800 1721656 108486032    0    0     0 527184 171689 940331 32  8 59  1  0  0
33  1 135032 44398448 1721656 108493624    0    0     0 515060 169841 927348 32  8 59  1  0  0
34  1 135032 44388284 1721656 108501148    0    0     0 511080 168377 920447 32  8 59  1  0  0
35  1 135032 44379748 1721656 108508772    0    0     0 512404 169029 922422 32  8 59  1  0  0
35  1 135032 44374756 1721656 108516436    0    0     0 522512 170761 937161 32  8 59  1  0  0
36  0 135032 44368768 1721656 108523508    0    0     0 503496 166236 893821 31  8 60  1  0  0
31  1 135032 44360840 1721656 108530944    0    0     0 505284 165989 898426 31  8 60  1  0  0
29  0 135032 44356028 1721660 108538372    0    0     0 529184 171676 929950 32  8 59  1  0  0
38  1 135032 44354048 1721660 108546100    0    0     0 538292 174141 954379 32  8 58  1  0  0
36  1 135032 44344236 1721660 108553712    0    0     0 544040 178117 958341 32  8 58  1  0  0
34  0 135032 44331604 1721660 108561264    0    0     0 525480 171723 923966 31  8 59  1  0  0
36  0 135032 44278940 1721660 108568408    0    0     0 496172 162777 862535 30  8 62  1  0  0
36  0 135032 44269904 1721668 108575732    0    0     0 517124 170536 927762 32  8 59  1  0  0
37  0 135032 44314812 1721672 108583244    0    0     0 500336 165733 904337 31  8 60  1  0  0
31  1 135032 44310456 1721672 108590920    0    0     0 514644 167935 925934 32  8 59  1  0  0
35  0 135032 44306568 1721672 108598484    0    0     0 519012 169061 930498 32  8 59  1  0  0
25  1 135032 44302624 1721672 108605896    0    0     0 517404 168093 928874 32  8 59  1  0  0
34  1 135032 44293224 1721672 108613500    0    0     0 510956 167121 924110 32  8 59  1  0  0
33  2 135032 44285348 1721672 108621036    0    0     0 514816 169697 929615 32  8 59  1  0  0
32  1 135032 44279168 1721672 108628732    0    0     0 511396 168123 928625 32  8 59  1  0  0
procs -----------memory---------- ---swap-- -----io---- -system-- -------cpu-------
 r  b   swpd   free   buff  cache   si   so    bi    bo   in   cs us sy id wa st gu
34  0 135032 44273728 1721672 108636092    0    0     0 515596 169388 923180 32  8 59  1  0  0
39  2 135032 44265112 1721672 108643584    0    0     0 518212 171031 922968 31  8 59  1  0  0
34  1 135032 44255784 1721672 108650916    0    0     0 499100 164945 896889 31  8 60  1  0  0
38  1 135032 44251856 1721672 108658460    0    0     0 508488 165592 917172 31  8 59  1  0  0
34  2 135032 44245460 1721680 108665988    0    0     8 498332 165071 906491 31  8 59  1  0  0
32  1 135032 44243616 1721680 108673364    0    0     0 500200 164307 901711 31  8 59  1  0  0
34  0 135032 44234900 1721680 108680868    0    0     0 522232 169463 934384 32  8 59  1  0  0
30  2 135032 44230004 1721680 108688336    0    0     0 515300 169926 923774 32  8 59  1  0  0
36  1 135032 44227976 1721680 108695760    0    0     0 511000 166786 921855 32  8 59  1  0  0
38  1 135032 44217452 1721680 108703696    0    0     0 521416 169648 938680 32  8 58  1  0  0
30  3 135032 44206044 1721680 108711008    0    0     0 514896 170200 920716 32  8 59  1  0  0
32  0 135032 44202512 1721680 108718608    0    0     0 529132 173475 956124 32  9 58  1  0  0
34  1 135032 44192588 1721688 108726392    0    0     0 529992 174387 940966 32  8 58  1  0  0
34  0 135032 44181408 1721688 108733856    0    0     0 527028 171880 938886 32  8 58  1  0  0
33  2 135032 44171620 1721688 108741532    0    0     0 530872 174569 945723 32  8 58  1  0  0
34  0 135032 44164128 1721688 108749040    0    0     0 533056 175088 935212 32  8 59  1  0  0
33  1 135032 44153992 1721688 108756612    0    0     0 533568 173203 936597 32  8 59  1  0  0
40  1 135032 44142636 1721688 108764212    0    0     0 535656 173963 945387 32  8 58  1  0  0
33  2 135032 44135776 1721692 108771760    0    0     4 535468 174171 944693 32  8 58  1  0  0
35  0 135032 44126436 1721692 108779496    0    0     0 528184 171774 948324 32  8 58  1  0  0
33  1 135032 44127136 1721692 108787244    0    0     0 537856 172495 954930 32  8 58  1  0  0
procs -----------memory---------- ---swap-- -----io---- -system-- -------cpu-------
 r  b   swpd   free   buff  cache   si   so    bi    bo   in   cs us sy id wa st gu
34  1 135032 44118768 1721692 108794808    0    0     0 537432 173161 951280 32  8 58  1  0  0
34  0 135032 44105772 1721700 108802424    0    0     0 526504 172043 939261 32  8 58  1  0  0
38  1 135032 44102292 1721700 108810080    0    0     0 531588 173316 950335 32  9 58  1  0  0
32  1 135032 44094864 1721700 108817632    0    0     0 529624 172371 951565 32  8 58  1  0  0
35  0 135032 44082872 1721700 108825320    0    0     0 531328 173324 945286 32  8 58  1  0  0
38  1 135032 44073104 1721700 108832964    0    0     0 534016 174938 939105 32  8 59  1  0  0
33  1 135032 44070512 1721704 108840312    0    0     0 513496 166996 921304 32  8 59  1  0  0
34  0 135032 44053600 1721704 108847668    0    0     0 505640 166619 899426 31  8 60  1  0  0
34  1 135032 44046424 1721704 108855240    0    0     0 530672 173076 942360 32  8 59  1  0  0
34  1 135032 44038768 1721704 108862936    0    0     0 535660 173090 947113 32  9 58  1  0  0
38  0 135032 44029108 1721704 108870592    0    0     0 534748 173946 937688 32  8 59  1  0  0
38  0 135032 44023844 1721712 108878176    0    0     0 536096 174703 948929 32  8 58  1  0  0
36  0 135032 44008056 1721712 108886012    0    0     0 535284 172732 949712 32  8 58  1  0  0
34  0 135032 44001056 1721712 108893444    0    0     0 531328 172095 923515 31  8 59  1  0  0
33  1 135032 43997332 1721712 108901104    0    0     0 533464 173059 943177 32  8 58  1  0  0
36  0 135032 43965692 1721716 108908524    0    0     4 533996 172558 932126 32  8 59  1  0  0
31  0 135032 43954768 1721728 108916220    0    0     0 537640 174759 950017 32  8 58  1  0  0
34  1 135032 43948988 1721728 108923812    0    0     0 532996 172482 947123 32  9 58  1  0  0
33  1 135032 43936908 1721728 108931228    0    0     0 533120 173197 926865 31  8 59  1  0  0
34  0 135032 43933280 1721728 108938748    0    0     0 522272 170218 921779 32  8 59  1  0  0
35  1 135032 43927320 1721728 108946236    0    0     0 526768 172986 938394 32  8 58  1  0  0
procs -----------memory---------- ---swap-- -----io---- -system-- -------cpu-------
 r  b   swpd   free   buff  cache   si   so    bi    bo   in   cs us sy id wa st gu
37  0 135032 43922756 1721736 108953900    0    0     0 536036 174392 947936 32  8 58  1  0  0
40  0 135032 43913260 1721736 108961400    0    0     0 525288 171894 942859 32  8 58  1  0  0
32  1 135032 43903732 1721736 108969120    0    0     0 533952 174225 951111 32  8 58  1  0  0
40  1 135032 43901768 1721736 108976840    0    0     0 541584 174280 961882 32  9 58  1  0  0
34  1 135032 43893176 1721736 108984512    0    0     0 537748 175030 950992 32  9 58  1  0  0
37  0 135032 43889708 1721736 108992280    0    0     0 537472 174086 953142 32  8 58  1  0  0
35  1 135032 43878008 1721736 108999620    0    0     0 532376 173724 945032 32  8 58  1  0  0
31  1 135032 43873236 1721736 109007352    0    0     0 532056 174499 939747 32  8 59  1  0  0
40  1 135032 43865996 1721736 109014852    0    0     0 531684 174276 936142 32  8 59  1  0  0
35  1 135032 43857544 1721736 109022148    0    0     0 517788 170504 921723 31  8 59  1  0  0
35  1 135032 43849184 1721740 109029864    0    0     0 518620 169964 930514 32  8 59  1  0  0
34  0 135032 43843368 1721740 109037408    0    0     0 524208 171103 937922 32  8 59  1  0  0
34  0 135032 43831040 1721744 109045144    0    0     4 543156 176850 950839 33  8 58  1  0  0
34  0 135032 43822520 1721744 109052748    0    0     0 542924 175169 951509 32  8 58  1  0  0
38  0 135032 43816568 1721744 109060392    0    0     0 541188 174923 948238 32  8 58  1  0  0
35  2 135032 43814836 1721756 109068088    0    0     0 539096 174119 952981 33  8 58  1  0  0
37  0 135032 43801368 1721756 109075680    0    0     0 535804 173802 947232 32  8 58  1  0  0
35  0 135032 43789964 1721756 109083212    0    0     0 527848 172281 920514 31  8 59  1  0  0
35  0 135032 43783788 1721756 109090592    0    0     0 533468 172735 936302 32  8 59  1  0  0
33  1 135032 43774644 1721756 109098236    0    0     0 534608 173090 947526 32  9 58  1  0  0
34  1 135032 43764380 1721760 109105780    0    0     0 538260 174004 942503 32  8 59  1  0  0
procs -----------memory---------- ---swap-- -----io---- -system-- -------cpu-------
 r  b   swpd   free   buff  cache   si   so    bi    bo   in   cs us sy id wa st gu
34  1 135032 43714220 1721760 109112692    0    0     0 515892 169307 861808 29  8 62  1  0  0
36  0 135032 43770788 1721764 109120460    0    0     0 543132 175008 956851 32  8 58  1  0  0
34  1 135032 43762412 1721764 109128016    0    0     0 542812 174194 956601 32  8 58  1  0  0
34  1 135032 43751748 1721764 109135812    0    0     0 548980 174981 965013 33  9 58  1  0  0
32  0 135032 43745324 1721768 109143520    0    0     0 528784 172351 945487 32  9 58  1  0  0
29  1 135032 43745156 1721768 109151264    0    0     0 521404 169401 934497 32  8 58  1  0  0
37  1 135032 43739584 1721768 109158776    0    0     0 520972 169745 928721 32  8 59  1  0  0
36  0 135032 43728572 1721768 109166268    0    0     0 519796 170084 923118 32  8 59  1  0  0
32  1 135032 43716968 1721768 109173776    0    0     0 519412 169289 917620 32  8 59  1  0  0
37  1 135032 43710936 1721784 109181324    0    0     4 523684 169194 937560 32  9 58  1  0  0
37  1 135032 43702760 1721784 109189176    0    0     0 534344 173402 952025 33  9 58  1  0  0
34  0 135032 43693352 1721784 109196904    0    0     0 534936 173286 957290 33  9 58  1  0  0
39  1 135032 43685600 1721784 109204552    0    0     0 530536 173407 945239 32  8 58  1  0  0
35  0 135032 43676416 1721784 109212224    0    0     0 526720 172166 935763 32  8 59  1  0  0
33  0 135032 43671680 1721792 109219856    0    0     0 536072 173349 943529 33  8 58  1  0  0
34  1 135032 43669836 1721792 109227640    0    0     0 550848 178015 968018 33  9 58  1  0  0
33  0 135032 43664816 1721792 109235292    0    0     0 551316 178449 970010 33  9 58  1  0  0
30  1 135032 43657656 1721792 109243124    0    0     0 548568 176491 966716 33  9 58  1  0  0
37  0 135032 43643952 1721792 109250932    0    0     0 548580 178024 960165 33  9 58  1  0  0
36  0 135032 43639764 1721804 109258380    0    0     0 551376 176525 961144 32  9 58  1  0  0
33  0 135032 43633360 1721804 109266088    0    0     0 550304 177847 966451 32  9 58  1  0  0
procs -----------memory---------- ---swap-- -----io---- -system-- -------cpu-------
 r  b   swpd   free   buff  cache   si   so    bi    bo   in   cs us sy id wa st gu
35  1 135032 43629012 1721804 109273620    0    0     0 536772 173753 928163 31  8 59  1  0  0
37  1 135032 43620816 1721804 109281468    0    0     0 549256 177999 971585 33  9 57  1  0  0
33  0 135032 43613324 1721804 109289012    0    0     0 543300 176447 955527 33  8 58  1  0  0
38  0 135032 43606476 1721816 109296848    0    0     0 540020 176061 953360 33  9 58  1  0  0
34  1 135032 43598432 1721816 109304512    0    0     0 552600 178721 971528 33  9 58  1  0  0
38  0 135032 43592184 1721816 109312396    0    0     0 553808 177494 977271 33  9 57  1  0  0
33  1 135032 43579320 1721820 109320252    0    0     4 549760 176752 974243 33  9 57  1  0  0
32  1 135032 43575752 1721820 109328176    0    0     0 552832 177791 979824 33  9 57  1  0  0
34  1 135032 43561164 1721828 109335980    0    0     0 557148 177678 980778 33  9 57  1  0  0
32  2 135032 43550788 1721828 109343728    0    0     0 529632 172235 952568 33  9 58  1  0  0
30  2 135032 43541792 1721828 109351640    0    0     0 530988 172893 951152 33  9 58  1  0  0
35  1 135032 43531336 1721828 109359184    0    0     0 542564 173948 955754 33  8 58  1  0  0
31  3 135032 43529868 1721828 109367004    0    0     0 552436 177658 966723 33  9 58  1  0  0
37  0 135032 43521996 1721832 109374728    0    0     0 555952 177629 973606 33  9 58  1  0  0
33  0 135032 43517204 1721832 109382468    0    0     0 534980 172715 936346 32  8 59  1  0  0
29  0 135032 43506200 1721832 109389784    0    0     0 526932 169617 926403 32  8 59  1  0  0
37  1 135032 43502504 1721832 109397456    0    0     0 535600 174060 946915 32  8 58  1  0  0
38  1 135032 43492196 1721832 109405252    0    0     0 553436 178463 977047 33  9 57  1  0  0
32  2 135032 43481192 1721836 109412968    0    0     0 552420 176864 970739 33  9 58  1  0  0
30  2 135032 43472840 1721836 109420800    0    0     0 554800 177086 974889 33  9 57  1  0  0
35  0 135032 43466152 1721836 109428608    0    0     0 554172 175669 968020 33  9 58  1  0  0
procs -----------memory---------- ---swap-- -----io---- -system-- -------cpu-------
 r  b   swpd   free   buff  cache   si   so    bi    bo   in   cs us sy id wa st gu
34  1 135032 43453780 1721836 109436328    0    0     0 550656 177658 965728 33  9 58  1  0  0
34  0 135032 43446584 1721836 109444028    0    0     0 555604 179266 971375 33  9 58  1  0  0
34  0 135032 43414316 1721852 109451664    0    0     4 540680 173484 933496 31  8 59  1  0  0
35  0 135032 43410240 1721852 109459208    0    0     0 542220 175929 947466 32  8 58  1  0  0
32  1 135032 43415824 1721852 109466936    0    0     0 558892 179466 973260 33  9 58  1  0  0
34  1 135032 43405404 1721852 109474640    0    0     0 551152 178432 967593 33  9 58  1  0  0
33  0 135032 43394888 1721852 109482460    0    0     0 546080 177544 960400 33  8 58  1  0  0
34  0 135032 43386504 1721860 109490296    0    0     0 544888 174533 963547 33  9 58  1  0  0
35  1 135032 43382196 1721860 109497912    0    0     0 534404 171961 958743 33  9 58  1  0  0
37  0 135032 43378068 1721860 109505912    0    0     0 536048 173914 959009 33  9 57  1  0  0
37  1 135032 43365836 1721860 109513444    0    0     0 531688 172191 947976 33  9 58  1  0  0
34  2 135032 43356588 1721860 109521464    0    0     0 536924 173962 964000 33  9 57  1  0  0
34  0 135032 43348400 1721868 109529164    0    0     0 535240 173262 953083 33  9 58  1  0  0
32  0 135032 43338064 1721868 109536848    0    0     0 533956 173663 956200 33  9 58  1  0  0
30  2 135032 43329856 1721868 109544676    0    0     0 529880 173280 952115 33  9 58  1  0  0
32  1 135032 43322200 1721868 109552348    0    0     0 537956 174550 959272 33  9 58  1  0  0
35  1 135032 43319672 1721868 109560176    0    0     0 535576 172462 957817 33  9 57  1  0  0
35  1 135032 43309592 1721872 109567868    0    0     0 536548 174182 955464 33  8 58  1  0  0
33  0 135032 43301276 1721872 109575336    0    0     0 532960 171074 944286 32  8 59  1  0  0
33  1 135032 43288504 1721872 109583120    0    0     0 540588 175572 944725 32  8 58  1  0  0
37  0 135032 43282336 1721876 109590900    0    0     4 556252 178276 970973 33  9 57  1  0  0
procs -----------memory---------- ---swap-- -----io---- -system-- -------cpu-------
 r  b   swpd   free   buff  cache   si   so    bi    bo   in   cs us sy id wa st gu
34  1 135032 43270056 1721876 109598588    0    0     0 555640 178202 968120 33  9 58  1  0  0
34  1 135032 43262156 1721884 109606384    0    0     0 554996 176974 969130 33  8 58  1  0  0
35  0 135032 43256292 1721884 109614236    0    0     0 554820 177817 966825 33  9 58  1  0  0
35  0 135032 43247720 1721884 109621848    0    0     0 549072 176043 956696 32  8 58  1  0  0
36  2 135032 43237680 1721884 109629516    0    0     0 554576 178561 960270 32  8 58  1  0  0
36  0 135032 43229240 1721884 109637012    0    0     0 543816 175173 948553 32  8 59  1  0  0
44  1 135032 43222468 1721892 109644640    0    0     0 544172 175980 938300 32  8 59  1  0  0
35  1 135032 43170928 1721892 109651724    0    0     0 535700 173643 906731 31  8 61  1  0  0
34  2 135032 43222484 1721896 109659448    0    0     0 546068 176032 952751 32  9 58  1  0  0
39  1 135032 43218624 1721896 109667440    0    0     0 554424 178360 964168 33  9 58  1  0  0
36  0 135032 43210460 1721896 109675068    0    0     0 555932 179011 972460 33  9 57  1  0  0
35  1 135032 43203316 1721900 109682796    0    0     0 556404 179018 973141 33  9 57  1  0  0
34  0 135032 43198472 1721900 109690728    0    0     0 561708 179588 982220 33  9 57  1  0  0
36  0 135032 43189416 1721900 109698520    0    0     0 551020 176209 972816 33  9 57  1  0  0
35  1 135032 43179028 1721900 109706460    0    0     0 558468 179828 983072 33  9 57  1  0  0
31  1 135032 43169128 1721900 109714384    0    0     0 560468 180236 978653 33  9 57  1  0  0
35  1 135032 43159060 1721908 109721964    0    0     4 553572 177598 970036 33  9 57  1  0  0
36  1 135032 43148764 1721908 109729828    0    0     0 543764 174573 955281 32  9 58  1  0  0
32  0 135032 43147908 1721912 109737360    0    0     4 558300 178415 968371 33  8 58  1  0  0
