procs -----------memory---------- ---swap-- -----io---- -system-- -------cpu-------
 r  b   swpd   free   buff  cache   si   so    bi    bo   in   cs us sy id wa st gu
 4  0 136820 2807412 1760468 184863028    4    6 26098 26277 12596    3  3  0 96  1  0  0
11  8 136820 2733776 1760468 184863180    0    0 223248 16640 101714 116200 15  1 81  3  0  0
13  6 136820 2728988 1760468 184864576    0    0 692688 334980 178277 361821  9  3 78 10  0  0
 3  0 136820 2723932 1760468 184866276    0    0 587200 310844 177966 337557 10  2 80  8  0  0
11  8 136820 2721892 1760468 184867744    0    0 554096 381640 175721 322380  9  3 81  8  0  0
11  6 136820 2722396 1760468 184869096    0    0 570224 372724 177592 330772  9  2 80  8  0  0
10  8 136820 2723904 1760468 184870628    0    0 576864 376248 179219 334243  9  2 80  8  0  0
 9 10 136820 2720268 1760468 184872068    0    0 577088 385632 180289 335038  9  2 80  8  0  0
14  5 136820 2719884 1760468 184873492    0    0 571008 377508 178303 332080  9  2 80  8  0  0
17  4 136820 2720836 1760468 184874984    0    0 570992 372228 178015 333674  9  2 80  8  0  0
 9  9 136820 2718732 1760472 184876348    0    0 575472 366488 178907 335649  9  2 80  8  0  0
16  5 136820 2717888 1760472 184877840    0    0 574960 360648 177933 333416  9  2 80  8  0  0
 6 12 136820 2714060 1760472 184879260    0    0 569344 360968 177445 330194  9  2 80  8  0  0
15  6 136820 2712888 1760472 184880644    0    0 572208 362660 178226 331569  9  2 80  8  0  0
10  9 136820 2710620 1760472 184882152    0    0 570240 359952 177521 329501  9  2 80  8  0  0
10  8 136820 2709976 1760476 184883456    0    0 569776 361376 177472 331119  9  2 80  8  0  0
12  8 136820 2706624 1760476 184885032    0    0 567296 363600 177459 331261  9  2 81  8  0  0
14  6 136820 2709204 1760476 184886408    0    0 568992 363156 177965 331804  9  2 81  8  0  0
10  8 136820 2705468 1760476 184887884    0    0 570048 367080 178197 330798  9  2 80  8  0  0
 3  0 136820 2705924 1760476 184889316    0    0 572944 368396 177835 331735  9  2 81  8  0  0
 8 10 136820 2704944 1760480 184890692    0    0 562656 372980 176803 328826  9  2 81  8  0  0
procs -----------memory---------- ---swap-- -----io---- -system-- -------cpu-------
 r  b   swpd   free   buff  cache   si   so    bi    bo   in   cs us sy id wa st gu
10  8 136820 2705296 1760480 184892236    0    0 560528 384020 177486 331149  9  2 81  8  0  0
12  6 136820 2705800 1760480 184893560    0    0 551552 384760 176555 323774  9  2 81  8  0  0
13  6 136820 2713180 1760480 184894940    0    0 554064 377532 176003 319580  9  2 81  8  0  0
11  8 136820 2710812 1760480 184896308    0    0 544432 379116 175473 319421  9  2 81  8  0  0
10  9 136820 2708984 1760484 184897768    0    0 554996 377860 177000 321313  9  2 81  8  0  0
 2  0 136820 2704788 1760484 184899192    0    0 555728 384116 176840 324494  9  2 81  8  0  0
 2  1 136820 2702688 1760484 184900648    0    0 554112 375484 176314 323190  9  2 81  8  0  0
 9  9 136820 2701092 1760492 184902048    0    0 555680 377996 176109 322046  9  2 81  8  0  0
 2  0 136820 2702532 1760492 184903376    0    0 556592 380012 175449 322256  9  2 81  8  0  0
 7 11 136820 2698248 1760496 184904752    0    0 557392 384252 176687 323636  9  2 81  8  0  0
13  5 136820 2947836 1760496 184660792    0    0 558480 377184 175982 322098  9  2 81  8  0  0
10  9 136820 2945808 1760496 184661540    0    0 541952 381804 173482 314571  8  2 81  8  0  0
20  3 136820 2942280 1760496 184662976    0    0 562944 374188 177077 325928  9  2 81  8  0  0
 9 11 136820 2939684 1760496 184664272    0    0 543120 379404 174873 316342  9  2 81  8  0  0
 3  0 136820 2938040 1760496 184665620    0    0 559376 373836 176495 323717  9  2 81  8  0  0
11  7 136820 2939952 1760496 184666992    0    0 555232 381444 175847 321421  9  3 81  8  0  0
10 10 136820 2938796 1760496 184668308    0    0 551072 382660 175759 322677  9  2 81  8  0  0
 4 14 136820 2934012 1760496 184669716    0    0 559072 384552 175817 322811  9  2 81  8  0  0
11  7 136820 2936992 1760496 184671080    0    0 555072 377776 176144 320931  9  2 81  8  0  0
 3  0 136820 2932696 1760500 184672428    0    0 550352 374564 174159 317612  9  2 81  8  0  0
 9 11 136820 2931752 1760500 184673796    0    0 551072 379916 174971 319017  9  2 81  8  0  0
procs -----------memory---------- ---swap-- -----io---- -system-- -------cpu-------
 r  b   swpd   free   buff  cache   si   so    bi    bo   in   cs us sy id wa st gu
 9  9 136820 2931188 1760500 184675168    0    0 554032 377184 175156 322147  9  2 81  8  0  0
10  8 136820 2934828 1760500 184676544    0    0 562768 374452 176118 324080  9  2 81  8  0  0
 4  0 136820 2933616 1760500 184677912    0    0 557472 377480 175713 321130  9  2 81  8  0  0
 4  0 136820 2929040 1760508 184679292    0    0 557744 377580 175966 322049  9  2 81  8  0  0
 5  0 136820 2931312 1760508 184680672    0    0 555680 383604 176012 322259  9  2 81  8  0  0
12  5 136820 2925400 1760508 184682068    0    0 559552 383644 177159 321672  9  3 80  8  0  0
10 10 136820 2921116 1760508 184683448    0    0 561488 380840 176846 322808  9  3 80  8  0  0
10 10 136820 2921408 1760508 184684768    0    0 555600 380964 175457 319547  9  2 81  8  0  0
13  5 136820 2920016 1760516 184686200    0    0 560320 378728 176989 323724  9  3 80  8  0  0
10  7 136820 2918388 1760516 184687520    0    0 556752 378776 175818 320598  9  2 81  8  0  0
 9 11 136820 2917660 1760516 184688892    0    0 557488 379528 175956 321047  9  2 81  8  0  0
10  7 136820 2917132 1760516 184690256    0    0 548848 377084 174800 321731  9  2 81  8  0  0
12  6 136820 2919824 1760516 184691628    0    0 559744 376180 176312 324533  9  2 81  8  0  0
10  8 136820 2911904 1760520 184692940    0    0 553968 381700 175965 322669  9  2 81  8  0  0
11  7 136820 2911940 1760520 184694340    0    0 552592 372952 175506 322709  9  2 81  8  0  0
 6 12 136820 2906936 1760520 184695700    0    0 548592 380160 174595 319291  9  2 81  8  0  0
13  7 136820 2908944 1760520 184697068    0    0 552784 379948 175889 323622  9  2 81  8  0  0
12  5 136820 2904944 1760520 184698400    0    0 562688 377724 176497 325495  9  2 81  8  0  0
10  8 136820 2904868 1760528 184699816    0    0 552944 384460 175553 322572  9  2 81  8  0  0
12  6 136820 2909492 1760528 184701128    0    0 553792 378936 176874 323838  9  2 81  8  0  0
 9  8 136820 2909020 1760528 184702544    0    0 558288 379244 177736 326580  9  2 81  8  0  0
procs -----------memory---------- ---swap-- -----io---- -system-- -------cpu-------
 r  b   swpd   free   buff  cache   si   so    bi    bo   in   cs us sy id wa st gu
14  4 136820 2908132 1760528 184703892    0    0 553840 382804 177030 325372  9  2 81  8  0  0
14  3 136820 2902348 1760528 184705260    0    0 552112 378388 176188 322618  9  2 81  8  0  0
10  8 136820 2896336 1760532 184706652    0    0 554752 378124 176922 324740  9  2 81  8  0  0
 6 10 136820 2901620 1760532 184708020    0    0 552672 381472 175965 320221  9  2 81  8  0  0
 7 12 136820 2900484 1760532 184709356    0    0 553600 378352 176467 324336  9  2 81  8  0  0
 5  0 136820 2908584 1760532 184710704    0    0 556576 377748 176748 323519  9  2 81  8  0  0
13  6 136820 2907136 1760536 184712100    0    0 560628 383792 178039 326659  9  3 81  8  0  0
14  5 136820 2903512 1760536 184713412    0    0 551328 384172 176130 320158  9  2 81  8  0  0
13  8 136820 2900688 1760536 184714804    0    0 564512 380192 177648 328333  9  2 81  8  0  0
11 10 136820 2901508 1760536 184716196    0    0 557632 383304 176261 324367  9  2 81  8  0  0
11  7 136820 2895724 1760536 184717576    0    0 561424 383464 176993 323349  9  3 80  8  0  0
12  6 136820 2891292 1760536 184718908    0    0 552560 375608 175159 320965  9  2 81  8  0  0
 9  9 136820 2888920 1760544 184720280    0    0 552960 380756 175914 321859  9  2 81  8  0  0
 8 11 136820 2892196 1760544 184721656    0    0 560896 379824 176551 325399  9  2 81  8  0  0
12  6 136820 2886976 1760544 184723068    0    0 560128 373864 176285 323474  9  2 81  8  0  0
11  9 136820 2885872 1760544 184724428    0    0 552016 382208 175867 323223  9  2 81  8  0  0
11  8 136820 2886696 1760544 184725788    0    0 553264 380156 176453 323745  9  3 81  8  0  0
 4  0 136820 2884100 1760548 184727152    0    0 561168 379860 177065 327759  9  2 81  8  0  0
11  7 136820 2891976 1760548 184728528    0    0 558960 381428 176225 322690  9  2 81  8  0  0
 8 10 136820 2892340 1760548 184729904    0    0 549584 376680 174757 318227  9  2 81  8  0  0
 8 10 136820 2886020 1760548 184731228    0    0 556016 371532 175990 325394  9  2 81  8  0  0
procs -----------memory---------- ---swap-- -----io---- -system-- -------cpu-------
 r  b   swpd   free   buff  cache   si   so    bi    bo   in   cs us sy id wa st gu
12  6 136820 2884496 1760548 184732584    0    0 552192 379176 174760 321008  9  2 81  8  0  0
13  6 136820 2883552 1760556 184733868    0    0 557136 383924 175624 319342  9  2 81  8  0  0
15  4 136820 2848596 1760556 184735308    0    0 515312 349028 165826 293882  8  2 82  7  0  0
 5  0 136820 2844208 1760556 184736644    0    0 559536 374512 175950 324664  9  2 81  8  0  0
 9 10 136820 2839460 1760556 184738068    0    0 554864 382840 176025 320796  9  2 81  8  0  0
 8 10 136820 2830132 1760556 184739476    0    0 562608 383412 177755 325931  9  2 81  8  0  0
 8 10 136820 2832672 1760564 184740836    0    0 546976 379812 175410 317055  9  2 81  8  0  0
11  7 136820 2830688 1760564 184742208    0    0 565344 372764 175601 323106  9  2 81  8  0  0
10  8 136820 2829164 1760564 184743544    0    0 559216 385468 176709 324868  9  2 81  8  0  0
 3  0 136820 2831036 1760564 184744972    0    0 558256 380956 175958 322109  9  2 81  8  0  0
10  7 136820 2883936 1760568 184746396    0    0 553808 387216 175758 319472  9  2 81  8  0  0
 9  9 136820 2883248 1760576 184747760    0    0 560256 375880 176105 325347  9  2 81  8  0  0
15  4 136820 2881260 1760576 184749180    0    0 566208 382216 176879 326976  9  2 81  8  0  0
12  7 136820 2874132 1760576 184750568    0    0 554880 381092 175774 323444  9  2 81  8  0  0
 9  8 136820 2874816 1760576 184751956    0    0 559744 381216 176984 326128  9  2 81  8  0  0
10  8 136820 2872600 1760576 184753320    0    0 557552 377844 175434 322716  9  2 81  8  0  0
 3  0 136820 2864036 1760576 184754736    0    0 554576 378572 175995 323366  9  2 81  8  0  0
 2  0 136820 2861308 1760576 184756120    0    0 553200 391616 176680 322259  9  2 81  8  0  0
12  7 136820 2861320 1760576 184757552    0    0 560864 380400 176157 324224  9  2 81  8  0  0
10  8 136820 2859328 1760576 184758996    0    0 568784 379048 177452 326592  9  2 80  8  0  0
 4  0 136820 2860880 1760576 184760368    0    0 555664 384840 176561 325570  9  2 81  8  0  0
procs -----------memory---------- ---swap-- -----io---- -system-- -------cpu-------
 r  b   swpd   free   buff  cache   si   so    bi    bo   in   cs us sy id wa st gu
 0 16 136820 2854640 1760576 184761728    0    0 554864 385696 175841 323599  9  2 81  8  0  0
 1  0 136820 2853660 1760576 184763140    0    0 556224 379968 175962 321986  9  3 80  8  0  0
11  7 136820 2852208 1760576 184764556    0    0 561872 379812 176397 323026  9  2 81  8  0  0
 8  9 136820 2856596 1760576 184765908    0    0 562416 381504 177488 325924  9  2 81  8  0  0
10  8 136820 2847880 1760576 184767280    0    0 552688 383124 175600 319658  9  2 81  8  0  0
 4  0 136820 2846808 1760584 184768704    0    0 563952 379692 177482 329077  9  2 81  8  0  0
11  7 136820 2843360 1760584 184770000    0    0 558880 379716 176654 324342  9  2 81  8  0  0
 9 10 136820 2840716 1760584 184771504    0    0 557392 380852 176743 326317  9  2 81  8  0  0
 5 12 136820 2843888 1760584 184772888    0    0 551984 382704 175880 320894  9  2 81  8  0  0
 9  9 136820 2838328 1760584 184774352    0    0 564416 378560 176555 323149  9  2 81  8  0  0
13  5 136820 2837056 1760592 184775720    0    0 567744 380596 176548 325113  9  2 81  8  0  0
 2  1 136820 2831612 1760592 184777144    0    0 554320 380628 174143 318507  9  2 81  8  0  0
11  7 136820 2826772 1760592 184778588    0    0 559520 375804 174690 321462  9  2 81  8  0  0
 9  9 136820 2827696 1760592 184780016    0    0 561920 382664 175804 323043  9  2 81  8  0  0
17  7 136820 2829420 1760592 184781412    0    0 555392 379944 174926 317710  9  3 81  8  0  0
16  6 136820 2832208 1760600 184782780    0    0 560864 372324 175216 322893  9  2 81  8  0  0
10 10 136820 2831240 1760600 184784164    0    0 556208 381048 174474 320158  9  2 81  8  0  0
11  8 136820 2836788 1760600 184785608    0    0 553152 382708 175666 317998  9  2 81  8  0  0
 4  0 136820 2835020 1760600 184786940    0    0 557936 379804 175494 320154  9  2 81  8  0  0
 4  0 136820 2833320 1760600 184788424    0    0 559488 382924 176310 322358  9  2 81  8  0  0
11  7 136820 2830652 1760604 184789656    0    0 560176 376264 175859 322519  9  2 81  8  0  0
procs -----------memory---------- ---swap-- -----io---- -system-- -------cpu-------
 r  b   swpd   free   buff  cache   si   so    bi    bo   in   cs us sy id wa st gu
 9  9 136820 2829396 1760604 184791136    0    0 562848 380844 175957 322557  9  2 80  8  0  0
11  7 136820 2824252 1760604 184792568    0    0 551504 380520 175020 320387  9  2 81  8  0  0
13  5 136820 2821332 1760604 184793920    0    0 553600 384068 175171 319612  9  2 81  8  0  0
 8 10 136820 2829152 1760604 184795396    0    0 566720 381176 175830 322237  9  2 81  8  0  0
 2  0 136820 2830124 1760608 184796788    0    0 556912 383424 175696 321091  9  2 81  8  0  0
 8 10 136820 2827148 1760608 184798248    0    0 564912 375384 176757 323966  9  2 81  8  0  0
10  9 136820 2825280 1760608 184799676    0    0 564960 376172 176030 323692  9  2 81  8  0  0
 8  9 136820 2821176 1760608 184800984    0    0 555376 383428 175463 320159  9  3 81  8  0  0
11  9 136820 2818372 1760608 184802408    0    0 555120 387808 175798 323508  9  2 81  8  0  0
 6  0 136820 2813528 1760612 184803756    0    0 565680 382536 177137 326046  9  2 81  8  0  0
14  5 136820 2812668 1760612 184805252    0    0 561776 384160 176063 322072  9  2 81  8  0  0
10  8 136820 2810984 1760612 184806660    0    0 556432 383716 175324 324393  9  2 81  8  0  0
11  8 136820 2808448 1760612 184808080    0    0 560592 377096 174710 320148  9  2 81  8  0  0
10  7 136820 2809592 1760612 184809456    0    0 556752 379456 175556 319677  9  2 81  8  0  0
13  6 136820 2808860 1760620 184810852    0    0 564432 381400 176344 322420  9  2 81  8  0  0
 9  9 136820 2802600 1760620 184812260    0    0 560192 379760 175236 320535  9  2 81  8  0  0
10  7 136820 2802536 1760620 184813632    0    0 554528 384136 174661 321923  9  2 81  8  0  0
 4  0 136820 2800084 1760620 184815068    0    0 553696 376536 173395 318557  9  2 81  8  0  0
 4  0 136820 2799328 1760624 184816452    0    0 556560 376352 174217 319652  9  2 81  8  0  0
14  5 136820 2803556 1760624 184817880    0    0 562240 379480 175963 323470  9  2 81  8  0  0
 7 11 136820 2800416 1760624 184819308    0    0 567952 385384 176190 323217  9  2 81  8  0  0
procs -----------memory---------- ---swap-- -----io---- -system-- -------cpu-------
 r  b   swpd   free   buff  cache   si   so    bi    bo   in   cs us sy id wa st gu
12  6 136820 2800900 1760624 184820728    0    0 554624 384008 175609 319287  9  2 81  8  0  0
14  4 136820 2797268 1760624 184822140    0    0 557472 376484 175906 321333  9  2 81  8  0  0
11  7 136820 2794332 1760624 184823512    0    0 552848 383232 174932 320039  9  2 81  8  0  0
 9  9 136820 2793620 1760624 184824940    0    0 556656 379860 175277 320386  9  2 81  8  0  0
 9 10 136820 2798396 1760624 184826288    0    0 560000 382744 175379 322645  9  3 80  8  0  0
 4  0 136820 2795020 1760624 184827804    0    0 556144 387528 175310 319696  9  2 81  8  0  0
 9  9 136820 2796536 1760624 184829164    0    0 561408 375880 175177 320310  9  2 81  8  0  0
12  7 136820 2794116 1760624 184830588    0    0 564816 378456 175066 321825  9  3 81  8  0  0
 9 10 136820 2794120 1760624 184831936    0    0 560400 382036 177021 321421  9  2 81  8  0  0
12  6 136820 2792560 1760624 184833376    0    0 566480 386392 178379 329019  9  2 81  8  0  0
11  8 136820 2790400 1760624 184834780    0    0 564800 386568 178188 326514  9  2 81  8  0  0
10  8 136820 2793420 1760624 184836192    0    0 558192 389676 178111 326630  9  2 81  8  0  0
16  4 136820 2792564 1760624 184837564    0    0 564480 379936 177651 326145  9  3 81  8  0  0
 8 10 136820 2794384 1760624 184839036    0    0 551744 384588 176344 321545  9  2 81  8  0  0
 4  0 136820 2791044 1760624 184840392    0    0 569904 380892 177225 327288  9  3 80  8  0  0
10  8 136820 2786196 1760624 184841896    0    0 565024 388568 176200 321726  9  2 81  8  0  0
11  7 136820 2786028 1760628 184843308    0    0 558880 377736 175571 321463  9  2 81  8  0  0
10  9 136820 2782936 1760632 184844728    0    0 558320 378452 175804 318125  9  3 81  8  0  0
12  9 136820 2783796 1760632 184846176    0    0 552272 375100 175215 316749  9  2 81  8  0  0
10  9 136820 2782756 1760632 184847508    0    0 556656 375952 174987 320651  9  2 81  8  0  0
12  7 136820 2779812 1760632 184848956    0    0 558464 377684 175108 319073  9  3 80  8  0  0
procs -----------memory---------- ---swap-- -----io---- -system-- -------cpu-------
 r  b   swpd   free   buff  cache   si   so    bi    bo   in   cs us sy id wa st gu
11  8 136820 2777440 1760636 184850352    0    0 560964 381776 177465 325859  9  2 80  8  0  0
10  9 136820 2777020 1760640 184851768    0    0 552816 386600 176067 323728  9  2 81  8  0  0
12  8 136820 2781932 1760640 184852992    0    0 557744 378768 175910 323341  9  2 81  8  0  0
 9 11 136820 2777044 1760640 184854524    0    0 560272 386848 176884 324563  9  2 81  8  0  0
11  8 136820 2776492 1760640 184855944    0    0 553696 379104 175340 323742  9  2 81  8  0  0
 7  0 136820 2773232 1760640 184857312    0    0 560416 380164 176732 325971  9  2 81  8  0  0
 4  0 136820 2774532 1760644 184858732    0    0 559072 380172 175734 324230  9  2 81  8  0  0
11  9 136820 2772440 1760644 184860140    0    0 554656 382308 174839 322744  9  2 81  8  0  0
13  5 136820 2771488 1760644 184861528    0    0 556944 379856 175851 325561  9  2 81  8  0  0
 9  8 136820 2766532 1760644 184862916    0    0 555424 376192 175936 326919  9  2 81  8  0  0
11  7 136820 2766272 1760644 184864372    0    0 554160 383804 176117 324437  9  3 81  8  0  0
12  7 136820 2763528 1760644 184865728    0    0 554560 373668 175693 323467  9  2 81  8  0  0
10  8 136820 2761028 1760644 184867136    0    0 548752 378444 175767 321310  9  2 81  8  0  0
10  8 136820 2761128 1760644 184868524    0    0 558512 378792 175963 323474  9  3 81  8  0  0
 7 11 136820 2758628 1760644 184869920    0    0 549504 377192 174175 317115  9  2 81  8  0  0
 9 12 136820 2754192 1760644 184871268    0    0 562720 378432 176499 324574  9  2 81  8  0  0
10  9 136820 2753336 1760644 184872728    0    0 549824 380392 174924 319150  9  2 81  8  0  0
 9  9 136820 2754512 1760644 184874088    0    0 553056 371940 174534 317843  9  2 81  8  0  0
 8 11 136820 2751672 1760644 184875488    0    0 553888 377784 175680 321917  9  2 81  8  0  0
15  4 136820 2752260 1760644 184876880    0    0 556832 377740 176066 322113  9  2 81  8  0  0
 9  9 136820 2748172 1760644 184878292    0    0 553216 384224 174882 321651  9  2 81  8  0  0
procs -----------memory---------- ---swap-- -----io---- -system-- -------cpu-------
 r  b   swpd   free   buff  cache   si   so    bi    bo   in   cs us sy id wa st gu
14  6 136820 2749412 1760648 184879712    0    0 564128 378948 176169 323804  9  3 81  8  0  0
 3  0 136820 2746332 1760648 184881144    0    0 557120 383684 174873 323749  9  2 81  8  0  0
13  5 136820 2746740 1760648 184882584    0    0 556432 389252 176608 322972  9  2 81  8  0  0
12  5 136820 2743964 1760648 184884028    0    0 558000 374168 176082 321576  9  2 81  8  0  0
13  5 136820 2741272 1760648 184885312    0    0 551280 379996 174438 317621  9  2 81  8  0  0
 3 15 136820 2740260 1760648 184886780    0    0 549632 372140 173830 320416  9  2 81  8  0  0
10  9 136820 2737276 1760652 184888188    0    0 543328 375120 173746 317375  9  2 81  8  0  0
 8 10 136820 2733528 1760652 184889540    0    0 555504 372056 175103 321850  9  2 81  8  0  0
 1  0 136820 2729508 1760652 184890912    0    0 539616 376844 173656 315816  9  2 81  8  0  0
 7 14 136820 2730128 1760652 184892284    0    0 555728 371864 175044 321732  9  2 81  8  0  0
12  8 136820 2731528 1760656 184893780    0    0 561696 376876 177229 324482  9  2 81  8  0  0
10  6 136820 2729344 1760656 184895164    0    0 551968 379572 175813 324319  9  2 81  8  0  0
 8 10 136820 2725432 1760656 184896572    0    0 554368 377496 175839 320762  9  2 81  8  0  0
 4  0 136820 2730836 1760656 184897980    0    0 560976 378460 176786 325772  9  2 81  8  0  0
 7 11 136820 2725896 1760660 184899388    0    0 560000 383576 178369 327514  9  2 81  8  0  0
 7 12 136820 2726784 1760660 184900756    0    0 551328 388092 177430 323598  9  2 81  8  0  0
10 10 136820 2723360 1760660 184902056    0    0 564880 384856 178548 330612  9  3 80  8  0  0
 4  0 136820 2723776 1760660 184903608    0    0 553328 381992 176921 327140  8  2 81  8  0  0
17  0 136820 2721864 1760660 184904992    0    0 556656 385420 178233 324804  9  2 81  8  0  0
 7 11 136820 2722184 1760668 184906368    0    0 557648 373256 177097 324291  9  2 81  8  0  0
 8  9 136820 2720528 1760668 184907780    0    0 550832 384980 177450 322838  9  2 81  8  0  0
procs -----------memory---------- ---swap-- -----io---- -system-- -------cpu-------
 r  b   swpd   free   buff  cache   si   so    bi    bo   in   cs us sy id wa st gu
 9  9 136820 2716652 1760668 184909184    0    0 555456 383552 177132 323513  9  2 81  8  0  0
 7 12 136820 2712536 1760668 184910552    0    0 559680 380516 176758 324224  9  3 81  8  0  0
10 11 136820 2710544 1760668 184912000    0    0 553920 378264 177175 323311  9  2 81  8  0  0
13  5 136820 2717304 1760668 184913376    0    0 565552 381440 177237 327238  9  2 81  8  0  0
11  7 136820 2704792 1760672 184914808    0    0 547968 390840 176085 319553  9  2 81  8  0  0
11  7 136820 2705556 1760672 184916252    0    0 560512 384380 177780 326942  9  2 81  8  0  0
 9  9 136820 2704760 1760672 184917632    0    0 557872 380980 177061 323590  9  3 81  8  0  0
 1  0 136820 2698608 1760672 184919060    0    0 551840 386204 175934 323303  9  2 81  8  0  0
 4  1 136820 2951556 1760672 184672512    0    0 560816 376800 177001 324015  9  2 81  8  0  0
17  0 136820 2950476 1760676 184673456    0    0 551312 384008 176002 321859  9  2 81  8  0  0
13  6 136820 2943780 1760676 184674804    0    0 545504 376196 174017 317612  9  2 81  8  0  0
 3  0 136820 2940120 1760676 184676092    0    0 555968 372292 175572 322717  9  2 80  8  0  0
14  4 136820 2935116 1760676 184677520    0    0 544352 378240 174406 315921  8  2 81  8  0  0
10  7 136820 2937396 1760676 184678872    0    0 553104 379336 175474 320997  8  2 81  8  0  0
 9  9 136820 2934780 1760680 184680200    0    0 542768 375316 174330 316324  9  2 81  8  0  0
12  5 136820 2927988 1760680 184681484    0    0 553888 367676 175832 320935  9  2 80  8  0  0
10  8 136820 2920996 1760680 184682896    0    0 544592 379652 175229 317854  9  2 81  8  0  0
 9 10 136820 2919752 1760680 184684228    0    0 556592 373176 176116 325108  9  3 81  8  0  0
10  9 136820 2923136 1760680 184685596    0    0 556384 376368 175170 324890  9  2 81  8  0  0
 6 11 136820 2919960 1760688 184687012    0    0 551632 377196 174321 318394  9  2 81  8  0  0
 6 10 136820 2925132 1760688 184688368    0    0 559360 374632 175667 321753  9  2 81  8  0  0
procs -----------memory---------- ---swap-- -----io---- -system-- -------cpu-------
 r  b   swpd   free   buff  cache   si   so    bi    bo   in   cs us sy id wa st gu
10 10 136820 2924816 1760688 184689728    0    0 550272 380936 175716 320721  9  2 81  8  0  0
11  8 136820 2924176 1760688 184691076    0    0 553232 379280 175998 320620  9  2 81  8  0  0
 8 10 136820 2919584 1760688 184692424    0    0 558208 382104 177795 325016  9  2 81  8  0  0
 7 11 136820 2918320 1760692 184693852    0    0 556608 380660 177064 323028  9  2 81  8  0  0
 3  0 136820 2917372 1760692 184695232    0    0 563008 383056 177473 326539  9  2 81  8  0  0
15  6 136820 2919412 1760692 184696564    0    0 554144 387624 177252 324049  9  2 81  8  0  0
 8  9 136820 2916892 1760692 184697932    0    0 555984 386132 178080 326143  9  2 81  8  0  0
11  6 136820 2923628 1760692 184699320    0    0 556288 383772 177611 325137  9  2 81  8  0  0
10  8 136820 2918420 1760700 184700656    0    0 553216 384012 176509 323092  9  2 81  8  0  0
12  9 136820 2919444 1760700 184702040    0    0 556112 378136 177003 322989  9  2 80  8  0  0
 7 12 136820 2923476 1760700 184703356    0    0 552816 380888 176819 323286  9  3 81  8  0  0
 2  0 136820 2923076 1760700 184704752    0    0 548592 386540 176590 322042  9  2 81  8  0  0
13  5 136820 2918772 1760700 184706164    0    0 565344 376216 178470 329099  9  2 80  8  0  0
13  6 136820 2914624 1760708 184707536    0    0 550864 384952 177199 323812  8  2 81  8  0  0
13  6 136820 2909744 1760708 184708924    0    0 560256 377664 177526 327693  9  2 81  8  0  0
 4 14 136820 2908628 1760708 184710252    0    0 555664 385228 177824 324298  9  2 81  8  0  0
11  9 136820 2900736 1760708 184711712    0    0 564400 378000 177700 328738  9  2 80  8  0  0
10  8 136820 2904556 1760708 184713080    0    0 552656 376236 177866 323477  9  2 80  8  0  0
12  7 136820 2897452 1760716 184714456    0    0 547360 376756 175639 318126  9  2 81  8  0  0
 3  0 136820 2899424 1760716 184715772    0    0 550496 369860 175954 320828  9  2 80  8  0  0
12  6 136820 2896264 1760716 184717136    0    0 547184 375688 176118 319957  9  2 81  8  0  0
procs -----------memory---------- ---swap-- -----io---- -system-- -------cpu-------
 r  b   swpd   free   buff  cache   si   so    bi    bo   in   cs us sy id wa st gu
 1  1 136820 2891736 1760716 184718488    0    0 539104 378588 175298 315620  9  2 81  8  0  0
16  5 136820 2896224 1760716 184719900    0    0 545968 370396 175414 318860  8  2 81  8  0  0
11  9 136820 2896160 1760720 184721256    0    0 554528 374252 175824 320168  9  2 81  8  0  0
13  5 136820 2888196 1760720 184722584    0    0 552848 384500 177182 325295  9  2 81  8  0  0
 3  0 136820 2887672 1760720 184724032    0    0 553136 381216 177270 322900  9  2 81  8  0  0
 9 12 136820 2885208 1760720 184725384    0    0 550928 379876 176685 323054  9  2 81  8  0  0
23  0 136820 2891500 1760720 184726752    0    0 544688 380732 174845 318695  9  2 81  8  0  0
10  9 136820 2886192 1760724 184728156    0    0 549776 379384 176699 322992  9  2 81  8  0  0
 8  9 136820 2888764 1760724 184729540    0    0 559536 379628 176729 326288  9  2 81  8  0  0
12  5 136820 2887256 1760724 184730880    0    0 560992 377284 177439 326906  9  2 81  8  0  0
11  7 136820 2883068 1760724 184732328    0    0 549792 380356 176532 320820  9  2 81  8  0  0
10  8 136820 2878992 1760724 184733632    0    0 557040 380612 177076 324673  9  2 81  8  0  0
15  3 136820 2885172 1760728 184734992    0    0 554192 377312 176980 325242  9  3 81  8  0  0
 8 10 136820 2882632 1760728 184736424    0    0 545824 387416 176858 321868  9  2 81  8  0  0
 9  9 136820 2880260 1760732 184737816    0    0 554512 373628 176741 323532  9  2 81  8  0  0
 4  1 136820 2875108 1760736 184739236    0    0 544596 380836 175565 318833  9  2 81  8  0  0
12  7 136820 2874988 1760736 184740628    0    0 555856 378832 177758 325344  9  3 80  8  0  0
 8 10 136820 2870316 1760740 184742024    0    0 552928 372200 177075 321371  9  3 81  8  0  0
11  7 136820 2870828 1760740 184743408    0    0 560672 378152 178585 327333  9  2 81  8  0  0
 6 12 136820 2868880 1760740 184744848    0    0 552000 387832 177547 325966  9  2 81  8  0  0
 9  8 136820 2864320 1760740 184746276    0    0 559664 389732 178614 325570  9  2 81  8  0  0
procs -----------memory---------- ---swap-- -----io---- -system-- -------cpu-------
 r  b   swpd   free   buff  cache   si   so    bi    bo   in   cs us sy id wa st gu
 4  0 136820 2869144 1760740 184747608    0    0 557552 392740 178717 329395  9  2 81  8  0  0
 9  9 136820 2867904 1760740 184749024    0    0 554912 383420 175543 323715  9  2 81  8  0  0
 7 12 136820 2869844 1760740 184750372    0    0 545536 377112 175289 320141  9  2 81  8  0  0
18  2 136820 2869156 1760740 184751780    0    0 555296 375408 175749 321429  9  2 81  8  0  0
 2  1 136820 2863764 1760740 184753124    0    0 544112 374132 174209 315451  8  3 81  8  0  0
12  7 136820 2861872 1760740 184754548    0    0 546944 377656 176016 320463  9  2 81  8  0  0
15  2 136820 2858856 1760744 184755888    0    0 550400 380112 176824 321590  9  2 81  8  0  0
 4  1 136820 2861348 1760744 184757260    0    0 544768 377368 175493 319128  9  2 81  8  0  0
 9 10 136820 2859464 1760744 184758636    0    0 555728 379736 177409 321953  9  3 81  8  0  0
11  8 136820 2857600 1760744 184759980    0    0 548896 382804 177007 320496  9  2 81  8  0  0
12  6 136820 2854932 1760744 184761416    0    0 562752 381312 178475 328977  9  2 81  8  0  0
12  5 136820 2848216 1760756 184762844    0    0 564416 381864 177987 329221  9  3 81  8  0  0
 5 13 136820 2846624 1760756 184764244    0    0 561248 387932 178856 326932  9  2 81  8  0  0
 6 12 136820 2843628 1760756 184765684    0    0 562832 388976 178497 329267  9  2 81  8  0  0
10  8 136820 2838632 1760756 184767076    0    0 550176 377444 175145 320331  8  2 81  8  0  0
10  6 136820 2838688 1760756 184768488    0    0 560208 383040 177380 324418  9  2 81  8  0  0
12 10 136820 2834344 1760764 184769880    0    0 560288 386776 178314 326344  9  2 81  8  0  0
10  9 136820 2834416 1760764 184771236    0    0 555776 386464 177498 325499  9  2 81  8  0  0
12  8 136820 2829328 1760764 184772704    0    0 568640 381040 178655 327612  9  2 80  8  0  0
14  4 136820 2835012 1760764 184774088    0    0 560320 396424 178976 328024  9  3 81  8  0  0
 2  0 136820 2833556 1760764 184775508    0    0 561840 392740 178054 327641  9  2 81  8  0  0
procs -----------memory---------- ---swap-- -----io---- -system-- -------cpu-------
 r  b   swpd   free   buff  cache   si   so    bi    bo   in   cs us sy id wa st gu
14  4 136820 2833076 1760772 184776888    0    0 569280 386816 179289 334608  9  2 81  8  0  0
 8 10 136820 2828548 1760772 184778364    0    0 562464 390388 178185 328680  9  2 81  8  0  0
11  6 136820 2828344 1760772 184779776    0    0 561920 382924 177888 328318  9  2 81  8  0  0
12  7 136820 2826416 1760772 184781184    0    0 567792 380592 178201 328162  9  2 80  8  0  0
 2  0 136820 2822400 1760772 184782600    0    0 554752 389492 177985 325185  9  2 81  8  0  0
15  5 136820 2820092 1760772 184783976    0    0 563328 380600 178966 327411  9  2 81  8  0  0
10  9 136820 2819508 1760772 184785296    0    0 551312 386616 177785 321978  9  2 81  8  0  0
12  7 136820 2820708 1760772 184786676    0    0 556896 383524 177553 324438  9  2 81  8  0  0
12  7 136820 2823844 1760772 184788164    0    0 560816 378496 177466 326887  9  2 81  8  0  0
 7 11 136820 2817172 1760772 184789600    0    0 560032 386964 178678 324676  9  2 81  8  0  0
13  6 136820 2816448 1760784 184790960    0    0 560192 383396 177811 327362  9  2 81  8  0  0
13  5 136820 2816204 1760784 184792384    0    0 552832 387032 177261 323345  9  2 81  8  0  0
 9  9 136820 2820848 1760784 184793732    0    0 561872 381680 177405 325567  9  2 81  8  0  0
11  7 136820 2814724 1760784 184795188    0    0 553168 385560 176979 322812  9  3 81  8  0  0
12  6 136820 2809448 1760784 184796552    0    0 557840 383896 177435 323015  9  2 81  8  0  0
12  8 136820 2808152 1760792 184797988    0    0 563088 385352 177423 324957  9  2 81  8  0  0
 1  0 136820 2805348 1760792 184799424    0    0 556176 381856 177321 323988  9  2 81  8  0  0
15  3 136820 2807920 1760792 184800840    0    0 562640 378940 178248 329886  9  2 81  8  0  0
11  8 136820 2806240 1760792 184802220    0    0 553280 392772 176582 324008  9  2 81  8  0  0
12  8 136820 2803800 1760792 184803660    0    0 555936 382716 177274 326297  9  2 81  8  0  0
 8 10 136820 2803212 1760796 184804944    0    0 559280 383016 176875 323940  9  2 81  8  0  0
procs -----------memory---------- ---swap-- -----io---- -system-- -------cpu-------
 r  b   swpd   free   buff  cache   si   so    bi    bo   in   cs us sy id wa st gu
 8  9 136820 2798012 1760796 184806468    0    0 563504 378828 178252 327292  9  2 81  8  0  0
 4  0 136820 2797096 1760796 184807788    0    0 555296 383108 176535 321494  9  3 81  8  0  0
 0  1 136820 2796944 1760796 184809272    0    0 554816 388808 177836 326143  9  2 81  8  0  0
 1  0 136820 2800356 1760796 184810628    0    0 562656 382452 177408 328221  9  2 81  8  0  0
11  8 136820 2799828 1760804 184812048    0    0 556272 381312 176662 325482  9  2 81  8  0  0
 7 11 136820 2793428 1760804 184813460    0    0 560464 381876 177452 326531  9  2 81  8  0  0
12  9 136820 2792504 1760804 184814800    0    0 552176 385252 176182 323221  9  2 81  8  0  0
13  6 136820 2791644 1760804 184816240    0    0 547984 374772 175391 317499  9  2 81  8  0  0
 8 10 136820 2791032 1760804 184817620    0    0 559536 378720 177177 325756  9  2 81  8  0  0
 7  1 136820 2774120 1760812 184819000    0    0 556576 374900 176911 324299  9  2 81  8  0  0
11  8 136820 2768488 1760812 184820476    0    0 544496 383296 175624 322768  9  3 80  8  0  0
 3  0 136820 2764796 1760812 184821876    0    0 552416 381736 176337 322667  9  2 81  8  0  0
 8 10 136820 2765428 1760812 184823308    0    0 556144 380024 176587 324556  9  2 81  8  0  0
 4  0 136820 2765684 1760812 184824676    0    0 554496 380952 176614 323679  9  2 81  8  0  0
13  5 136820 2764988 1760820 184826076    0    0 554064 375512 177073 322989  9  2 81  8  0  0
 5  0 136820 2764700 1760820 184827384    0    0 550496 393472 177620 322756  9  2 81  8  0  0
10  8 136820 2761368 1760820 184828852    0    0 558432 376304 176909 325905  9  2 81  8  0  0
 8 11 136820 2766452 1760820 184830308    0    0 558928 385968 177591 326251  9  2 81  8  0  0
 6 12 136820 2767612 1760820 184831696    0    0 555216 379912 176690 327488  9  2 81  8  0  0
 6 12 136820 2762148 1760820 184833040    0    0 565504 380532 178101 330504  9  2 80  8  0  0
 1  0 136820 2740600 1760820 184834536    0    0 544288 384272 175575 318995  9  3 81  8  0  0
procs -----------memory---------- ---swap-- -----io---- -system-- -------cpu-------
 r  b   swpd   free   buff  cache   si   so    bi    bo   in   cs us sy id wa st gu
 2  0 136820 2738396 1760820 184835868    0    0 552432 378348 176660 323654  9  2 81  8  0  0
11  6 136820 2735536 1760820 184837296    0    0 559328 378812 177915 326881  9  2 81  8  0  0
19  5 136820 2731792 1760820 184838708    0    0 557280 381248 177368 327128  9  2 81  8  0  0
 7 12 136820 2736376 1760824 184840084    0    0 549712 390136 177190 321901  9  3 81  8  0  0
13  5 136820 2731176 1760824 184841464    0    0 554752 376004 177219 325912  9  2 81  8  0  0
12  6 136820 2729100 1760824 184842908    0    0 556384 383292 177202 324422  9  2 81  8  0  0
 4 14 136820 2728804 1760824 184844328    0    0 556912 383196 177467 324192  9  2 81  8  0  0
 5  0 136820 2728324 1760824 184845688    0    0 559648 386880 178277 324905  9  2 81  8  0  0
 9  9 136820 2729920 1760836 184847064    0    0 555776 377096 175993 321895  9  2 81  8  0  0
 7 12 136820 2728680 1760836 184848524    0    0 556592 386240 177749 324568  9  2 81  8  0  0
 6 12 136820 2729396 1760836 184849896    0    0 554320 389260 177950 323057  9  2 81  8  0  0
 4  0 136820 2726388 1760836 184851316    0    0 560192 379920 178301 326887  9  2 81  8  0  0
10  8 136820 2725504 1760836 184852656    0    0 560304 373132 177993 327723  9  2 81  8  0  0
 1  0 136820 2723980 1760844 184854140    0    0 546288 393544 177141 324475  9  2 81  8  0  0
 8 10 136820 2723884 1760844 184855532    0    0 557040 378136 177670 325109  9  2 81  8  0  0
11  7 136820 2721828 1760844 184856900    0    0 551856 378232 177313 324571  9  2 80  8  0  0
10  7 136820 2721956 1760844 184858312    0    0 547280 373512 175732 320622  9  2 81  8  0  0
 4  0 136820 2725788 1760844 184859520    0    0 551216 381944 176848 323473  9  2 81  8  0  0
13  4 136820 2722920 1760856 184861072    0    0 558208 380820 177975 328242  9  2 81  8  0  0
10  8 136820 2723608 1760856 184862496    0    0 557520 383056 178098 327017  9  2 81  8  0  0
13  7 136820 2719124 1760856 184863832    0    0 553824 384292 176331 324161  9  2 81  8  0  0
procs -----------memory---------- ---swap-- -----io---- -system-- -------cpu-------
 r  b   swpd   free   buff  cache   si   so    bi    bo   in   cs us sy id wa st gu
19  4 136820 2720364 1760856 184865264    0    0 556848 372148 175954 321744  9  2 81  8  0  0
10  9 136820 2720196 1760856 184866656    0    0 548784 383124 175018 321674  9  2 81  8  0  0
 7 11 136820 2715944 1760868 184867980    0    0 545440 372960 175670 321297  9  2 81  8  0  0
11  8 136820 2711976 1760868 184869396    0    0 559040 384388 177504 326416  9  2 81  8  0  0
 9 10 136820 2719504 1760868 184870840    0    0 553696 374888 175879 326330  9  2 81  8  0  0
 1  0 136820 2718048 1760868 184872076    0    0 541760 385420 176041 317912  9  2 81  8  0  0
10  8 136820 2719512 1760868 184873544    0    0 548256 376168 175829 324651  9  2 81  8  0  0
 5 13 136820 2719240 1760868 184874980    0    0 553264 381836 176900 326376  9  2 81  8  0  0
 9 10 136820 2716512 1760868 184876328    0    0 557296 377688 176954 324540  9  2 81  8  0  0
 2  0 136820 2714300 1760872 184877744    0    0 552564 383964 176795 323647  9  2 81  8  0  0
10 10 136820 2712024 1760872 184879136    0    0 557168 387224 178258 327744  9  2 81  8  0  0
13  5 136820 2714680 1760872 184880504    0    0 554528 383472 175797 321858  9  3 81  8  0  0
12  6 136820 2711344 1760880 184881940    0    0 559168 372696 177873 326205  9  3 80  8  0  0
 4  0 136820 2709420 1760880 184883324    0    0 553216 379620 175990 322948  9  2 81  8  0  0
 2  0 136820 2710996 1760880 184884724    0    0 552688 382964 176260 321496  9  2 81  8  0  0
10  8 136820 2709960 1760880 184886164    0    0 562768 374020 176905 324091  9  2 81  8  0  0
10  8 136820 2710860 1760880 184887560    0    0 552928 378700 176721 323879  9  3 81  8  0  0
 4  0 136820 2707664 1760892 184888952    0    0 550816 382552 177153 322069  9  2 81  8  0  0
12  6 136820 2704768 1760892 184890352    0    0 553632 378844 176772 322165  9  2 81  8  0  0
11  7 136820 2702344 1760892 184891732    0    0 552640 380852 176440 323891  9  2 81  8  0  0
 8 11 136820 2698304 1760892 184893136    0    0 554832 385048 178167 323955  9  3 81  8  0  0
procs -----------memory---------- ---swap-- -----io---- -system-- -------cpu-------
 r  b   swpd   free   buff  cache   si   so    bi    bo   in   cs us sy id wa st gu
 8  9 136820 2699604 1760892 184894520    0    0 549216 386160 176526 321070  9  2 81  8  0  0
11  8 136820 2952484 1760904 184647624    0    0 557424 384872 177125 325641  9  2 81  8  0  0
15  4 136820 2946748 1760904 184648984    0    0 557392 380448 177560 324617  9  2 81  8  0  0
 4  0 136820 2944920 1760904 184650416    0    0 550704 382448 177449 320809  9  2 81  8  0  0
 8 10 136820 2944012 1760904 184651628    0    0 552528 381724 176761 322514  9  2 81  8  0  0
 9  9 136820 2943504 1760904 184653088    0    0 561360 379032 178496 328524  9  2 80  8  0  0
 3  0 136820 2941160 1760908 184654416    0    0 553392 380376 176979 323261  9  3 81  8  0  0
12  6 136820 2939936 1760908 184655752    0    0 553632 386276 177572 323031  9  2 81  8  0  0
 9  9 136820 2936732 1760908 184657216    0    0 557984 382652 177719 326395  9  2 81  8  0  0
13  5 136820 2940888 1760908 184658628    0    0 554912 383948 177962 323912  9  3 81  8  0  0
10  8 136820 2939812 1760908 184659968    0    0 564064 384204 179327 331165  9  2 80  8  0  0
 3 13 136820 2937324 1760912 184661276    0    0 554976 392632 177960 324311  9  2 81  8  0  0
 7 12 136820 2931648 1760912 184662732    0    0 564208 381704 177930 327476  9  2 81  8  0  0
10  8 136820 2928092 1760912 184664092    0    0 558672 383488 179155 328620  9  2 81  8  0  0
 8 11 136820 2926608 1760912 184665424    0    0 556256 389512 177725 323934  9  2 81  8  0  0
12  6 136820 2928892 1760912 184666840    0    0 558080 383864 178036 327230  9  2 81  8  0  0
12  7 136820 2923220 1760920 184668136    0    0 550592 381764 177262 323442  9  2 81  8  0  0
 7 12 136820 2927416 1760920 184669548    0    0 549632 384900 176330 323732  9  2 81  8  0  0
11  7 136820 2924584 1760920 184670960    0    0 550544 376484 176530 321963  9  2 81  8  0  0
 7 12 136820 2920664 1760920 184672180    0    0 551776 377872 177337 326798  9  2 81  8  0  0
 3  0 136820 2921512 1760920 184673632    0    0 555712 372592 177679 324787  9  3 81  8  0  0
procs -----------memory---------- ---swap-- -----io---- -system-- -------cpu-------
 r  b   swpd   free   buff  cache   si   so    bi    bo   in   cs us sy id wa st gu
10  9 136820 2913664 1760924 184675016    0    0 546256 384464 175673 318187  9  2 81  8  0  0
 8 10 136820 2916676 1760924 184676368    0    0 556992 378312 177477 324800  9  2 81  8  0  0
13  6 136820 2916964 1760924 184677728    0    0 557472 385996 177587 323704  9  2 81  8  0  0
 3  1 136820 2922088 1760924 184679080    0    0 553408 386120 177348 323240  9  2 81  8  0  0
13  9 136820 2917976 1760924 184680444    0    0 553072 379036 177338 324524  9  2 81  8  0  0
 7  0 136820 2914732 1760932 184681740    0    0 551152 386508 177838 323945  9  2 81  8  0  0
 5  1 136820 2908560 1760932 184683152    0    0 562576 376460 178425 329070  9  2 81  8  0  0
10  8 136820 2904636 1760932 184684548    0    0 552640 390800 178295 326984  9  2 81  8  0  0
 7 12 136820 2902288 1760932 184685916    0    0 557088 384360 177763 326160  9  2 81  8  0  0
 1  0 136820 2898988 1760932 184687256    0    0 555856 380176 177674 324829  9  2 81  8  0  0
 7 11 136820 2889348 1760932 184688628    0    0 555504 376324 178155 328631  9  3 80  8  0  0
13  6 136820 2893776 1760932 184690008    0    0 548240 377480 176552 324787  9  2 81  8  0  0
13  4 136820 2891860 1760932 184691392    0    0 547120 383644 175901 320389  9  2 81  8  0  0
 4  0 136820 2894524 1760932 184692768    0    0 553744 378536 177154 324738  9  2 81  8  0  0
 4  0 136820 2897400 1760932 184694124    0    0 548592 380208 175977 322131  8  2 81  8  0  0
 8  9 136820 2891236 1760936 184695468    0    0 554144 381328 177288 324554  9  2 81  8  0  0
 8 10 136820 2892384 1760936 184696852    0    0 556144 375916 176962 323586  9  3 81  8  0  0
 4  0 136820 2892992 1760936 184698236    0    0 550768 382008 174853 317494  9  2 81  8  0  0
11  7 136820 2887172 1760936 184699652    0    0 554944 381000 176417 320443  9  2 81  8  0  0
 7 11 136820 2885872 1760936 184701004    0    0 554192 380204 177126 322552  9  2 81  8  0  0
10  7 136820 2881180 1760936 184702372    0    0 555136 374308 176399 321263  9  2 81  8  0  0
procs -----------memory---------- ---swap-- -----io---- -system-- -------cpu-------
 r  b   swpd   free   buff  cache   si   so    bi    bo   in   cs us sy id wa st gu
13  5 136820 2878800 1760936 184703748    0    0 546816 389424 177717 320861  9  2 81  8  0  0
 8 10 136820 2875732 1760936 184705120    0    0 555008 380976 177279 322187  9  2 81  8  0  0
 7 10 136820 2875496 1760936 184706556    0    0 559600 377992 177746 326906  9  2 81  8  0  0
 6 12 136820 2874596 1760936 184707804    0    0 550944 382892 176811 322655  9  2 81  8  0  0
13  6 136820 2870260 1760936 184709308    0    0 558576 382536 178011 323285  8  2 81  8  0  0
 3  0 136820 2865536 1760936 184710700    0    0 536848 364876 172812 311346  8  2 81  9  0  0
12  6 136820 2866348 1760936 184712016    0    0 534368 368752 173378 311375  8  2 81  9  0  0
 9  9 136820 2862184 1760936 184713324    0    0 539520 364216 173236 315447  8  2 81  9  0  0
 8 10 136820 2861476 1760936 184714740    0    0 553312 380488 176776 321687  9  2 80  9  0  0
 9 10 136820 2860636 1760936 184716092    0    0 546928 371744 175761 321687  9  2 81  8  0  0
 6  0 136820 2868772 1760936 184717520    0    0 544208 375696 174485 314078  8  2 81  8  0  0
 9  9 136820 2866468 1760936 184718852    0    0 551200 368512 174069 317528  9  2 81  8  0  0
 9  9 136820 2862976 1760936 184720256    0    0 546944 372680 176406 321210  9  2 81  8  0  0
 4  0 136820 2861320 1760936 184721588    0    0 538432 374652 174414 316328  9  2 81  8  0  0
 3  0 136820 2860144 1760944 184722920    0    0 550320 375736 175290 318243  8  2 80  9  0  0
 8 10 136820 2852076 1760944 184724368    0    0 541328 372132 174207 312944  9  2 81  9  0  0
 5  0 136820 2851080 1760944 184725608    0    0 549616 368932 174876 320126  9  2 80  9  0  0
 9  8 136820 2844096 1760944 184727032    0    0 541056 369320 174677 314643  9  2 80  8  0  0
 4  0 136820 2844348 1760944 184728396    0    0 529488 363620 172529 311315  8  2 81  9  0  0
14  6 136820 2846696 1760952 184729736    0    0 527488 357936 173265 309732  8  2 80  9  0  0
 4  0 136820 2849640 1760952 184731088    0    0 534656 366220 174019 312413  8  2 81  9  0  0
procs -----------memory---------- ---swap-- -----io---- -system-- -------cpu-------
 r  b   swpd   free   buff  cache   si   so    bi    bo   in   cs us sy id wa st gu
 9 10 136820 2847160 1760952 184732312    0    0 553648 370528 176088 321814  9  2 81  8  0  0
 9 10 136820 2847488 1760952 184733832    0    0 548176 376548 176084 320987  9  2 81  8  0  0
13  5 136820 2845036 1760952 184735264    0    0 546272 384148 176291 320134  9  2 81  8  0  0
 4  0 136820 2844688 1760952 184736552    0    0 552048 376296 174665 319640  9  2 81  8  0  0
 9  8 136820 2841848 1760952 184738024    0    0 547024 374408 176268 320528  9  3 81  8  0  0
13  5 136820 2836140 1760952 184739432    0    0 553920 380992 176234 320863  9  2 81  8  0  0
11  9 136820 2840856 1760952 184740812    0    0 559824 374956 177376 324394  9  2 81  8  0  0
16  4 136820 2838020 1760952 184742200    0    0 558608 382044 177858 324794  9  2 81  8  0  0
10  8 136820 2838112 1760956 184743552    0    0 554320 379612 177042 322617  9  2 81  8  0  0
11  6 136820 2836652 1760956 184744996    0    0 550912 382932 177079 321729  9  2 80  8  0  0
10  8 136820 2838636 1760956 184746368    0    0 545888 384940 175544 316998  9  2 81  8  0  0
 4  0 136820 2835176 1760956 184747720    0    0 548592 377668 176482 321029  9  2 81  8  0  0
11  9 136820 2839476 1760956 184749100    0    0 555232 376664 176155 323032  9  2 81  8  0  0
15  6 136820 2840244 1760956 184750504    0    0 558032 377092 176425 324453  9  2 81  8  0  0
17  6 136820 2838784 1760960 184751832    0    0 560800 390832 178465 325775  9  3 81  8  0  0
14  7 136820 2834540 1760960 184753332    0    0 562144 383996 177191 325365  9  2 81  8  0  0
14  6 136820 2837468 1760960 184754724    0    0 571856 379572 177969 332000  9  3 81  8  0  0
10  8 136820 2833216 1760960 184756100    0    0 562688 393776 177966 327362  9  2 81  8  0  0
10  8 136820 2829724 1760960 184757608    0    0 555744 389484 177754 325145  9  3 81  8  0  0
10  7 136820 2829252 1760960 184758964    0    0 567936 390576 178902 329395  9  2 81  8  0  0
 7 11 136820 2830752 1760960 184760364    0    0 565888 387376 179276 330523  9  3 81  8  0  0
procs -----------memory---------- ---swap-- -----io---- -system-- -------cpu-------
 r  b   swpd   free   buff  cache   si   so    bi    bo   in   cs us sy id wa st gu
 7 11 136820 2829468 1760960 184761852    0    0 550944 383312 175269 320516  9  2 81  8  0  0
 4  0 136820 2826812 1760960 184763176    0    0 553600 379952 176282 322343  9  2 81  8  0  0
11  7 136820 2822200 1760960 184764600    0    0 545920 370244 174712 316269  9  2 81  8  0  0
14  5 136820 2824376 1760976 184765936    0    0 545012 372212 174856 316803  9  2 81  8  0  0
12  6 136820 2821260 1760976 184767328    0    0 552608 376744 176460 321953  9  2 81  8  0  0
 9  9 136820 2816528 1760976 184768756    0    0 549264 375764 176335 320675  9  3 81  8  0  0
12  6 136820 2810012 1760976 184770060    0    0 550784 379776 177312 321597  9  2 81  8  0  0
12  7 136820 2812648 1760976 184771364    0    0 550864 383628 176344 319292  9  2 81  8  0  0
10  8 136820 2812676 1760976 184772884    0    0 558736 381308 177198 326645  9  2 81  8  0  0
14  4 136820 2806516 1760976 184774172    0    0 558416 388588 178166 327908  9  2 81  8  0  0
 8 10 136820 2807012 1760976 184775732    0    0 561232 386236 177212 327291  8  2 81  8  0  0
14  7 136820 2807028 1760976 184777088    0    0 556704 380124 175903 325651  9  2 81  8  0  0
11  8 136820 2807336 1760976 184778540    0    0 561504 383376 177558 329506  9  2 81  8  0  0
10  9 136820 2802852 1760980 184779928    0    0 564208 390224 178413 330648  9  2 81  8  0  0
 9  0 136820 2799936 1760980 184781324    0    0 569440 375908 177976 330429  9  2 81  8  0  0
14  4 136820 2796432 1760980 184782716    0    0 557760 386580 176804 325991  9  2 81  8  0  0
 1  1 136820 2794260 1760980 184784124    0    0 549360 386112 175050 319794  9  3 81  8  0  0
14  5 136820 2794024 1760980 184785524    0    0 559152 387252 178530 326782  9  2 81  8  0  0
 9 10 136820 2790116 1760992 184786928    0    0 561728 388524 178624 327446  9  2 81  8  0  0
12  6 136820 2787916 1760992 184788344    0    0 562464 381908 177231 325829  9  2 81  8  0  0
14  6 136820 2756776 1760992 184789584    0    0 521536 365812 169850 302735  8  2 82  7  0  0
procs -----------memory---------- ---swap-- -----io---- -system-- -------cpu-------
 r  b   swpd   free   buff  cache   si   so    bi    bo   in   cs us sy id wa st gu
11  7 136820 2754672 1760992 184791104    0    0 566736 390496 179270 331371  9  2 81  8  0  0
13  7 136820 2752680 1760992 184792480    0    0 566896 384800 178157 326928  9  3 81  8  0  0
 4  0 136820 2752152 1760996 184793928    0    0 570192 387332 179135 330876  9  3 81  8  0  0
11  7 136820 2751576 1760996 184795336    0    0 560656 391536 178705 327894  9  3 81  8  0  0
11  7 136820 2752264 1760996 184796728    0    0 568080 381488 178223 329782  9  2 81  8  0  0
 3  0 136820 2748060 1760996 184798136    0    0 561888 392720 179177 329067  9  2 81  8  0  0
 2  1 136820 2750948 1760996 184799560    0    0 558464 389648 178231 326959  9  2 81  8  0  0
11  7 136820 2812580 1761000 184801024    0    0 549824 378380 176287 322336  9  2 81  8  0  0
 6 12 136820 2807496 1761000 184802424    0    0 551632 381212 177087 322788  9  2 81  8  0  0
10  8 136820 2807152 1761000 184803728    0    0 550544 384640 177086 322864  9  2 81  8  0  0
13  7 136820 2798308 1761000 184805216    0    0 553024 385284 178148 322375  9  3 81  8  0  0
 4  0 136820 2803972 1761000 184806636    0    0 544384 374656 175913 318715  9  2 81  8  0  0
10 10 136820 2802576 1761008 184807968    0    0 552624 379888 177265 321388  9  2 81  8  0  0
10  8 136820 2797636 1761008 184809300    0    0 551440 378564 176060 321060  8  2 81  8  0  0
10 10 136820 2796360 1761008 184810700    0    0 554832 381648 177280 322088  9  3 81  8  0  0
18  3 136820 2797164 1761008 184812100    0    0 562752 389304 178849 329870  9  2 81  8  0  0
10  8 136820 2799248 1761008 184813528    0    0 564256 384332 178419 330064  9  3 81  8  0  0
11  8 136820 2796364 1761012 184814940    0    0 563200 390888 179653 329271  9  2 81  8  0  0
14  5 136820 2798148 1761012 184816376    0    0 558064 388916 178110 326197  9  2 81  8  0  0
14  7 136820 2796144 1761012 184817820    0    0 559472 385896 177921 327714  9  2 81  8  0  0
11  7 136820 2792580 1761024 184819104    0    0 559824 384872 178718 327342  9  2 81  8  0  0
procs -----------memory---------- ---swap-- -----io---- -system-- -------cpu-------
 r  b   swpd   free   buff  cache   si   so    bi    bo   in   cs us sy id wa st gu
13  6 136820 2794004 1761024 184820656    0    0 555696 389228 178125 327226  9  2 81  8  0  0
11  8 136820 2791948 1761024 184822004    0    0 566400 377820 178602 330401  9  2 81  8  0  0
10  8 136820 2788140 1761024 184823464    0    0 554816 385488 177775 323309  9  2 81  8  0  0
 9  9 136820 2789172 1761024 184824876    0    0 560544 384548 177975 325026  9  2 81  8  0  0
 8 10 136820 2783232 1761024 184826244    0    0 559104 392624 178710 326918  9  2 81  8  0  0
10 10 136820 2781836 1761028 184827704    0    0 552656 387104 177214 323381  9  3 81  8  0  0
10  8 136820 2781180 1761028 184829104    0    0 558320 380752 178310 327447  9  2 81  8  0  0
13  6 136820 2778900 1761028 184830420    0    0 557184 389600 177606 325655  9  2 81  8  0  0
11  6 136820 2776764 1761028 184831876    0    0 556832 388072 178119 325649  9  3 81  8  0  0
13  7 136820 2773172 1761028 184833260    0    0 565776 391336 179135 329905  9  2 81  8  0  0
 7 10 136820 2768968 1761032 184834708    0    0 560896 384228 177757 327820  9  2 81  8  0  0
 9  9 136820 2765192 1761032 184836128    0    0 561840 386296 178223 326884  9  3 81  8  0  0
11  8 136820 2764976 1761032 184837560    0    0 558912 391660 178449 325881  9  2 81  8  0  0
11  7 136820 2765564 1761032 184838952    0    0 562688 386756 178704 329378  9  2 81  8  0  0
 8 10 136820 2762612 1761032 184840392    0    0 561632 388168 178465 326829  9  3 81  8  0  0
12  7 136820 2761868 1761040 184841772    0    0 559232 389136 178727 326534  9  2 81  8  0  0
11 10 136820 2758220 1761040 184843160    0    0 560192 388028 178430 328416  9  2 81  8  0  0
11  7 136820 2754196 1761040 184844620    0    0 557552 382288 177856 326911  9  3 81  8  0  0
10  8 136820 2755488 1761040 184845960    0    0 557824 389660 178290 326668  9  3 81  8  0  0
 8 10 136820 2750928 1761040 184847388    0    0 567280 379848 178221 330258  9  3 81  8  0  0
 4 13 136820 2756088 1761052 184848856    0    0 555760 389040 177188 323214  9  2 81  8  0  0
procs -----------memory---------- ---swap-- -----io---- -system-- -------cpu-------
 r  b   swpd   free   buff  cache   si   so    bi    bo   in   cs us sy id wa st gu
10  9 136820 2755460 1761052 184850140    0    0 559392 381048 177957 325451  9  2 81  8  0  0
11  7 136820 2762292 1761052 184851616    0    0 549248 386256 176440 322895  9  2 81  8  0  0
11  8 136820 2757376 1761052 184853008    0    0 558320 383732 178027 325284  9  2 81  8  0  0
11  6 136820 2752140 1761052 184854416    0    0 557360 382964 177989 325328  9  2 81  8  0  0
11  8 136820 2749540 1761056 184855812    0    0 560288 393000 178846 326529  9  2 81  8  0  0
10  8 136820 2748848 1761056 184857264    0    0 559920 384292 177749 324325  8  2 81  8  0  0
10  8 136820 2744628 1761056 184858608    0    0 556368 380708 177172 322279  9  2 81  8  0  0
 9  8 136820 2744816 1761056 184859984    0    0 551472 382048 176573 324717  9  2 81  8  0  0
 6  0 136820 2743088 1761056 184861384    0    0 560848 381840 177909 327023  9  2 81  8  0  0
 2  0 136820 2744880 1761060 184862788    0    0 549264 392108 176691 320357  8  2 81  8  0  0
10 10 136820 2741120 1761060 184864164    0    0 560384 376732 177668 324494  9  2 81  8  0  0
13  5 136820 2742240 1761060 184865608    0    0 554688 383004 177374 324343  9  2 81  8  0  0
 8 10 136820 2738428 1761060 184867020    0    0 547408 379264 175934 320661  9  2 81  8  0  0
11  8 136820 2737416 1761060 184868436    0    0 551088 376152 175118 320538  9  2 81  8  0  0
11  7 136820 2733192 1761068 184869808    0    0 555024 386032 177465 324491  9  2 81  8  0  0
 4  0 136820 2733232 1761068 184871164    0    0 554592 374976 177605 324724  9  2 81  8  0  0
10  9 136820 2731316 1761068 184872504    0    0 554240 382984 177347 324026  9  2 81  8  0  0
 1  0 136820 2730992 1761068 184873988    0    0 554112 384288 177469 322163  9  2 81  8  0  0
 9  9 136820 2731688 1761068 184875348    0    0 554896 376972 176562 324177  9  2 81  8  0  0
 8 10 136820 2727276 1761068 184876756    0    0 558848 377976 176774 324725  9  3 80  8  0  0
 8 10 136820 2728312 1761068 184878180    0    0 553952 381980 177076 324155  9  2 81  8  0  0
procs -----------memory---------- ---swap-- -----io---- -system-- -------cpu-------
 r  b   swpd   free   buff  cache   si   so    bi    bo   in   cs us sy id wa st gu
15  4 136820 2725048 1761068 184879564    0    0 555424 383836 177339 325947  9  3 81  8  0  0
11  7 136820 2724864 1761068 184880972    0    0 557312 387776 178451 326132  9  2 81  8  0  0
 8 10 136820 2722012 1761068 184882396    0    0 555568 384000 177974 325868  9  2 81  8  0  0
10  8 136820 2726164 1761072 184883700    0    0 552080 386096 176993 322651  9  2 81  8  0  0
17  0 136820 2723812 1761072 184885116    0    0 555264 381356 176832 323724  9  2 81  8  0  0
10  9 136820 2725940 1761072 184886588    0    0 554768 379868 176962 325566  9  2 81  8  0  0
 4  0 136820 2726288 1761072 184887952    0    0 560192 383788 176654 323785  9  2 81  8  0  0
 8 13 136820 2727952 1761072 184889308    0    0 558608 383444 178390 325837  9  2 81  8  0  0
 9  9 136820 2724008 1761076 184890720    0    0 558544 385740 178521 325047  9  2 81  8  0  0
11  9 136820 2722092 1761076 184892140    0    0 551216 384940 176771 325129  9  2 81  8  0  0
16  2 136820 2721864 1761076 184893536    0    0 552112 378256 176301 319822  9  2 81  8  0  0
 8 10 136820 2717272 1761076 184894952    0    0 559728 384060 178186 324570  9  2 81  8  0  0
 9  9 136820 2714640 1761076 184896332    0    0 557696 378800 177596 325819  9  2 81  8  0  0
10  8 136820 2714000 1761076 184897676    0    0 553600 384232 176875 322983  9  2 81  8  0  0
 3  0 136820 2712172 1761076 184899084    0    0 564448 385128 178876 327833  9  2 80  8  0  0
12  6 136820 2713352 1761076 184900444    0    0 554656 382628 176767 322904  9  2 81  8  0  0
 6 12 136820 2710328 1761076 184901904    0    0 552416 384920 177337 324060  9  2 81  8  0  0
 9  8 136820 2710292 1761076 184903304    0    0 552064 386420 177045 323422  9  2 81  8  0  0
10  9 136820 2709376 1761084 184904640    0    0 554180 377736 176730 321680  9  2 81  8  0  0
 7 12 136820 2707612 1761084 184906116    0    0 548416 379068 176090 320992  9  2 81  8  0  0
11  9 136820 2703608 1761084 184907572    0    0 555360 381976 176488 322476  9  2 81  8  0  0
procs -----------memory---------- ---swap-- -----io---- -system-- -------cpu-------
 r  b   swpd   free   buff  cache   si   so    bi    bo   in   cs us sy id wa st gu
15  3 136820 2701228 1761084 184908948    0    0 559008 375604 178125 328707  9  2 80  8  0  0
 5  0 136820 2701304 1761084 184910336    0    0 546912 387784 176991 321276  9  2 81  8  0  0
 3  0 136820 2699900 1761088 184911708    0    0 548304 381488 176396 320769  9  2 81  8  0  0
15  5 136820 2952960 1761088 184664716    0    0 555504 386268 177653 324534  9  2 81  8  0  0
10  8 136820 2951004 1761088 184666120    0    0 561808 380952 178692 326185  9  2 81  8  0  0
11  7 136820 2949068 1761088 184667484    0    0 548656 379328 176207 318221  9  2 81  8  0  0
13  8 136820 2943868 1761088 184668828    0    0 556576 381396 176429 322964  9  2 81  8  0  0
18  0 136820 2943372 1761092 184670236    0    0 559488 385284 177576 324304  9  2 81  8  0  0
10  8 136820 2938244 1761092 184671564    0    0 551168 381388 177264 323343  9  2 81  8  0  0
12  7 136820 2935912 1761092 184672924    0    0 547824 376168 176750 321608  9  3 81  8  0  0
12  8 136820 2935464 1761092 184674280    0    0 549328 379036 176546 318991  9  2 80  8  0  0
 6 13 136820 2931292 1761092 184675532    0    0 548144 377724 175962 318666  9  2 81  8  0  0
 6 12 136820 2924844 1761100 184676916    0    0 548448 377772 175807 320469  9  2 81  8  0  0
 8 10 136820 2931192 1761100 184678176    0    0 551440 379140 177362 322504  9  2 80  9  0  0
 9  9 136820 2930412 1761100 184679552    0    0 548240 373064 174430 316096  8  2 81  8  0  0
 4  0 136820 2926384 1761100 184680844    0    0 560608 379816 178013 326360  9  2 81  8  0  0
10  8 136820 2920584 1761100 184682264    0    0 554032 386684 177203 323390  9  3 81  8  0  0
 9  8 136820 2919664 1761100 184683680    0    0 563008 380028 178358 329223  9  2 80  8  0  0
 5  0 136820 2921248 1761100 184685016    0    0 550320 385212 175336 319876  8  3 81  8  0  0
 2  0 136820 2922068 1761100 184686356    0    0 551200 377148 175169 321109  9  2 81  8  0  0
15  4 136820 2919952 1761100 184687804    0    0 556240 378932 177474 323609  9  2 81  8  0  0
procs -----------memory---------- ---swap-- -----io---- -system-- -------cpu-------
 r  b   swpd   free   buff  cache   si   so    bi    bo   in   cs us sy id wa st gu
 4  1 136820 2920164 1761100 184689084    0    0 551040 375304 176298 319021  9  2 81  8  0  0
 6  1 136820 2918720 1761100 184690492    0    0 559488 381112 177789 326581  9  2 81  8  0  0
 2  0 136820 2918128 1761100 184691884    0    0 551072 384896 176212 320314  8  3 81  8  0  0
15  3 136820 2917696 1761100 184693196    0    0 546096 370456 175746 320679  9  2 81  8  0  0
 4  0 136820 2918316 1761100 184694576    0    0 545856 378060 175388 318389  8  2 81  8  0  0
18  3 136820 2911704 1761100 184695876    0    0 547696 373844 175028 320677  8  2 81  8  0  0
 9  9 136820 2914452 1761104 184697288    0    0 549312 377628 175264 318812  9  2 81  8  0  0
 9  9 136820 2910804 1761104 184698580    0    0 549888 375292 176040 322343  8  3 81  8  0  0
 8 10 136820 2911988 1761104 184699936    0    0 546128 377440 176354 319923  8  2 81  8  0  0
 3  0 136820 2911776 1761104 184701288    0    0 541616 373028 174064 315924  8  2 81  8  0  0
12  7 136820 2907088 1761104 184702636    0    0 541872 381564 175001 317630  8  2 81  8  0  0
12  7 136820 2902340 1761108 184703980    0    0 547136 376852 174633 316374  9  2 81  8  0  0
11  8 136820 2901380 1761108 184705376    0    0 547312 383464 176163 317891  9  2 81  8  0  0
 9  9 136820 2896608 1761108 184706696    0    0 557200 375608 176901 324528  9  2 80  9  0  0
 9 10 136820 2891844 1761108 184708108    0    0 551552 378708 176642 322234  9  2 81  8  0  0
 9 11 136820 2892888 1761108 184709424    0    0 551264 377312 176600 322652  8  2 81  8  0  0
15 10 136820 2893480 1761112 184710784    0    0 547696 380608 175643 319743  9  2 81  8  0  0
 8  0 136820 2893648 1761112 184712212    0    0 553824 373432 176212 320442  9  2 81  8  0  0
10 10 136820 2890492 1761112 184713596    0    0 553360 372112 176457 320319  9  2 81  8  0  0
11 10 136820 2887608 1761112 184715000    0    0 549472 373260 176892 322620  9  2 81  8  0  0
10 10 136820 2887320 1761112 184716324    0    0 553776 375892 175930 322927  8  2 81  9  0  0
procs -----------memory---------- ---swap-- -----io---- -system-- -------cpu-------
 r  b   swpd   free   buff  cache   si   so    bi    bo   in   cs us sy id wa st gu
13  5 136820 2887824 1761116 184717752    0    0 543360 382484 175913 320430  9  2 81  8  0  0
 9 11 136820 2886820 1761116 184719124    0    0 548656 378272 175975 319607  9  2 81  8  0  0
 5 14 136820 2868548 1761116 184720492    0    0 549728 378772 176203 320679  9  2 81  8  0  0
12  7 136820 2864104 1761116 184721956    0    0 542624 376396 175583 318026  8  2 81  8  0  0
10  8 136820 2877532 1761116 184723120    0    0 542624 373064 176297 319297  9  2 81  8  0  0
11 10 136820 2873816 1761124 184724600    0    0 543968 369548 174904 318366  9  2 81  8  0  0
10 11 136820 2873448 1761124 184725992    0    0 544976 373324 174907 317101  9  2 81  8  0  0
11  7 136820 2868388 1761124 184727332    0    0 552800 379460 177015 322260  9  3 80  8  0  0
13  8 136820 2867348 1761124 184728752    0    0 555968 372816 177310 322256  9  2 80  8  0  0
 4  1 136820 2865380 1761124 184730140    0    0 539264 382388 174577 314453  9  2 81  8  0  0
 8 13 136820 2862884 1761132 184731576    0    0 552704 371312 175564 319169  9  2 81  8  0  0
 4 16 136820 2866240 1761132 184732740    0    0 550208 375776 176402 320843  8  2 81  8  0  0
 8 10 136820 2865064 1761132 184734232    0    0 544560 376312 174909 315756  8  2 81  8  0  0
10  8 136820 2863244 1761132 184735684    0    0 547680 374668 175415 319313  9  2 81  8  0  0
 7  7 136820 2856732 1761132 184736940    0    0 550096 375268 177166 322087  9  2 81  8  0  0
 9  9 136820 2856756 1761140 184738388    0    0 544240 377140 176351 319336  9  2 81  8  0  0
19  4 136820 2853800 1761140 184739720    0    0 542948 374304 175320 318876  8  2 81  8  0  0
 9 10 136820 2848112 1761140 184741116    0    0 545104 366380 174628 318837  9  2 81  8  0  0
 8 11 136820 2854200 1761140 184742516    0    0 545392 369976 174204 316410  8  2 81  8  0  0
 9 11 136820 2849456 1761140 184743840    0    0 544288 375908 174931 317738  9  3 81  8  0  0
10 10 136820 2847464 1761140 184745112    0    0 544944 365960 174923 318491  9  2 81  8  0  0
procs -----------memory---------- ---swap-- -----io---- -system-- -------cpu-------
 r  b   swpd   free   buff  cache   si   so    bi    bo   in   cs us sy id wa st gu
12 11 136820 2839500 1761140 184746580    0    0 548080 380952 175837 319712  8  2 81  8  0  0
16  6 136820 2838412 1761140 184747944    0    0 547328 368592 175606 317019  9  2 80  9  0  0
 8 12 136820 2837720 1761140 184749376    0    0 544768 379532 175221 316992  9  2 81  8  0  0
 8 12 136820 2833248 1761140 184750696    0    0 550656 373120 175817 322238  8  2 81  8  0  0
 8 12 136820 2834404 1761144 184752076    0    0 545312 375916 174838 317512  9  2 81  8  0  0
26  9 136820 2831160 1761144 184753484    0    0 554480 378428 176959 322350  9  2 81  8  0  0
 4 16 136820 2832444 1761144 184754816    0    0 542192 381284 175454 316875  9  2 81  8  0  0
 8 14 136820 2837624 1761144 184756220    0    0 555424 374348 177498 321459  9  3 80  9  0  0
 6 14 136820 2832772 1761144 184757600    0    0 536624 375340 175229 318436  8  2 81  8  0  0
 5 14 136820 2831096 1761152 184758952    0    0 547568 365512 176127 318950  9  2 81  8  0  0
 7 12 136820 2832020 1761152 184760308    0    0 544240 385268 176480 318135  9  2 81  8  0  0
 3 16 136820 2831748 1761152 184761748    0    0 545344 377988 175668 318252  8  2 81  8  0  0
10 10 136820 2830148 1761152 184763108    0    0 541552 371144 174839 315560  8  2 81  8  0  0
 7 12 136820 2828168 1761152 184764436    0    0 545968 368436 175670 319373  9  2 81  8  0  0
 9 12 136820 2825768 1761156 184765816    0    0 548768 382428 177176 321168  9  2 81  8  0  0
11  9 136820 2823848 1761156 184767204    0    0 540560 381296 175456 316376  9  2 81  8  0  0
 9 12 136820 2819344 1761156 184768600    0    0 547808 366460 174155 316613  8  2 81  8  0  0
 9 10 136820 2817996 1761156 184769856    0    0 550944 377764 174832 317225  9  3 80  8  0  0
11  9 136820 2814448 1761156 184771276    0    0 547728 377304 174646 319343  9  2 81  8  0  0
12  8 136820 2815316 1761164 184772720    0    0 548480 368228 175538 318568  9  2 81  8  0  0
 9 11 136820 2810316 1761164 184774008    0    0 547552 365584 175910 317469  8  2 81  8  0  0
procs -----------memory---------- ---swap-- -----io---- -system-- -------cpu-------
 r  b   swpd   free   buff  cache   si   so    bi    bo   in   cs us sy id wa st gu
 8 12 136820 2810136 1761164 184775432    0    0 548048 367896 175058 318515  9  2 81  8  0  0
20 12 136820 2812352 1761164 184776792    0    0 543856 376576 175123 315472  9  2 81  8  0  0
10 11 136820 2807632 1761164 184778140    0    0 548400 380728 176277 322286  9  2 81  8  0  0
28  8 136820 2808652 1761172 184779544    0    0 542480 387856 176362 317975  9  2 81  8  0  0
13  8 136820 2803688 1761172 184780880    0    0 550688 369856 175321 319237  8  2 81  8  0  0
 9 11 136820 2800812 1761172 184782304    0    0 547008 377028 175260 316529  8  2 81  8  0  0
27  8 136820 2802944 1761172 184783728    0    0 552448 381312 177171 322557  9  2 81  8  0  0
 9 11 136820 2799480 1761172 184785048    0    0 547072 370172 175558 320428  8  2 81  8  0  0
 6 14 136820 2802988 1761176 184786472    0    0 551584 374020 176618 321361  9  2 81  8  0  0
16  7 136820 2797236 1761176 184787848    0    0 547792 372280 175777 320081  9  2 81  8  0  0
13 11 136820 2797548 1761176 184789220    0    0 546864 373756 176387 319535  9  2 81  8  0  0
16  5 136820 2796144 1761176 184790640    0    0 552368 371452 176408 321807  8  2 81  9  0  0
15  7 136820 2795768 1761176 184791980    0    0 547520 385096 176668 321567  9  2 81  8  0  0
 8 13 136820 2792908 1761188 184793368    0    0 545364 376024 175977 318880  9  2 81  8  0  0
 4 15 136820 2794732 1761188 184794748    0    0 551648 379856 175149 321191  9  2 81  8  0  0
 8 12 136820 2793164 1761188 184796160    0    0 551888 381760 176470 322365  9  2 81  8  0  0
 9 11 136820 2790132 1761188 184797524    0    0 548624 374432 174813 318407  9  2 81  8  0  0
 5 15 136820 2787276 1761188 184798908    0    0 549424 376192 176432 321600  9  3 80  8  0  0
 9 11 136820 2784408 1761188 184800144    0    0 539152 375564 174135 313479  8  2 81  9  0  0
10  9 136820 2784332 1761188 184801636    0    0 541712 352512 173814 311985  8  2 81  9  0  0
 9 12 136820 2785852 1761188 184802948    0    0 547248 377308 175787 317211  8  2 80  9  0  0
procs -----------memory---------- ---swap-- -----io---- -system-- -------cpu-------
 r  b   swpd   free   buff  cache   si   so    bi    bo   in   cs us sy id wa st gu
11  9 136820 2786356 1761188 184804344    0    0 550992 373180 175955 319092  8  2 81  9  0  0
 9 11 136820 2785112 1761188 184805652    0    0 543408 370644 174377 317559  9  2 81  8  0  0
10 11 136820 2781888 1761188 184806988    0    0 546320 379412 176294 320702  9  2 81  8  0  0
 9 12 136820 2779428 1761196 184808416    0    0 540576 380432 175628 319960  9  2 81  8  0  0
13 10 136820 2776432 1761196 184809800    0    0 538288 375900 175151 317513  8  2 81  8  0  0
 9 13 136820 2776856 1761196 184811124    0    0 544272 366624 175296 320441  9  2 81  8  0  0
11 10 136820 2774600 1761196 184812508    0    0 529776 366500 173155 310763  8  2 81  9  0  0
 2 17 136820 2775936 1761196 184813836    0    0 538640 358268 173313 315474  8  2 81  9  0  0
12  8 136820 2771344 1761204 184815164    0    0 527200 362968 173449 309349  9  2 81  9  0  0
10 10 136820 2770852 1761204 184816492    0    0 526208 352820 172265 309496  8  2 81  9  0  0
10 12 136820 2767952 1761204 184817824    0    0 533904 364572 173484 312352  8  2 80  9  0  0
 4 10 136820 2763548 1761204 184819096    0    0 520496 351684 170654 303700  8  2 80  9  0  0
 7 13 136820 2771624 1761204 184820488    0    0 527120 352640 172293 306861  8  2 80  9  0  0
 3 17 136820 2751640 1761204 184821676    0    0 513104 355428 169364 298765  8  2 81  9  0  0
 6 14 136820 2755084 1761204 184823176    0    0 538496 360500 173424 313390  8  2 81  9  0  0
21 12 136820 2750516 1761204 184824460    0    0 538992 375236 174969 314218  8  2 81  9  0  0
10 11 136820 2745012 1761204 184825900    0    0 539248 365980 173657 313579  8  2 80  9  0  0
 3 16 136820 2746152 1761204 184827244    0    0 549488 365144 174733 317820  8  2 81  9  0  0
10 10 136820 2743464 1761208 184828640    0    0 550288 379584 176794 320239  9  2 80  9  0  0
11  9 136820 2740984 1761208 184830028    0    0 545552 383256 176222 319982  8  2 81  8  0  0
 4 18 136820 2740680 1761208 184831384    0    0 550080 374192 175166 319991  9  2 81  8  0  0
procs -----------memory---------- ---swap-- -----io---- -system-- -------cpu-------
 r  b   swpd   free   buff  cache   si   so    bi    bo   in   cs us sy id wa st gu
10 11 136820 2740036 1761208 184832824    0    0 548624 368364 175821 318991  9  2 81  8  0  0
 9 12 136820 2739124 1761208 184834188    0    0 542096 372564 175401 316829  8  2 81  8  0  0
16  9 136820 2737260 1761212 184835500    0    0 543792 376648 175803 319585  8  2 81  8  0  0
13  7 136820 2735680 1761212 184836912    0    0 540512 370964 172739 312155  8  2 81  8  0  0
13  8 136820 2732624 1761212 184838328    0    0 550080 363336 175513 320226  9  2 81  8  0  0
22  5 136820 2729488 1761212 184839696    0    0 549632 375348 176170 320385  9  2 81  8  0  0
11  9 136820 2731800 1761212 184840992    0    0 541440 373220 175906 317079  9  2 81  8  0  0
10 11 136820 2731664 1761216 184842376    0    0 544816 378936 176559 321781  8  2 81  8  0  0
 5 14 136820 2730060 1761216 184843720    0    0 543152 372684 175255 316497  9  2 81  8  0  0
12  6 136820 2726124 1761216 184845028    0    0 552896 370576 176686 321260  9  2 81  9  0  0
12  8 136820 2724544 1761216 184846500    0    0 544528 376748 175690 316338  8  2 81  8  0  0
12  9 136820 2721228 1761216 184847860    0    0 544048 371260 175014 318095  8  2 81  8  0  0
 9 11 136820 2718752 1761216 184849280    0    0 542384 373164 175165 316993  9  2 80  8  0  0
10 10 136820 2717868 1761216 184850600    0    0 544768 368212 174694 316734  9  2 81  8  0  0
11 10 136820 2716836 1761216 184852040    0    0 544432 375408 175932 318649  8  2 81  8  0  0
 9 13 136820 2716916 1761216 184853380    0    0 540400 372308 175247 315608  9  2 81  8  0  0
 7 12 136820 2716012 1761216 184854668    0    0 543392 371948 175602 318471  9  2 81  8  0  0
10 10 136820 2715732 1761220 184856068    0    0 542128 370692 175148 320062  8  2 81  8  0  0
 8 12 136820 2713456 1761220 184857424    0    0 545456 371148 176014 318026  9  2 81  8  0  0
 8 12 136820 2709476 1761220 184858828    0    0 542944 372520 176324 319171  9  2 81  8  0  0
13  9 136820 2703364 1761220 184860180    0    0 541552 372744 174798 315235  8  2 81  8  0  0
procs -----------memory---------- ---swap-- -----io---- -system-- -------cpu-------
 r  b   swpd   free   buff  cache   si   so    bi    bo   in   cs us sy id wa st gu
11 12 136820 2705996 1761220 184861604    0    0 542880 372068 175423 317647  8  2 81  8  0  0
24  9 136820 2711864 1761224 184862936    0    0 548624 379720 176761 320549  9  2 81  8  0  0
15  5 136820 2708596 1761224 184864324    0    0 540640 371112 174932 318459  9  2 81  8  0  0
16  6 136820 2710300 1761224 184865684    0    0 543072 381748 176780 319304  9  2 81  8  0  0
12  7 136820 2706456 1761224 184867052    0    0 541712 369792 175152 315667  9  2 81  8  0  0
10 11 136820 2709024 1761224 184868396    0    0 540576 374052 174896 317617  9  2 81  8  0  0
 4 15 136820 2707448 1761228 184869792    0    0 545600 369848 175183 316713  9  2 81  8  0  0
 8 12 136820 2707988 1761228 184871216    0    0 542048 372004 174067 316440  8  2 81  8  0  0
10 10 136820 2706956 1761228 184872428    0    0 541616 365024 174523 315155  8  2 81  8  0  0
16  4 136820 2701956 1761228 184873848    0    0 547168 371372 175627 321302  9  2 81  8  0  0
12 10 136820 2702780 1761228 184875268    0    0 544320 374340 175336 319522  8  2 81  8  0  0
 7 12 136820 2952532 1761236 184628164    0    0 546688 368596 175411 318537  9  3 81  8  0  0
14  8 136820 2951184 1761236 184629484    0    0 552144 369296 176083 320435  9  2 80  8  0  0
10 10 136820 2949672 1761236 184630764    0    0 546832 379588 176659 318958  9  2 81  8  0  0
 4 14 136820 2944892 1761236 184632208    0    0 546752 376404 176122 321238  9  2 80  8  0  0
 1  1 136820 2948916 1761236 184633504    0    0 550048 370356 176549 319597  9  2 80  8  0  0
 2  0 136820 2942208 1761240 184634856    0    0 541888 372328 174945 315521  9  2 81  8  0  0
10 10 136820 2937984 1761240 184636120    0    0 547632 379540 176284 319573  8  2 81  8  0  0
12  9 136820 2937192 1761240 184637556    0    0 551648 373004 177119 322262  9  2 80  8  0  0
27  9 136820 2931244 1761240 184638884    0    0 554544 379884 176586 321071  9  2 81  8  0  0
 9  9 136820 2906300 1761240 184640236    0    0 552656 377040 176831 322395  9  2 80  8  0  0
procs -----------memory---------- ---swap-- -----io---- -system-- -------cpu-------
 r  b   swpd   free   buff  cache   si   so    bi    bo   in   cs us sy id wa st gu
 2  0 136820 2910656 1761248 184641644    0    0 548112 384464 177405 322373  9  2 81  8  0  0
 4  0 136820 2905072 1761248 184642952    0    0 550784 370136 176673 321247  9  2 81  8  0  0
 2  0 136820 2902616 1761248 184644268    0    0 541072 381288 174831 317140  9  2 81  8  0  0
 3  0 136820 2902988 1761248 184645640    0    0 553776 372556 177215 324399  9  2 80  8  0  0
12  6 136820 2900104 1761248 184646980    0    0 545664 377392 175880 318294  9  2 81  8  0  0
15  8 136820 2897372 1761252 184648292    0    0 548752 372208 176457 320937  9  2 81  8  0  0
 5  0 136820 2896436 1761252 184649668    0    0 542672 375832 175531 317784  8  2 81  8  0  0
 8 10 136820 2897956 1761252 184651032    0    0 549760 372712 175825 320171  9  2 81  8  0  0
15  4 136820 2894692 1761252 184652376    0    0 546192 372928 175204 317789  9  2 81  8  0  0
 8 10 136820 2894468 1761252 184653708    0    0 541664 373908 174828 316321  9  2 81  8  0  0
 3  1 136820 2892556 1761256 184655020    0    0 541024 379316 175873 319719  8  2 81  8  0  0
 9 10 136820 2890348 1761256 184656520    0    0 550688 378084 176495 322738  9  2 81  8  0  0
 1  0 136820 2892324 1761256 184657812    0    0 540544 374960 175406 318378  9  2 81  8  0  0
13  2 136820 2905748 1761256 184659148    0    0 551120 370408 176629 322473  9  2 81  8  0  0
 2  0 136820 2901928 1761256 184660536    0    0 545712 382460 175389 320594  9  2 81  8  0  0
 2  0 136820 2893068 1761264 184661868    0    0 545504 375100 175529 318410  9  2 81  8  0  0
 8 10 136820 2898224 1761264 184663260    0    0 550384 369312 175891 319775  9  2 81  8  0  0
10  8 136820 2892240 1761264 184664600    0    0 547104 374364 175365 319458  9  2 81  8  0  0
 1  0 136820 2890424 1761264 184665976    0    0 542016 376196 174774 318681  9  2 81  8  0  0
10 10 136820 2889552 1761264 184667304    0    0 550288 371428 175872 319999  9  2 81  8  0  0
13  5 136820 2888860 1761268 184668704    0    0 552144 377732 177426 323521  9  2 80  8  0  0
procs -----------memory---------- ---swap-- -----io---- -system-- -------cpu-------
 r  b   swpd   free   buff  cache   si   so    bi    bo   in   cs us sy id wa st gu
 4  0 136820 2887560 1761268 184670112    0    0 545696 379152 176526 321799  9  2 81  8  0  0
10  9 136820 2884584 1761268 184671328    0    0 547760 378596 176193 322059  9  2 81  8  0  0
16  5 136820 2891120 1761268 184672780    0    0 543072 375448 175957 318586  9  2 81  8  0  0
 3  0 136820 2885240 1761268 184674136    0    0 546736 376104 175794 319119  8  2 81  8  0  0
10  8 136820 2883840 1761272 184675528    0    0 554064 378232 176279 324175  8  2 81  8  0  0
11  7 136820 2878844 1761272 184676852    0    0 555904 379448 176844 326757  8  2 81  8  0  0
10  8 136820 2874368 1761272 184678268    0    0 541920 379632 175773 319278  8  2 81  8  0  0
 9  9 136820 2870236 1761272 184679640    0    0 547760 370076 175883 322474  9  2 81  8  0  0
 6 12 136820 2867892 1761272 184681060    0    0 536304 373300 173727 316564  8  2 81  8  0  0
 4  0 136820 2873676 1761280 184682348    0    0 553604 372916 176647 324717  8  2 81  8  0  0
 9  9 136820 2869680 1761280 184683752    0    0 547344 377640 176318 321412  9  2 81  8  0  0
14  4 136820 2863748 1761280 184685136    0    0 542608 372168 174536 317392  9  2 81  8  0  0
 8  8 136820 2862596 1761280 184686504    0    0 548736 369216 175330 322268  9  2 81  8  0  0
 7 11 136820 2864892 1761280 184687884    0    0 548736 379332 176193 322638  9  2 81  8  0  0
13  5 136820 2863468 1761288 184689244    0    0 554720 375632 177377 325024  9  2 81  8  0  0
11  7 136820 2857436 1761288 184690604    0    0 545808 382808 175916 318276  9  2 81  8  0  0
11  7 136820 2855560 1761288 184692100    0    0 545936 370760 175695 319723  8  2 81  8  0  0
10  9 136820 2855372 1761288 184693352    0    0 554480 377956 177018 323814  8  2 81  8  0  0
11  7 136820 2854888 1761288 184694772    0    0 558864 380980 177320 325243  9  2 81  8  0  0
14  8 136820 2854116 1761288 184696232    0    0 546800 383904 175689 319934  8  2 81  8  0  0
10 10 136820 2850408 1761288 184697496    0    0 552096 376200 176843 322161  9  2 81  8  0  0
procs -----------memory---------- ---swap-- -----io---- -system-- -------cpu-------
 r  b   swpd   free   buff  cache   si   so    bi    bo   in   cs us sy id wa st gu
 6 12 136820 2846604 1761288 184698832    0    0 546176 385176 176674 323645  9  2 81  8  0  0
14  6 136820 2841944 1761288 184700236    0    0 546640 380656 176298 321834  9  2 81  8  0  0
12  8 136820 2841648 1761288 184701596    0    0 552256 370480 176745 323717  9  2 81  8  0  0
10  9 136820 2838464 1761292 184703076    0    0 544016 381640 176771 319963  9  2 81  8  0  0
15  3 136820 2833808 1761292 184704372    0    0 545920 373556 175931 322669  9  2 81  8  0  0
 2  0 136820 2830348 1761292 184705748    0    0 546208 374000 176601 322968  9  2 81  8  0  0
 0  2 136820 2829184 1761292 184707184    0    0 547024 370824 175614 318031  9  2 81  8  0  0
 2  0 136820 2832088 1761292 184708464    0    0 544816 376976 175522 320234  9  2 81  8  0  0
 4  0 136820 2827456 1761296 184709836    0    0 550336 374268 176238 320688  8  3 81  8  0  0
 6  1 136820 2834332 1761296 184711332    0    0 547856 379604 176069 318190  9  2 81  8  0  0
10 10 136820 2829088 1761296 184712620    0    0 548304 379376 176368 319791  8  2 81  8  0  0
13  6 136820 2826932 1761296 184713952    0    0 553872 375056 176111 321319  9  2 81  8  0  0
11  8 136820 2827976 1761296 184715356    0    0 557824 376272 176739 325626  9  2 80  8  0  0
 8 11 136820 2825028 1761300 184716740    0    0 543152 376396 175332 316129  9  3 81  8  0  0
12  6 136820 2822296 1761300 184718324    0    0 550752 376764 175481 316834  9  2 81  8  0  0
 4  0 136820 2818672 1761300 184719492    0    0 550512 377248 176367 322477  8  2 81  8  0  0
 4  0 136820 2824648 1761300 184720844    0    0 553776 379736 176306 319525  9  2 81  8  0  0
10  8 136820 2826332 1761300 184722452    0    0 546736 383744 177646 322357  9  2 81  8  0  0
13  5 136820 2822064 1761304 184723640    0    0 546336 373296 176230 319166  9  2 81  8  0  0
11  7 136820 2821480 1761304 184725044    0    0 550752 372928 177042 321870  9  2 81  8  0  0
 9  9 136820 2819516 1761304 184726312    0    0 546544 374352 176144 320663  9  2 81  8  0  0
procs -----------memory---------- ---swap-- -----io---- -system-- -------cpu-------
 r  b   swpd   free   buff  cache   si   so    bi    bo   in   cs us sy id wa st gu
 4  0 136820 2814036 1761304 184727732    0    0 544576 371124 174886 316949  9  2 81  8  0  0
 2  0 136820 2812716 1761304 184729196    0    0 546112 377148 175702 320316  9  2 81  8  0  0
 7 12 136820 2815592 1761308 184730452    0    0 547744 369204 175645 319809  9  2 80  8  0  0
12  6 136820 2809072 1761308 184731864    0    0 546304 371720 176520 320776  9  2 81  8  0  0
 8  4 136820 2806004 1761308 184733356    0    0 548240 379596 176983 321994  9  2 80  8  0  0
 8 11 136820 2806760 1761316 184734600    0    0 546624 387528 177246 321532  9  2 81  8  0  0
18  6 136820 2802248 1761316 184736012    0    0 548336 370300 176368 321739  9  2 81  8  0  0
 5  0 136820 2797772 1761316 184737472    0    0 548288 381428 177177 323350  9  2 81  8  0  0
13  4 136820 2791336 1761316 184738812    0    0 544624 379716 175977 319997  8  2 81  8  0  0
14  3 136820 2792172 1761316 184740284    0    0 553104 374064 177053 323166  9  2 81  8  0  0
13  5 136820 2798788 1761324 184741540    0    0 548704 380880 176241 321439  9  2 81  8  0  0
11  9 136820 2795484 1761324 184742952    0    0 551792 374500 176386 321870  9  2 81  8  0  0
 1  0 136820 2799592 1761324 184744380    0    0 551296 381156 176150 320848  8  2 81  8  0  0
14  5 136820 2800456 1761324 184745680    0    0 545632 370040 175611 318578  9  2 81  8  0  0
11  6 136820 2800028 1761324 184747160    0    0 553248 375540 177167 323522  8  2 81  8  0  0
 2  0 136820 2797596 1761332 184748660    0    0 542992 382604 175504 316053  8  2 81  8  0  0
 9  9 136820 2797780 1761332 184749788    0    0 551072 371416 175374 317487  9  2 81  8  0  0
 8  5 136820 2795784 1761332 184751216    0    0 554432 373132 176436 322448  9  2 81  8  0  0
 8 10 136820 2793508 1761332 184752896    0    0 542416 383672 174332 314628  8  2 81  8  0  0
11  8 136820 2790240 1761332 184753916    0    0 559488 372920 177033 326503  9  3 80  8  0  0
11  7 136820 2790800 1761340 184755400    0    0 549776 378552 176475 320105  9  2 80  8  0  0
procs -----------memory---------- ---swap-- -----io---- -system-- -------cpu-------
 r  b   swpd   free   buff  cache   si   so    bi    bo   in   cs us sy id wa st gu
 7 11 136820 2789920 1761340 184756736    0    0 550256 379240 176409 320577  9  2 81  8  0  0
 1  0 136820 2789056 1761340 184758072    0    0 546560 377440 175158 320602  8  2 81  8  0  0
 7 10 136820 2790640 1761340 184759608    0    0 546592 376408 175104 315924  8  2 81  8  0  0
11  7 136820 2786944 1761340 184760796    0    0 548624 373896 175887 320494  9  2 81  8  0  0
 9  9 136820 2782000 1761340 184762376    0    0 552384 373820 177152 323370  9  2 81  8  0  0
 1  0 136820 2777984 1761340 184763940    0    0 538480 377056 174975 317849  9  2 81  8  0  0
 2  0 136820 2778704 1761340 184764980    0    0 548368 376496 175662 317968  9  2 81  8  0  0
11  8 136820 2777628 1761340 184766516    0    0 551632 372528 176119 320422  9  2 81  8  0  0
11  6 136820 2781076 1761340 184768052    0    0 546736 384076 176448 321448  8  2 81  8  0  0
17  4 136820 2780660 1761340 184769204    0    0 550272 380200 176881 322521  8  2 81  8  0  0
 9 10 136820 2777324 1761344 184770776    0    0 552224 378200 176705 320974  9  2 81  8  0  0
11  7 136820 2776512 1761344 184771948    0    0 555584 376880 177333 323832  9  2 80  8  0  0
10  8 136820 2773980 1761344 184773300    0    0 547184 377908 176029 318741  9  2 81  8  0  0
 2  0 136820 2769080 1761344 184774968    0    0 553792 384520 177402 324579  9  2 81  8  0  0
 9  9 136820 2771000 1761344 184776060    0    0 548448 380544 176840 320728  9  2 81  8  0  0
 3  0 136820 2765992 1761348 184777616    0    0 549136 374540 175902 317800  9  3 81  8  0  0
13  6 136820 2766864 1761348 184778940    0    0 541280 374788 176261 317808  9  2 81  8  0  0
 5  0 136820 2762996 1761348 184780244    0    0 547312 374884 176203 321009  9  2 81  8  0  0
12  6 136820 2762368 1761348 184781640    0    0 552848 374724 177057 323393  9  3 80  8  0  0
 1  0 136820 2759600 1761348 184783392    0    0 545792 381768 175992 316319  9  2 81  8  0  0
 9  9 136820 2761372 1761352 184784492    0    0 555168 377776 177180 322380  9  2 81  8  0  0
procs -----------memory---------- ---swap-- -----io---- -system-- -------cpu-------
 r  b   swpd   free   buff  cache   si   so    bi    bo   in   cs us sy id wa st gu
 9 11 136820 2761680 1761352 184786048    0    0 557968 377452 176598 322978  8  2 81  8  0  0
 8  9 136820 2757796 1761352 184787188    0    0 542048 378548 175400 316062  9  2 81  8  0  0
 8  9 136820 2754404 1761352 184788628    0    0 549648 375340 175778 322826  8  2 81  8  0  0
14  7 136820 2752968 1761352 184790172    0    0 554768 378060 177390 324742  9  2 81  8  0  0
 9  9 136820 2756552 1761352 184791336    0    0 547648 375576 175675 317850  9  2 81  8  0  0
10  8 136820 2758164 1761352 184792800    0    0 545968 378736 176126 319873  8  2 81  8  0  0
13  8 136820 2755780 1761352 184794344    0    0 550256 379540 176788 323189  8  2 81  8  0  0
12  8 136820 2753512 1761352 184795500    0    0 548960 381300 176225 320384  8  3 81  8  0  0
 0  1 136820 2754228 1761356 184797036    0    0 545904 381324 176778 320881  8  2 81  8  0  0
 8 10 136820 2751992 1761356 184798324    0    0 559024 379556 177623 326376  9  3 80  8  0  0
 3  0 136820 2746012 1761356 184799720    0    0 547664 380320 176275 320785  9  2 81  8  0  0
 9 10 136820 2749164 1761356 184801332    0    0 545040 375264 175530 319901  9  2 81  8  0  0
 9  9 136820 2747872 1761356 184802344    0    0 551312 378772 177142 322144  9  3 81  8  0  0
13  5 136820 2747152 1761356 184803936    0    0 554704 376916 175633 321919  9  2 81  8  0  0
 6  0 136820 2745152 1761356 184805644    0    0 555408 378592 177288 321376  9  2 81  8  0  0
 1 15 136820 2739340 1761356 184806604    0    0 549776 379980 175925 320555  9  2 81  8  0  0
10  9 136820 2742548 1761356 184808260    0    0 551456 371684 175398 320595  8  2 81  8  0  0
 9 11 136820 2740604 1761356 184809848    0    0 543856 382180 176518 319756  8  2 81  8  0  0
 9  9 136820 2743332 1761364 184810892    0    0 560912 380176 178735 326556  9  2 80  8  0  0
 4  0 136820 2738108 1761364 184812448    0    0 545376 382792 175779 318025  9  2 81  8  0  0
10 11 136820 2738520 1761364 184813440    0    0 541936 374032 174537 318863  9  2 81  8  0  0
procs -----------memory---------- ---swap-- -----io---- -system-- -------cpu-------
 r  b   swpd   free   buff  cache   si   so    bi    bo   in   cs us sy id wa st gu
 9 11 136820 2734440 1761364 184815148    0    0 548736 382164 175991 319443  9  2 81  8  0  0
 9  9 136820 2734604 1761364 184816664    0    0 552192 378608 176185 322342  8  3 81  8  0  0
 3  0 136820 2736056 1761372 184817644    0    0 556528 376680 176981 324870  9  2 81  8  0  0
 3  0 136820 2735112 1761372 184819296    0    0 550272 373832 175812 321037  8  2 81  8  0  0
 3  0 136820 2732596 1761380 184820784    0    0 554216 374672 176705 323047  9  3 80  8  0  0
10  8 136820 2729976 1761380 184822012    0    0 547376 380844 175594 320040  9  2 81  8  0  0
 4  0 136820 2725888 1761380 184823444    0    0 559648 379840 178236 328410  9  2 81  8  0  0
11  9 136820 2728496 1761388 184824964    0    0 544544 378584 176156 320658  9  3 81  8  0  0
 4  0 136820 2724064 1761388 184826008    0    0 555952 381452 178034 326980  9  2 81  8  0  0
 9  9 136820 2724364 1761388 184827640    0    0 550144 384196 177356 321003  9  2 81  8  0  0
 2  0 136820 2721520 1761388 184828836    0    0 551680 382400 177908 326086  9  2 81  8  0  0
11  8 136820 2719796 1761388 184830272    0    0 559472 381216 178340 325682  9  2 81  8  0  0
 4  0 136820 2715392 1761392 184831932    0    0 548496 381636 176845 322454  9  2 81  8  0  0
 5  0 136820 2716116 1761392 184833036    0    0 553168 377284 177402 325032  9  2 80  8  0  0
 9 10 136820 2711832 1761392 184834396    0    0 546288 379236 176321 320097  9  2 81  8  0  0
10  7 136820 2709304 1761392 184836012    0    0 551696 377868 176980 322371  9  2 81  8  0  0
10  8 136820 2706896 1761392 184837160    0    0 548352 385448 177202 322351  8  2 81  8  0  0
 6  0 136820 2706328 1761392 184838868    0    0 558080 379120 178405 327233  9  2 81  8  0  0
 2  1 136820 2710024 1761392 184840256    0    0 550240 381680 177523 324111  9  2 81  8  0  0
 1  0 136820 2709700 1761392 184841300    0    0 542224 383164 176001 319448  9  2 81  8  0  0
10  8 136820 2709340 1761392 184843012    0    0 552416 378092 175893 322413  8  2 81  8  0  0
procs -----------memory---------- ---swap-- -----io---- -system-- -------cpu-------
 r  b   swpd   free   buff  cache   si   so    bi    bo   in   cs us sy id wa st gu
10  8 136820 2922004 1761392 184595492    0    0 528384 362836 172057 308516  8  2 81  8  0  0
10  8 136820 2921808 1761392 184596828    0    0 557024 378272 177421 324656  9  3 80  8  0  0
12  6 136820 2919160 1761392 184598400    0    0 545648 378488 176251 319835  9  2 81  8  0  0
13  6 136820 2917664 1761392 184599564    0    0 546896 376672 175126 321216  9  2 81  8  0  0
12  8 136820 2913100 1761392 184601208    0    0 552624 371100 175539 323675  9  3 81  8  0  0
 3  1 136820 2912672 1761392 184602708    0    0 556832 379844 177127 325950  9  3 80  8  0  0
14  7 136820 2913152 1761392 184603808    0    0 545648 380376 175280 319283  9  2 81  8  0  0
10  8 136820 2916348 1761392 184605348    0    0 544864 379464 175905 319662  8  2 81  8  0  0
 3  0 136820 2964624 1761396 184606856    0    0 553632 375452 176524 322980  9  2 81  8  0  0
13  5 136820 2967800 1761400 184607996    0    0 545920 384220 175752 315101  9  2 81  8  0  0
11  7 136820 2967328 1761400 184609520    0    0 557456 380128 177786 327810  9  2 80  8  0  0
13  6 136820 2963740 1761400 184610620    0    0 549888 379324 176236 319598  9  2 81  8  0  0
11  7 136820 2964920 1761400 184612056    0    0 553824 376172 176745 324648  9  2 81  8  0  0
12  8 136820 2959244 1761400 184613524    0    0 554032 383096 176729 324562  9  2 81  8  0  0
11  8 136820 2960936 1761400 184614612    0    0 548464 377472 176257 318665  9  2 81  8  0  0
 9  8 136820 2958508 1761400 184615944    0    0 550064 377772 176178 319595  9  2 81  8  0  0
13  6 136820 2952488 1761400 184617504    0    0 555456 373536 176283 324114  9  2 81  8  0  0
 9 10 136820 2960832 1761400 184618824    0    0 542576 384140 176788 317924  9  2 81  8  0  0
 8 11 136820 2959280 1761400 184620116    0    0 549648 376288 176503 321505  9  2 81  8  0  0
