procs -----------memory---------- ---swap-- -----io---- -system-- -------cpu-------
 r  b   swpd   free   buff  cache   si   so    bi    bo   in   cs us sy id wa st gu
 4  3 132980 3179164 1769172 183941544    4    6 26264 26383 12647    3  3  0 96  1  0  0
121  0 132980 3128816 1769172 183941600    0    0 91792 120904 98256 61842 96  1  3  0  0  0
115  1 132980 3114964 1769172 183941628    0    0 54160 252272 126905 54977 98  1  1  0  0  0
139  0 132980 3103832 1769172 183941672    0    0 77680 215584 102072 58572 98  1  1  0  0  0
103  0 132980 3093816 1769172 183941708    0    0 85328 130272 116001 46653 98  1  1  0  0  0
94  0 132980 3078192 1769172 183941736    0    0 88480 130480 98238 49667 98  1  1  0  0  0
65  6 132980 2874324 1769172 183941960    0    0 334464 209692 351492 841620 53 23 22  2  0  0
92  8 132980 2829300 1769172 183943380    0    0 560064 296420 303033 1570359 46 28 24  3  0  0
36  1 132980 2803040 1769172 183944632    0    0 519200 261300 286038 1405485 41 25 31  3  0  0
52 17 132980 2792312 1769172 183945900    0    0 484800 323968 273010 1324902 37 23 37  2  0  0
55 18 132980 2785708 1769172 183947156    0    0 500160 316440 276069 1351537 38 24 35  3  0  0
 6  2 132980 2774048 1769172 183948420    0    0 535776 336300 281802 1356404 39 23 35  3  0  0
29 12 132980 2756992 1769172 183949828    0    0 502816 320056 280021 1364937 38 24 35  3  0  0
59  6 132980 2748560 1769172 183951044    0    0 499120 315620 276357 1353967 39 23 35  3  0  0
115  8 132980 2743676 1769172 183952312    0    0 529728 325796 279939 1350153 38 23 35  3  0  0
59  1 132980 2735808 1769172 183953568    0    0 503568 312364 277278 1346366 38 24 35  3  0  0
29  4 132980 2730660 1769172 183954908    0    0 513504 312916 278192 1345655 39 23 35  3  0  0
 3  0 132980 2722088 1769172 183956152    0    0 520656 310984 279412 1348003 38 24 35  3  0  0
56  3 132980 2714988 1769172 183957444    0    0 507728 311668 274295 1308670 37 23 36  3  0  0
41 11 132980 2711760 1769172 183958752    0    0 505616 300368 276047 1348636 39 23 36  3  0  0
91 22 132980 2709092 1769172 183960020    0    0 497536 310716 279123 1324562 38 22 37  3  0  0
procs -----------memory---------- ---swap-- -----io---- -system-- -------cpu-------
 r  b   swpd   free   buff  cache   si   so    bi    bo   in   cs us sy id wa st gu
76  3 132980 2707684 1769172 183961264    0    0 533712 310716 277882 1324109 39 23 35  3  0  0
103 15 132980 2704712 1769172 183962620    0    0 506080 307880 284261 1344224 38 23 36  3  0  0
73  2 132980 2700088 1769172 183963860    0    0 485216 299688 276853 1334405 38 24 36  2  0  0
62 11 132980 2794528 1769172 183873860    0    0 526640 315560 280703 1327096 39 23 35  3  0  0
 4  0 132980 2793976 1769176 183874652    0    0 501408 306452 276376 1320372 38 23 36  3  0  0
37  4 132980 2790588 1769176 183875896    0    0 503712 303972 280694 1339672 38 24 36  3  0  0
44  8 132980 2790612 1769176 183877108    0    0 510912 315484 279929 1331777 38 23 36  3  0  0
45  6 132980 2788416 1769176 183878352    0    0 512048 306208 280229 1332458 39 23 35  3  0  0
53  2 132980 2787528 1769176 183879584    0    0 493632 306028 279105 1332005 38 24 35  2  0  0
 2  0 132980 2784768 1769192 183880804    0    0 487552 311484 277502 1325653 38 24 35  3  0  0
31  2 132980 2776836 1769192 183882012    0    0 526352 315972 281166 1328936 38 24 35  3  0  0
98  6 132980 2775888 1769192 183883348    0    0 509872 304992 289367 1358186 39 24 34  3  0  0
33  5 132980 2769696 1769196 183884560    0    0 480068 314964 278114 1314361 38 23 36  3  0  0
105  6 132980 2768000 1769196 183885764    0    0 502608 302336 280487 1338329 38 24 35  3  0  0
35  1 132980 2766408 1769200 183887040    0    0 513728 318596 280254 1308733 39 22 36  3  0  0
67  1 132980 2765228 1769200 183888288    0    0 497856 306724 280437 1317411 38 24 36  3  0  0
99 11 132980 2766260 1769200 183889532    0    0 494704 318512 278808 1310670 38 23 36  3  0  0
52  5 132980 2763640 1769200 183890692    0    0 517264 321804 285864 1324542 38 23 35  3  0  0
 4  0 132980 2765392 1769200 183891984    0    0 497648 313068 281768 1329365 39 23 35  3  0  0
20  5 132980 2763740 1769208 183893192    0    0 509136 324128 280685 1320228 38 23 36  3  0  0
66  0 132980 2758384 1769208 183894488    0    0 507424 320592 281921 1312958 39 23 36  3  0  0
procs -----------memory---------- ---swap-- -----io---- -system-- -------cpu-------
 r  b   swpd   free   buff  cache   si   so    bi    bo   in   cs us sy id wa st gu
89  7 132980 2753820 1769208 183895676    0    0 483520 314760 277713 1317494 38 23 37  2  0  0
86  9 132980 2754452 1769208 183896896    0    0 504000 325284 279718 1314642 38 23 36  3  0  0
74  7 132980 2754204 1769208 183898088    0    0 485248 314376 281451 1319905 38 24 36  2  0  0
80  6 132980 2749908 1769208 183899292    0    0 497376 314932 278019 1300484 38 23 36  3  0  0
77  1 132980 2750532 1769208 183900500    0    0 498960 320292 280767 1303987 38 23 36  3  0  0
45  2 132980 2749560 1769208 183901780    0    0 489792 317164 279410 1296334 38 23 36  3  0  0
47  5 132980 2748176 1769208 183902948    0    0 505392 331892 283815 1313669 38 23 36  3  0  0
90  8 132980 2747912 1769208 183904136    0    0 494576 315712 283706 1321071 38 23 35  3  0  0
36  9 132980 2748380 1769212 183905440    0    0 501760 321488 288401 1317055 38 23 36  2  0  0
44  6 132980 2748640 1769212 183906644    0    0 487024 314616 280989 1306759 37 24 36  2  0  0
79  3 132980 2747060 1769212 183907816    0    0 484240 313256 280887 1324014 38 23 36  2  0  0
17 27 132980 2745992 1769212 183909016    0    0 496768 315528 282561 1316281 38 23 36  2  0  0
23 26 132980 2740744 1769212 183910212    0    0 492064 311260 282991 1327210 39 24 35  2  0  0
29 23 132980 2740104 1769220 183911436    0    0 501104 322168 279388 1297341 38 23 37  3  0  0
29 22 132980 2739360 1769220 183912612    0    0 495584 312240 290466 1347312 39 24 35  2  0  0
112 19 132980 2741260 1769220 183913840    0    0 498000 314744 280381 1304471 38 23 36  3  0  0
51 10 132980 2735980 1769220 183915080    0    0 502944 313624 284930 1321300 38 23 36  3  0  0
68  5 132980 2737440 1769220 183916320    0    0 488992 318220 282803 1323632 38 23 37  2  0  0
79 14 132980 2737968 1769228 183917568    0    0 521520 329472 283362 1315752 38 23 36  3  0  0
35  3 132980 2737192 1769228 183918816    0    0 492608 324752 281673 1306022 39 23 36  3  0  0
92 12 132980 2734148 1769228 183919976    0    0 474208 304176 280830 1326501 39 23 36  2  0  0
procs -----------memory---------- ---swap-- -----io---- -system-- -------cpu-------
 r  b   swpd   free   buff  cache   si   so    bi    bo   in   cs us sy id wa st gu
52  7 132980 2734744 1769228 183921204    0    0 501344 310152 281487 1312951 38 23 36  2  0  0
125  6 132980 2733940 1769228 183922312    0    0 478544 306816 280209 1318054 38 24 36  2  0  0
57  4 132980 2733472 1769236 183923608    0    0 500512 320732 283001 1310638 39 23 36  2  0  0
83  5 132980 2733668 1769236 183924804    0    0 488144 312188 285354 1331143 38 23 36  3  0  0
32 12 132980 2731224 1769236 183926068    0    0 507792 298996 285166 1306256 38 23 37  3  0  0
71  5 132980 2729492 1769236 183927328    0    0 493120 328164 283910 1319872 38 24 35  3  0  0
99 12 132980 2727544 1769236 183928632    0    0 500608 330832 288336 1324084 38 24 36  3  0  0
82  6 132980 2725612 1769240 183929856    0    0 490208 305920 280546 1315395 38 23 36  3  0  0
29  6 132980 2724716 1769240 183931108    0    0 504752 326340 285344 1315341 39 23 36  3  0  0
36  1 132980 2722728 1769240 183932308    0    0 492784 315680 283968 1314602 38 24 36  3  0  0
39  1 132980 2724488 1769240 183933572    0    0 502048 312948 289668 1325066 38 23 36  3  0  0
87 16 132980 2721520 1769240 183934812    0    0 500896 319848 283237 1309394 38 23 36  3  0  0
28  3 132980 2718000 1769244 183936024    0    0 481296 312444 287830 1349247 39 25 34  2  0  0
27 10 132980 2717336 1769244 183937220    0    0 487632 309404 280721 1310245 38 23 36  2  0  0
88  7 132980 2716092 1769244 183938488    0    0 505264 319640 290227 1340714 38 24 35  3  0  0
60  3 132980 2716544 1769244 183939768    0    0 498864 318020 282118 1314419 39 23 35  3  0  0
57  5 132980 2713692 1769244 183940972    0    0 491536 302848 287845 1322181 39 24 35  2  0  0
63  4 132980 2713304 1769252 183942292    0    0 508704 336956 288796 1312719 38 23 36  3  0  0
38  7 132980 2713276 1769252 183943520    0    0 492480 315784 284875 1321045 39 24 35  3  0  0
52  9 132980 2710488 1769252 183944800    0    0 511664 321232 289767 1314542 38 23 36  3  0  0
26 11 132980 2712184 1769252 183946036    0    0 493456 310136 282882 1320301 38 23 36  3  0  0
procs -----------memory---------- ---swap-- -----io---- -system-- -------cpu-------
 r  b   swpd   free   buff  cache   si   so    bi    bo   in   cs us sy id wa st gu
52 12 132980 2711704 1769252 183947256    0    0 503248 333036 290262 1334847 38 24 35  3  0  0
40 60 132980 2712308 1769256 183948472    0    0 504080 320600 281960 1300192 38 23 37  3  0  0
76 19 132980 2711004 1769256 183949768    0    0 503312 317728 287153 1320416 38 24 36  3  0  0
79 10 132980 2711304 1769256 183951032    0    0 499312 315080 281307 1308138 38 24 36  3  0  0
50 15 132980 2709880 1769260 183952300    0    0 503328 320772 286217 1338708 39 23 35  3  0  0
57  5 132980 2708472 1769264 183953548    0    0 487936 320420 283677 1326160 38 24 36  2  0  0
41 10 132980 2709076 1769264 183954744    0    0 494960 312152 289930 1329380 39 23 36  2  0  0
64 11 132980 2706304 1769264 183956004    0    0 490560 312080 282460 1325504 39 24 35  2  0  0
93 23 132980 2706112 1769264 183957296    0    0 485584 318868 283671 1343034 39 24 35  2  0  0
33 24 132980 2703660 1769264 183958576    0    0 499696 318912 282719 1298588 38 23 36  3  0  0
23  6 132980 2704056 1769264 183959752    0    0 489152 322880 289004 1347224 39 24 35  2  0  0
28  6 132980 2702236 1769264 183960980    0    0 475840 310812 283426 1324876 39 23 36  2  0  0
69  1 132980 2701536 1769264 183962184    0    0 496512 298004 285649 1317639 38 24 36  3  0  0
70  4 132980 2699860 1769264 183963424    0    0 497696 331920 286934 1328655 39 23 36  2  0  0
66  3 132980 2699336 1769264 183964652    0    0 504320 316936 285250 1322780 38 24 35  3  0  0
56  3 132980 2697460 1769264 183966012    0    0 502400 311948 277704 1298911 38 23 37  3  0  0
67  7 132980 2697128 1769264 183967240    0    0 510400 326976 282676 1313026 39 23 36  3  0  0
104  3 132980 2796568 1769264 183869732    0    0 495552 314060 279889 1301564 38 23 36  3  0  0
47  2 132980 2794172 1769264 183870376    0    0 490112 319204 283057 1331579 39 23 35  2  0  0
74  9 132980 2792688 1769264 183871624    0    0 501664 324220 281713 1305742 38 23 36  3  0  0
82 18 132980 2794128 1769272 183872820    0    0 502320 323940 285917 1320813 38 23 36  3  0  0
procs -----------memory---------- ---swap-- -----io---- -system-- -------cpu-------
 r  b   swpd   free   buff  cache   si   so    bi    bo   in   cs us sy id wa st gu
17 21 132980 2789736 1769272 183874128    0    0 508496 325244 286152 1316187 38 24 36  3  0  0
53  8 132980 2789236 1769272 183875304    0    0 495344 321484 288607 1334854 39 24 35  3  0  0
16  2 132980 2786884 1769272 183876524    0    0 490512 321696 287455 1329632 39 23 35  2  0  0
43 16 132980 2786440 1769272 183877656    0    0 480752 305512 282956 1331129 38 24 35  2  0  0
51  6 132980 2786776 1769280 183878900    0    0 501232 318936 283867 1316365 39 23 36  3  0  0
117 12 132980 2784892 1769280 183880072    0    0 488848 312204 284080 1329198 38 24 35  2  0  0
54  5 132980 2783744 1769280 183881268    0    0 495872 322764 284558 1316961 38 23 36  2  0  0
51 13 132980 2783176 1769280 183882476    0    0 506720 322744 285620 1317786 39 23 36  2  0  0
64  4 132980 2782892 1769280 183883724    0    0 503216 309888 282092 1304440 38 24 36  3  0  0
47  1 132980 2780476 1769280 183884932    0    0 486352 312556 288549 1346184 38 24 35  2  0  0
69  4 132980 2777384 1769280 183886132    0    0 486592 322480 282860 1303790 38 24 36  2  0  0
70 17 132980 2778232 1769280 183887280    0    0 500816 313904 288429 1339507 39 24 34  3  0  0
80 14 132980 2776808 1769280 183888548    0    0 500560 318912 290241 1328126 38 24 35  3  0  0
88 16 132980 2773632 1769280 183889740    0    0 483312 313328 284216 1322175 38 24 35  3  0  0
55 12 132980 2772620 1769284 183890936    0    0 500496 308944 284329 1324527 38 24 36  3  0  0
91 19 132980 2769880 1769284 183892152    0    0 477488 326976 284048 1334562 38 24 36  2  0  0
83 11 132980 2770192 1769284 183893352    0    0 493008 300832 282868 1322391 38 24 36  2  0  0
29 10 132980 2768324 1769284 183894528    0    0 497296 316404 282733 1334240 39 24 35  3  0  0
63 16 132980 2764888 1769284 183895752    0    0 509744 324028 283936 1315364 39 23 36  3  0  0
71  6 132980 2766260 1769288 183896976    0    0 494816 312384 281927 1310532 38 24 36  3  0  0
89  9 132980 2765932 1769288 183898176    0    0 488736 300336 283129 1333493 38 24 35  2  0  0
procs -----------memory---------- ---swap-- -----io---- -system-- -------cpu-------
 r  b   swpd   free   buff  cache   si   so    bi    bo   in   cs us sy id wa st gu
59  5 132980 2765136 1769288 183899392    0    0 490416 328556 282699 1321302 39 23 35  2  0  0
53  5 132980 2765360 1769288 183900608    0    0 508352 312000 281307 1298852 38 23 36  3  0  0
53  3 132980 2765828 1769288 183901824    0    0 491632 314548 281411 1314075 38 23 35  3  0  0
69  8 132980 2764428 1769296 183903024    0    0 494416 319468 290110 1333602 39 23 36  3  0  0
113 17 132980 2763040 1769296 183904260    0    0 502896 309316 281737 1305028 37 23 36  3  0  0
71  7 132980 2761048 1769296 183905408    0    0 494528 310344 284744 1340992 39 24 35  2  0  0
117 10 132980 2761692 1769296 183906648    0    0 494816 325528 284468 1333208 39 24 35  3  0  0
32  5 132980 2758264 1769296 183907868    0    0 496480 319940 286806 1330890 38 23 35  3  0  0
 1  0 132980 2756612 1769300 183909096    0    0 488848 310344 282154 1307875 38 24 36  2  0  0
57  8 132980 2755896 1769304 183910296    0    0 509360 327084 283277 1309943 38 23 36  3  0  0
50  9 132980 2754168 1769304 183911548    0    0 494672 321732 282235 1310941 38 23 36  3  0  0
32  3 132980 2751588 1769304 183912752    0    0 492064 316276 283928 1337483 39 24 35  3  0  0
45 15 132980 2752828 1769304 183913956    0    0 497312 323604 288129 1327313 39 24 35  2  0  0
17  0 132980 2749220 1769308 183915104    0    0 477136 307216 280911 1330407 38 24 36  2  0  0
19 19 132980 2751632 1769308 183916352    0    0 510960 310996 283249 1309014 38 23 36  3  0  0
62  1 132980 2753580 1769308 183917524    0    0 496720 328048 283014 1319841 38 24 35  3  0  0
90  8 132980 2754028 1769308 183918768    0    0 498464 321000 282674 1303334 38 23 36  3  0  0
113 10 132980 2753000 1769308 183920016    0    0 497216 319304 281892 1320476 38 23 36  3  0  0
32  5 132980 2750972 1769308 183921248    0    0 496000 313612 283790 1328806 38 24 36  2  0  0
16 14 132980 2750368 1769312 183922464    0    0 496948 310348 283120 1319099 39 23 36  2  0  0
20 12 132980 2749972 1769312 183923612    0    0 483312 311940 288066 1341080 39 24 35  3  0  0
procs -----------memory---------- ---swap-- -----io---- -system-- -------cpu-------
 r  b   swpd   free   buff  cache   si   so    bi    bo   in   cs us sy id wa st gu
29  5 132980 2748072 1769312 183924856    0    0 502416 325068 286526 1330134 39 24 35  3  0  0
98 15 132980 2747336 1769312 183926068    0    0 491488 308344 282954 1326804 38 23 36  3  0  0
105 12 132980 2747916 1769316 183927264    0    0 496336 319748 283432 1312414 38 24 36  2  0  0
45  7 132980 2746008 1769316 183928456    0    0 501056 317452 286399 1333219 39 24 34  3  0  0
86  8 132980 2745916 1769316 183929740    0    0 487568 316520 283656 1320638 39 24 35  2  0  0
82  4 132980 2743972 1769316 183930964    0    0 487472 318340 284470 1328212 39 24 35  2  0  0
62  0 132980 2741644 1769316 183932184    0    0 500464 314992 288123 1327497 39 23 35  3  0  0
56 10 132980 2737480 1769324 183933372    0    0 495104 314240 284552 1333551 39 23 36  2  0  0
 4  4 132980 2733608 1769324 183934564    0    0 492048 306236 284336 1333167 38 24 35  2  0  0
65 25 132980 2736172 1769324 183935808    0    0 481040 312740 281004 1319286 38 24 35  2  0  0
59 45 132980 2734452 1769328 183936960    0    0 499008 319784 285573 1334993 38 24 35  2  0  0
23 15 132980 2732504 1769328 183938188    0    0 489376 308344 283528 1331549 38 24 35  3  0  0
88 13 132980 2728848 1769336 183939384    0    0 494464 323052 287592 1326524 39 24 35  3  0  0
56 25 132980 2728084 1769336 183940596    0    0 476544 311912 281877 1312995 38 24 35  2  0  0
45  5 132980 2728540 1769336 183941788    0    0 505200 310704 286808 1322318 38 24 35  3  0  0
120 13 132980 2727352 1769336 183942956    0    0 492512 319640 283537 1325392 39 23 35  3  0  0
93 11 132980 2727196 1769336 183944240    0    0 494592 308976 284948 1340325 38 24 35  3  0  0
30  1 132980 2722696 1769336 183945592    0    0 497664 330404 285914 1322075 38 24 35  2  0  0
65 18 132980 2717732 1769344 183946812    0    0 485600 304864 285800 1333852 39 24 35  3  0  0
12 28 132980 2714740 1769344 183948008    0    0 492368 301724 285650 1338816 39 24 35  2  0  0
34 18 132980 2712780 1769344 183949236    0    0 482576 320172 281854 1324378 38 24 35  3  0  0
procs -----------memory---------- ---swap-- -----io---- -system-- -------cpu-------
 r  b   swpd   free   buff  cache   si   so    bi    bo   in   cs us sy id wa st gu
73 31 132980 2709700 1769344 183950500    0    0 506640 324748 284996 1318555 38 23 36  3  0  0
33 13 132980 2707700 1769344 183951688    0    0 488464 303076 284655 1331516 38 24 35  2  0  0
30  7 132980 2705448 1769348 183952900    0    0 498032 314540 286933 1322380 38 23 36  2  0  0
77 22 132980 2704508 1769348 183954164    0    0 482832 319764 282816 1313080 37 24 36  2  0  0
77 14 132980 2701412 1769348 183955372    0    0 499152 308752 284354 1322567 39 24 35  2  0  0
21  1 132980 2701768 1769348 183956612    0    0 484784 311960 281816 1320385 38 24 35  2  0  0
 3  0 132980 2701068 1769348 183957856    0    0 500272 319404 281975 1310744 38 23 36  3  0  0
102 14 132980 2700040 1769352 183959160    0    0 477712 314112 279425 1315768 38 24 36  2  0  0
84  2 132980 2698372 1769352 183960324    0    0 502080 310724 291406 1351444 39 24 34  3  0  0
 3  0 132980 2793380 1769352 183867836    0    0 476256 304444 281112 1340563 39 24 35  2  0  0
 4  0 132980 2791020 1769352 183869028    0    0 485744 306532 285472 1347584 38 25 34  3  0  0
17  6 132980 2790164 1769352 183870212    0    0 494128 323300 282860 1314631 38 24 36  3  0  0
49  7 132980 2789480 1769356 183871416    0    0 506992 319512 285018 1325790 38 24 35  3  0  0
 2  0 132980 2788640 1769356 183872688    0    0 507184 322316 282050 1304414 38 23 36  3  0  0
102  9 132980 2789516 1769356 183873908    0    0 496608 305800 283329 1339827 40 24 34  2  0  0
 3  0 132980 2786544 1769356 183875128    0    0 492176 319696 290704 1336952 39 24 35  2  0  0
37  3 132980 2785468 1769356 183876364    0    0 488544 312888 279199 1324517 38 24 35  3  0  0
47  3 132980 2784116 1769360 183877572    0    0 508688 316508 284288 1332725 38 24 35  3  0  0
42  1 132980 2784284 1769360 183878764    0    0 485200 320520 279811 1302704 38 24 36  2  0  0
 2  0 132980 2782112 1769360 183879948    0    0 487120 312208 287801 1336272 39 25 34  2  0  0
60 11 132980 2778056 1769360 183881196    0    0 500256 318952 282512 1317534 38 24 36  3  0  0
procs -----------memory---------- ---swap-- -----io---- -system-- -------cpu-------
 r  b   swpd   free   buff  cache   si   so    bi    bo   in   cs us sy id wa st gu
93  8 132980 2778916 1769360 183882360    0    0 491744 313116 285197 1332712 38 24 35  3  0  0
75  4 132980 2775760 1769364 183883584    0    0 500384 313412 284758 1339737 39 23 35  3  0  0
112 20 132980 2774796 1769364 183884832    0    0 507008 328812 287944 1314382 39 23 35  2  0  0
77  4 132980 2773224 1769364 183886116    0    0 499040 315620 285175 1329824 39 24 35  3  0  0
55  3 132980 2772652 1769364 183887296    0    0 491920 311168 285331 1337996 39 24 34  2  0  0
43 10 132980 2770516 1769364 183888484    0    0 495376 324680 282937 1317117 39 23 36  3  0  0
40  3 132980 2769756 1769368 183889656    0    0 488192 322688 286394 1320131 38 24 36  2  0  0
94  7 132980 2769196 1769368 183890896    0    0 497216 311856 288839 1331307 39 24 35  3  0  0
76  3 132980 2770252 1769368 183892108    0    0 490432 312868 284087 1324696 39 24 35  2  0  0
52  3 132980 2768580 1769368 183893316    0    0 496064 318484 283380 1316884 39 23 35  3  0  0
41  7 132980 2765608 1769368 183894520    0    0 486896 313808 285088 1319613 39 24 35  3  0  0
 4  2 132980 2766564 1769372 183895732    0    0 500624 310596 293419 1354073 39 24 35  3  0  0
46  6 132980 2762064 1769372 183896956    0    0 503552 319172 283947 1316461 38 23 36  3  0  0
45  6 132980 2761464 1769372 183898128    0    0 497728 315500 283876 1326772 38 24 35  3  0  0
95  8 132980 2763112 1769372 183899400    0    0 496048 319688 285621 1318216 38 24 35  2  0  0
13  0 132980 2757996 1769372 183900576    0    0 501024 313332 286294 1332008 38 24 35  3  0  0
30  8 132980 2760396 1769376 183901792    0    0 491728 330212 280921 1294041 38 23 37  3  0  0
72  3 132980 2758616 1769376 183903020    0    0 504464 309740 284460 1343922 39 24 34  3  0  0
68  3 132980 2757308 1769376 183904236    0    0 484320 317204 280570 1319177 38 23 36  2  0  0
59  5 132980 2756580 1769376 183905408    0    0 492784 317256 283517 1321191 38 24 36  2  0  0
105  4 132980 2756444 1769376 183906636    0    0 498576 312456 285063 1335223 39 24 35  3  0  0
procs -----------memory---------- ---swap-- -----io---- -system-- -------cpu-------
 r  b   swpd   free   buff  cache   si   so    bi    bo   in   cs us sy id wa st gu
82 11 132980 2754456 1769384 183907848    0    0 491952 320132 283034 1320269 39 23 36  2  0  0
 6  2 132980 2754440 1769384 183909056    0    0 490596 316472 284114 1329355 39 23 35  3  0  0
 5  0 132980 2751524 1769384 183910304    0    0 486208 304712 283959 1336296 38 25 34  3  0  0
74  6 132980 2751332 1769384 183911520    0    0 491856 315532 283821 1319028 38 24 36  2  0  0
22  0 132980 2750488 1769384 183912656    0    0 493184 313668 283484 1328151 39 24 35  2  0  0
 6  2 132980 2748636 1769388 183913900    0    0 499632 321812 282983 1315946 39 23 35  3  0  0
41  5 132980 2747396 1769388 183915112    0    0 487088 315420 282642 1320103 38 24 35  2  0  0
62  5 132980 2745256 1769388 183916324    0    0 485856 315104 280062 1315210 38 24 36  2  0  0
41  7 132980 2744772 1769388 183917580    0    0 497424 313044 285160 1338923 38 25 35  3  0  0
 3  0 132980 2743000 1769388 183918792    0    0 494784 318832 285306 1319634 38 25 35  2  0  0
33  9 132980 2739432 1769388 183919928    0    0 476912 313980 280218 1323845 38 24 35  2  0  0
85 13 132980 2739616 1769388 183921148    0    0 494784 317132 282506 1322459 39 23 36  2  0  0
51  1 132980 2738892 1769388 183922332    0    0 485312 312340 284835 1334927 39 24 35  2  0  0
 4  0 132980 2734840 1769388 183923540    0    0 486896 317656 282273 1320001 38 24 35  3  0  0
58  3 132980 2735136 1769388 183924728    0    0 488624 317456 282483 1324953 38 24 35  3  0  0
 2  0 132980 2736164 1769396 183925924    0    0 486944 316636 288235 1326747 38 25 35  3  0  0
86  3 132980 2738764 1769396 183927188    0    0 497744 320264 282246 1313434 38 24 35  3  0  0
66 12 132980 2738596 1769396 183928380    0    0 507408 317292 287646 1336547 39 23 35  3  0  0
 3  1 132980 2734932 1769396 183929648    0    0 480192 316968 280246 1312762 38 24 36  3  0  0
42  3 132980 2733932 1769396 183930832    0    0 513264 317824 285933 1318298 39 23 35  3  0  0
77  6 132980 2730196 1769404 183932096    0    0 508880 327724 283647 1306317 39 23 36  3  0  0
procs -----------memory---------- ---swap-- -----io---- -system-- -------cpu-------
 r  b   swpd   free   buff  cache   si   so    bi    bo   in   cs us sy id wa st gu
75  4 132980 2729672 1769404 183933300    0    0 508288 313496 286983 1339349 39 24 34  3  0  0
77  2 132980 2728356 1769404 183934600    0    0 526304 322220 288315 1322935 39 23 34  3  0  0
28  6 132980 2726160 1769404 183935872    0    0 515232 324088 285560 1314235 39 23 36  3  0  0
 2  0 132980 2725744 1769404 183937168    0    0 498400 328096 280930 1302037 38 24 36  2  0  0
49 12 132980 2725304 1769408 183938444    0    0 519408 323948 286982 1329848 39 24 35  3  0  0
67  2 132980 2703660 1769408 183939668    0    0 497136 313640 282781 1321990 39 23 36  2  0  0
61  6 132980 2703916 1769408 183940960    0    0 509568 327376 282527 1305907 38 23 36  3  0  0
54  3 132980 2703532 1769408 183942180    0    0 508624 321768 285711 1317458 39 23 35  3  0  0
44  6 132980 2702824 1769408 183943432    0    0 491232 323700 281896 1312625 38 23 36  3  0  0
37  1 132980 2702116 1769412 183944672    0    0 504320 318432 282900 1327627 39 23 35  2  0  0
63 11 132980 2697532 1769412 183945956    0    0 490464 308592 281673 1340272 39 23 35  2  0  0
70  7 132980 2794884 1769412 183847980    0    0 507456 321740 287593 1326560 38 24 35  3  0  0
108  7 132980 2794288 1769412 183848376    0    0 475744 313136 279940 1330399 38 24 36  2  0  0
72 17 132980 2795016 1769412 183849508    0    0 496480 307048 285861 1338819 39 24 35  2  0  0
 5  3 132980 2793336 1769412 183850776    0    0 498064 326312 285074 1308473 38 23 36  3  0  0
89  9 132980 2790388 1769412 183851936    0    0 486496 310896 280408 1324989 38 24 35  2  0  0
32  2 132980 2789888 1769412 183853136    0    0 502048 316480 283466 1320649 38 24 35  3  0  0
62  4 132980 2789156 1769412 183854376    0    0 511920 321920 284285 1316642 38 24 35  3  0  0
 4  0 132980 2789612 1769412 183855664    0    0 511104 332112 289962 1321742 38 24 35  3  0  0
48  3 132980 2787668 1769420 183856880    0    0 492512 309008 284421 1342541 39 25 34  3  0  0
 9  0 132980 2788660 1769420 183858104    0    0 505968 317764 287656 1332872 38 24 35  3  0  0
procs -----------memory---------- ---swap-- -----io---- -system-- -------cpu-------
 r  b   swpd   free   buff  cache   si   so    bi    bo   in   cs us sy id wa st gu
53 12 132980 2788924 1769420 183859356    0    0 489424 319084 283133 1323887 39 23 36  2  0  0
43  2 132980 2785988 1769420 183860536    0    0 495232 322956 286857 1325803 38 24 36  3  0  0
36  7 132980 2782976 1769420 183861752    0    0 492176 309344 283129 1333974 39 24 35  2  0  0
 4  0 132980 2782096 1769420 183862960    0    0 496896 318172 286334 1331224 39 24 35  3  0  0
89 14 132980 2780332 1769424 183864228    0    0 495444 322548 282077 1320801 38 24 36  3  0  0
11  0 132980 2779528 1769424 183865432    0    0 498640 314188 282428 1323782 39 23 35  3  0  0
 4  0 132980 2776888 1769424 183866660    0    0 489616 323472 281126 1307858 38 24 36  3  0  0
81 10 132980 2777104 1769424 183867840    0    0 495888 313276 281329 1320190 38 23 36  3  0  0
 5  0 132980 2778152 1769428 183869080    0    0 495104 317448 283379 1323032 39 24 35  3  0  0
95 30 132980 2775852 1769428 183870304    0    0 494000 313692 285465 1324834 39 23 35  3  0  0
113  3 132980 2773900 1769428 183871516    0    0 502144 316108 284554 1323611 38 24 35  3  0  0
 4  0 132980 2771716 1769428 183872716    0    0 492160 323388 285721 1317066 38 24 36  3  0  0
61 10 132980 2770032 1769428 183873912    0    0 488640 317316 281582 1315473 38 23 36  3  0  0
82 13 132980 2770180 1769432 183875108    0    0 491968 312672 288338 1338820 39 24 35  2  0  0
86 16 132980 2769764 1769436 183876320    0    0 472320 318896 281866 1320525 38 24 36  2  0  0
49 11 132980 2767148 1769436 183877520    0    0 495824 309664 288831 1345363 38 25 35  3  0  0
 4  0 132980 2766220 1769436 183878732    0    0 480480 318328 283026 1326255 39 24 35  2  0  0
39  3 132980 2763376 1769436 183879920    0    0 505872 313628 284727 1322800 39 23 35  3  0  0
42 21 132980 2765160 1769444 183881116    0    0 490656 324116 282905 1311968 38 24 36  3  0  0
55 13 132980 2763596 1769444 183882340    0    0 508336 327836 283031 1311625 38 24 36  3  0  0
74  3 132980 2759920 1769444 183883668    0    0 503968 312588 284179 1320014 39 23 36  3  0  0
procs -----------memory---------- ---swap-- -----io---- -system-- -------cpu-------
 r  b   swpd   free   buff  cache   si   so    bi    bo   in   cs us sy id wa st gu
 3  1 132980 2758112 1769444 183884844    0    0 481488 304124 285291 1338869 39 24 34  2  0  0
62 18 132980 2757320 1769444 183886108    0    0 527664 324528 284405 1316753 38 23 35  3  0  0
85 10 132980 2756548 1769452 183887324    0    0 508240 315564 286712 1335710 39 24 34  3  0  0
81 24 132980 2754912 1769452 183888632    0    0 494592 328608 281796 1304153 38 23 36  3  0  0
77 10 132980 2752432 1769452 183889856    0    0 507984 311308 287933 1336522 39 24 34  3  0  0
 2  0 132980 2752572 1769452 183891068    0    0 490176 318324 284633 1317692 39 24 35  2  0  0
61 13 132980 2751112 1769452 183892296    0    0 496880 307444 289824 1352880 39 24 34  3  0  0
99  6 132980 2748456 1769456 183893592    0    0 495648 328396 283416 1319043 39 22 36  3  0  0
95  5 132980 2747068 1769456 183894704    0    0 479728 307100 285171 1333638 39 24 35  2  0  0
42  4 132980 2744632 1769456 183895980    0    0 491888 312844 283742 1336427 39 23 35  2  0  0
35 16 132980 2743960 1769456 183897216    0    0 512432 322964 285081 1314600 39 23 36  3  0  0
103 10 132980 2743224 1769456 183898460    0    0 486384 319332 280596 1318559 38 23 36  2  0  0
67  2 132980 2736608 1769460 183899692    0    0 506848 306516 288478 1348166 39 24 34  3  0  0
41  8 132980 2738220 1769460 183900944    0    0 489312 325988 279440 1303839 38 23 36  2  0  0
 3  1 132980 2736456 1769460 183902136    0    0 490992 314316 289665 1339552 39 24 35  2  0  0
77  3 132980 2735420 1769460 183903412    0    0 502848 319204 281650 1319157 38 23 36  3  0  0
 3  1 132980 2733184 1769460 183904628    0    0 489600 315216 283285 1323394 39 23 35  3  0  0
18  1 132980 2731864 1769464 183905880    0    0 499392 324644 283275 1311197 38 24 35  3  0  0
37  5 132980 2729776 1769464 183907092    0    0 490896 315468 290006 1338248 39 24 35  2  0  0
53 10 132980 2729060 1769464 183908384    0    0 504096 318612 285486 1323088 39 24 35  3  0  0
 4  0 132980 2729916 1769464 183909644    0    0 472144 313776 283454 1331908 38 24 36  2  0  0
procs -----------memory---------- ---swap-- -----io---- -system-- -------cpu-------
 r  b   swpd   free   buff  cache   si   so    bi    bo   in   cs us sy id wa st gu
39  9 132980 2727972 1769464 183910864    0    0 499216 313508 284302 1329974 39 24 35  3  0  0
43 25 132980 2728272 1769468 183912068    0    0 486256 309076 283261 1334990 39 25 34  3  0  0
78  2 132980 2726580 1769468 183913316    0    0 519632 317368 283299 1310348 38 24 35  3  0  0
67  5 132980 2724376 1769468 183914596    0    0 484640 319660 281809 1322349 38 24 36  3  0  0
34  4 132980 2722904 1769468 183915828    0    0 493136 316596 284127 1327966 39 24 35  2  0  0
70  2 132980 2721324 1769468 183917088    0    0 504064 312932 282672 1328076 38 24 35  3  0  0
61  3 132980 2719392 1769472 183918344    0    0 499552 324268 287047 1322214 38 24 35  3  0  0
71  7 132980 2714280 1769472 183919616    0    0 499632 318140 281765 1330886 39 23 35  3  0  0
 4  0 132980 2715820 1769472 183920884    0    0 493616 322008 284744 1304884 38 24 36  2  0  0
92 16 132980 2712516 1769472 183922072    0    0 485312 311940 279973 1326414 38 24 35  2  0  0
 4  0 132980 2709876 1769472 183923300    0    0 504944 315892 289960 1351797 39 24 34  2  0  0
 5  0 132980 2709612 1769476 183924556    0    0 488320 317320 282969 1325847 39 24 35  2  0  0
72  4 132980 2711420 1769476 183925780    0    0 491136 313336 287336 1336102 39 24 35  2  0  0
92 10 132980 2709516 1769476 183927064    0    0 497536 322012 283052 1329895 38 25 34  3  0  0
30  3 132980 2709528 1769476 183928304    0    0 486336 312672 283233 1332886 39 24 35  2  0  0
 5  0 132980 2708648 1769476 183929564    0    0 495696 319440 283588 1324173 38 24 35  3  0  0
76 25 132980 2707652 1769484 183930848    0    0 513088 326004 287203 1325369 38 24 35  3  0  0
80  7 132980 2703776 1769484 183932092    0    0 496864 314740 283275 1319617 38 24 35  2  0  0
75  0 132980 2703160 1769484 183933328    0    0 494128 314952 281617 1317514 38 23 36  3  0  0
39  1 132980 2702580 1769484 183934616    0    0 503824 321640 282113 1304983 38 24 36  3  0  0
79 12 132980 2702380 1769484 183935788    0    0 498896 314744 288803 1339009 39 24 34  3  0  0
procs -----------memory---------- ---swap-- -----io---- -system-- -------cpu-------
 r  b   swpd   free   buff  cache   si   so    bi    bo   in   cs us sy id wa st gu
19  0 132980 2702148 1769488 183937040    0    0 483184 317324 285552 1324154 39 23 36  2  0  0
93  5 132980 2698592 1769488 183938308    0    0 502576 312336 287941 1345310 39 24 34  2  0  0
 3  1 132980 2794808 1769488 183842284    0    0 495504 317552 282778 1315031 39 23 36  3  0  0
42  9 132980 2793832 1769488 183842576    0    0 498672 320088 283510 1315053 38 24 35  3  0  0
75  8 132980 2793652 1769488 183843796    0    0 497040 318844 284313 1328222 39 23 36  3  0  0
 5  0 132980 2792444 1769492 183845016    0    0 492480 322088 283056 1311419 38 23 36  3  0  0
16  1 132980 2793168 1769492 183846208    0    0 478544 313576 279837 1325511 38 23 36  2  0  0
53  8 132980 2792188 1769492 183847408    0    0 496656 310568 282959 1333573 39 24 35  3  0  0
80  1 132980 2791944 1769492 183848636    0    0 500736 324888 282589 1306398 38 24 35  3  0  0
 6  2 132980 2786472 1769492 183849856    0    0 501248 315536 283643 1327919 38 25 34  3  0  0
11  0 132980 2786748 1769496 183851064    0    0 520848 319684 287330 1327259 39 24 34  3  0  0
38 11 132980 2786576 1769496 183852340    0    0 488432 327536 278498 1289268 38 23 36  3  0  0
 4  0 132980 2786768 1769496 183853500    0    0 503712 307228 284333 1322114 39 24 34  3  0  0
52  3 132980 2785512 1769496 183854744    0    0 490832 307856 282724 1322976 39 24 35  3  0  0
110  6 132980 2783772 1769496 183855904    0    0 500192 307884 283710 1331932 39 24 35  3  0  0
49  5 132980 2771868 1769496 183857192    4    0 492620 328312 277995 1296772 38 23 36  3  0  0
90  4 132980 2724828 1769496 183858704    0    0 482052 305340 280027 1333230 40 24 34  3  0  0
93  5 132980 2801624 1769496 183772320    0    0 493844 317116 283891 1305326 39 23 35  3  0  0
48  3 132980 2737204 1769496 183774480    0    0 509120 316444 280720 1311947 39 24 34  3  0  0
 3  0 132980 2841108 1769496 183650788    0    0 532056 429948 288960 1327399 38 24 35  3  0  0
75  9 132980 2991676 1769500 183595616    0    0 503300 318000 282333 1322128 39 23 35  3  0  0
procs -----------memory---------- ---swap-- -----io---- -system-- -------cpu-------
 r  b   swpd   free   buff  cache   si   so    bi    bo   in   cs us sy id wa st gu
89 11 132980 2991456 1769500 183596496    0    0 494624 314120 281747 1321670 38 24 35  3  0  0
103 25 132980 2990816 1769500 183597744    0    0 510368 321116 280617 1303204 39 23 35  3  0  0
85  7 132980 2993844 1769500 183598916    0    0 501968 312096 282123 1321631 38 24 34  3  0  0
55  3 132980 2995728 1769500 183600140    0    0 489808 319032 281401 1314249 38 23 36  3  0  0
53 13 132980 2996856 1769504 183601268    0    0 504016 314312 289015 1340148 39 24 35  3  0  0
83  4 132980 2994300 1769504 183602512    0    0 496496 313768 284306 1324052 38 24 35  3  0  0
71 21 132980 2996904 1769504 183603756    0    0 503408 318300 281905 1323143 39 24 35  3  0  0
72 17 132980 2995780 1769504 183604940    0    0 495216 318056 286386 1319249 39 23 35  3  0  0
45  4 132980 2995364 1769504 183606136    0    0 498288 312872 283058 1331241 38 24 35  3  0  0
80 12 132980 2997036 1769512 183607388    0    0 512784 327816 286281 1318635 39 22 36  3  0  0
45  3 132980 2995704 1769512 183608640    0    0 492208 319020 281700 1316529 38 24 35  3  0  0
34  1 132980 2993044 1769512 183609800    0    0 508544 311184 285003 1342696 39 24 34  3  0  0
20  5 132980 2995268 1769512 183611040    0    0 488176 322720 281768 1315805 38 23 36  3  0  0
53  8 132980 2994192 1769512 183612204    0    0 492480 309568 283045 1337105 39 24 35  3  0  0
 4  0 132980 2994652 1769520 183613436    0    0 494752 329532 281400 1309989 38 23 36  3  0  0
19  6 132980 2996072 1769520 183614668    0    0 509296 313916 282482 1324638 39 23 35  3  0  0
94  2 132980 2993064 1769520 183615896    0    0 505696 319500 285410 1326939 39 24 34  3  0  0
89  8 132980 2991644 1769520 183617096    0    0 490928 322272 286885 1316418 38 24 36  3  0  0
23  4 132980 2993840 1769520 183618296    0    0 483760 315764 282893 1321819 38 24 35  3  0  0
23  8 132980 2997696 1769524 183619492    0    0 490912 320544 290948 1331632 39 24 35  3  0  0
26  1 132980 2995220 1769524 183620716    0    0 502688 333764 283816 1326273 38 24 35  3  0  0
procs -----------memory---------- ---swap-- -----io---- -system-- -------cpu-------
 r  b   swpd   free   buff  cache   si   so    bi    bo   in   cs us sy id wa st gu
32  7 132980 2995060 1769524 183621872    0    0 495216 315884 285888 1321088 38 24 35  3  0  0
 4  0 132980 2993920 1769524 183623120    0    0 480432 315576 281801 1322965 38 24 36  3  0  0
114  1 132980 2995860 1769524 183624272    0    0 492624 303484 285780 1333743 39 24 34  3  0  0
60  4 132980 2995864 1769528 183625480    0    0 504224 319536 283860 1323811 39 24 35  3  0  0
 6  0 132980 2997984 1769528 183626732    0    0 492176 320828 281692 1312626 38 24 36  3  0  0
46  3 132980 2995844 1769528 183627908    0    0 489664 302884 282748 1333554 39 24 35  2  0  0
54  4 132980 2990972 1769528 183629096    0    0 497952 303180 287274 1351766 39 24 34  2  0  0
89  9 132980 2991772 1769528 183630364    0    0 490944 314132 282042 1322244 38 24 36  2  0  0
29  7 132980 2986244 1769528 183631504    0    0 496192 308136 286993 1347508 39 24 35  3  0  0
71 10 132980 2981504 1769528 183632748    0    0 494272 320668 281345 1316195 39 23 36  2  0  0
87  4 132980 2983056 1769528 183633928    0    0 495456 316548 292400 1344805 39 23 35  3  0  0
69  5 132980 2982772 1769532 183635148    0    0 495412 319716 286253 1325812 38 24 35  3  0  0
39  3 132980 2981500 1769532 183636348    0    0 465856 318900 281115 1325111 38 24 36  2  0  0
46  2 132980 2980468 1769540 183637516    0    0 510960 310904 288102 1337070 39 23 35  3  0  0
53  7 132980 2980172 1769540 183638724    0    0 470912 313124 281873 1327257 38 24 36  2  0  0
43  6 132980 2978720 1769540 183639932    0    0 491904 321464 282621 1322058 39 23 35  3  0  0
98  8 132980 2976028 1769540 183641128    0    0 489664 315296 284846 1335537 39 24 34  3  0  0
91  7 132980 2959480 1769540 183642332    0    0 517984 329224 290069 1317509 38 23 36  3  0  0
68  7 132980 2958980 1769544 183643892    0    0 500512 321416 283815 1308860 39 24 35  3  0  0
101 10 132980 2959040 1769544 183644792    0    0 494096 310332 288008 1335415 39 24 34  3  0  0
45 12 132980 2956880 1769544 183646000    0    0 489584 319600 280701 1303645 38 23 36  2  0  0
procs -----------memory---------- ---swap-- -----io---- -system-- -------cpu-------
 r  b   swpd   free   buff  cache   si   so    bi    bo   in   cs us sy id wa st gu
92  6 132980 2954100 1769544 183647208    0    0 513056 310620 292124 1349733 39 24 34  3  0  0
108  3 132980 2957380 1769544 183648408    0    0 481280 315764 280451 1309783 38 23 36  3  0  0
47  6 132980 2958216 1769548 183649560    0    0 495184 310472 285127 1329643 39 24 35  3  0  0
83 13 132980 2957880 1769548 183650860    0    0 493456 320064 283809 1326599 38 24 35  3  0  0
47  3 132980 2958160 1769548 183651988    0    0 484832 308680 285973 1346071 39 25 34  2  0  0
77 11 132980 2959580 1769548 183653224    0    0 505504 327404 282582 1305807 38 23 36  3  0  0
115 13 132980 2959640 1769548 183654460    0    0 495024 311840 283510 1318898 39 24 35  3  0  0
74  1 132980 2957840 1769556 183655676    0    0 502560 317888 284977 1326252 39 23 35  3  0  0
51 10 132980 2956592 1769556 183656876    0    0 492144 314796 284267 1322846 38 25 35  3  0  0
27  1 132980 2957512 1769556 183658100    0    0 507952 324944 285274 1311269 38 23 36  3  0  0
96 10 132980 2957256 1769556 183659320    0    0 503232 312756 285920 1335729 39 24 34  3  0  0
71 19 132980 2943948 1769560 183660552    0    0 490704 315592 281707 1328285 39 23 35  3  0  0
63 14 132980 2963952 1769560 183661844    0    0 509504 317780 283939 1316725 39 24 35  3  0  0
62  7 132980 2961888 1769560 183663036    0    0 501296 320484 288081 1325330 39 24 35  3  0  0
44  2 132980 2959908 1769560 183664300    0    0 473664 310556 281055 1325031 39 24 35  2  0  0
62  2 132980 2955880 1769560 183665520    0    0 509152 310468 290641 1344700 39 23 35  3  0  0
82  3 132980 2951004 1769560 183666824    0    0 483904 320580 281130 1307389 37 24 36  2  0  0
103  8 132980 2946308 1769560 183668096    0    0 498464 311956 287332 1347969 39 24 34  3  0  0
29  5 132980 2944744 1769560 183669376    0    0 502064 324076 286202 1310810 38 23 36  3  0  0
112 17 132980 2943780 1769560 183670584    0    0 493120 313344 283984 1334280 39 24 35  2  0  0
57 24 132980 2938648 1769560 183671772    0    0 489248 310832 286563 1347770 39 24 35  2  0  0
procs -----------memory---------- ---swap-- -----io---- -system-- -------cpu-------
 r  b   swpd   free   buff  cache   si   so    bi    bo   in   cs us sy id wa st gu
17  1 132980 2940976 1769560 183673012    0    0 499728 325912 282199 1311957 38 24 36  3  0  0
30  3 132980 2937056 1769560 183674244    0    0 491328 310852 285767 1335774 39 24 35  2  0  0
37  3 132980 2894072 1769560 183675484    0    0 496720 310460 277686 1261766 37 23 38  3  0  0
63  3 132980 2892604 1769560 183676716    0    0 490288 314432 283997 1325622 38 24 35  2  0  0
45  2 132980 2891108 1769560 183677960    0    0 495472 312408 291717 1342987 39 24 35  3  0  0
56  3 132980 2890144 1769560 183679264    0    0 495120 323832 283076 1311751 38 23 36  3  0  0
64  9 132980 2886440 1769568 183680496    0    0 478416 306088 289608 1354678 39 24 34  2  0  0
18 20 132980 2882100 1769568 183681756    0    0 510256 318680 287595 1326046 39 24 34  3  0  0
29  8 132980 2881092 1769568 183682964    0    0 488144 320068 280895 1302006 38 23 36  2  0  0
46  5 132980 2881124 1769568 183684260    0    0 506848 314936 284961 1331263 39 23 35  3  0  0
 4  0 132980 2879076 1769568 183685440    0    0 486848 314368 285687 1330758 39 24 34  3  0  0
36  1 132980 2938144 1769576 183686712    0    0 494432 324968 283606 1314297 38 24 36  3  0  0
52  6 132980 2936504 1769576 183687920    0    0 468672 309828 281466 1328514 39 24 35  2  0  0
56  4 132980 2935040 1769576 183689112    0    0 480512 318716 284261 1329133 38 24 35  2  0  0
64 24 132980 2936984 1769576 183690288    0    0 482672 313116 283558 1333301 38 25 35  2  0  0
25  2 132980 2931364 1769576 183691520    0    0 506976 320860 283639 1316136 39 23 36  3  0  0
109 10 132980 2934156 1769584 183692800    0    0 496864 316972 282738 1320659 38 23 36  3  0  0
35 12 132980 2931880 1769584 183694076    0    0 492896 316916 283641 1311100 39 24 35  2  0  0
60  7 132980 2930704 1769584 183695308    0    0 500624 311464 288924 1345223 39 24 34  3  0  0
15  8 132980 2929984 1769584 183696580    0    0 487856 309420 284504 1323083 38 24 35  3  0  0
43  1 132980 2927808 1769584 183697788    0    0 490496 309652 288860 1339829 38 24 35  3  0  0
procs -----------memory---------- ---swap-- -----io---- -system-- -------cpu-------
 r  b   swpd   free   buff  cache   si   so    bi    bo   in   cs us sy id wa st gu
46  9 132980 2924464 1769588 183699052    0    0 495632 319216 290500 1336941 38 24 35  3  0  0
60 14 132980 2923416 1769588 183700252    0    0 499840 318624 284184 1320413 39 23 35  3  0  0
35 17 132980 2922236 1769588 183701496    0    0 510864 321188 285384 1328901 39 24 35  3  0  0
107 12 132980 2921672 1769588 183702732    0    0 487872 319744 282448 1324630 38 24 35  3  0  0
36  8 132980 2920748 1769588 183704032    0    0 502704 324552 281836 1305403 38 23 36  3  0  0
34  2 132980 2919732 1769592 183705328    0    0 508176 315148 285574 1336725 39 24 34  3  0  0
106 11 132980 2902296 1769592 183706620    0    0 502352 322984 281476 1304691 39 22 36  3  0  0
99  5 132980 2864188 1769592 183708164    0    0 487568 310548 281879 1321153 39 24 35  3  0  0
79  1 132980 2894168 1769592 183709068    0    0 499456 311084 287559 1334694 38 25 34  3  0  0
42  8 132980 2895992 1769592 183710260    0    0 488112 311488 280831 1319714 39 24 35  2  0  0
 6  4 132980 2893820 1769592 183711552    0    0 502336 323348 286645 1320464 39 24 35  3  0  0
74 17 132980 2895844 1769592 183712832    0    0 511504 322228 284437 1319858 38 24 35  3  0  0
69  2 132980 2896984 1769592 183714032    0    0 501536 318924 282183 1312993 38 23 36  3  0  0
74 20 132980 2897772 1769592 183715336    0    0 495616 324648 282979 1316443 38 24 36  3  0  0
49  0 132980 2898604 1769592 183716556    0    0 497360 315128 282372 1320704 38 24 36  3  0  0
37  3 132980 2895488 1769592 183717820    0    0 492608 318252 283219 1324457 39 24 35  3  0  0
63 17 132980 2897888 1769592 183719024    0    0 516160 333248 281933 1297717 38 23 37  3  0  0
51  8 132980 2892020 1769592 183720276    0    0 488656 321448 282409 1306515 38 24 36  2  0  0
34  4 132980 2894052 1769592 183721508    0    0 482048 313536 284653 1337247 39 24 35  2  0  0
67  9 132980 2894320 1769592 183722744    0    0 502208 310736 285268 1343696 39 24 34  3  0  0
39  4 132980 2893364 1769592 183724008    0    0 496976 325280 283527 1310649 38 24 36  3  0  0
procs -----------memory---------- ---swap-- -----io---- -system-- -------cpu-------
 r  b   swpd   free   buff  cache   si   so    bi    bo   in   cs us sy id wa st gu
47  1 132980 2892860 1769592 183725272    0    0 495072 319436 282099 1329368 38 24 35  3  0  0
28  4 132980 2893748 1769592 183726500    0    0 501744 314544 290748 1338892 38 24 35  3  0  0
56 10 132980 2870096 1769592 183727876    0    0 485456 314228 280530 1323437 39 24 35  2  0  0
66  5 132980 2866152 1769592 183728956    0    0 494272 303052 285359 1351494 39 24 34  3  0  0
52  5 132980 2867556 1769596 183730192    0    0 479040 323104 279750 1315967 38 23 36  2  0  0
40 10 132980 2867816 1769596 183731352    0    0 481424 305588 280162 1341009 39 24 35  2  0  0
97  4 132980 2866916 1769596 183732564    0    0 488544 314660 282896 1319291 38 23 36  3  0  0
76 14 132980 2868976 1769596 183733792    0    0 508256 309652 287116 1346167 39 24 34  3  0  0
 3  0 132980 2874768 1769596 183735064    0    0 489872 316304 281675 1315356 39 24 35  2  0  0
26  0 132980 2872176 1769596 183736328    0    0 506928 318492 285466 1330373 39 24 34  3  0  0
34  6 132980 2870376 1769596 183737556    0    0 481904 317296 279816 1305126 38 24 36  3  0  0
51  5 132980 2867920 1769596 183738812    0    0 492304 311892 286135 1330678 39 24 35  3  0  0
 6  0 132980 2866812 1769596 183740120    0    0 487792 314480 284321 1334113 39 24 34  2  0  0
36  6 132980 2865908 1769596 183741352    0    0 510736 316764 291267 1337259 39 23 35  3  0  0
110 18 132980 2867492 1769600 183742612    0    0 495648 324800 280456 1308621 38 23 36  3  0  0
24  3 132980 2866404 1769600 183743804    0    0 510896 322088 282996 1314366 38 23 36  3  0  0
40  1 132980 2864680 1769600 183745188    0    0 501664 323800 281920 1296517 39 23 36  2  0  0
55  1 132980 2849988 1769600 183746372    0    0 503472 313424 286267 1331547 39 24 35  3  0  0
61  5 132980 2862012 1769600 183747960    0    0 481632 313372 279626 1321951 38 24 35  2  0  0
25  1 132980 2861748 1769600 183748844    0    0 496640 313580 285226 1328320 38 24 34  3  0  0
42  3 132980 2861152 1769600 183750064    0    0 474608 318276 280689 1314473 38 24 35  2  0  0
procs -----------memory---------- ---swap-- -----io---- -system-- -------cpu-------
 r  b   swpd   free   buff  cache   si   so    bi    bo   in   cs us sy id wa st gu
78 15 132980 2858768 1769600 183751252    0    0 491136 317352 283454 1327804 38 24 35  3  0  0
 5  0 132980 2855432 1769600 183752484    0    0 495776 318744 287478 1324412 38 24 35  3  0  0
63  4 132980 2848968 1769600 183753772    0    0 492080 314520 284378 1327669 39 24 34  3  0  0
 4  0 132980 2846628 1769608 183754980    0    0 501696 322612 283087 1309746 39 23 36  3  0  0
48  2 132980 2846656 1769608 183756232    0    0 478160 309912 281465 1329341 38 24 35  2  0  0
113 10 132980 2848004 1769608 183757420    0    0 496112 317868 284486 1320377 39 23 36  3  0  0
53 18 132980 2846504 1769608 183758700    0    0 493104 315556 283218 1327826 38 24 35  3  0  0
60  2 132980 2845500 1769608 183759920    0    0 488144 304188 290098 1360519 39 25 34  3  0  0
58  7 132980 2844028 1769616 183761144    0    0 482192 316268 281415 1316353 38 23 36  3  0  0
45  1 132980 2844432 1769616 183762352    0    0 494800 305916 288818 1343423 39 24 35  3  0  0
99 13 132980 2844212 1769616 183763572    0    0 495216 318536 281868 1317873 38 24 36  3  0  0
48  3 132980 2842132 1769616 183764788    0    0 487632 309412 285741 1341808 38 25 34  2  0  0
66  3 132980 2840076 1769616 183766032    0    0 485968 321908 283441 1315236 38 23 36  3  0  0
30  4 132980 2825592 1769624 183767340    0    0 484528 308316 280828 1334350 39 24 35  2  0  0
44  2 132980 2825520 1769624 183768492    0    0 502512 322540 284443 1312602 38 24 36  3  0  0
72 33 132980 2826196 1769624 183769732    0    0 492704 312644 283605 1329705 39 25 34  2  0  0
38  5 132980 2827580 1769624 183770948    0    0 496256 317752 282592 1316871 39 23 35  3  0  0
78  6 132980 2822144 1769624 183772256    0    0 484288 308664 280846 1332763 38 24 35  3  0  0
39  8 132980 2825152 1769632 183773468    0    0 500052 320264 282753 1312944 39 24 35  3  0  0
48  8 132980 2825580 1769632 183774744    0    0 488656 311032 282626 1316681 38 24 35  2  0  0
38 15 132980 2825972 1769632 183776000    0    0 487472 308764 285443 1338218 39 24 35  2  0  0
procs -----------memory---------- ---swap-- -----io---- -system-- -------cpu-------
 r  b   swpd   free   buff  cache   si   so    bi    bo   in   cs us sy id wa st gu
54  5 132980 2827580 1769632 183777180    0    0 490112 312160 282190 1320277 38 24 36  3  0  0
121  8 132980 2826436 1769632 183778420    0    0 490928 313876 291034 1343343 39 24 35  3  0  0
70  1 132980 2827000 1769632 183779672    0    0 490240 316852 281906 1317590 38 24 35  2  0  0
45  2 132980 2823212 1769632 183780844    0    0 494464 306264 292575 1352425 39 24 34  3  0  0
 5  2 132980 2827004 1769632 183782096    0    0 482832 318332 283141 1306393 38 23 37  3  0  0
 9  0 132980 2825792 1769632 183783360    0    0 497920 314768 285011 1327250 39 24 34  3  0  0
116 13 132980 2824224 1769632 183784628    0    0 483024 315576 288523 1329091 38 24 36  2  0  0
59 18 132980 2810008 1769636 183785860    0    0 485792 312896 282163 1326219 39 23 35  2  0  0
65 12 132980 2811172 1769636 183787108    0    0 484928 302280 285651 1342544 39 24 35  2  0  0
75  8 132980 2808668 1769636 183788328    0    0 482768 321600 283788 1315039 38 24 36  3  0  0
 6  2 132980 2809452 1769636 183789528    0    0 496992 315040 285215 1330551 38 24 35  3  0  0
 4  0 132980 2809036 1769636 183790780    0    0 503648 317300 285227 1314935 38 24 35  3  0  0
 4  1 132980 2805448 1769640 183792080    0    0 482432 314144 285344 1333842 39 24 35  2  0  0
53  2 132980 2808316 1769640 183793268    0    0 486176 310192 281858 1322673 38 24 36  3  0  0
 7  3 132980 2809704 1769640 183794452    0    0 484176 320160 289299 1321867 38 24 35  2  0  0
94  6 132980 2809868 1769640 183795664    0    0 500416 321296 286120 1314991 38 23 36  3  0  0
57  4 132980 2809664 1769640 183796892    0    0 500928 310984 284106 1327995 39 24 35  3  0  0
21  1 132980 2811780 1769640 183798148    0    0 503712 318164 283562 1323892 38 24 35  3  0  0
53 15 132980 2811628 1769640 183799440    0    0 495520 317304 282244 1325676 39 24 35  2  0  0
83  4 132980 2810928 1769640 183800648    0    0 496256 310132 284181 1334954 38 24 35  3  0  0
14  2 132980 2812116 1769640 183801876    0    0 479264 309904 282442 1324781 38 25 35  2  0  0
procs -----------memory---------- ---swap-- -----io---- -system-- -------cpu-------
 r  b   swpd   free   buff  cache   si   so    bi    bo   in   cs us sy id wa st gu
105  5 132980 2811964 1769640 183803112    0    0 488288 315488 285291 1321805 38 24 35  3  0  0
22  2 132980 2810844 1769640 183804340    0    0 485104 313672 282569 1324866 38 24 35  3  0  0
35  4 132980 2810376 1769640 183805576    0    0 493168 317164 285597 1323061 38 24 35  2  0  0
 3  1 132980 2808540 1769640 183806820    0    0 498848 324056 282315 1321096 39 23 35  3  0  0
49  0 132980 2807300 1769640 183808040    0    0 504688 312696 290852 1339412 39 24 34  2  0  0
18 21 132980 2810392 1769640 183809340    0    0 523248 333344 286571 1311443 39 23 35  3  0  0
93  4 132980 2808088 1769648 183810576    0    0 497504 318356 282595 1327688 39 23 35  3  0  0
21  5 132980 2805380 1769648 183811880    0    0 495632 316588 283066 1326024 38 24 35  3  0  0
58 12 132980 2784376 1769648 183813188    0    0 505696 319544 283709 1319065 39 24 35  3  0  0
115  6 132980 2747296 1769648 183814812    0    0 500992 321916 279479 1302302 39 23 35  3  0  0
50  4 132980 2798848 1769648 183815744    0    0 503536 324316 281989 1304000 38 23 36  3  0  0
47 11 132980 2796636 1769656 183817096    0    0 501344 322616 282776 1309519 38 23 36  3  0  0
57  5 132980 2794320 1769656 183818340    0    0 505312 325536 285382 1311631 39 23 35  3  0  0
56 29 132980 2792244 1769656 183819628    0    0 508432 324508 283202 1310735 38 23 35  3  0  0
96 15 132980 2787004 1769656 183820944    0    0 500720 324204 282956 1316239 39 23 36  3  0  0
65 10 132980 2776320 1769656 183822256    0    0 517664 323436 285689 1319110 39 23 35  3  0  0
30  2 132980 2775928 1769660 183823484    0    0 494432 317448 282983 1314293 38 23 36  3  0  0
99  6 132980 2774804 1769660 183824736    0    0 504304 315548 285424 1328287 38 24 35  3  0  0
 4  1 132980 2773296 1769660 183825952    0    0 485088 322068 282317 1309258 38 24 36  2  0  0
28  9 132980 2772520 1769660 183827184    0    0 493840 303368 283790 1335077 38 24 35  2  0  0
70  7 132980 2771700 1769660 183828420    0    0 492160 313780 283167 1325993 39 24 35  3  0  0
procs -----------memory---------- ---swap-- -----io---- -system-- -------cpu-------
 r  b   swpd   free   buff  cache   si   so    bi    bo   in   cs us sy id wa st gu
34  3 132980 2769804 1769664 183829676    0    0 478368 311140 282195 1330611 38 24 35  2  0  0
 3  2 132980 2770480 1769664 183830888    0    0 493440 315428 282525 1322776 39 23 36  3  0  0
90  6 132980 2769204 1769664 183832160    0    0 490848 306576 284394 1340881 39 24 35  2  0  0
 7  0 132980 2752308 1769664 183833344    0    0 502192 323528 285626 1321071 39 23 35  3  0  0
17  2 132980 2769324 1769664 183834628    0    0 494272 320812 281436 1321299 38 24 35  3  0  0
51 13 132980 2768388 1769672 183835856    0    0 506816 321020 287823 1336229 39 23 35  3  0  0
78 13 132980 2767620 1769672 183837136    0    0 489344 321480 281887 1324243 38 24 35  3  0  0
78 12 132980 2767780 1769672 183838344    0    0 502928 315300 282893 1326866 38 24 35  3  0  0
39  2 132980 2766060 1769672 183839640    0    0 503920 317360 287089 1332698 39 25 34  3  0  0
54  3 132980 2765340 1769672 183840864    0    0 493328 321388 284125 1322348 39 24 35  2  0  0
31  1 132980 2764388 1769672 183842140    0    0 498192 319800 281161 1321812 38 24 35  3  0  0
 2  1 132980 2761580 1769672 183843392    0    0 495648 317768 284011 1330802 38 24 35  3  0  0
26  3 132980 2763548 1769672 183844656    0    0 505184 321048 283106 1318455 38 24 36  3  0  0
 2  1 132980 2758596 1769672 183845852    0    0 509152 322976 288243 1323919 39 24 35  3  0  0
92  4 132980 2759944 1769672 183847104    0    0 498384 320708 283272 1316557 38 24 36  3  0  0
43  4 132980 2757968 1769672 183848344    0    0 498864 316240 283537 1325496 39 24 35  3  0  0
41  6 132980 2756888 1769672 183849600    0    0 493328 326356 281616 1299837 38 23 37  2  0  0
68  3 132980 2742564 1769672 183850832    0    0 498144 316468 288204 1353579 39 24 34  3  0  0
 5  3 132980 2752412 1769672 183852100    0    0 490304 319124 281458 1313296 38 24 35  3  0  0
102  6 132980 2751848 1769672 183853312    0    0 493552 299260 286880 1348112 40 24 34  3  0  0
54  5 132980 2750900 1769676 183854564    0    0 506496 325880 283306 1304291 38 23 36  3  0  0
procs -----------memory---------- ---swap-- -----io---- -system-- -------cpu-------
 r  b   swpd   free   buff  cache   si   so    bi    bo   in   cs us sy id wa st gu
56 13 132980 2751108 1769676 183855844    0    0 483344 311536 281538 1325684 38 24 35  3  0  0
 4  1 132980 2747820 1769676 183857048    0    0 495792 312132 284301 1325346 39 23 35  3  0  0
57  6 132980 2747520 1769676 183858276    0    0 503920 313124 283992 1326566 39 24 34  3  0  0
 8  2 132980 2748040 1769676 183859492    0    0 479248 311180 279746 1324941 38 24 35  2  0  0
78 23 132980 2748464 1769684 183860704    0    0 491248 318632 287902 1330988 38 24 35  3  0  0
41  5 132980 2746468 1769684 183861996    0    0 490432 312800 286237 1336664 38 24 35  3  0  0
70 13 132980 2743832 1769684 183863240    0    0 510768 326512 284855 1327074 39 24 34  3  0  0
53 11 132980 2742468 1769684 183864508    0    0 490832 325080 284270 1317260 38 24 35  3  0  0
 1  0 132980 2743300 1769684 183865704    0    0 482704 324504 282251 1308702 38 23 37  2  0  0
116 16 132980 2742960 1769688 183866940    0    0 492336 313768 282987 1325645 39 24 35  3  0  0
104  5 132980 2740496 1769688 183868204    0    0 488000 304200 284567 1346408 39 25 34  2  0  0
68  3 132980 2738068 1769688 183869440    0    0 496896 323920 280009 1307996 39 23 36  2  0  0
 3  0 132980 2736904 1769688 183870648    0    0 494720 303252 282525 1336849 39 24 35  2  0  0
61  2 132980 2734800 1769688 183871920    0    0 502112 315548 282898 1324624 38 24 35  3  0  0
 3  1 132980 2731452 1769688 183873152    0    0 476176 309560 278829 1321517 38 24 36  2  0  0
25  0 132980 2727436 1769688 183874380    0    0 499760 313168 282932 1329423 39 23 35  3  0  0
24 11 132980 2727176 1769688 183875652    0    0 491680 317896 282588 1330049 38 24 35  2  0  0
122  9 132980 2726108 1769688 183876848    0    0 488512 322628 285787 1328679 38 24 35  2  0  0
50  6 132980 2724748 1769688 183878064    0    0 486128 307516 285593 1349096 39 24 35  2  0  0
38  6 132980 2725256 1769688 183879292    0    0 490896 322232 284724 1322185 38 24 36  3  0  0
83 18 132980 2726300 1769688 183880504    0    0 487856 319964 281924 1323650 38 24 36  3  0  0
procs -----------memory---------- ---swap-- -----io---- -system-- -------cpu-------
 r  b   swpd   free   buff  cache   si   so    bi    bo   in   cs us sy id wa st gu
51 26 132980 2724816 1769688 183881764    0    0 507728 326384 288258 1324784 39 23 35  3  0  0
91  8 132980 2729180 1769688 183883156    0    0 498848 312752 284996 1330697 39 24 34  3  0  0
46  0 132980 2722552 1769688 183884252    0    0 502960 323784 284024 1311461 38 24 35  3  0  0
 6  0 132980 2717720 1769692 183885480    0    0 499120 312032 285031 1326710 39 24 34  3  0  0
78 29 132980 2717288 1769692 183886764    0    0 495264 322760 285433 1319904 38 23 36  3  0  0
63  2 132980 2717252 1769692 183888072    0    0 485984 308600 282822 1332379 39 24 35  2  0  0
32  7 132980 2715180 1769692 183889300    0    0 495008 310684 285435 1346678 39 24 35  2  0  0
82  8 132980 2714616 1769692 183890524    0    0 486944 312748 283169 1322888 38 24 35  3  0  0
57  2 132980 2713536 1769696 183891680    0    0 492672 304912 289418 1352851 39 24 34  2  0  0
 5  3 132980 2708816 1769696 183892968    0    0 492096 324340 281412 1304396 38 24 35  3  0  0
53  5 132980 2707612 1769696 183894208    0    0 497776 314052 289244 1344409 39 23 35  3  0  0
59 10 132980 2705776 1769696 183895496    0    0 499248 321736 284184 1318879 38 24 36  3  0  0
78 18 132980 2703384 1769696 183896724    0    0 483568 306952 282922 1327091 39 24 35  2  0  0
42  3 132980 2705408 1769700 183897920    0    0 494592 307808 283845 1333022 39 24 34  3  0  0
41  4 132980 2703864 1769700 183899144    0    0 494144 313676 282920 1325587 38 24 35  3  0  0
17  0 132980 2794336 1769700 183792512    0    0 479648 314084 281141 1329259 38 24 35  2  0  0
 7  1 132980 2813392 1769700 183786536    0    0 500000 323548 285027 1319331 39 24 34  3  0  0
88  2 132980 2810112 1769700 183787500    0    0 494496 321432 282571 1316383 38 23 36  3  0  0
32  4 132980 2811820 1769708 183788632    0    0 498704 307724 283684 1342405 39 24 34  3  0  0
20  0 132980 2809652 1769708 183789888    0    0 496992 330184 283383 1306637 38 23 36  2  0  0
72 13 132980 2811240 1769708 183791124    0    0 494640 307828 283904 1341339 39 24 35  2  0  0
procs -----------memory---------- ---swap-- -----io---- -system-- -------cpu-------
 r  b   swpd   free   buff  cache   si   so    bi    bo   in   cs us sy id wa st gu
 3  0 132980 2807392 1769708 183792336    0    0 493280 308524 284150 1330970 39 24 34  2  0  0
39  0 132980 2806972 1769708 183793512    0    0 485168 311936 281442 1318926 38 24 36  2  0  0
62  7 132980 2808436 1769708 183794720    0    0 505840 326236 284179 1325223 39 23 35  3  0  0
78  1 132980 2806956 1769708 183795980    0    0 494416 314156 283043 1332802 38 24 35  3  0  0
84  7 132980 2803580 1769712 183797156    0    0 489764 321912 286424 1320178 39 24 35  3  0  0
46  4 132980 2803924 1769712 183798360    0    0 489632 315032 281323 1318883 39 24 35  2  0  0
65  7 132980 2802996 1769712 183799532    0    0 492912 315252 288601 1325624 38 24 35  2  0  0
84  7 132980 2803224 1769716 183800744    0    0 476720 314644 280317 1316190 38 24 36  2  0  0
66 18 132980 2804076 1769716 183801920    0    0 487920 307832 287673 1344563 39 24 35  2  0  0
79  2 132980 2803388 1769716 183803176    0    0 500048 323836 285795 1320701 39 23 35  3  0  0
40  2 132980 2802716 1769716 183804360    0    0 489552 313792 283707 1336170 39 25 34  2  0  0
123  3 132980 2801068 1769716 183805560    0    0 489376 316000 284414 1317997 39 24 35  2  0  0
73  3 132980 2800096 1769720 183806756    0    0 479408 312300 282800 1327601 39 24 35  2  0  0
30 15 132980 2800340 1769720 183807932    0    0 486496 310292 288206 1345500 39 23 35  2  0  0
50  9 132980 2800900 1769720 183809116    0    0 492768 316748 283115 1319064 38 24 36  3  0  0
 4  1 132980 2799264 1769720 183810296    0    0 486592 318612 279673 1310848 38 24 36  2  0  0
 5  2 132980 2801288 1769720 183811540    0    0 491568 302932 281604 1331048 39 24 35  3  0  0
66 22 132980 2799376 1769724 183812704    0    0 483040 308084 281280 1325977 38 24 35  2  0  0
 6  3 132980 2798472 1769724 183813904    0    0 481136 321712 278944 1299706 38 24 36  3  0  0
53 15 132980 2798028 1769724 183815116    0    0 505728 309928 282488 1327353 39 24 35  3  0  0
 5  0 132980 2793196 1769724 183816320    0    0 488848 317020 279063 1310298 38 24 36  3  0  0
procs -----------memory---------- ---swap-- -----io---- -system-- -------cpu-------
 r  b   swpd   free   buff  cache   si   so    bi    bo   in   cs us sy id wa st gu
 2  1 132980 2790740 1769724 183817600    0    0 499952 315488 282940 1330171 38 24 35  3  0  0
50  4 132980 2790564 1769728 183818804    0    0 511488 321132 282416 1303319 39 23 36  3  0  0
40  9 132980 2786032 1769728 183820040    0    0 487040 319828 280844 1318654 38 24 35  3  0  0
55 23 132980 2785456 1769728 183821240    0    0 505136 311700 283246 1317869 38 24 35  3  0  0
38  3 132980 2786716 1769728 183822508    0    0 497168 309532 284801 1334988 39 24 35  3  0  0
24  3 132980 2785584 1769728 183823648    0    0 485568 314260 281329 1316478 38 24 35  3  0  0
30 18 132980 2785888 1769732 183824880    0    0 503008 312476 285053 1326386 39 23 35  3  0  0
41  1 132980 2781824 1769732 183826072    0    0 486016 319968 284126 1322578 38 24 36  3  0  0
37  1 132980 2781340 1769732 183827288    0    0 497600 317532 281829 1328489 39 23 35  3  0  0
113 11 132980 2780824 1769732 183828508    0    0 498128 312048 286913 1332274 38 24 35  2  0  0
28  6 132980 2782204 1769732 183829744    0    0 486032 323600 282213 1317903 38 22 37  3  0  0
94  3 132980 2782632 1769736 183830956    0    0 501616 307580 285133 1339596 38 24 35  3  0  0
33  1 132980 2781716 1769736 183832168    0    0 483776 313176 282860 1322070 38 24 35  2  0  0
78  4 132980 2780360 1769736 183833348    0    0 502384 320076 284374 1325787 39 24 35  3  0  0
27  8 132980 2779828 1769736 183834588    0    0 494448 322396 282228 1309093 38 24 36  2  0  0
32  2 132980 2776796 1769736 183835800    0    0 476944 310208 282417 1337552 38 24 35  2  0  0
47  4 132980 2778016 1769740 183836952    0    0 500656 314560 284362 1327589 38 24 35  3  0  0
44  1 132980 2776536 1769740 183838176    0    0 494656 320580 289616 1345613 38 24 35  3  0  0
 4  1 132980 2774852 1769740 183839424    0    0 489408 325052 287390 1328130 38 24 36  3  0  0
104  5 132980 2759436 1769740 183840740    0    0 499712 313704 282268 1321186 39 24 35  3  0  0
 2  0 132980 2758600 1769740 183842008    0    0 486704 312764 287527 1333513 39 24 35  2  0  0
procs -----------memory---------- ---swap-- -----io---- -system-- -------cpu-------
 r  b   swpd   free   buff  cache   si   so    bi    bo   in   cs us sy id wa st gu
87  4 132980 2757732 1769744 183843228    0    0 483200 309344 283742 1338584 38 24 35  2  0  0
103 15 132980 2756272 1769744 183844420    0    0 498448 315156 288145 1329697 38 25 34  3  0  0
47 11 132980 2755136 1769744 183845724    0    0 488976 315088 282635 1321545 39 24 35  2  0  0
43  5 132980 2753088 1769744 183846940    0    0 505312 318604 290222 1322080 38 24 35  3  0  0
 4  0 132980 2748776 1769744 183848192    0    0 502320 320040 282824 1320700 38 23 35  3  0  0
72  3 132980 2747004 1769748 183849432    0    0 491440 312392 282450 1333987 38 24 35  3  0  0
53  1 132980 2742728 1769748 183850656    0    0 502992 324068 282706 1297644 38 24 36  3  0  0
80  9 132980 2740256 1769748 183851904    0    0 504432 314364 283928 1320818 39 24 35  3  0  0
55  2 132980 2745824 1769748 183853172    0    0 481312 319008 282786 1312998 38 24 36  3  0  0
30  4 132980 2744612 1769748 183854408    0    0 485056 307884 283222 1341147 39 24 34  3  0  0
60  9 132980 2742248 1769752 183855648    0    0 490576 320508 280550 1307839 38 23 36  3  0  0
 5  0 132980 2738208 1769752 183856900    0    0 500256 312552 286021 1341932 39 24 34  3  0  0
56  5 132980 2736404 1769752 183858116    0    0 491248 319116 285229 1318720 38 23 36  3  0  0
80  7 132980 2745544 1769752 183859348    0    0 493200 312144 280815 1321256 38 24 35  3  0  0
67  3 132980 2742572 1769752 183860556    0    0 509728 312164 284425 1324659 39 24 35  3  0  0
60  1 132980 2742124 1769756 183861832    0    0 490128 316800 281731 1324215 38 24 35  2  0  0
40 15 132980 2739288 1769756 183863040    0    0 491968 305728 288054 1339883 39 24 34  3  0  0
74 14 132980 2739724 1769756 183864268    0    0 489776 321452 281326 1313989 38 24 36  3  0  0
34 16 132980 2740268 1769756 183865480    0    0 492736 311692 281240 1325300 38 24 35  3  0  0
86  7 132980 2738584 1769756 183866780    0    0 485888 312360 281252 1319561 38 24 35  2  0  0
36 16 132980 2736956 1769756 183867968    0    0 507616 314972 282773 1331250 39 23 34  3  0  0
procs -----------memory---------- ---swap-- -----io---- -system-- -------cpu-------
 r  b   swpd   free   buff  cache   si   so    bi    bo   in   cs us sy id wa st gu
20  0 132980 2737136 1769756 183869256    0    0 480144 316076 280483 1322639 39 24 35  3  0  0
 9  0 132980 2737416 1769756 183870468    0    0 490064 318720 289747 1335584 39 24 35  2  0  0
89 12 132980 2749084 1769756 183871644    0    0 473200 318412 276620 1313017 37 24 36  3  0  0
78 31 132980 2747728 1769756 183872856    0    0 508112 318616 282626 1316441 38 24 35  3  0  0
92 21 132980 2743788 1769760 183874112    0    0 487184 316876 278942 1312423 38 24 36  3  0  0
14  0 132980 2741972 1769760 183875356    0    0 504720 316364 287001 1322910 39 24 35  3  0  0
 2  0 132980 2736948 1769760 183876596    0    0 501152 313960 281971 1321795 38 24 35  3  0  0
 4  2 132980 2739076 1769760 183877844    0    0 500400 315016 289266 1319093 39 23 36  2  0  0
86 17 132980 2737000 1769760 183879132    0    0 484688 309824 281695 1316939 38 24 35  2  0  0
97  5 132980 2735124 1769760 183880304    0    0 499648 311220 283981 1322595 39 24 35  3  0  0
 3  2 132980 2732948 1769760 183881536    0    0 485264 326484 279124 1291681 38 23 37  2  0  0
51  5 132980 2730496 1769760 183882724    0    0 504800 314052 285367 1330349 39 24 34  3  0  0
 4  0 132980 2729056 1769760 183884000    0    0 478816 321944 278481 1299508 38 23 36  3  0  0
 8  4 132980 2728768 1769760 183885184    0    0 501744 309476 284401 1328433 39 24 35  2  0  0
 6  0 132980 2728564 1769764 183886456    0    0 506176 328124 284200 1311825 38 23 36  3  0  0
75  5 132980 2730384 1769764 183887700    0    0 512416 328776 282058 1306087 39 23 35  3  0  0
 1  1 132980 2728804 1769764 183888988    0    0 484512 316568 280228 1318516 38 24 35  3  0  0
42  8 132980 2727836 1769764 183890228    0    0 497824 318896 288157 1328794 38 23 36  3  0  0
108  3 132980 2726340 1769764 183891460    0    0 501776 314196 283817 1311903 39 24 35  3  0  0
32  3 132980 2725216 1769772 183892692    0    0 486832 311912 282692 1323608 38 24 35  3  0  0
 4  0 132980 2724064 1769772 183893920    0    0 495248 318480 283881 1320229 39 24 35  3  0  0
procs -----------memory---------- ---swap-- -----io---- -system-- -------cpu-------
 r  b   swpd   free   buff  cache   si   so    bi    bo   in   cs us sy id wa st gu
 4  4 132980 2722464 1769772 183895180    0    0 491344 309716 284902 1326892 38 24 35  2  0  0
 3  1 132980 2719044 1769772 183896420    0    0 500320 318352 283261 1313998 39 23 35  3  0  0
49 22 132980 2717876 1769772 183897652    0    0 501936 323800 281164 1313451 38 24 36  3  0  0
28  1 132980 2714816 1769780 183898884    0    0 476768 316136 278250 1313750 38 23 37  3  0  0
48  3 132980 2714336 1769780 183900132    0    0 495536 311436 287271 1340628 39 24 35  3  0  0
73  3 132980 2713060 1769780 183901344    0    0 497824 319968 283570 1316235 38 24 36  3  0  0
68  5 132980 2712352 1769780 183902576    0    0 487680 311708 282222 1325654 38 24 35  3  0  0
 4  0 132980 2711384 1769780 183903816    0    0 489552 318600 281154 1312349 38 23 36  3  0  0
44  6 132980 2709208 1769780 183905028    0    0 498336 314672 282510 1316505 38 25 35  3  0  0
81 10 132980 2704248 1769784 183906272    0    0 467360 314472 275865 1302357 37 23 37  2  0  0
27  1 132980 2706608 1769784 183907424    0    0 486208 306212 285185 1335755 39 25 34  3  0  0
30  2 132980 2795192 1769784 183803308    0    0 482112 308128 283996 1335357 38 24 36  3  0  0
26  2 132980 2794900 1769784 183804020    0    0 494800 323652 284917 1311784 38 24 36  3  0  0
46  3 132980 2794292 1769784 183805268    0    0 511696 324360 288181 1318454 38 24 35  3  0  0
34  2 132980 2793060 1769784 183806480    0    0 490848 311496 282663 1325423 38 24 35  3  0  0
71  5 132980 2793852 1769784 183807644    0    0 506416 327452 284352 1301975 38 23 36  3  0  0
66 11 132980 2793992 1769784 183808928    0    0 481504 306720 281010 1329914 38 24 35  2  0  0
57 18 132980 2793432 1769796 183810088    0    0 499840 309116 288366 1343202 39 24 34  3  0  0
 1  0 132980 2793288 1769796 183811368    0    0 494720 319744 283473 1315628 38 24 35  3  0  0
80  3 132980 2789560 1769796 183812548    0    0 501152 306612 289312 1344491 39 24 35  3  0  0
63  7 132980 2789716 1769796 183813812    0    0 495488 321952 280801 1309902 38 24 35  3  0  0
procs -----------memory---------- ---swap-- -----io---- -system-- -------cpu-------
 r  b   swpd   free   buff  cache   si   so    bi    bo   in   cs us sy id wa st gu
65  8 132980 2789692 1769796 183815024    0    0 494880 317260 286256 1326344 39 23 36  3  0  0
67  3 132980 2787652 1769800 183816236    0    0 499440 317364 285637 1321962 39 24 35  3  0  0
66  6 132980 2786688 1769800 183817468    0    0 497024 319164 280918 1302223 38 23 36  3  0  0
101  4 132980 2785944 1769800 183818696    0    0 500528 314992 290751 1343365 39 24 35  2  0  0
81  5 132980 2782264 1769800 183819936    0    0 477344 312164 283223 1319097 38 24 35  2  0  0
40  7 132980 2781464 1769800 183821072    0    0 484512 302696 288004 1346819 39 24 35  2  0  0
29  2 132980 2781228 1769804 183822248    0    0 500128 322724 287532 1309483 38 24 35  2  0  0
36  9 132980 2782284 1769804 183823516    0    0 489952 317932 281845 1317820 38 24 35  3  0  0
29  2 132980 2781296 1769804 183824704    0    0 503040 307964 284829 1339601 39 24 34  3  0  0
78  4 132980 2781672 1769804 183825900    0    0 492400 319004 283528 1316484 38 23 36  2  0  0
62  2 132980 2778968 1769804 183827120    0    0 514624 325640 285746 1314370 38 23 36  3  0  0
70 11 132980 2777828 1769812 183828368    0    0 483560 316768 285597 1324804 39 24 35  2  0  0
102 19 132980 2774160 1769812 183829556    0    0 501024 318616 288642 1329526 38 24 35  3  0  0
 2  1 132980 2774496 1769812 183830784    0    0 494000 317988 280455 1313518 38 23 36  3  0  0
74  8 132980 2774268 1769812 183831984    0    0 491712 311412 289586 1330450 39 23 36  2  0  0
27  3 132980 2773528 1769812 183833224    0    0 489488 317280 282444 1321574 38 24 35  3  0  0
30  9 132980 2772808 1769816 183834392    0    0 503200 320428 294202 1340030 38 24 35  3  0  0
57  4 132980 2771336 1769816 183835704    0    0 490208 321036 283183 1317629 38 23 36  3  0  0
30  0 132980 2771376 1769816 183836896    0    0 504016 313388 287292 1330761 39 24 34  3  0  0
56  9 132980 2773664 1769816 183838128    0    0 503680 321600 282270 1317395 38 23 36  3  0  0
72  4 132980 2769844 1769816 183839352    0    0 495824 319420 282968 1317755 38 24 35  3  0  0
procs -----------memory---------- ---swap-- -----io---- -system-- -------cpu-------
 r  b   swpd   free   buff  cache   si   so    bi    bo   in   cs us sy id wa st gu
50  2 132980 2769132 1769820 183840544    0    0 504144 317800 283046 1322712 38 24 35  3  0  0
73 18 132980 2765000 1769820 183841780    0    0 480624 311912 284656 1331145 38 24 35  2  0  0
 4  0 132980 2762300 1769820 183842976    0    0 496432 318372 287849 1327594 39 24 35  2  0  0
52  1 132980 2759616 1769820 183844248    0    0 493120 311556 285360 1328495 39 23 35  2  0  0
64  3 132980 2760276 1769820 183845460    0    0 500592 318080 288555 1331637 38 24 36  3  0  0
75  3 132980 2757176 1769824 183846656    0    0 503008 320248 283350 1332021 39 23 35  3  0  0
33  2 132980 2758812 1769824 183847884    0    0 498176 314880 286476 1331925 38 25 34  2  0  0
14  1 132980 2754424 1769824 183849076    0    0 483936 320248 280821 1313888 37 24 36  3  0  0
43 28 132980 2755776 1769824 183850252    0    0 492512 321888 291464 1332420 38 24 36  3  0  0
91 32 132980 2753600 1769824 183851480    0    0 509136 323472 285026 1319220 38 23 36  3  0  0
56  4 132980 2752184 1769832 183852724    0    0 491744 308816 289449 1344404 38 25 35  3  0  0
106 14 132980 2752452 1769832 183853924    0    0 485312 316508 281258 1317797 38 23 36  2  0  0
119  5 132980 2750368 1769832 183855116    0    0 494208 311524 283462 1333959 39 24 35  3  0  0
 1  4 132980 2749228 1769832 183856320    0    0 495248 321272 284785 1325383 39 23 35  3  0  0
102  6 132980 2748620 1769832 183857524    0    0 499488 318308 282531 1332881 39 23 35  3  0  0
70  6 132980 2745016 1769832 183858764    0    0 494016 323224 288016 1319415 38 24 36  2  0  0
89  7 132980 2743784 1769836 183859936    0    0 477072 309916 284672 1341154 39 24 35  2  0  0
82  6 132980 2743064 1769836 183861096    0    0 506448 322040 282675 1316429 39 23 36  3  0  0
 3  0 132980 2741180 1769836 183862340    0    0 469728 310964 279343 1327075 38 24 35  2  0  0
 5  2 132980 2741064 1769836 183863476    0    0 493232 316496 282391 1336484 39 24 35  2  0  0
 6  0 132980 2738380 1769836 183864724    0    0 480352 310892 277806 1315138 38 24 36  2  0  0
procs -----------memory---------- ---swap-- -----io---- -system-- -------cpu-------
 r  b   swpd   free   buff  cache   si   so    bi    bo   in   cs us sy id wa st gu
44  1 132980 2737592 1769840 183865868    0    0 514000 313248 290250 1346517 39 24 35  3  0  0
 2  0 132980 2736436 1769840 183867128    0    0 490064 326224 282642 1320947 38 24 35  2  0  0
82  3 132980 2731612 1769840 183868380    0    0 496880 306212 283343 1343063 39 24 35  3  0  0
45  2 132980 2731168 1769840 183869684    0    0 497280 318408 283910 1317984 38 24 35  3  0  0
43  1 132980 2729068 1769840 183870916    0    0 508256 321720 287742 1325557 39 23 35  3  0  0
80  5 132980 2727692 1769848 183872204    0    0 486208 311464 280994 1313620 38 24 35  2  0  0
39  1 132980 2724976 1769848 183873464    0    0 490128 312840 282966 1334944 38 24 36  3  0  0
78 19 132980 2724088 1769848 183874664    0    0 508016 325488 285197 1324253 38 23 35  3  0  0
28  2 132980 2723900 1769848 183875940    0    0 499680 313772 286671 1337503 38 25 35  3  0  0
66  5 132980 2721908 1769848 183877164    0    0 499584 318524 281396 1314603 38 24 35  3  0  0
45 12 132980 2722396 1769856 183878400    0    0 495456 315876 284051 1333582 38 24 35  3  0  0
21  0 132980 2719596 1769856 183879648    0    0 499728 325352 283776 1317309 39 24 35  3  0  0
66  3 132980 2717908 1769856 183880916    0    0 492336 312556 281423 1326275 38 24 35  3  0  0
93  5 132980 2714276 1769856 183882160    0    0 493552 318048 282039 1317421 38 24 36  2  0  0
84  3 132980 2715600 1769860 183883408    0    0 500128 317988 283108 1329267 38 24 36  3  0  0
96  4 132980 2711080 1769860 183884656    0    0 483232 318980 278576 1307695 38 24 36  2  0  0
 2  0 132980 2706920 1769860 183885880    0    0 483888 313436 281883 1337533 38 24 35  2  0  0
62  2 132980 2707384 1769860 183887164    0    0 517360 332932 281224 1294507 38 23 36  3  0  0
25  1 132980 2708016 1769860 183888408    0    0 494560 307820 286555 1342772 39 24 35  2  0  0
61 11 132980 2702764 1769868 183889636    0    0 496336 321928 287193 1322031 39 24 35  2  0  0
53  9 132980 2702724 1769868 183890864    0    0 474576 312864 280412 1330381 38 24 35  2  0  0
procs -----------memory---------- ---swap-- -----io---- -system-- -------cpu-------
 r  b   swpd   free   buff  cache   si   so    bi    bo   in   cs us sy id wa st gu
101 10 132980 2700816 1769868 183892072    0    0 503568 317272 286761 1335422 39 24 35  3  0  0
67  2 132980 2699332 1769868 183893380    0    0 491040 315648 280776 1319451 38 24 36  3  0  0
76  6 132980 2695720 1769868 183894608    0    0 493072 316824 283274 1324902 38 24 35  3  0  0
40  9 132980 2944324 1769872 183648408    0    0 494384 309596 283230 1339175 39 24 35  3  0  0
34  8 132980 2943252 1769872 183649332    0    0 488640 312676 289527 1343106 38 24 35  2  0  0
50  2 132980 2941980 1769872 183650528    0    0 493216 319704 281366 1319165 38 24 36  3  0  0
58  8 132980 2940168 1769872 183651744    0    0 508832 327192 285662 1316216 38 23 36  3  0  0
33  2 132980 2939420 1769872 183652988    0    0 476224 310564 279379 1325655 38 24 36  2  0  0
 4  0 132980 2935048 1769876 183654184    0    0 496224 320404 284543 1324574 39 23 35  3  0  0
34  5 132980 2934140 1769876 183655368    0    0 504736 315036 284184 1329750 39 24 35  2  0  0
 2  0 132980 2936364 1769876 183656596    0    0 495824 319396 283326 1321544 38 24 35  3  0  0
34  0 132980 2935104 1769876 183657828    0    0 498608 313532 281354 1319581 38 23 36  2  0  0
68  1 132980 2933992 1769876 183659048    0    0 477264 311768 282070 1333159 38 25 35  2  0  0
94  6 132980 2932044 1769880 183660208    0    0 501648 313076 286494 1321572 38 24 35  3  0  0
 6  0 132980 2927940 1769880 183661396    0    0 509888 320288 283035 1311812 38 24 35  3  0  0
72  3 132980 2928584 1769880 183662632    0    0 495168 315072 287187 1330500 39 23 35  3  0  0
111 13 132980 2927820 1769880 183663856    0    0 495376 318112 281993 1322320 38 24 36  3  0  0
67  2 132980 2927740 1769880 183665040    0    0 493184 312268 287011 1331421 38 25 34  2  0  0
99  4 132980 2926236 1769888 183666292    0    0 490000 312744 281881 1316432 38 24 36  2  0  0
78 11 132980 2922840 1769888 183667480    0    0 499712 321516 281021 1303906 38 24 36  3  0  0
 3  0 132980 2907012 1769888 183668816    0    0 478880 313604 276231 1311878 39 23 36  3  0  0
procs -----------memory---------- ---swap-- -----io---- -system-- -------cpu-------
 r  b   swpd   free   buff  cache   si   so    bi    bo   in   cs us sy id wa st gu
58  1 132980 2912184 1769888 183670364    0    0 504336 315328 285089 1321694 39 23 35  3  0  0
84  5 132980 2911232 1769888 183671228    0    0 486224 310060 281959 1326416 39 24 35  2  0  0
49  2 132980 2910540 1769888 183672376    0    0 476144 313324 283599 1332083 38 24 36  2  0  0
41  1 132980 2909392 1769888 183673564    0    0 489200 306148 282144 1339950 39 24 35  3  0  0
 6  1 132980 2906772 1769896 183674724    0    0 496144 324296 283655 1319102 39 24 35  3  0  0
117  8 132980 2903388 1769896 183675984    0    0 487632 313104 280038 1327857 39 24 35  2  0  0
67  4 132980 2904448 1769896 183677156    0    0 478240 306592 281829 1333290 39 24 34  2  0  0
 4  0 132980 2901588 1769896 183678360    0    0 492560 323972 281078 1315991 38 24 35  3  0  0
 5  0 132980 2900448 1769896 183679536    0    0 486064 308752 283988 1331348 38 25 35  2  0  0
47 10 132980 2897604 1769900 183680724    0    0 492448 317052 281804 1323489 38 24 35  3  0  0
83 14 132980 2897788 1769900 183681944    0    0 501136 312692 291239 1345258 38 24 35  3  0  0
58  1 132980 2898132 1769900 183683204    0    0 477824 310840 280720 1321175 38 24 35  3  0  0
55 12 132980 2897392 1769900 183684368    0    0 481664 314416 281727 1325187 38 24 36  3  0  0
36 10 132980 2896964 1769900 183685528    0    0 512624 323864 281376 1310997 39 23 36  3  0  0
41  4 132980 2898808 1769908 183686776    0    0 501424 322540 282498 1321747 39 23 35  3  0  0
57 14 132980 2900076 1769908 183688092    0    0 500976 316708 281154 1324073 38 23 36  3  0  0
 5  2 132980 2880888 1769908 183689484    0    0 490800 314492 277867 1313062 39 24 35  2  0  0
45  4 132980 2884064 1769908 183690944    0    0 505760 321612 282642 1319796 39 24 35  3  0  0
45  3 132980 2881796 1769908 183691952    0    0 515024 318340 282876 1316833 39 23 35  3  0  0
103  8 132980 2883608 1769916 183693200    0    0 498432 322860 282546 1309310 38 23 36  3  0  0
 3  0 132980 2883844 1769916 183694428    0    0 510272 322080 284349 1323827 38 24 35  3  0  0
procs -----------memory---------- ---swap-- -----io---- -system-- -------cpu-------
 r  b   swpd   free   buff  cache   si   so    bi    bo   in   cs us sy id wa st gu
65  3 132980 2885976 1769916 183695712    0    0 499936 320080 281818 1317244 39 23 36  2  0  0
19  1 132980 2882580 1769916 183696908    0    0 497136 323228 281616 1307827 38 24 36  3  0  0
44  4 132980 2882764 1769916 183698144    0    0 491616 312692 280991 1327745 39 24 35  3  0  0
 2  0 132980 2883168 1769916 183699360    0    0 491280 319964 280409 1311904 38 23 36  3  0  0
46  7 132980 2879948 1769916 183700600    0    0 508816 310820 284020 1334566 39 24 34  3  0  0
42  1 132980 2881244 1769916 183701844    0    0 490912 322052 280879 1304484 38 23 36  3  0  0
78  3 132980 2882400 1769916 183703028    0    0 481008 308040 280899 1325115 38 25 35  3  0  0
 3  0 132980 2881572 1769916 183704232    0    0 492160 314988 282923 1319158 38 24 36  2  0  0
41  0 132980 2882020 1769916 183705420    0    0 495680 316772 281809 1311470 39 23 36  3  0  0
52  5 132980 2882636 1769916 183706644    0    0 491968 308520 283519 1330307 38 24 35  3  0  0
52  0 132980 2880968 1769916 183707864    0    0 484800 314180 279736 1320604 38 24 35  3  0  0
22  1 132980 2884140 1769916 183709024    0    0 511248 320132 282572 1316236 38 24 35  3  0  0
112 13 132980 2881460 1769916 183710296    0    0 476212 318720 282577 1317388 38 24 36  2  0  0
59  4 132980 2876948 1769916 183711472    0    0 502944 316696 282229 1323974 39 24 35  3  0  0
98 10 132980 2875172 1769916 183712800    0    0 479008 313752 279760 1316115 38 24 36  2  0  0
16  5 132980 2872836 1769916 183713960    0    0 466960 309036 281306 1328985 39 24 35  2  0  0
 4  0 132980 2872604 1769916 183715092    0    0 489888 316984 287528 1330106 39 24 35  2  0  0
89 15 132980 2870808 1769916 183716344    0    0 504832 319952 283882 1323317 38 24 35  3  0  0
40  3 132980 2869056 1769932 183717520    0    0 507128 318620 286254 1328072 39 24 34  3  0  0
 4  0 132980 2869556 1769932 183718764    0    0 473200 311160 281835 1323730 38 24 35  2  0  0
43  5 132980 2866332 1769932 183719924    0    0 494608 321740 283808 1311001 38 23 36  2  0  0
procs -----------memory---------- ---swap-- -----io---- -system-- -------cpu-------
 r  b   swpd   free   buff  cache   si   so    bi    bo   in   cs us sy id wa st gu
61  4 132980 2865300 1769932 183721160    0    0 490704 297476 284796 1343701 39 24 34  2  0  0
 7  1 132980 2866196 1769932 183722344    0    0 497696 317328 282799 1315488 38 24 35  2  0  0
60  8 132980 2866312 1769932 183723576    0    0 496544 318184 282780 1318391 38 24 35  3  0  0
67 11 132980 2867144 1769932 183724764    0    0 515056 316680 282387 1315345 38 23 36  3  0  0
64  8 132980 2865280 1769932 183726028    0    0 487392 320540 280629 1311918 38 24 36  3  0  0
 4  0 132980 2863448 1769932 183727224    0    0 492192 314016 283875 1331465 38 24 35  2  0  0
112  8 132980 2859356 1769932 183728432    0    0 486272 317832 280674 1323286 38 24 35  2  0  0
29  6 132980 2858352 1769940 183729620    0    0 497968 321164 286248 1313436 38 23 36  2  0  0
67  9 132980 2857616 1769940 183730856    0    0 500352 318708 283032 1320157 38 24 35  3  0  0
113 13 132980 2854588 1769940 183732180    0    0 506272 315076 290908 1335551 39 24 35  2  0  0
117  9 132980 2848536 1769940 183733500    0    0 480576 314240 279834 1326343 38 24 35  2  0  0
22  7 132980 2846244 1769940 183734696    0    0 489648 311112 282827 1334194 38 25 34  2  0  0
 2  0 132980 2842456 1769944 183735932    0    0 499952 328708 279989 1294891 38 23 37  3  0  0
50  1 132980 2840944 1769944 183737196    0    0 494976 314968 283161 1325917 39 24 35  3  0  0
62  1 132980 2837616 1769944 183738396    0    0 500928 322744 283652 1315140 38 23 36  3  0  0
63  3 132980 2835448 1769944 183739644    0    0 485952 314340 280820 1329651 39 23 36  2  0  0
 4  0 132980 2834788 1769944 183740848    0    0 493664 321796 286140 1315390 39 23 36  2  0  0
 4  0 132980 2833680 1769952 183742056    0    0 495760 310684 283204 1334083 39 25 34  3  0  0
51  2 132980 2834184 1769952 183743344    0    0 495012 312700 285726 1325937 39 23 35  2  0  0
 1  4 132980 2828712 1769952 183744888    0    0 499200 320112 280568 1309692 39 23 35  3  0  0
 5  0 132980 2827076 1769952 183745868    0    0 494832 313488 288465 1344750 39 24 35  3  0  0
procs -----------memory---------- ---swap-- -----io---- -system-- -------cpu-------
 r  b   swpd   free   buff  cache   si   so    bi    bo   in   cs us sy id wa st gu
 1  0 132980 2825756 1769952 183747104    0    0 494336 322080 280219 1302355 38 23 36  3  0  0
 3  0 132980 2820956 1769956 183748424    0    0 503152 315364 287340 1328772 39 23 35  3  0  0
 2  7 132980 2821332 1769956 183749608    0    0 501216 325796 284659 1319935 38 23 36  3  0  0
68 12 132980 2820448 1769956 183750892    0    0 488464 315668 282064 1315702 38 24 35  2  0  0
52  9 132980 2819968 1769956 183752084    0    0 492272 310628 280902 1333638 39 24 35  2  0  0
68  4 132980 2817424 1769956 183753300    0    0 480464 316936 280480 1322724 38 24 36  2  0  0
59  3 132980 2817860 1769960 183754508    0    0 496224 308048 283087 1331679 39 24 35  3  0  0
32 16 132980 2819640 1769960 183755736    0    0 484288 314768 282761 1316731 38 24 35  2  0  0
49  6 132980 2818040 1769960 183756960    0    0 498464 314976 282918 1324349 38 24 35  3  0  0
68  7 132980 2777792 1769960 183758200    0    0 487536 304876 269526 1256794 36 22 38  3  0  0
66 27 132980 2778948 1769960 183759340    0    0 470464 319468 283145 1314661 39 23 36  2  0  0
 5  0 132980 2776312 1769960 183760556    0    0 483680 316308 281478 1323253 38 25 35  3  0  0
21  9 132980 2776956 1769960 183762004    0    0 502180 311356 281127 1325672 39 23 35  3  0  0
99  8 132980 2778104 1769960 183763420    0    0 476656 310424 278346 1323655 39 23 35  2  0  0
 3  0 132980 2776232 1769960 183764296    0    0 518352 319248 287427 1324415 38 24 35  3  0  0
104 18 132980 2774872 1769960 183765564    0    0 484304 313952 279703 1314755 38 24 36  3  0  0
48 11 132980 2771248 1769960 183766744    0    0 493600 316192 280838 1317248 38 24 36  3  0  0
64 10 132980 2775368 1769960 183768164    0    0 503520 320768 283263 1310575 38 23 36  3  0  0
 4  2 132980 2830140 1769964 183769296    0    0 494240 314496 284733 1326715 38 25 35  3  0  0
56 17 132980 2826472 1769964 183770540    0    0 494592 311072 282142 1324595 38 24 36  2  0  0
52  4 132980 2824748 1769964 183771892    0    0 488560 310668 284670 1322868 38 24 35  2  0  0
procs -----------memory---------- ---swap-- -----io---- -system-- -------cpu-------
 r  b   swpd   free   buff  cache   si   so    bi    bo   in   cs us sy id wa st gu
36  1 132980 2824148 1769968 183772996    0    0 497008 322080 280870 1311169 38 23 35  3  0  0
 5  0 132980 2824824 1769968 183774272    0    0 498304 316608 292625 1326832 39 24 35  3  0  0
45  2 132980 2823956 1769968 183775616    0    0 490656 317776 284940 1320938 38 24 35  3  0  0
72  3 132980 2820520 1769968 183776732    0    0 504528 315800 284952 1333100 39 23 35  3  0  0
88  8 132980 2819212 1769968 183778068    0    0 486848 311128 284297 1318228 38 24 35  2  0  0
39  9 132980 2816908 1769972 183779204    0    0 470096 313104 278742 1318358 37 24 36  2  0  0
55  4 132980 2814388 1769972 183780404    0    0 500784 311756 290058 1344443 39 24 34  3  0  0
41  2 132980 2815996 1769972 183781716    0    0 500960 323488 282563 1317462 38 24 35  3  0  0
105  5 132980 2817948 1769972 183782868    0    0 499488 313284 286550 1334783 39 24 34  3  0  0
95  3 132980 2817092 1769972 183784168    0    0 481712 319080 279812 1307027 38 23 36  3  0  0
58  2 132980 2816440 1769972 183785524    0    0 501216 309148 283493 1326367 39 23 35  3  0  0
19  0 132980 2813268 1769972 183786656    0    0 483008 315348 283270 1319629 39 24 34  3  0  0
33  6 132980 2809696 1769972 183787956    0    0 507008 316956 287067 1326157 39 23 35  3  0  0
38  6 132980 2809148 1769972 183789380    0    0 496656 316548 284665 1318766 38 24 35  3  0  0
67 16 132980 2809012 1769972 183790396    0    0 475840 307128 283857 1331260 38 24 35  2  0  0
90 17 132980 2807548 1769980 183791680    0    0 511408 323612 291313 1332400 39 23 36  3  0  0
67 18 132980 2806852 1769980 183792876    0    0 492848 315076 282673 1315226 38 24 35  2  0  0
18  0 132980 2804860 1769980 183794116    0    0 502256 315636 283563 1331320 39 24 35  3  0  0
84  4 132980 2807548 1769980 183795428    0    0 500192 318636 280801 1318316 38 24 35  3  0  0
38  6 132980 2808036 1769980 183796568    0    0 500224 324244 281172 1307102 38 24 36  3  0  0
 4  0 132980 2807476 1769984 183797924    0    0 481200 313776 280283 1327984 38 24 35  3  0  0
procs -----------memory---------- ---swap-- -----io---- -system-- -------cpu-------
 r  b   swpd   free   buff  cache   si   so    bi    bo   in   cs us sy id wa st gu
89 10 132980 2804696 1769984 183799248    0    0 495360 315964 280623 1316436 38 23 36  3  0  0
40  5 132980 2800668 1769984 183800272    0    0 496976 318140 279492 1316684 38 23 36  3  0  0
86 11 132980 2801716 1769984 183801588    0    0 494528 313684 286700 1334971 38 23 36  3  0  0
98 12 132980 2802228 1769984 183802976    0    0 483856 319988 281515 1313174 38 24 36  2  0  0
18  3 132980 2802016 1769988 183804004    0    0 504288 313464 285397 1330695 39 24 35  2  0  0
48  6 132980 2800464 1769988 183805392    0    0 508080 322132 281915 1319527 38 24 35  3  0  0
45 23 132980 2798140 1769988 183806492    0    0 484016 315400 284291 1316424 38 23 36  2  0  0
44  0 132980 2796560 1769988 183807784    0    0 494208 317724 284188 1320590 38 24 35  3  0  0
35  2 132980 2795956 1769988 183809124    0    0 494032 313656 285499 1330385 38 24 36  3  0  0
91 20 132980 2795484 1769988 183810172    0    0 482752 314140 283961 1328912 38 24 35  2  0  0
31  6 132980 2794048 1769988 183811556    0    0 485136 313540 281608 1334530 38 24 35  2  0  0
 4  0 132980 2794964 1769988 183812832    0    0 485872 312780 283159 1331913 38 24 35  2  0  0
65  4 132980 2778180 1769992 183813844    0    0 493736 313476 282781 1326657 39 23 36  3  0  0
54  5 132980 2790688 1770260 183815152    0    0 493328 314636 281690 1324649 39 23 35  3  0  0
85  4 132980 2786488 1770272 183816548    0    0 484624 317664 279554 1314108 38 23 36  2  0  0
87 16 132980 2787144 1770272 183817600    0    0 490272 318772 282427 1311089 39 24 35  3  0  0
30  3 132980 2785416 1770272 183818976    0    0 498704 311856 286184 1342869 39 24 34  3  0  0
36  1 132980 2780336 1770272 183820016    0    0 496832 317504 281477 1328352 39 23 35  3  0  0
42  6 132980 2781776 1770272 183821352    0    0 495200 319860 285419 1324905 38 24 35  3  0  0
 2  1 132980 2781336 1770280 183822712    0    0 480144 312652 277273 1302976 38 24 36  3  0  0
105  5 132980 2780200 1770280 183823688    0    0 506608 311992 283757 1338141 39 24 34  3  0  0
procs -----------memory---------- ---swap-- -----io---- -system-- -------cpu-------
 r  b   swpd   free   buff  cache   si   so    bi    bo   in   cs us sy id wa st gu
67  5 132980 2779608 1770280 183825068    0    0 481536 312968 279923 1323969 38 24 36  2  0  0
52 18 132980 2779124 1770280 183826408    0    0 496160 310000 282694 1327620 39 24 34  3  0  0
 4  0 132980 3042984 1770280 183827464    0    0 480464 306956 330485 1263379 37 23 37  3  0  0
