procs -----------memory---------- ---swap-- -----io---- -system-- -------cpu-------
 r  b   swpd   free   buff  cache   si   so    bi    bo   in   cs us sy id wa st gu
 7  0 126748 95555336 2290724 57029208   51   81 286196 352262 149185   39 36  4 57  3  0  0
 7  0 126748 95503424 2290724 57029512    0    0     0 323360 118874 196488  6  1 93  0  0  0
 9  0 126748 95498476 2290724 57031528    0    0     0 124880 128435 240911  6  2 92  0  0  0
 7  0 126748 95492416 2290724 57033352    0    0     0 126440 129341 242324  6  1 92  0  0  0
 7  0 126748 95498132 2290724 57034420    0    0     0 125784 128961 240163  6  2 92  0  0  0
 7  0 126748 95495844 2290724 57036336    0    0     0 127368 129434 241973  6  1 92  0  0  0
 7  1 126748 95495768 2290724 57037532    0    0     0 127360 129103 241498  6  1 92  0  0  0
 8  0 126748 95492200 2290724 57038600    0    0     0 128540 128853 244544  6  2 92  0  0  0
 7  0 126748 95490480 2290724 57040436    0    0     0 128728 129704 246205  6  2 92  0  0  0
 7  0 126748 95490160 2290724 57042172    0    0     0 129040 129234 245808  6  2 92  0  0  0
 9  0 126748 95486844 2290724 57043788    0    0     0 128028 129129 243475  6  2 92  0  0  0
 7  0 126748 95485316 2290724 57045204    0    0     0 129892 130544 245865  6  2 92  0  0  0
 7  0 126748 95487176 2290724 57046416    0    0     0 128960 129496 242739  6  1 92  0  0  0
 7  0 126748 95485676 2290724 57048204    0    0     0 131696 130634 248653  6  2 92  0  0  0
 6  0 126748 95488500 2290724 57049364    0    0     0 129912 129753 246623  6  1 92  0  0  0
 6  0 126748 95491588 2290724 57051188    0    0     0 131460 130014 247811  6  1 92  0  0  0
 7  0 126748 95481340 2290724 57052692    0    0     0 131312 130218 246626  6  2 92  0  0  0
 6  0 126748 95478032 2290724 57054204    0    0     0 129408 129408 240763  6  2 92  0  0  0
 6  0 126748 95471876 2290724 57055448    0    0     0 130924 130035 243340  6  1 92  0  0  0
 6  0 126748 95467608 2290724 57057152    0    0     0 133236 130102 245712  6  2 92  0  0  0
 7  0 126748 95463296 2290724 57058444    0    0     0 131752 130507 244563  6  1 92  0  0  0
procs -----------memory---------- ---swap-- -----io---- -system-- -------cpu-------
 r  b   swpd   free   buff  cache   si   so    bi    bo   in   cs us sy id wa st gu
 6  0 126748 95460772 2290724 57060104    0    0     0 130824 129332 241724  6  1 92  0  0  0
 6  0 126748 95460148 2290724 57061544    0    0     0 138392 130030 243413  6  2 92  0  0  0
 5  0 126748 95455568 2290724 57063080    0    0     0 141540 130874 249190  6  2 92  0  0  0
 6  0 126748 95461064 2290724 57064584    0    0     0 140500 130938 248606  6  2 92  0  0  0
 6  0 126748 95460288 2290724 57066040    0    0     0 138520 130355 242531  6  1 92  0  0  0
 6  0 126748 95464272 2290724 57067500    0    0     0 138808 130283 242537  6  2 92  0  0  0
 6  0 126748 95456024 2290724 57069028    0    0     0 139848 129807 244767  6  2 92  0  0  0
 6  0 126748 95455372 2290724 57070592    0    0     0 138940 128391 243176  6  2 92  0  0  0
 6  0 126748 95452036 2290724 57072028    0    0     0 139936 129106 240985  6  1 92  0  0  0
 6  0 126748 95461876 2290724 57073476    0    0     0 140292 130523 244085  6  1 92  0  0  0
 6  0 126748 95461868 2290724 57074976    0    0     0 139268 128764 244016  6  1 92  0  0  0
 8  0 126748 95454332 2290724 57076468    0    0     0 141436 129857 246052  6  2 92  0  0  0
 6  0 126748 95449592 2290724 57077980    0    0     0 139836 129170 245444  6  2 92  0  0  0
 8  0 126748 95450584 2290724 57079524    0    0     0 142984 130900 249023  6  1 92  0  0  0
 8  0 126748 95449096 2290724 57081020    0    0     0 139788 129288 244941  6  2 92  0  0  0
 6  0 126748 95447224 2290724 57082504    0    0     0 142320 130623 248391  6  2 92  0  0  0
 6  0 126748 95442912 2290728 57083932    0    0     0 139512 128904 243596  6  2 92  0  0  0
 7  0 126748 95439424 2290728 57085528    0    0     0 135492 127625 240087  6  2 92  0  0  0
 8  0 126748 95442584 2290728 57087072    0    0     0 137964 129179 242996  6  2 92  0  0  0
 7  0 126748 95439552 2290728 57088244    0    0     0 137568 129044 242349  6  2 92  0  0  0
 6  1 126748 95435520 2290728 57090028    0    0     0 137856 128257 241642  6  2 92  0  0  0
procs -----------memory---------- ---swap-- -----io---- -system-- -------cpu-------
 r  b   swpd   free   buff  cache   si   so    bi    bo   in   cs us sy id wa st gu
 6  1 126748 95434600 2290732 57091244    0    0     0 135692 127458 239732  6  2 92  0  0  0
 6  0 126748 95438492 2290732 57093084    0    0     0 138228 129586 244044  6  2 92  0  0  0
 6  0 126748 95446168 2290732 57094564    0    0     0 135736 127943 240557  6  2 92  0  0  0
 5  0 126748 95441964 2290732 57096048    0    0     0 135688 127525 239612  6  2 92  0  0  0
 5  0 126748 95442092 2290732 57097492    0    0     0 137748 128897 242861  6  2 92  0  0  0
 6  0 126748 95442720 2290736 57099092    0    0     0 137088 128753 242068  6  1 92  0  0  0
 7  0 126748 95438488 2290736 57100452    0    0     0 136900 128206 241057  6  2 92  0  0  0
 6  1 126748 95434668 2290736 57102104    0    0     0 139044 128725 242648  6  2 92  0  0  0
 6  0 126748 95436328 2290736 57103376    0    0     0 139904 129090 242908  6  2 92  0  0  0
 9  0 126748 95434768 2290736 57105016    0    0     0 140216 129481 242349  6  2 92  0  0  0
 8  1 126748 95432216 2290736 57106672    0    0     0 156184 129631 244344  6  2 92  0  0  0
 6  1 126748 95431160 2290736 57108040    0    0     0 158848 130502 247726  6  2 92  0  0  0
 6  0 126748 95435628 2290736 57109612    0    0     0 157728 131116 246439  6  2 92  0  0  0
 9  0 126748 95434192 2290736 57111128    0    0     0 155484 129517 244518  6  1 92  0  0  0
 9  0 126748 95438532 2290736 57112208    0    0     0 158324 130501 245577  6  2 92  0  0  0
11  0 126748 95436240 2290736 57114048    0    0     0 156524 129776 242432  6  2 92  0  0  0
 9  1 126748 95436196 2290736 57115528    0    0     0 159188 130631 245689  6  1 92  0  0  0
 7  0 126748 95435356 2290736 57116776    0    0     0 156156 128054 242477  6  1 92  0  0  0
 6  0 126748 95430056 2290736 57118492    0    0     0 159664 130607 247446  6  1 92  0  0  0
 7  0 126748 95433520 2290736 57119652    0    0     0 160520 130886 248384  6  1 92  0  0  0
 6  0 126748 95430040 2290736 57121380    0    0     0 158688 129800 245442  6  1 92  0  0  0
procs -----------memory---------- ---swap-- -----io---- -system-- -------cpu-------
 r  b   swpd   free   buff  cache   si   so    bi    bo   in   cs us sy id wa st gu
 7  0 126748 95426168 2290736 57123024    0    0     0 160308 130573 245751  6  1 92  0  0  0
 6  0 126748 95420816 2290736 57124372    0    0     0 160456 130723 247611  6  1 92  0  0  0
 6  0 126748 95419080 2290736 57125936    0    0     0 158496 130253 243881  6  2 92  0  0  0
 6  0 126748 95418452 2290736 57127324    0    0     0 158216 130111 243761  6  1 92  0  0  0
 7  0 126748 95418360 2290736 57128836    0    0     0 159496 130352 246388  6  2 92  0  0  0
 5  1 126748 95417796 2290736 57130420    0    0     0 161600 131128 249481  6  2 92  0  0  0
 7  0 126748 95413708 2290736 57131500    0    0     0 161876 131019 248236  6  2 92  0  0  0
 7  0 126748 95414092 2290736 57133392    0    0     0 161776 131152 248952  6  1 92  0  0  0
 7  0 126748 95407920 2290736 57134928    0    0     0 164484 131463 248629  6  2 92  0  0  0
 6  0 126748 95404196 2290736 57136132    0    0     0 160652 128542 240678  6  2 92  0  0  0
 6  0 126748 95401236 2290736 57137860    0    0     0 165500 130992 246960  6  2 92  0  0  0
 5  0 126748 95401512 2290740 57139368    0    0     0 166752 130313 247314  6  2 92  0  0  0
 6  0 126748 95400048 2290740 57140760    0    0     0 166772 130104 244726  6  2 92  0  0  0
 7  0 126748 95403460 2290740 57142236    0    0     0 167040 130207 246625  6  2 92  0  0  0
 6  0 126748 95402172 2290740 57143764    0    0     0 168424 131075 247283  6  2 92  0  0  0
 7  0 126748 95405352 2290740 57145104    0    0     0 167744 130584 247165  6  2 92  0  0  0
 8  0 126748 95403628 2290740 57146796    0    0     0 167832 130239 246275  6  1 92  0  0  0
 5  1 126748 95404852 2290740 57148216    0    0     0 165332 128681 242456  6  2 92  0  0  0
 6  0 126748 95409600 2290740 57149712    0    0     0 164972 130391 243726  6  1 92  0  0  0
 8  0 126748 95408488 2290740 57151188    0    0     0 175832 130918 243853  6  1 92  0  0  0
 6  0 126748 95411368 2290740 57152628    0    0     0 175728 129700 242872  6  1 92  0  0  0
procs -----------memory---------- ---swap-- -----io---- -system-- -------cpu-------
 r  b   swpd   free   buff  cache   si   so    bi    bo   in   cs us sy id wa st gu
 7  1 126748 95414056 2290740 57154072    0    0     0 178948 130390 245144  6  1 92  0  0  0
 6  1 126748 95418368 2290740 57155584    0    0     0 179856 131278 246953  6  1 92  0  0  0
 4  2 126748 95415760 2290740 57157072    0    0     0 179548 130296 244373  6  1 92  0  0  0
 8  0 126748 95414324 2290740 57158576    0    0     0 178088 130894 244428  6  1 92  0  0  0
 7  1 126748 95411988 2290740 57160048    0    0     0 178048 130103 243740  6  2 92  0  0  0
 5  1 126748 95409192 2290740 57161484    0    0     0 177424 130242 244629  6  1 92  0  0  0
 8  0 126748 95406616 2290740 57162996    0    0     0 177812 130112 245168  6  2 92  0  0  0
 6  0 126748 95404348 2290740 57164092    0    0     0 178276 130455 246012  6  1 92  0  0  0
 7  0 126748 95401132 2290740 57165852    0    0     0 179324 130497 245836  6  1 92  0  0  0
 6  0 126748 95402232 2290740 57167300    0    0     0 179460 131067 246885  6  1 92  0  0  0
 6  0 126748 95397516 2290740 57168680    0    0     0 181792 130674 247583  6  2 92  0  0  0
 6  0 126748 95396780 2290740 57170296    0    0     0 178616 129430 243121  6  2 92  0  0  0
 6  0 126748 95398308 2290740 57171780    0    0     0 179364 130410 246487  6  2 92  0  0  0
 7  0 126748 95397272 2290740 57173148    0    0     0 177520 129930 244295  6  2 92  0  0  0
 6  0 126748 95398000 2290740 57174628    0    0     0 178572 130393 245733  6  2 92  0  0  0
 5  1 126748 95395988 2290740 57176080    0    0     0 180160 130280 245127  6  1 92  0  0  0
 6  0 126748 95395912 2290740 57177620    0    0     0 178980 130377 245457  6  2 92  0  0  0
 6  0 126748 95397148 2290740 57179124    0    0     0 181880 131627 248078  6  2 92  0  0  0
 6  0 126748 95393696 2290740 57180596    0    0     0 181300 130976 247497  6  2 92  0  0  0
 6  0 126748 95394016 2290740 57182076    0    0     0 183236 131253 248211  6  2 92  0  0  0
 7  0 126748 95390144 2290740 57183504    0    0     0 180724 131033 246380  6  1 92  0  0  0
procs -----------memory---------- ---swap-- -----io---- -system-- -------cpu-------
 r  b   swpd   free   buff  cache   si   so    bi    bo   in   cs us sy id wa st gu
 6  0 126748 95389212 2290740 57185040    0    0     0 182496 131765 248179  6  2 92  0  0  0
 6  0 126748 95385008 2290740 57186472    0    0     0 182956 131512 248246  6  1 92  0  0  0
 6  0 126748 95390012 2290740 57187916    0    0     0 180280 130265 245336  6  2 92  0  0  0
 6  1 126748 95385124 2290740 57189428    0    0     0 180280 130833 246385  6  2 92  0  0  0
 9  1 126748 95384352 2290740 57190876    0    0     0 181392 131236 247552  6  2 92  0  0  0
 7  0 126748 95381436 2290740 57192336    0    0     0 180040 130174 245072  6  2 92  0  0  0
 5  0 126748 95381556 2290740 57193868    0    0     0 181300 130900 246164  6  2 92  0  0  0
 5  1 126748 95373068 2290740 57195352    0    0     0 187736 130468 245619  6  2 92  0  0  0
 6  0 126748 95376808 2290740 57196828    0    0     0 191308 132218 249586  6  2 92  0  0  0
 9  0 126748 95379432 2290740 57198376    0    0     0 189108 131051 246314  6  2 92  0  0  0
 8  0 126748 95377504 2290740 57199832    0    0     0 188704 130278 244321  6  1 92  0  0  0
 9  0 126748 95376948 2290740 57201300    0    0     0 189692 130456 245660  6  2 92  0  0  0
10  0 126748 95373052 2290740 57202776    0    0     0 186316 129088 241751  6  1 92  0  0  0
 9  0 126748 95374152 2290740 57204228    0    0     0 188880 131393 245828  6  1 92  0  0  0
 9  0 126748 95365920 2290740 57205660    0    0     0 185972 129850 242775  6  2 92  0  0  0
 8  0 126748 95362992 2290740 57207128    0    0     0 187948 131597 246410  6  2 92  0  0  0
10  0 126748 95364112 2290740 57208632    0    0     0 188136 131342 246584  6  1 92  0  0  0
 8  1 126748 95367268 2290740 57210084    0    0     0 186612 129887 242513  6  1 92  0  0  0
10  0 126748 95361688 2290740 57211536    0    0     0 189432 130854 247548  6  2 92  0  0  0
11  0 126748 95363976 2290740 57212996    0    0     0 190492 131625 247919  6  1 92  0  0  0
11  0 126748 95364552 2290740 57214492    0    0     0 190204 130519 246024  6  2 92  0  0  0
procs -----------memory---------- ---swap-- -----io---- -system-- -------cpu-------
 r  b   swpd   free   buff  cache   si   so    bi    bo   in   cs us sy id wa st gu
 9  0 126748 95361320 2290740 57215988    0    0     0 187880 130009 242698  6  2 92  0  0  0
 9  0 126748 95361936 2290740 57217120    0    0     0 188076 131219 244967  6  1 92  0  0  0
 9  0 126748 95359752 2290740 57218860    0    0     0 186588 131197 245069  6  1 92  0  0  0
 9  0 126748 95354212 2290740 57220296    0    0     0 187088 130268 243369  6  1 92  0  0  0
 9  0 126748 95351204 2290740 57221776    0    0     0 189968 131986 248294  6  1 92  0  0  0
 8  1 126748 95347716 2290740 57223248    0    0     0 188620 131947 247787  6  1 92  0  0  0
11  0 126748 95350024 2290740 57224724    0    0     0 188992 131414 246773  6  1 92  0  0  0
 9  0 126748 95344744 2290740 57226212    0    0     0 190660 131625 248566  6  2 92  0  0  0
 9  0 126748 95338556 2290740 57227708    0    0     0 188892 131158 247292  6  2 92  0  0  0
 9  0 126748 95333188 2290740 57229168    0    0     0 188972 131164 247238  6  1 92  0  0  0
 9  0 126748 95329788 2290740 57230604    0    0     0 187172 131385 247472  6  2 92  0  0  0
10  0 126748 95329644 2290740 57232088    0    0     0 190332 131367 247387  6  2 92  0  0  0
10  0 126748 95325208 2290740 57233584    0    0     0 191892 131119 246444  6  1 92  0  0  0
10  0 126748 95325928 2290740 57234944    0    0     0 196176 130965 245377  6  2 92  0  0  0
 9  0 126748 95330404 2290740 57236480    0    0     0 201080 132584 250261  6  2 92  0  0  0
 9  0 126748 95330052 2290740 57237976    0    0     0 204332 132192 248518  6  2 92  0  0  0
 9  0 126748 95327644 2290740 57239440    0    0     0 207516 131698 248161  6  2 92  0  0  0
 9  0 126748 95331328 2290740 57240924    0    0     0 205472 131167 247104  6  2 92  0  0  0
 9  0 126748 95329964 2290740 57242360    0    0     0 205232 131012 247424  6  1 92  0  0  0
 9  0 126748 95332248 2290740 57243844    0    0     0 205304 131990 247596  6  1 92  0  0  0
 8  0 126748 95337572 2290740 57245300    0    0     0 204892 132955 250459  6  1 92  0  0  0
procs -----------memory---------- ---swap-- -----io---- -system-- -------cpu-------
 r  b   swpd   free   buff  cache   si   so    bi    bo   in   cs us sy id wa st gu
 9  0 126748 95335792 2290744 57246756    0    0     0 200508 131587 247772  6  1 92  0  0  0
10  0 126748 95336944 2290744 57248224    0    0     0 200996 132163 247914  6  1 92  0  0  0
 9  0 126748 95336996 2290744 57249652    0    0     0 198340 132246 248153  6  2 92  0  0  0
 9  0 126748 95333344 2290744 57251144    0    0     0 195856 131399 245827  6  2 92  0  0  0
 9  0 126748 95331180 2290744 57252624    0    0     0 197292 132435 247827  6  2 92  0  0  0
10  0 126748 95325940 2290744 57254084    0    0     0 197192 131017 245835  6  1 92  0  0  0
10  0 126748 95324236 2290744 57255472    0    0     0 195332 130695 238372  6  1 92  0  0  0
10  0 126748 95324308 2290744 57256904    0    0     0 196288 132220 245594  6  1 92  0  0  0
 9  0 126748 95325264 2290744 57258324    0    0     0 194748 131202 243850  6  1 92  0  0  0
 9  1 126748 95324484 2290744 57259732    0    0     0 192188 129601 241981  6  1 92  0  0  0
 9  0 126748 95324504 2290744 57261176    0    0     0 192608 130101 241017  6  1 92  0  0  0
 9  1 126748 95322340 2290744 57262652    0    0     0 190180 128579 239167  6  1 92  0  0  0
 9  0 126748 95316192 2290744 57263984    0    0     0 189852 130668 237284  6  2 92  0  0  0
10  0 126748 95309836 2290744 57265432    0    0     0 191908 130512 242168  6  2 92  0  0  0
10  0 126748 95307588 2290744 57266872    0    0     0 189784 129604 241595  6  1 92  0  0  0
 8  1 126748 95310420 2290748 57268356    0    0     0 189248 128165 238309  6  1 92  0  0  0
 9  0 126748 95316716 2290748 57269708    0    0     0 186832 129054 236907  6  1 92  0  0  0
 9  0 126748 95308580 2290748 57271152    0    0     0 183940 126511 231701  6  1 92  0  0  0
 9  0 126748 95313740 2290748 57272628    0    0     0 189276 129447 241976  6  1 92  0  0  0
 9  0 126748 95310760 2290748 57274024    0    0     0 189372 129019 242280  6  1 92  0  0  0
10  0 126748 95308736 2290756 57275456    0    0     0 193616 129842 243557  6  2 92  0  0  0
procs -----------memory---------- ---swap-- -----io---- -system-- -------cpu-------
 r  b   swpd   free   buff  cache   si   so    bi    bo   in   cs us sy id wa st gu
 9  0 126748 95304456 2290756 57276928    0    0     0 188884 128248 237162  6  1 92  0  0  0
 9  0 126748 95310592 2290756 57278332    0    0     0 191184 129365 241480  6  1 92  0  0  0
 9  0 126748 95307360 2290756 57279772    0    0     0 189696 130276 243615  6  2 92  0  0  0
 7  1 126748 95300904 2290756 57281328    0    0     0 188060 130295 238767  6  2 92  0  0  0
 9  0 126748 95293880 2290756 57282692    0    0     0 192424 130684 242432  6  2 92  0  0  0
11  0 126748 95291276 2290756 57284204    0    0     0 196068 131846 248681  6  2 92  0  0  0
12  0 126748 95296692 2290756 57285592    0    0     0 193816 131246 248465  6  1 92  0  0  0
 9  0 126748 95291988 2290756 57287076    0    0     0 192428 130579 243195  6  1 92  0  0  0
11  0 126748 95289320 2290756 57288628    0    0     0 194576 130554 246772  6  1 92  0  0  0
 9  0 126748 95286844 2290756 57289956    0    0     0 192624 131001 246229  6  1 92  0  0  0
 9  0 126748 95285336 2290756 57291460    0    0     0 192048 130830 244491  6  2 92  0  0  0
10  0 126748 95284188 2290756 57292976    0    0     0 186532 128740 239237  6  1 92  0  0  0
 9  0 126748 95281832 2290756 57294340    0    0     0 191624 131562 248152  6  2 92  0  0  0
10  0 126748 95276168 2290756 57295836    0    0     0 188972 129671 244214  6  2 92  0  0  0
 9  0 126748 95280600 2290756 57297332    0    0     0 189852 130501 244987  6  1 92  0  0  0
 9  0 126748 95283648 2290756 57298764    0    0     0 191072 131457 247247  6  1 92  0  0  0
10  0 126748 95278492 2290756 57300292    0    0     0 187376 129914 242081  6  2 92  0  0  0
10  0 126748 95287164 2290756 57301684    0    0     0 189096 130258 244812  6  2 92  0  0  0
10  1 126748 95285588 2290756 57303192    0    0     0 187092 130339 245522  6  1 92  0  0  0
10  0 126748 95284156 2290756 57304640    0    0     0 185964 128640 241291  6  2 92  0  0  0
12  0 126748 95278764 2290756 57306136    0    0     0 190084 130637 245785  6  2 92  0  0  0
procs -----------memory---------- ---swap-- -----io---- -system-- -------cpu-------
 r  b   swpd   free   buff  cache   si   so    bi    bo   in   cs us sy id wa st gu
10  0 126748 95282672 2290756 57307656    0    0     0 188172 130196 243592  6  2 92  0  0  0
 9  1 126748 95277860 2290756 57309048    0    0     0 185544 129275 241724  6  2 92  0  0  0
12  0 126748 95275840 2290756 57310556    0    0     0 185404 128952 241301  6  2 92  0  0  0
10  0 126748 95273336 2290756 57312004    0    0     0 186296 129920 243413  6  2 92  0  0  0
10  0 126748 95272780 2290756 57313416    0    0     0 186620 130376 244830  6  2 92  0  0  0
 9  1 126748 95269432 2290756 57314896    0    0     0 188356 130802 246805  6  2 92  0  0  0
10  0 126748 95265980 2290756 57316388    0    0     0 187364 130807 244657  6  2 92  0  0  0
10  0 126748 95272888 2290756 57317840    0    0     0 187152 130568 243466  6  2 92  0  0  0
10  0 126748 95272464 2290756 57319360    0    0     0 187212 130166 245278  6  1 92  0  0  0
 9  0 126748 95263748 2290760 57320792    0    0     0 187928 130119 244844  6  1 92  0  0  0
 9  0 126748 95260428 2290760 57322328    0    0     0 187072 130511 245825  6  1 92  0  0  0
 9  0 126748 95261420 2290760 57323776    0    0     0 188664 131696 246802  6  2 92  0  0  0
10  0 126748 95255644 2290760 57325208    0    0     0 186116 129428 242774  6  2 92  0  0  0
 9  0 126748 95255616 2290764 57326760    0    0     0 187600 130241 245981  6  2 92  0  0  0
 9  0 126748 95257584 2290764 57328188    0    0     0 187040 130537 246062  6  1 92  0  0  0
 9  0 126748 95253948 2290764 57329620    0    0     0 188092 131708 247070  6  2 92  0  0  0
11  0 126748 95251552 2290764 57331108    0    0     0 185492 129073 243452  6  2 92  0  0  0
13  0 126748 95248116 2290764 57332584    0    0     0 187308 131479 247997  6  2 92  0  0  0
 9  0 126748 95244280 2290764 57334032    0    0     0 189212 131298 248480  6  1 92  0  0  0
10  0 126748 95251952 2290764 57335572    0    0     0 188584 130886 246498  6  2 92  0  0  0
 9  0 126748 95253556 2290764 57336956    0    0     0 185048 129392 244966  6  1 92  0  0  0
procs -----------memory---------- ---swap-- -----io---- -system-- -------cpu-------
 r  b   swpd   free   buff  cache   si   so    bi    bo   in   cs us sy id wa st gu
10  0 126748 95245968 2290764 57338476    0    0     0 187260 132094 248376  6  2 92  0  0  0
 7  1 126748 95220576 2290764 57340016    0    0     0 184344 130273 241980  6  1 92  0  0  0
 9  0 126748 95213452 2290764 57341356    0    0     0 185404 131106 243183  6  2 92  0  0  0
 9  0 126748 95213292 2290764 57342808    0    0     0 183256 129839 238446  6  1 92  0  0  0
 8  1 126748 95211828 2290764 57344224    0    0     0 186132 130537 244047  6  2 92  0  0  0
 9  0 126748 95209380 2290764 57345704    0    0     0 184568 129493 241377  6  1 92  0  0  0
 9  0 126748 95200616 2290764 57347160    0    0     0 188412 132062 247944  6  2 92  0  0  0
 9  0 126748 95199376 2290764 57348576    0    0     0 183884 129211 240271  6  1 92  0  0  0
 9  0 126748 95199180 2290764 57350020    0    0     0 185540 129625 238079  6  2 92  0  0  0
 9  0 126748 95200488 2290764 57351476    0    0     0 186232 130188 241968  6  2 92  0  0  0
11  0 126748 95199796 2290764 57352880    0    0     0 186084 130544 242183  6  1 92  0  0  0
12  0 126748 95201240 2290764 57354364    0    0     0 184872 130092 242319  6  1 92  0  0  0
11  0 126748 95199904 2290764 57355828    0    0     0 188800 131522 247493  6  1 92  0  0  0
11  0 126748 95195712 2290764 57357288    0    0     0 183908 128813 241609  6  2 92  0  0  0
10  0 126748 95186548 2290764 57358676    0    0     0 179740 129020 236183  6  1 92  0  0  0
10  0 126748 95190972 2290764 57360000    0    0     0 177400 129030 234631  6  1 92  0  0  0
10  0 126748 95196664 2290764 57361488    0    0     0 177684 129057 235178  6  2 92  0  0  0
 9  0 126748 95195792 2290768 57362988    0    0     0 182032 130262 241033  6  1 92  0  0  0
11  0 126748 95189772 2290768 57364356    0    0     0 182340 129995 241633  6  1 92  0  0  0
 9  0 126748 95187648 2290768 57365832    0    0     0 183096 129803 242741  6  1 92  0  0  0
10  1 126748 95198228 2290768 57367232    0    0     0 183700 129341 241801  6  1 92  0  0  0
procs -----------memory---------- ---swap-- -----io---- -system-- -------cpu-------
 r  b   swpd   free   buff  cache   si   so    bi    bo   in   cs us sy id wa st gu
 8  1 126748 95193880 2290768 57368760    0    0     0 184376 129339 241023  6  1 92  0  0  0
 9  0 126748 95188412 2290768 57370320    0    0     0 183768 129525 242153  6  1 92  0  0  0
10  0 126748 95185060 2290768 57371392    0    0     0 182500 129210 241816  6  1 92  0  0  0
11  0 126748 95181012 2290768 57373128    0    0     0 183920 130895 244778  6  1 92  0  0  0
 9  0 126748 95179632 2290768 57374572    0    0     0 180012 128244 238532  6  1 92  0  0  0
10  0 126748 95175620 2290768 57376060    0    0     0 182496 130697 244941  6  1 92  0  0  0
 8  1 126748 95177084 2290768 57377532    0    0     0 183040 131224 244387  6  2 92  0  0  0
 9  0 126748 95178260 2290768 57378984    0    0     0 181248 129139 236358  6  1 92  0  0  0
10  0 126748 95177568 2290768 57380424    0    0     0 183104 129833 242015  6  1 92  0  0  0
 9  0 126748 95174428 2290768 57381840    0    0     0 184096 130242 241808  6  2 92  0  0  0
 8  1 126748 95170964 2290768 57383244    0    0     0 185604 129778 244054  6  1 92  0  0  0
10  0 126748 95172068 2290768 57384732    0    0     0 187120 130572 247405  6  2 92  0  0  0
10  0 126748 95165300 2290768 57386164    0    0     0 186904 130219 245052  6  1 92  0  0  0
14  0 126748 95161680 2290768 57387672    0    0     0 184564 129773 241879  7  2 91  0  0  0
 8  0 126748 95157416 2290768 57389100    0    0     0 186232 131092 246081  7  2 91  0  0  0
10  0 126748 95148256 2290768 57390640    0    0     0 185648 131478 246529  7  2 91  0  0  0
 9  0 126748 95140776 2290768 57391860    0    0     0 184708 131228 247134  6  2 92  0  0  0
 8  1 126748 95136940 2290768 57393472    0    0     0 182784 129556 243040  6  2 92  0  0  0
 9  0 126748 95132296 2290768 57394924    0    0     0 183548 130056 245143  6  1 92  0  0  0
 8  1 126748 95131780 2290768 57396336    0    0     0 179852 127204 238262  6  1 92  0  0  0
 9  0 126748 95133644 2290768 57397840    0    0     0 185888 130527 243731  6  2 92  0  0  0
procs -----------memory---------- ---swap-- -----io---- -system-- -------cpu-------
 r  b   swpd   free   buff  cache   si   so    bi    bo   in   cs us sy id wa st gu
 9  1 126748 95131572 2290768 57399304    0    0     0 186556 131097 244271  6  1 92  0  0  0
 8  1 126748 95134248 2290768 57400720    0    0     0 186664 130760 246543  6  1 92  0  0  0
10  0 126748 95132236 2290768 57402236    0    0     0 186836 131626 248170  6  2 92  0  0  0
11  0 126748 95128500 2290768 57403672    0    0     0 185832 129722 244150  6  1 92  0  0  0
13  0 126748 95128036 2290768 57405180    0    0     0 189980 132271 251170  6  2 92  0  0  0
13  0 126748 95126164 2290768 57406632    0    0     0 187080 130561 246724  6  1 92  0  0  0
10  0 126748 95122096 2290772 57408148    0    0     0 183508 128541 242137  6  1 92  0  0  0
 9  0 126748 95113296 2290772 57409592    0    0     0 187068 131529 247159  6  2 92  0  0  0
10  0 126748 95114440 2290772 57410576    0    0     0 188392 131692 248398  6  2 92  0  0  0
10  0 126748 95114184 2290772 57412584    0    0     0 187744 131977 248524  6  2 92  0  0  0
 9  0 126748 95113952 2290772 57414008    0    0     0 186860 132859 249311  6  2 92  0  0  0
 8  0 126748 95114660 2290772 57415512    0    0     0 185172 131546 245329  6  1 92  0  0  0
 9  0 126748 95114712 2290772 57417004    0    0     0 184860 131665 246333  6  2 92  0  0  0
10  0 126748 95109364 2290772 57418436    0    0     0 184548 131323 247000  6  1 92  0  0  0
 9  0 126748 95105352 2290772 57419888    0    0     0 184672 131371 246017  6  2 92  0  0  0
 9  0 126748 95111616 2290772 57421344    0    0     0 188560 133754 251347  6  2 92  0  0  0
11  0 126748 95111800 2290772 57422852    0    0     0 189920 133129 250629  6  2 92  0  0  0
 9  0 126748 95107064 2290772 57424272    0    0     0 188184 133258 250126  6  2 92  0  0  0
 8  1 126748 95104480 2290772 57425776    0    0     0 187868 133313 250504  6  2 92  0  0  0
 9  0 126748 95103092 2290772 57426944    0    0     0 183700 130381 244695  6  2 92  0  0  0
 9  0 126748 95097752 2290772 57428696    0    0     0 185644 130822 246309  6  2 92  0  0  0
procs -----------memory---------- ---swap-- -----io---- -system-- -------cpu-------
 r  b   swpd   free   buff  cache   si   so    bi    bo   in   cs us sy id wa st gu
 8  0 126748 95096548 2290772 57430144    0    0     0 189592 132170 249058  6  2 92  0  0  0
 9  1 126748 95095584 2290772 57431628    0    0     0 189388 132325 249274  6  2 92  0  0  0
11  0 126748 95096548 2290772 57433116    0    0     0 189424 132401 249649  6  1 92  0  0  0
 9  0 126748 95096036 2290772 57434612    0    0     0 186744 132046 247973  6  2 92  0  0  0
10  0 126748 95106040 2290772 57436056    0    0     0 187392 131267 247917  6  1 92  0  0  0
11  0 126748 95101768 2290772 57437524    0    0     0 187876 131303 246189  6  1 92  0  0  0
10  0 126748 95098776 2290772 57439052    0    0     0 190832 131848 247626  6  2 92  0  0  0
10  0 126748 95098000 2290772 57440492    0    0     0 188736 130083 244574  6  2 92  0  0  0
 9  0 126748 95092812 2290772 57442012    0    0     0 188648 131353 247911  6  1 92  0  0  0
 8  1 126748 95098780 2290772 57443476    0    0     0 187320 131083 248363  6  2 92  0  0  0
 8  1 126748 95102136 2290772 57444984    0    0     0 189156 130898 248117  6  1 92  0  0  0
10  0 126748 95097900 2290772 57446488    0    0     0 187392 130207 246366  6  2 92  0  0  0
10  0 126748 95095668 2290772 57447916    0    0     0 182800 128429 241263  6  1 92  0  0  0
 9  0 126748 95091044 2290772 57449312    0    0     0 185268 131598 246340  6  2 92  0  0  0
 9  0 126748 95092844 2290772 57450760    0    0     0 183824 130304 243052  6  1 92  0  0  0
 9  0 126748 95091268 2290772 57452344    0    0     0 186164 131083 245151  6  1 92  0  0  0
 9  0 126748 95087812 2290772 57453784    0    0     0 186384 130501 246578  6  2 92  0  0  0
 8  1 126748 95087552 2290772 57455204    0    0     0 187712 132440 250379  6  2 92  0  0  0
 8  1 126748 95083292 2290772 57456840    0    0     0 185768 130169 245940  6  2 92  0  0  0
 9  0 126748 95083272 2290772 57458300    0    0     0 185928 130692 245296  6  2 92  0  0  0
10  0 126748 95079576 2290772 57459764    0    0     0 185992 130875 246373  6  1 92  0  0  0
procs -----------memory---------- ---swap-- -----io---- -system-- -------cpu-------
 r  b   swpd   free   buff  cache   si   so    bi    bo   in   cs us sy id wa st gu
10  0 126748 95075828 2290772 57461232    0    0     0 186684 131156 246809  6  1 92  0  0  0
 9  0 126748 95075724 2290772 57462652    0    0     0 186116 130374 246468  6  1 92  0  0  0
10  0 126748 95078432 2290772 57464216    0    0     0 186644 130207 246736  6  2 92  0  0  0
 8  2 126748 95078172 2290772 57465652    0    0     0 188044 131281 248131  6  2 92  0  0  0
 9  0 126748 95079372 2290772 57467172    0    0     0 186816 130942 247182  6  1 92  0  0  0
 9  0 126748 95081820 2290772 57468604    0    0     0 189244 132742 249477  6  1 92  0  0  0
 8  0 126748 95085032 2290772 57470084    0    0     0 183384 130103 241141  6  1 92  0  0  0
 8  0 126748 95080840 2290772 57471484    0    0     0 184248 129681 239226  6  1 92  0  0  0
 8  0 126748 95084248 2290772 57472896    0    0     0 185432 131221 244630  6  1 92  0  0  0
 8  0 126748 95080916 2290772 57474372    0    0     0 187672 131160 246637  6  2 92  0  0  0
 8  0 126748 95078552 2290772 57475816    0    0     0 185260 130995 242152  6  1 92  0  0  0
 7  1 126748 95080448 2290772 57477260    0    0     0 185900 130499 244836  6  1 92  0  0  0
 7  1 126748 95076256 2290772 57478768    0    0     0 183028 129497 241780  6  2 92  0  0  0
 8  0 126748 95069372 2290772 57480268    0    0     0 184840 131051 245340  6  1 92  0  0  0
 7  1 126748 95069424 2290772 57481720    0    0     0 185160 129227 242048  6  1 92  0  0  0
 9  0 126748 95063204 2290772 57482832    0    0     0 184868 129112 243089  6  2 92  0  0  0
 8  0 126748 95062908 2290772 57484676    0    0     0 179224 128079 238169  6  1 92  0  0  0
 8  0 126748 95057076 2290772 57485820    0    0     0 179004 126875 237011  6  2 92  0  0  0
 8  0 126748 95053560 2290772 57487540    0    0     0 181524 128893 240906  6  1 92  0  0  0
10  0 126748 95051484 2290772 57489024    0    0     0 182764 129157 241896  6  2 92  0  0  0
 8  0 126748 95048116 2290772 57490444    0    0     0 182024 128900 241165  6  1 92  0  0  0
procs -----------memory---------- ---swap-- -----io---- -system-- -------cpu-------
 r  b   swpd   free   buff  cache   si   so    bi    bo   in   cs us sy id wa st gu
 8  0 126748 95044560 2290772 57491972    0    0     0 183952 130590 244334  6  2 92  0  0  0
 7  1 126748 95050452 2290772 57493388    0    0     0 183708 130450 242978  6  2 92  0  0  0
 9  1 126748 95048512 2290772 57494868    0    0     0 182212 128478 238825  6  2 92  0  0  0
 9  1 126748 95041328 2290772 57496388    0    0     0 187088 129262 243400  6  1 92  0  0  0
 8  0 126748 95042752 2290772 57497460    0    0     0 185532 128880 242644  6  2 92  0  0  0
 7  0 126748 95039116 2290772 57499220    0    0     0 187872 130630 245783  6  2 92  0  0  0
 8  0 126748 95045116 2290772 57500700    0    0     0 186132 129159 242471  6  1 92  0  0  0
 8  0 126748 95043188 2290772 57502196    0    0     0 185648 129937 244682  6  2 92  0  0  0
 7  0 126748 95044140 2290772 57503704    0    0     0 182464 127875 239730  6  1 92  0  0  0
 8  0 126748 95041396 2290772 57505080    0    0     0 184792 130047 245027  6  1 92  0  0  0
 6  1 126748 95041320 2290772 57506532    0    0     0 185020 130398 245878  6  2 92  0  0  0
 9  0 126748 95033304 2290772 57508064    0    0     0 184860 129995 244818  6  1 92  0  0  0
 9  0 126748 95028164 2290772 57509512    0    0     0 187268 130970 246504  6  2 92  0  0  0
 8  0 126748 95030756 2290772 57511036    0    0     0 184716 129538 243872  6  2 92  0  0  0
 8  0 126748 95029548 2290772 57512524    0    0     0 188644 131357 247881  6  1 92  0  0  0
 9  0 126748 95031788 2290772 57514016    0    0     0 187888 131323 247869  6  2 92  0  0  0
 9  0 126748 95031700 2290772 57515520    0    0     0 187520 131376 247302  6  2 92  0  0  0
 8  0 126748 95022996 2290772 57516952    0    0     0 183556 129342 242078  6  1 92  0  0  0
 7  0 126748 95021596 2290772 57518424    0    0     0 185516 130911 247848  6  1 92  0  0  0
 8  0 126748 95022144 2290772 57519920    0    0     0 185396 130946 245312  6  1 92  0  0  0
 8  0 126748 95020696 2290772 57521428    0    0     0 185908 131500 248697  6  2 92  0  0  0
procs -----------memory---------- ---swap-- -----io---- -system-- -------cpu-------
 r  b   swpd   free   buff  cache   si   so    bi    bo   in   cs us sy id wa st gu
 7  0 126748 95018960 2290772 57522928    0    0     0 186472 131757 248488  6  1 92  0  0  0
 5  2 126748 95018676 2290772 57524308    0    0     0 183360 129083 242628  6  1 92  0  0  0
 5  1 126748 95015884 2290772 57525760    0    0     0 184084 129620 243164  6  1 92  0  0  0
 7  0 126748 95017696 2290772 57527244    0    0     0 184740 130794 242943  6  2 92  0  0  0
 6  0 126748 95013412 2290772 57528812    0    0     0 185788 131023 244891  6  1 92  0  0  0
 7  0 126748 95010616 2290772 57530252    0    0     0 187084 132069 247867  6  1 92  0  0  0
 6  0 126748 95007816 2290772 57531688    0    0     0 186004 131388 246567  6  2 92  0  0  0
 7  0 126748 95005264 2290772 57533132    0    0     0 187600 131253 246952  6  2 92  0  0  0
 7  0 126748 95001936 2290772 57534648    0    0     0 184944 130954 244726  6  1 92  0  0  0
 8  0 126748 94996864 2290772 57536068    0    0     0 178988 127391 239088  6  2 92  0  0  0
 7  0 126748 95000292 2290772 57537584    0    0     0 186108 130417 245350  6  2 92  0  0  0
 8  1 126748 94998416 2290772 57539024    0    0     0 185708 129840 243373  6  2 92  0  0  0
 8  1 126748 94995124 2290772 57540520    0    0     0 186068 130238 245013  6  2 92  0  0  0
 7  0 126748 94994424 2290772 57542052    0    0     0 181984 129613 242866  6  2 92  0  0  0
 6  0 126748 94991480 2290772 57543448    0    0     0 181160 130303 243750  6  1 92  0  0  0
 8  1 126748 94946628 2290772 57544976    0    0     0 173560 125045 224581  6  1 93  0  0  0
 9  1 126748 94944772 2290772 57546428    0    0     0 177724 128909 238266  6  2 92  0  0  0
 9  3 126748 94940620 2290772 57547876    0    0     0 176408 128845 236760  6  2 92  0  0  0
 7  0 126748 94942504 2290772 57549216    0    0     0 180544 130777 245314  6  1 92  0  0  0
 7  0 126748 94940248 2290772 57550716    0    0     0 180276 129442 244232  6  2 92  0  0  0
 6  1 126748 94938204 2290772 57552144    0    0     0 178476 129391 240662  6  2 92  0  0  0
procs -----------memory---------- ---swap-- -----io---- -system-- -------cpu-------
 r  b   swpd   free   buff  cache   si   so    bi    bo   in   cs us sy id wa st gu
 8  0 126748 94937048 2290772 57553692    0    0     0 180040 129416 240569  6  2 92  0  0  0
 9  0 126748 94940772 2290772 57555096    0    0     0 180240 130328 241894  6  2 92  0  0  0
10  1 126748 95001212 2290776 57556608    0    0     0 183004 130395 243077  6  2 92  0  0  0
13  0 126748 95003492 2290776 57558036    0    0     0 182412 130431 245997  6  2 92  0  0  0
13  1 126748 95006696 2290776 57559468    0    0     0 184576 130267 245741  6  2 92  0  0  0
14  1 126748 95011796 2290776 57561000    0    0     0 184000 130281 244224  6  2 92  0  0  0
12  0 126748 95009756 2290776 57562488    0    0     0 181128 129155 240533  6  1 92  0  0  0
 7  1 126748 95007160 2290776 57563864    0    0     0 185392 130762 243863  6  1 92  0  0  0
10  0 126748 95003292 2290776 57565372    0    0     0 183644 128753 240702  6  2 92  0  0  0
 8  0 126748 95004148 2290776 57566860    0    0     0 184944 130514 243790  6  1 92  0  0  0
 8  0 126748 95014180 2290776 57568264    0    0     0 183828 130486 242427  6  1 92  0  0  0
 8  0 126748 95015060 2290776 57569756    0    0     0 185320 131368 246335  6  2 92  0  0  0
 9  0 126748 95008180 2290776 57571168    0    0     0 183452 130657 244586  6  1 92  0  0  0
 9  0 126748 95004236 2290776 57572712    0    0     0 185388 131672 247777  6  2 92  0  0  0
10  0 126748 94998940 2290776 57574196    0    0     0 182356 130850 245170  6  2 92  0  0  0
 7  0 126748 94995748 2290776 57575320    0    0     0 180384 129515 241948  6  2 92  0  0  0
 8  0 126748 94986776 2290776 57577080    0    0     0 179736 130078 243420  6  2 92  0  0  0
 8  0 126748 94985248 2290776 57578548    0    0     0 180288 129752 242372  6  2 92  0  0  0
 8  0 126748 94989240 2290776 57580040    0    0     0 181700 129904 243260  6  2 92  0  0  0
 9  0 126748 94989632 2290776 57581492    0    0     0 180560 129731 240770  6  2 92  0  0  0
 8  0 126748 94990108 2290776 57582920    0    0     0 182252 129600 242238  6  1 92  0  0  0
procs -----------memory---------- ---swap-- -----io---- -system-- -------cpu-------
 r  b   swpd   free   buff  cache   si   so    bi    bo   in   cs us sy id wa st gu
 8  0 126748 94984996 2290776 57584408    0    0     0 181676 129853 241666  6  1 92  0  0  0
 7  1 126748 94983988 2290776 57585772    0    0     0 183564 130564 247512  6  2 92  0  0  0
 8  0 126748 94978328 2290776 57587392    0    0     0 183108 130787 245340  6  2 92  0  0  0
 9  0 126748 94975732 2290776 57588788    0    0     0 179748 129165 236663  6  2 92  0  0  0
 8  0 126748 94971876 2290776 57590240    0    0     0 181584 129142 240113  6  1 92  0  0  0
12  0 126748 94965772 2290776 57591692    0    0     0 183064 130642 244949  6  2 92  0  0  0
10  0 126748 94968352 2290776 57593208    0    0     0 183144 130039 242788  6  1 92  0  0  0
 7  1 126748 94963784 2290776 57594608    0    0     0 182556 129818 241391  6  1 92  0  0  0
 8  0 126748 94966304 2290776 57596136    0    0     0 182532 129434 243001  6  1 92  0  0  0
 9  0 126748 94968312 2290776 57597560    0    0     0 183288 129940 242571  6  2 92  0  0  0
 9  0 126748 94968280 2290776 57598996    0    0     0 182344 130214 243614  6  2 92  0  0  0
 9  0 126748 94963012 2290776 57600436    0    0     0 183720 130140 245150  6  1 92  0  0  0
 8  0 126748 94960628 2290776 57601832    0    0     0 180004 128479 239453  6  1 92  0  0  0
 7  1 126748 94968428 2290776 57603376    0    0     0 183152 129592 244005  6  1 92  0  0  0
 8  0 126748 94965980 2290776 57604904    0    0     0 186120 130991 246659  6  2 92  0  0  0
 8  0 126748 94960336 2290776 57606256    0    0     0 186376 130454 245162  6  1 92  0  0  0
 8  0 126748 94962708 2290776 57607732    0    0     0 188368 130791 246572  6  1 92  0  0  0
 7  1 126748 94958164 2290776 57609288    0    0     0 186972 130546 245381  6  2 92  0  0  0
 8  0 126748 94957844 2290776 57610788    0    0     0 184308 129241 243018  6  1 92  0  0  0
11  0 126748 94955088 2290776 57612216    0    0     0 184492 129640 242759  6  1 92  0  0  0
 8  0 126748 94949852 2290776 57613700    0    0     0 185104 131252 246506  6  1 92  0  0  0
procs -----------memory---------- ---swap-- -----io---- -system-- -------cpu-------
 r  b   swpd   free   buff  cache   si   so    bi    bo   in   cs us sy id wa st gu
 9  0 126748 94947404 2290776 57615164    0    0     0 185420 131325 247012  6  2 92  0  0  0
 8  0 126748 94946184 2290776 57616636    0    0     0 182184 130261 244337  6  2 92  0  0  0
 9  0 126748 94946160 2290776 57618112    0    0     0 181572 129772 243989  6  2 92  0  0  0
 9  0 126748 94944720 2290776 57619576    0    0     0 181324 129595 243768  6  2 92  0  0  0
 9  0 126748 94944940 2290776 57621156    0    0     0 185544 132117 249654  6  2 92  0  0  0
 8  0 126748 94939604 2290776 57622372    0    0     0 180676 130583 245698  6  2 92  0  0  0
 9  0 126748 94937564 2290776 57624076    0    0     0 178700 130282 243167  6  2 92  0  0  0
 8  0 126748 94937308 2290776 57625532    0    0     0 180628 131060 244553  6  1 92  0  0  0
 9  0 126748 94938460 2290776 57627008    0    0     0 180244 130731 244155  6  1 92  0  0  0
 9  0 126748 94937760 2290776 57628480    0    0     0 179548 130825 244707  6  2 92  0  0  0
 7  0 126748 94932224 2290776 57629836    0    0     0 179924 130673 246295  6  1 92  0  0  0
10  0 126748 94932208 2290776 57631384    0    0     0 180084 131366 245962  6  2 92  0  0  0
 8  0 126748 94928704 2290776 57632900    0    0     0 182900 131567 248614  6  1 92  0  0  0
 8  0 126748 94928612 2290776 57634416    0    0     0 180248 131235 244751  6  1 92  0  0  0
 8  0 126748 94935304 2290776 57635916    0    0     0 179420 130563 244865  6  1 92  0  0  0
 9  0 126748 94931392 2290776 57637316    0    0     0 177976 130556 246611  6  1 92  0  0  0
 8  0 126748 94928928 2290776 57638868    0    0     0 178720 130913 247179  6  2 92  0  0  0
 9  0 126748 94924624 2290776 57640332    0    0     0 179384 130102 244996  6  2 92  0  0  0
 9  0 126748 94918040 2290776 57641572    0    0     0 176996 128966 243334  6  1 92  0  0  0
10  0 126748 94920996 2290776 57643276    0    0     0 179120 130910 247327  6  2 92  0  0  0
 9  0 126748 94924788 2290776 57644692    0    0     0 176844 130224 245556  6  1 92  0  0  0
procs -----------memory---------- ---swap-- -----io---- -system-- -------cpu-------
 r  b   swpd   free   buff  cache   si   so    bi    bo   in   cs us sy id wa st gu
 9  0 126748 94931156 2290776 57646204    0    0     0 174476 129731 243834  6  1 92  0  0  0
10  0 126748 94926480 2290776 57647720    0    0     0 176900 129918 245080  6  1 92  0  0  0
 8  1 126748 94928824 2290776 57649344    0    0     0 175092 129531 242652  6  2 92  0  0  0
10  1 126748 94928148 2290776 57650732    0    0     0 178188 130968 247060  6  2 92  0  0  0
11  1 126748 94928580 2290776 57652180    0    0     0 175416 129019 243241  6  1 92  0  0  0
12  1 126748 94926216 2290776 57653716    0    0     0 178472 130544 245995  6  1 92  0  0  0
 9  1 126748 94923628 2290776 57655264    0    0     0 175268 128306 241956  6  2 92  0  0  0
 9  0 126748 94921296 2290776 57656768    0    0     0 178184 130389 245120  6  2 92  0  0  0
10  0 126748 94913332 2290776 57658192    0    0     0 179220 131309 248147  6  2 92  0  0  0
 9  0 126748 94910248 2290776 57659624    0    0     0 179468 132017 249671  6  2 92  0  0  0
 9  0 126748 94909064 2290776 57661200    0    0     0 175208 128916 242887  6  1 92  0  0  0
 9  0 126748 94908100 2290776 57662684    0    0     0 179408 132279 249472  6  2 92  0  0  0
 9  0 126748 94908464 2290776 57664144    0    0     0 177340 129088 243305  6  2 92  0  0  0
10  0 126748 94910636 2290776 57665660    0    0     0 180736 131672 249283  6  2 92  0  0  0
10  0 126748 94905568 2290776 57667116    0    0     0 179772 131062 247243  6  2 92  0  0  0
11  0 126748 94905156 2290776 57668620    0    0     0 178836 130206 246111  6  2 92  0  0  0
10  0 126748 94904216 2290776 57670068    0    0     0 179420 129749 244539  6  1 92  0  0  0
 9  0 126748 94904136 2290776 57671592    0    0     0 182092 131999 249760  6  1 92  0  0  0
11  0 126748 94904940 2290776 57673032    0    0     0 179568 131223 248745  6  1 92  0  0  0
 9  0 126748 94904624 2290776 57674536    0    0     0 181364 131717 248787  6  2 92  0  0  0
 9  0 126748 94898968 2290776 57675952    0    0     0 177244 130010 245410  6  2 92  0  0  0
procs -----------memory---------- ---swap-- -----io---- -system-- -------cpu-------
 r  b   swpd   free   buff  cache   si   so    bi    bo   in   cs us sy id wa st gu
 9  0 126748 94899696 2290776 57677444    0    0     0 176988 129034 243930  6  1 92  0  0  0
 9  0 126748 94895456 2290776 57678976    0    0     0 174284 128973 241877  6  2 92  0  0  0
 9  0 126748 94889700 2290776 57680412    0    0     0 178296 131077 248093  6  2 92  0  0  0
 9  0 126748 94883516 2290776 57681932    0    0     0 176672 130016 245841  6  2 92  0  0  0
10  0 126748 94880452 2290776 57683428    0    0     0 176040 129606 244023  6  2 92  0  0  0
 9  0 126748 94878216 2290776 57684860    0    0     0 177568 130353 246077  6  1 92  0  0  0
 9  0 126748 94876844 2290780 57686380    0    0     0 177728 130676 244658  6  1 92  0  0  0
 9  0 126748 94880544 2290780 57687852    0    0     0 177632 131180 245522  6  2 92  0  0  0
 9  0 126748 94875288 2290780 57689292    0    0     0 175816 130102 243227  6  2 92  0  0  0
 9  0 126748 94873556 2290780 57690824    0    0     0 177340 130789 243810  6  2 92  0  0  0
 9  0 126748 94872704 2290780 57692236    0    0     0 175272 128939 239377  6  2 92  0  0  0
 8  1 126748 94867992 2290780 57693724    0    0     0 176316 129068 239737  6  1 92  0  0  0
10  0 126748 94869120 2290780 57695152    0    0     0 176032 129700 240745  6  2 92  0  0  0
 9  0 126748 94867240 2290780 57696600    0    0     0 179192 131843 244299  6  1 92  0  0  0
10  0 126748 94866716 2290780 57698036    0    0     0 176804 129829 240735  6  1 92  0  0  0
 9  0 126748 94863968 2290780 57699492    0    0     0 178240 130736 242872  6  1 92  0  0  0
 9  0 126748 94864116 2290780 57700928    0    0     0 175640 128992 241559  6  2 92  0  0  0
 9  0 126748 94858192 2290780 57702396    0    0     0 177168 129781 241180  6  1 92  0  0  0
10  0 126748 94858212 2290780 57703876    0    0     0 178368 129881 242421  6  2 92  0  0  0
10  0 126748 94862036 2290780 57705360    0    0     0 179772 131153 243336  6  2 92  0  0  0
10  0 126748 94863280 2290780 57706788    0    0     0 179716 130609 243074  6  1 92  0  0  0
procs -----------memory---------- ---swap-- -----io---- -system-- -------cpu-------
 r  b   swpd   free   buff  cache   si   so    bi    bo   in   cs us sy id wa st gu
10  0 126748 94859420 2290780 57708300    0    0     0 179608 130948 245727  6  2 92  0  0  0
 9  0 126748 94854188 2290780 57709640    0    0     0 180576 131519 246689  6  1 92  0  0  0
 9  0 126748 94855516 2290780 57711100    0    0     0 180148 131539 246787  6  1 92  0  0  0
10  0 126748 94858428 2290780 57712572    0    0     0 178816 130483 241777  6  1 92  0  0  0
 8  1 126748 94854268 2290780 57714112    0    0     0 180064 131099 245333  6  1 92  0  0  0
11  0 126748 94852328 2290780 57715496    0    0     0 181184 131215 245520  6  1 92  0  0  0
10  0 126748 94846960 2290780 57716952    0    0     0 179220 130401 243049  6  2 92  0  0  0
 9  0 126748 94840852 2290780 57718392    0    0     0 180100 130739 244325  6  2 92  0  0  0
 9  0 126748 94840876 2290780 57719936    0    0     0 182380 131691 246544  6  2 92  0  0  0
10  0 126748 94838808 2290780 57721436    0    0     0 181108 130635 245768  6  1 92  0  0  0
 9  0 126748 94841820 2290780 57722924    0    0     0 178608 128988 241639  6  2 92  0  0  0
10  0 126748 94837000 2290780 57724380    0    0     0 180916 129368 245137  6  1 92  0  0  0
 9  0 126748 94835096 2290780 57725856    0    0     0 181988 131338 246581  6  2 92  0  0  0
 9  0 126748 94838404 2290780 57727360    0    0     0 181316 130589 244645  6  1 92  0  0  0
 9  0 126748 94840624 2290780 57728704    0    0     0 183428 131867 248208  6  1 92  0  0  0
10  0 126748 94836028 2290780 57730300    0    0     0 180980 130413 245051  6  2 92  0  0  0
 8  0 126748 94828084 2290780 57731720    0    0     0 181180 131683 247789  6  2 92  0  0  0
 9  0 126748 94832092 2290780 57733192    0    0     0 179664 129682 243287  6  1 92  0  0  0
 8  0 126748 94826936 2290780 57734692    0    0     0 178756 130257 245450  6  1 92  0  0  0
 8  0 126748 94823060 2290780 57736220    0    0     0 179676 130975 246889  6  2 92  0  0  0
 7  1 126748 94825300 2290780 57737748    0    0     0 179932 130917 246390  6  2 92  0  0  0
procs -----------memory---------- ---swap-- -----io---- -system-- -------cpu-------
 r  b   swpd   free   buff  cache   si   so    bi    bo   in   cs us sy id wa st gu
 8  0 126748 94828836 2290780 57739148    0    0     0 179600 130801 246372  6  2 92  0  0  0
 8  0 126748 94826200 2290780 57740636    0    0     0 181700 131271 246735  6  1 92  0  0  0
 7  1 126748 94824228 2290780 57742172    0    0     0 181232 130391 245546  6  1 92  0  0  0
 7  1 126748 94819296 2290780 57743628    0    0     0 181988 130804 246247  6  1 92  0  0  0
 8  0 126748 94814728 2290780 57745096    0    0     0 179464 129353 243857  6  1 92  0  0  0
 8  0 126748 94813564 2290780 57746620    0    0     0 180316 130178 244706  6  1 92  0  0  0
 7  0 126748 94811100 2290780 57748052    0    0     0 179800 130472 246068  6  1 92  0  0  0
 6  1 126748 94806728 2290780 57749580    0    0     0 178336 130579 245346  6  1 92  0  0  0
 7  0 126748 94803672 2290780 57751032    0    0     0 176436 129121 240340  6  1 92  0  0  0
 7  0 126748 94807488 2290780 57752476    0    0     0 175860 129231 239834  6  1 92  0  0  0
 8  0 126748 94805856 2290780 57753904    0    0     0 177096 129606 240952  6  1 92  0  0  0
 6  0 126748 94805620 2290780 57755392    0    0     0 177464 129937 243176  6  1 92  0  0  0
 7  0 126748 94802812 2290780 57756844    0    0     0 176904 130207 243174  6  1 92  0  0  0
 8  0 126748 94802952 2290780 57758308    0    0     0 176368 129752 243677  6  1 92  0  0  0
 7  0 126748 94806088 2290780 57759780    0    0     0 178568 130723 245490  6  2 92  0  0  0
 5  1 126748 94805000 2290780 57761284    0    0     0 180988 131352 246297  6  2 92  0  0  0
 7  0 126748 94799440 2290780 57762744    0    0     0 177288 129965 242729  6  1 92  0  0  0
 5  1 126748 94797768 2290780 57764116    0    0     0 178244 130494 242409  6  2 92  0  0  0
 6  0 126748 94791480 2290780 57765668    0    0     0 180604 131300 246294  6  2 92  0  0  0
 6  0 126748 94794688 2290780 57767084    0    0     0 177468 130198 242187  6  2 92  0  0  0
 6  0 126748 94793304 2290780 57768572    0    0     0 178888 129950 243013  6  2 92  0  0  0
procs -----------memory---------- ---swap-- -----io---- -system-- -------cpu-------
 r  b   swpd   free   buff  cache   si   so    bi    bo   in   cs us sy id wa st gu
 6  0 126748 94790548 2290780 57770060    0    0     0 179636 130423 243710  6  1 92  0  0  0
 6  0 126748 94791728 2290780 57771560    0    0     0 178884 130765 245072  6  1 92  0  0  0
 7  0 126748 94791400 2290780 57772984    0    0     0 176460 130193 244707  6  1 92  0  0  0
 6  0 126748 94793948 2290780 57774548    0    0     0 178060 131190 246003  6  1 92  0  0  0
 6  0 126748 94798320 2290780 57775932    0    0     0 175512 129641 241607  6  1 92  0  0  0
 6  0 126748 94801468 2290780 57777384    0    0     0 175916 130565 242926  6  1 92  0  0  0
 6  0 126748 94796116 2290780 57778864    0    0     0 179452 132100 247652  6  2 92  0  0  0
 6  0 126748 94791716 2290780 57780368    0    0     0 175640 129991 243922  6  1 92  0  0  0
 6  0 126748 94790784 2290780 57781816    0    0     0 178532 131955 247855  6  1 92  0  0  0
 6  1 126748 94793244 2290780 57783296    0    0     0 176744 130390 244871  6  1 92  0  0  0
 7  0 126748 94791800 2290780 57784780    0    0     0 176168 130088 243360  6  1 92  0  0  0
 6  0 126748 94790980 2290780 57786208    0    0     0 178488 130671 243051  6  1 92  0  0  0
 5  1 126748 94790176 2290780 57787724    0    0     0 178784 130746 242914  6  1 92  0  0  0
 4  2 126748 94783268 2290780 57789160    0    0     0 180372 131495 245423  6  2 92  0  0  0
 6  0 126748 94776868 2290780 57790580    0    0     0 177336 130236 242984  6  1 92  0  0  0
 8  0 126748 94770568 2290780 57792108    0    0     0 175944 129883 240978  6  2 92  0  0  0
 5  0 126748 94771084 2290780 57793508    0    0     0 176148 129388 238855  6  1 92  0  0  0
 6  0 126748 94771760 2290780 57794940    0    0     0 179616 132082 246415  6  2 92  0  0  0
 6  0 126748 94772924 2290780 57796352    0    0     0 177068 130838 245641  6  2 92  0  0  0
 8  0 126748 94771988 2290780 57797940    0    0     0 172920 128872 239744  6  1 92  0  0  0
 6  1 126748 94772252 2290780 57799304    0    0     0 172768 129013 237925  6  1 92  0  0  0
procs -----------memory---------- ---swap-- -----io---- -system-- -------cpu-------
 r  b   swpd   free   buff  cache   si   so    bi    bo   in   cs us sy id wa st gu
 7  0 126748 94779752 2290780 57800760    0    0     0 172348 129474 237384  6  1 92  0  0  0
 6  0 126748 94779984 2290780 57802204    0    0     0 174640 129227 237444  6  1 92  0  0  0
 7  0 126748 94777352 2290780 57803564    0    0     0 174852 128936 238009  6  1 92  0  0  0
 8  0 126748 94773888 2290780 57805024    0    0     0 176688 129713 240362  6  1 92  0  0  0
 6  0 126748 94773896 2290780 57806512    0    0     0 179792 131284 244845  6  2 92  0  0  0
 8  0 126748 94770584 2290780 57807916    0    0     0 179404 130211 243709  6  2 92  0  0  0
 5  1 126748 94763024 2290780 57809564    0    0     0 178856 131157 244790  6  1 92  0  0  0
 6  0 126748 94756348 2290780 57810892    0    0     0 180476 130711 245999  6  2 92  0  0  0
 6  0 126748 94745772 2290780 57812432    0    0     0 177232 129418 241495  6  1 92  0  0  0
 6  0 126748 94745708 2290780 57813880    0    0     0 177592 129172 241130  6  2 92  0  0  0
 6  0 126748 94749724 2290780 57815360    0    0     0 176932 128838 241097  6  2 92  0  0  0
 7  0 126748 94747836 2290780 57816748    0    0     0 179196 130174 244095  6  1 92  0  0  0
 7  0 126748 94744084 2290780 57818348    0    0     0 179432 130614 245158  6  1 92  0  0  0
 6  0 126748 94742760 2290780 57819804    0    0     0 174836 128545 240714  6  1 92  0  0  0
 6  0 126748 94743952 2290780 57821268    0    0     0 177232 130174 244514  6  1 92  0  0  0
 5  0 126748 94744904 2290780 57822688    0    0     0 179656 130504 244272  6  2 92  0  0  0
 9  0 126748 94742596 2290780 57824220    0    0     0 180684 131486 247172  6  1 92  0  0  0
 6  0 126748 94742412 2290780 57825644    0    0     0 178252 130296 243889  6  1 92  0  0  0
 8  0 126748 94745772 2290780 57827144    0    0     0 178584 130829 246153  6  1 92  0  0  0
 7  0 126748 94749096 2290780 57828552    0    0     0 174596 129539 239931  6  1 92  0  0  0
 6  0 126748 94745432 2290780 57830024    0    0     0 175584 129743 241657  6  1 92  0  0  0
procs -----------memory---------- ---swap-- -----io---- -system-- -------cpu-------
 r  b   swpd   free   buff  cache   si   so    bi    bo   in   cs us sy id wa st gu
 6  0 126748 94744984 2290780 57831484    0    0     0 175296 129298 243117  6  2 92  0  0  0
 6  0 126748 94742424 2290780 57832976    0    0     0 178348 130785 245370  6  2 92  0  0  0
 6  0 126748 94747464 2290780 57834388    0    0     0 178800 131455 246963  6  1 92  0  0  0
 7  0 126748 94747236 2290780 57835912    0    0     0 178072 131040 245196  6  2 92  0  0  0
 6  0 126748 94747236 2290780 57837372    0    0     0 174536 130043 242061  6  1 92  0  0  0
 6  0 126748 94744204 2290780 57838844    0    0     0 177416 130105 243233  6  1 92  0  0  0
 7  0 126748 94743632 2290780 57840252    0    0     0 175808 128871 240168  6  1 92  0  0  0
 7  1 126748 94738168 2290780 57841736    0    0     0 178084 129589 242525  6  1 92  0  0  0
 8  0 126748 94732332 2290780 57843228    0    0     0 178528 130209 244175  6  2 92  0  0  0
 8  1 126748 94729248 2290780 57844652    0    0     0 177664 129775 243285  6  1 92  0  0  0
10  0 126748 94719580 2290780 57846104    0    0     0 174816 128864 240392  6  1 92  0  0  0
 8  0 126748 94720604 2290780 57847600    0    0     0 179148 129754 244925  6  2 92  0  0  0
 7  0 126748 94715592 2290780 57849116    0    0     0 181336 131155 245987  6  1 92  0  0  0
 9  0 126748 94716832 2290780 57850588    0    0     0 181424 131264 244544  6  1 92  0  0  0
 7  0 126748 94718628 2290780 57852024    0    0     0 180100 129798 243293  6  1 92  0  0  0
 6  1 126748 94718656 2290780 57853460    0    0     0 178804 130109 241792  6  2 92  0  0  0
 6  0 126748 94715596 2290780 57854872    0    0     0 178484 130469 241462  6  1 92  0  0  0
 7  0 126748 94716372 2290784 57856400    0    0     0 178664 130427 244210  6  2 92  0  0  0
 7  0 126748 94711728 2290784 57857796    0    0     0 176076 129749 243049  6  1 92  0  0  0
 8  0 126748 94712584 2290784 57859288    0    0     0 178064 130677 246015  6  1 92  0  0  0
 6  1 126748 94709116 2290784 57860804    0    0     0 177660 131200 246405  6  1 92  0  0  0
procs -----------memory---------- ---swap-- -----io---- -system-- -------cpu-------
 r  b   swpd   free   buff  cache   si   so    bi    bo   in   cs us sy id wa st gu
 7  1 126748 94710912 2290784 57862296    0    0     0 179280 131632 246884  6  1 92  0  0  0
 7  0 126748 94708024 2290784 57863732    0    0     0 180284 131194 246092  6  1 92  0  0  0
 8  0 126748 94706764 2290784 57865152    0    0     0 179888 131047 244830  6  1 92  0  0  0
 6  1 126748 94705688 2290784 57866668    0    0     0 179064 130850 244967  6  1 92  0  0  0
 7  0 126748 94698368 2290784 57868080    0    0     0 178428 128660 242477  6  1 92  0  0  0
 8  0 126748 94699472 2290784 57869552    0    0     0 178100 129315 242406  6  1 92  0  0  0
 6  0 126748 94694888 2290784 57871072    0    0     0 182356 130864 246151  6  2 92  0  0  0
 6  0 126748 94690604 2290784 57872548    0    0     0 180332 130415 243212  6  1 92  0  0  0
 6  0 126748 94695532 2290784 57873956    0    0     0 182084 130848 244357  6  2 92  0  0  0
 7  0 126748 94699136 2290784 57875424    0    0     0 181996 130990 246259  6  1 92  0  0  0
 6  0 126748 94698880 2290784 57876908    0    0     0 180684 130628 244892  6  1 92  0  0  0
 6  0 126748 94699752 2290784 57878416    0    0     0 182288 132124 248610  6  1 92  0  0  0
 6  0 126748 94697892 2290784 57879884    0    0     0 179344 131339 246180  6  2 92  0  0  0
 6  0 126748 94697944 2290784 57881276    0    0     0 179840 131182 246754  6  1 92  0  0  0
 5  1 126748 94699576 2290784 57882748    0    0     0 177708 129434 243351  6  1 92  0  0  0
10  0 126748 94698796 2290784 57884336    0    0     0 179064 130310 246270  6  1 92  0  0  0
 8  0 126748 94694204 2290784 57885692    0    0     0 179784 131092 247582  6  2 92  0  0  0
 6  0 126748 94695760 2290784 57887204    0    0     0 174000 128910 239221  6  2 92  0  0  0
 5  0 126748 94691620 2290784 57888640    0    0     0 178956 131449 247187  6  2 92  0  0  0
 6  0 126748 94686344 2290784 57890172    0    0     0 179156 131852 247182  6  1 92  0  0  0
 6  0 126748 94683548 2290784 57891648    0    0     0 175980 129978 243695  6  2 92  0  0  0
procs -----------memory---------- ---swap-- -----io---- -system-- -------cpu-------
 r  b   swpd   free   buff  cache   si   so    bi    bo   in   cs us sy id wa st gu
 6  0 126748 94675280 2290784 57893040    0    0     0 177812 130697 245695  6  2 92  0  0  0
 6  0 126748 94670328 2290784 57894552    0    0     0 177564 130205 245616  6  2 92  0  0  0
 6  0 126748 94644248 2290784 57896024    0    0     0 176764 129695 242022  6  2 92  0  0  0
 6  1 126748 94649800 2290784 57897516    0    0     0 177644 130448 242808  6  1 92  0  0  0
 6  0 126748 94647424 2290784 57899076    0    0     0 177012 130219 243500  6  1 92  0  0  0
 9  0 126748 94647324 2290784 57900456    0    0     0 174724 129735 240245  6  1 92  0  0  0
 6  1 126748 94646136 2290784 57902044    0    0     0 173928 129173 241932  6  2 92  0  0  0
 6  0 126748 94641224 2291036 57903388    0    0   252 177316 130959 245822  6  2 92  0  0  0
 6  0 126748 94634372 2291036 57904896    0    0     0 176080 130252 244613  6  1 92  0  0  0
 7  0 126748 94631020 2291036 57906400    0    0     0 178460 131213 246401  6  1 92  0  0  0
 7  0 126748 94634640 2291040 57907904    0    0     0 176680 130385 242688  6  1 92  0  0  0
 6  0 126748 94631636 2291040 57909352    0    0     0 174472 129534 238336  6  2 92  0  0  0
 5  1 126748 94632192 2291040 57910724    0    0     0 173760 129385 239102  6  1 92  0  0  0
 6  0 126748 94629288 2291040 57912220    0    0     0 176004 129984 242994  6  2 92  0  0  0
 6  1 126748 94629796 2291040 57913696    0    0     0 174180 129709 242394  6  1 92  0  0  0
 6  0 126748 94636696 2291044 57915220    0    0     0 173996 128548 239977  6  1 92  0  0  0
 5  0 126748 94633436 2291044 57916576    0    0     0 175328 130674 239346  6  2 92  0  0  0
 6  0 126748 94634700 2291044 57918116    0    0     0 177144 130809 243689  6  2 92  0  0  0
 8  0 126748 94628400 2291044 57919536    0    0     0 176504 130469 242014  6  1 92  0  0  0
 6  0 126748 94628192 2291044 57920940    0    0     0 179948 132104 248651  6  2 92  0  0  0
 6  0 126748 94631020 2291044 57922448    0    0     0 175224 129367 241344  6  2 92  0  0  0
procs -----------memory---------- ---swap-- -----io---- -system-- -------cpu-------
 r  b   swpd   free   buff  cache   si   so    bi    bo   in   cs us sy id wa st gu
 6  0 126748 94627412 2291044 57923964    0    0     0 175920 129770 243615  6  1 92  0  0  0
 7  0 126748 94625768 2291044 57925448    0    0     0 176740 129699 241888  6  1 92  0  0  0
 7  1 126748 94623488 2291044 57926948    0    0     0 176596 129759 243121  6  1 92  0  0  0
 6  0 126748 94622976 2291044 57928336    0    0     0 177104 129755 243507  6  1 92  0  0  0
 9  1 126748 94615704 2291044 57929816    0    0     0 177220 129180 241814  6  2 92  0  0  0
11  0 126748 94612608 2291044 57931248    0    0     0 177812 130211 243494  6  2 92  0  0  0
12  0 126748 94612772 2291044 57932772    0    0     0 176904 129966 242949  6  2 92  0  0  0
11  0 126748 94609820 2291044 57934296    0    0     0 175832 129857 242435  6  2 92  0  0  0
12  0 126748 94605688 2291044 57935752    0    0     0 178868 130789 247341  6  2 92  0  0  0
12  0 126748 94608040 2291044 57937216    0    0     0 177812 130334 246009  6  1 92  0  0  0
13  0 126748 94607128 2291044 57938688    0    0     0 178628 130630 246191  6  2 92  0  0  0
11  0 126748 94601496 2291044 57940172    0    0     0 175776 128315 242329  6  2 92  0  0  0
11  0 126748 94602280 2291044 57941664    0    0     0 178856 130481 246764  6  1 92  0  0  0
11  0 126748 94601968 2291044 57943120    0    0     0 176372 129430 244612  6  1 92  0  0  0
12  0 126748 94594016 2291044 57944668    0    0     0 177644 130091 246484  6  1 92  0  0  0
11  0 126748 94590144 2291044 57946120    0    0     0 177832 130675 247556  6  1 92  0  0  0
11  0 126748 94585744 2291044 57947616    0    0     0 178436 130907 247474  6  1 92  0  0  0
11  0 126748 94586652 2291044 57949136    0    0     0 174704 129109 243535  6  2 92  0  0  0
11  0 126748 94584448 2291044 57950668    0    0     0 173720 129159 244162  6  2 92  0  0  0
11  0 126748 94580244 2291044 57952108    0    0     0 173056 128708 242725  6  1 92  0  0  0
14  0 126748 94577656 2291044 57953536    0    0     0 177428 131770 248648  6  2 92  0  0  0
procs -----------memory---------- ---swap-- -----io---- -system-- -------cpu-------
 r  b   swpd   free   buff  cache   si   so    bi    bo   in   cs us sy id wa st gu
11  0 126748 94582480 2291044 57955092    0    0     0 177704 131231 247925  6  2 92  0  0  0
11  0 126748 94581912 2291044 57956564    0    0     0 173232 129531 243168  6  2 92  0  0  0
11  0 126748 94586508 2291044 57958000    0    0     0 177044 131292 246503  6  2 92  0  0  0
11  0 126748 94583188 2291044 57959492    0    0     0 171252 128385 239870  6  2 92  0  0  0
12  0 126748 94581208 2291044 57960892    0    0     0 172836 129130 240677  6  2 92  0  0  0
11  0 126748 94579832 2291044 57962332    0    0     0 174632 129875 241021  6  2 92  0  0  0
11  0 126748 94574592 2291044 57963828    0    0     0 173024 129591 242834  6  1 92  0  0  0
11  1 126748 94575868 2291044 57965332    0    0     0 175188 130347 242898  6  2 92  0  0  0
13  0 126748 94579620 2291044 57966744    0    0     0 172828 128340 237280  6  1 92  0  0  0
 9  0 126748 94577736 2291044 57968180    0    0     0 175468 130491 243105  6  2 92  0  0  0
 9  0 126748 94578888 2291044 57969780    0    0     0 175908 130628 244360  6  2 92  0  0  0
 9  1 126748 94573956 2291044 57971188    0    0     0 177344 130329 245760  6  1 92  0  0  0
 9  1 126748 94574884 2291044 57972624    0    0     0 175088 129453 243290  6  2 92  0  0  0
11  1 126748 94573384 2291048 57974076    0    0     0 171548 128211 236238  6  2 92  0  0  0
 9  0 126748 94572512 2291048 57975580    0    0     0 173500 129005 242305  6  2 92  0  0  0
 9  0 126748 94572484 2291048 57977092    0    0     0 176216 130212 246154  6  2 92  0  0  0
 9  1 126748 94572116 2291048 57978512    0    0     0 173544 129494 245123  6  2 92  0  0  0
 9  1 126748 94571192 2291048 57979960    0    0     0 173580 130351 245773  6  2 92  0  0  0
 9  1 126748 94564980 2291048 57981396    0    0     0 172968 130176 245932  6  2 92  0  0  0
 8  1 126748 94561824 2291048 57982888    0    0     0 172592 129606 245386  6  2 92  0  0  0
 9  0 126748 94558956 2291048 57984308    0    0     0 173824 130155 246515  6  2 92  0  0  0
procs -----------memory---------- ---swap-- -----io---- -system-- -------cpu-------
 r  b   swpd   free   buff  cache   si   so    bi    bo   in   cs us sy id wa st gu
10  0 126748 94555108 2291048 57985912    0    0     0 173868 130235 245753  6  2 92  0  0  0
11  0 126748 94559016 2291048 57987500    0    0     0 175796 130644 246799  6  2 92  0  0  0
11  0 126748 94554992 2291048 57988968    0    0     0 176908 130974 246875  6  2 92  0  0  0
10  0 126748 94558068 2291048 57990416    0    0     0 174572 130314 245502  6  1 92  0  0  0
10  0 126748 94556912 2291048 57991888    0    0     0 174456 130342 246404  6  1 92  0  0  0
11  0 126748 94552240 2291048 57993388    0    0     0 175116 130946 247607  6  2 92  0  0  0
11  0 126748 94548900 2291048 57994936    0    0     0 176536 132084 250291  6  2 92  0  0  0
10  0 126748 94543988 2291048 57996344    0    0     0 173956 131074 247963  6  1 92  0  0  0
 9  1 126748 94541556 2291048 57997848    0    0     0 177488 131152 247981  6  1 92  0  0  0
11  0 126748 94537700 2291048 57999444    0    0     0 176804 130525 246728  6  1 92  0  0  0
10  0 126748 94533724 2291048 58000836    0    0     0 177004 131675 248100  6  1 92  0  0  0
12  0 126748 94533092 2291048 58002412    0    0     0 174480 130918 248918  6  2 92  0  0  0
12  0 126748 94531464 2291052 58003916    0    0     0 174284 129930 245245  6  2 92  0  0  0
10  0 126748 94531596 2291052 58005392    0    0     0 171740 128136 242343  6  1 92  0  0  0
10  0 126748 94531828 2291052 58006864    0    0     0 172156 129415 244752  6  1 92  0  0  0
10  0 126748 94531692 2291052 58008372    0    0     0 172784 129683 244728  6  2 92  0  0  0
12  0 126748 94527556 2291052 58009816    0    0     0 173260 129569 244231  6  1 92  0  0  0
11  0 126748 94524432 2291052 58011356    0    0     0 171724 129075 243052  6  1 92  0  0  0
10  0 126748 94520824 2291052 58012796    0    0     0 171808 128621 243580  6  2 92  0  0  0
10  0 126748 94522740 2291052 58014300    0    0     0 173528 129434 244598  6  2 92  0  0  0
10  0 126748 94519900 2291052 58015788    0    0     0 173648 129020 243949  6  1 92  0  0  0
procs -----------memory---------- ---swap-- -----io---- -system-- -------cpu-------
 r  b   swpd   free   buff  cache   si   so    bi    bo   in   cs us sy id wa st gu
10  1 126748 94516136 2291052 58017240    0    0     0 173048 128656 242371  6  1 92  0  0  0
10  0 126748 94516476 2291052 58018752    0    0     0 174104 130120 246097  6  2 92  0  0  0
10  0 126748 94511320 2291052 58020272    0    0     0 174168 130867 246082  6  2 92  0  0  0
10  0 126748 94507760 2291052 58021500    0    0     0 176984 130984 248932  6  2 92  0  0  0
 9  1 126748 94509136 2291052 58023264    0    0     0 175696 131317 243771  6  1 92  0  0  0
10  0 126748 94503564 2291052 58024684    0    0     0 173756 130125 242188  6  1 92  0  0  0
10  0 126748 94504204 2291052 58026204    0    0     0 173356 130328 241855  6  1 92  0  0  0
11  0 126748 94505752 2291052 58027704    0    0     0 173884 129812 242713  6  1 92  0  0  0
10  0 126748 94501752 2291052 58029128    0    0     0 174400 130670 243506  6  1 92  0  0  0
11  0 126748 94502984 2291052 58030592    0    0     0 173136 129974 241236  6  2 92  0  0  0
11  1 126748 94502460 2291052 58032040    0    0     0 174340 130911 245397  6  1 92  0  0  0
13  1 126748 94508784 2291052 58033452    0    0     0 170488 129749 241492  6  1 92  0  0  0
10  1 126748 94502656 2291052 58034984    0    0     0 172612 130754 243483  6  1 92  0  0  0
11  1 126748 94505748 2291052 58036388    0    0     0 171236 130141 240975  6  2 92  0  0  0
10  0 126748 94502304 2291052 58037884    0    0     0 172736 130237 242350  6  1 92  0  0  0
10  0 126748 94495660 2291052 58039416    0    0     0 172564 130136 240698  6  2 92  0  0  0
 9  0 126748 94496708 2291052 58040796    0    0     0 172684 130973 242321  6  1 92  0  0  0
 9  0 126748 94494852 2291052 58042292    0    0     0 171148 129365 238291  6  1 92  0  0  0
10  1 126748 94498348 2291052 58043616    0    0     0 173660 130063 243261  6  1 92  0  0  0
11  0 126748 94493156 2291052 58044912    0    0     0 169824 127680 237761  6  1 92  0  0  0
12  0 126748 94489680 2291052 58046624    0    0     0 170532 128451 236179  6  1 92  0  0  0
procs -----------memory---------- ---swap-- -----io---- -system-- -------cpu-------
 r  b   swpd   free   buff  cache   si   so    bi    bo   in   cs us sy id wa st gu
11  0 126748 94484216 2291052 58048052    0    0     0 174128 130680 241983  6  1 92  0  0  0
11  1 126748 94482460 2291052 58049276    0    0     0 175192 129667 243706  6  1 92  0  0  0
12  0 126748 94483608 2291052 58050976    0    0     0 176624 130592 246083  6  1 92  0  0  0
12  0 126748 94483740 2291052 58052376    0    0     0 176444 130959 247310  6  1 92  0  0  0
12  0 126748 94483968 2291052 58053884    0    0     0 176276 130179 246140  6  1 92  0  0  0
11  0 126748 94483892 2291052 58055356    0    0     0 176348 131043 247329  6  2 92  0  0  0
12  0 126748 94481672 2291052 58056888    0    0     0 176172 131584 248030  6  1 92  0  0  0
11  0 126748 94481616 2291052 58058404    0    0     0 174060 130198 246518  6  1 92  0  0  0
11  0 126748 94481400 2291052 58059864    0    0     0 172332 130354 245048  6  2 92  0  0  0
10  1 126748 94477124 2291052 58061356    0    0     0 172592 130300 246469  6  1 92  0  0  0
12  0 126748 94480276 2291052 58062840    0    0     0 169416 128298 241962  6  1 92  0  0  0
11  0 126748 94475756 2291052 58064324    0    0     0 168916 128284 242336  6  1 92  0  0  0
11  0 126748 94480444 2291052 58065744    0    0     0 171768 129983 245919  6  1 92  0  0  0
11  0 126748 94484436 2291052 58067224    0    0     0 170444 129456 242948  6  1 92  0  0  0
11  0 126748 94478616 2291052 58068668    0    0     0 169496 128417 242163  6  1 92  0  0  0
 9  1 126748 94473560 2291052 58070188    0    0     0 171072 128760 243036  6  1 92  0  0  0
 9  1 126748 94464608 2291052 58071668    0    0     0 169200 128869 241338  6  1 92  0  0  0
11  0 126748 94462192 2291052 58073228    0    0     0 169152 129449 241136  6  1 92  0  0  0
11  0 126748 94461488 2291052 58074444    0    0     0 171384 129464 244401  6  1 92  0  0  0
11  0 126748 94460064 2291056 58076252    0    0     0 171664 129557 244491  6  2 92  0  0  0
12  0 126748 94456732 2291056 58077716    0    0     0 169744 128432 241558  6  2 92  0  0  0
procs -----------memory---------- ---swap-- -----io---- -system-- -------cpu-------
 r  b   swpd   free   buff  cache   si   so    bi    bo   in   cs us sy id wa st gu
11  0 126748 94449640 2291056 58079216    0    0     0 172880 130639 246232  6  2 92  0  0  0
11  0 126748 94449856 2291056 58080688    0    0     0 172060 130146 243075  6  2 92  0  0  0
13  0 126748 94451508 2291056 58082188    0    0     0 172224 130499 244369  6  2 92  0  0  0
10  1 126748 94454804 2291056 58083608    0    0     0 169432 129473 238404  6  1 92  0  0  0
11  0 126748 94452964 2291056 58085096    0    0     0 170848 130632 244986  6  2 92  0  0  0
12  0 126748 94449512 2291056 58086576    0    0     0 171996 131436 247075  6  2 92  0  0  0
12  0 126748 94449160 2291056 58088012    0    0     0 169552 130911 245178  6  2 92  0  0  0
11  0 126748 94446468 2291056 58089532    0    0     0 170136 130469 244771  6  2 92  0  0  0
11  0 126748 94442992 2291056 58090916    0    0     0 173056 130986 247107  6  2 92  0  0  0
11  0 126748 94440796 2291056 58092536    0    0     0 171456 130850 245816  6  2 92  0  0  0
11  0 126748 94438136 2291056 58093908    0    0     0 167748 129019 240774  6  1 92  0  0  0
11  0 126748 94435196 2291056 58095388    0    0     0 164984 127965 238776  6  1 92  0  0  0
13  0 126748 94433096 2291056 58096980    0    0     0 165164 128457 240442  6  2 92  0  0  0
12  0 126748 94429260 2291056 58098176    0    0     0 164128 127176 238119  6  1 92  0  0  0
11  0 126748 94429836 2291056 58099780    0    0     0 161536 126084 233579  6  1 92  0  0  0
11  0 126748 94382940 2291056 58101252    0    0     0 159372 125213 222261  6  1 92  0  0  0
11  0 126748 94382808 2291056 58102660    0    0     0 166644 128318 239643  6  2 92  0  0  0
13  0 126748 94379440 2291056 58104192    0    0     0 166476 129066 238751  6  2 92  0  0  0
11  0 126748 94385064 2291056 58105564    0    0     0 165188 127976 237277  6  2 92  0  0  0
16  0 126748 94379272 2291056 58107112    0    0     0 166092 128548 238004  6  2 92  0  0  0
12  0 126748 94379128 2291056 58108488    0    0     0 166128 128461 237909  6  1 92  0  0  0
procs -----------memory---------- ---swap-- -----io---- -system-- -------cpu-------
 r  b   swpd   free   buff  cache   si   so    bi    bo   in   cs us sy id wa st gu
11  0 126748 94377788 2291056 58109920    0    0     0 167464 129055 239670  6  1 92  0  0  0
10  1 126748 94373660 2291056 58111484    0    0     0 168136 129590 241259  6  2 92  0  0  0
11  0 126748 94431152 2291060 58112900    0    0     0 167796 129589 241416  6  2 92  0  0  0
 9  1 126748 94431736 2291060 58114404    0    0     0 168784 129300 242742  6  1 92  0  0  0
11  0 126748 94430528 2291060 58115868    0    0     0 170524 129677 243169  6  2 92  0  0  0
11  0 126748 94434516 2291060 58117264    0    0     0 168156 128862 240286  6  2 92  0  0  0
10  1 126748 94435144 2291060 58118724    0    0     0 169012 129012 241317  6  1 92  0  0  0
10  0 126748 94434892 2291060 58120208    0    0     0 168836 129731 242117  6  2 92  0  0  0
 9  1 126748 94433696 2291060 58121664    0    0     0 169148 130352 243862  6  1 92  0  0  0
11  0 126748 94436120 2291060 58123172    0    0     0 170480 131125 245057  6  1 92  0  0  0
11  0 126748 94436036 2291060 58124640    0    0     0 170760 130495 244013  6  1 92  0  0  0
10  0 126748 94432724 2291060 58126132    0    0     0 169640 129904 242711  6  1 92  0  0  0
 9  3 126748 94427880 2291060 58127644    0    0     0 172044 130173 243507  6  1 92  0  0  0
 8  0 126748 94431036 2291060 58129252    0    0     0 168084 127668 239900  6  2 92  0  0  0
10  0 126748 94432808 2291060 58130500    0    0     0 172608 130045 244861  6  1 92  0  0  0
 8  0 126748 94429488 2291060 58132084    0    0     0 173696 130738 245123  6  2 92  0  0  0
13  0 126748 94426940 2291060 58133452    0    0     0 171220 130464 242256  6  1 92  0  0  0
10  0 126748 94424308 2291060 58134944    0    0     0 169908 129820 239887  6  1 92  0  0  0
11  1 126748 94420292 2291060 58136400    0    0     0 172176 130580 244456  6  1 92  0  0  0
 9  0 126748 94421712 2291060 58137824    0    0     0 172052 131187 243053  6  1 92  0  0  0
10  0 126748 94421644 2291060 58139296    0    0     0 171368 130692 243054  6  2 92  0  0  0
procs -----------memory---------- ---swap-- -----io---- -system-- -------cpu-------
 r  b   swpd   free   buff  cache   si   so    bi    bo   in   cs us sy id wa st gu
11  0 126748 94419784 2291060 58140720    0    0     0 170928 130260 241654  6  2 92  0  0  0
10  0 126748 94421496 2291060 58142228    0    0     0 170508 129581 239909  6  1 92  0  0  0
 9  0 126748 94420652 2291064 58143592    0    0     0 172188 131238 241843  6  1 92  0  0  0
 9  0 126748 94420512 2291064 58144988    0    0     0 169004 129075 237473  6  2 92  0  0  0
 8  0 126748 94419148 2291064 58146428    0    0     0 166936 128325 236762  6  1 92  0  0  0
 8  0 126748 94417728 2291064 58148020    0    0     0 171108 130174 242068  6  1 92  0  0  0
 8  0 126748 94413688 2291064 58149468    0    0     0 169968 129981 240797  6  2 92  0  0  0
 7  0 126748 94412288 2291064 58150996    0    0     0 166920 128325 239101  6  1 92  0  0  0
 7  0 126748 94411632 2291064 58152408    0    0     0 169828 129908 241730  6  2 92  0  0  0
 8  1 126748 94408548 2291064 58153820    0    0     0 172332 131082 245550  6  2 92  0  0  0
 9  1 126748 94409928 2291064 58155380    0    0     0 167176 127638 238134  6  2 92  0  0  0
11  1 126748 94409896 2291064 58156756    0    0     0 170824 129660 242357  6  2 92  0  0  0
 6  0 126748 94408484 2291064 58158304    0    0     0 167896 128217 240030  6  2 92  0  0  0
 8  0 126748 94408888 2291064 58159792    0    0     0 168140 128791 237458  6  2 92  0  0  0
 6  1 126748 94406404 2291064 58161192    0    0     0 170888 130039 239116  6  2 92  0  0  0
 8  0 126748 94405364 2291064 58162760    0    0     0 168596 128666 236830  6  2 92  0  0  0
 6  0 126748 94403292 2291064 58164068    0    0     0 171420 130971 242073  6  1 92  0  0  0
 6  0 126748 94401260 2291064 58165488    0    0     0 169228 128921 240944  6  2 92  0  0  0
 8  0 126748 94404228 2291064 58167068    0    0     0 169844 129354 240907  6  1 92  0  0  0
 6  0 126748 94400232 2291064 58168296    0    0     0 170608 129671 242887  6  2 92  0  0  0
 6  0 126748 94399132 2291064 58169984    0    0     0 172268 129364 241947  6  2 92  0  0  0
procs -----------memory---------- ---swap-- -----io---- -system-- -------cpu-------
 r  b   swpd   free   buff  cache   si   so    bi    bo   in   cs us sy id wa st gu
 6  1 126748 94398320 2291064 58171468    0    0     0 172692 130310 243954  6  2 92  0  0  0
 8  0 126748 94392408 2291064 58173020    0    0     0 170784 129572 243449  6  2 92  0  0  0
 6  0 126748 94390364 2291064 58174564    0    0     0 170852 130073 244690  6  2 92  0  0  0
 6  0 126748 94385416 2291064 58175928    0    0     0 168792 129503 242657  6  2 92  0  0  0
 6  0 126748 94388028 2291064 58177444    0    0     0 167564 128941 241332  6  2 92  0  0  0
 6  0 126748 94388464 2291064 58178924    0    0     0 168996 129883 242266  6  1 92  0  0  0
 6  0 126748 94380544 2291064 58180360    0    0     0 164200 126855 237127  6  2 92  0  0  0
 6  1 126748 94379404 2291064 58181828    0    0     0 173596 132114 249013  6  2 92  0  0  0
 6  1 126748 94375112 2291064 58183296    0    0     0 171944 131549 247327  6  2 92  0  0  0
 8  1 126748 94377788 2291064 58184748    0    0     0 169736 130938 245644  6  1 92  0  0  0
 7  1 126748 94379016 2291064 58186264    0    0     0 171076 130211 245834  6  2 92  0  0  0
 6  0 126748 94373728 2291064 58187344    0    0     0 171684 131412 248644  6  2 92  0  0  0
 8  0 126748 94372828 2291064 58189220    0    0     0 168404 129773 244145  6  2 92  0  0  0
 6  0 126748 94369316 2291064 58190668    0    0     0 170776 131750 247839  6  2 92  0  0  0
 6  0 126748 94370956 2291064 58192112    0    0     0 167320 129635 243953  6  2 92  0  0  0
 6  0 126748 94371480 2291064 58193620    0    0     0 170696 130985 247078  6  2 92  0  0  0
 5  1 126748 94366428 2291064 58195076    0    0     0 168156 129770 243782  6  1 92  0  0  0
 6  0 126748 94362936 2291064 58196624    0    0     0 169232 128640 242216  6  1 92  0  0  0
 6  0 126748 94363044 2291064 58198104    0    0     0 173100 130434 245938  6  1 92  0  0  0
 6  0 126748 94358844 2291064 58199564    0    0     0 172868 129824 245061  6  2 92  0  0  0
 6  0 126748 94364068 2291064 58201060    0    0     0 174060 130215 245006  6  1 92  0  0  0
procs -----------memory---------- ---swap-- -----io---- -system-- -------cpu-------
 r  b   swpd   free   buff  cache   si   so    bi    bo   in   cs us sy id wa st gu
 7  0 126748 94364708 2291064 58202588    0    0     0 172992 129241 244445  6  1 92  0  0  0
 6  0 126748 94362136 2291064 58204116    0    0     0 173260 130642 245374  6  2 92  0  0  0
 8  0 126748 94361384 2291064 58205552    0    0     0 174180 130621 246352  6  2 92  0  0  0
 8  0 126748 94360352 2291064 58207008    0    0     0 175972 131591 248455  6  2 92  0  0  0
 8  0 126748 94359980 2291064 58208476    0    0     0 175104 130789 246277  6  1 92  0  0  0
12  0 126748 94362288 2291064 58210036    0    0     0 175432 131154 247302  6  2 92  0  0  0
 6  0 126748 94368064 2291064 58211512    0    0     0 172188 129178 243948  6  2 92  0  0  0
 5  1 126748 94362820 2291064 58212980    0    0     0 177132 132214 249043  6  1 92  0  0  0
 7  1 126748 94357980 2291064 58214464    0    0     0 171844 129127 242890  6  2 92  0  0  0
 6  0 126748 94357188 2291064 58215924    0    0     0 173076 129277 243594  6  1 92  0  0  0
 4  1 126748 94347584 2291064 58217484    0    0     0 172484 128971 242132  6  2 92  0  0  0
 6  0 126748 94351632 2291064 58219024    0    0     0 173508 129590 243125  6  1 92  0  0  0
 7  0 126748 94347848 2291064 58220492    0    0     0 174900 130785 244314  6  2 92  0  0  0
 6  0 126748 94345812 2291064 58221936    0    0     0 170392 127585 239241  6  1 92  0  0  0
 6  0 126748 94342920 2291064 58223392    0    0     0 174488 129715 244040  6  2 92  0  0  0
 8  0 126748 94337248 2291064 58224920    0    0     0 173224 131209 245454  6  2 92  0  0  0
 6  0 126748 94336268 2291064 58226440    0    0     0 176148 131656 246722  6  2 92  0  0  0
 6  0 126748 94331776 2291064 58227788    0    0     0 173528 129050 242900  6  2 92  0  0  0
 7  0 126748 94328204 2291064 58229328    0    0     0 173728 129073 242672  6  1 92  0  0  0
 6  1 126748 94325100 2291064 58230768    0    0     0 173312 129146 243227  6  1 92  0  0  0
 6  0 126748 94324176 2291064 58232296    0    0     0 176212 131213 245774  6  1 92  0  0  0
procs -----------memory---------- ---swap-- -----io---- -system-- -------cpu-------
 r  b   swpd   free   buff  cache   si   so    bi    bo   in   cs us sy id wa st gu
 6  0 126748 94320788 2291064 58233756    0    0     0 175084 129791 245628  6  1 92  0  0  0
 6  0 126748 94318944 2291064 58235196    0    0     0 173712 129341 243381  6  1 92  0  0  0
 7  0 126748 94318368 2291064 58236776    0    0     0 172180 129433 241627  6  1 92  0  0  0
 6  0 126748 94320068 2291064 58238184    0    0     0 174328 129931 242154  6  1 92  0  0  0
 6  0 126748 94318420 2291064 58239872    0    0     0 173964 129865 242365  6  1 92  0  0  0
 7  0 126748 94320876 2291064 58241124    0    0     0 173484 129335 242132  6  1 92  0  0  0
 6  0 126748 94318948 2291064 58242592    0    0     0 174560 129849 245154  6  2 92  0  0  0
 8  0 126748 94321124 2291064 58244108    0    0     0 176168 130847 246061  6  2 92  0  0  0
 5  1 126748 94321396 2291064 58245512    0    0     0 172048 128283 242418  6  1 92  0  0  0
 7  0 126748 94313940 2291064 58247000    0    0     0 175376 131463 246914  6  2 92  0  0  0
 6  1 126748 94309980 2291064 58248548    0    0     0 171548 129653 239122  6  1 92  0  0  0
 6  0 126748 94306920 2291064 58249948    0    0     0 173864 130806 242673  6  1 92  0  0  0
 7  0 126748 94304312 2291064 58251560    0    0     0 171724 129453 240703  6  1 92  0  0  0
 6  0 126748 94303568 2291064 58253076    0    0     0 175016 131283 244608  6  2 92  0  0  0
 6  1 126748 94299120 2291064 58254520    0    0     0 176812 131615 246813  6  2 92  0  0  0
 6  1 126748 94300976 2291064 58255984    0    0     0 174128 129469 243430  6  1 92  0  0  0
 7  0 126748 94296424 2291064 58257368    0    0     0 171628 127794 239023  6  2 92  0  0  0
 6  0 126748 94294680 2291064 58258804    0    0     0 177340 130857 245745  6  2 92  0  0  0
 5  0 126748 94293916 2291064 58260372    0    0     0 173612 128484 238561  6  1 92  0  0  0
 5  1 126748 94289484 2291064 58261864    0    0     0 174100 129775 242012  6  1 92  0  0  0
 7  0 126748 94283568 2291064 58263312    0    0     0 172036 128473 236038  6  1 92  0  0  0
procs -----------memory---------- ---swap-- -----io---- -system-- -------cpu-------
 r  b   swpd   free   buff  cache   si   so    bi    bo   in   cs us sy id wa st gu
 6  0 126748 94292396 2291064 58264640    0    0     0 171652 129745 237334  6  2 92  0  0  0
 7  0 126748 94290092 2291064 58266056    0    0     0 173440 130180 237935  6  1 92  0  0  0
 5  1 126748 94294220 2291064 58267656    0    0     0 173184 130032 241233  6  2 92  0  0  0
 7  0 126748 94294988 2291064 58268992    0    0     0 173516 130167 242721  6  2 92  0  0  0
 6  0 126748 94288696 2291064 58270504    0    0     0 172524 129005 241650  6  1 92  0  0  0
 6  0 126748 94288116 2291064 58272008    0    0     0 173340 130280 238708  6  1 92  0  0  0
 9  0 126748 94285836 2291064 58273464    0    0     0 172288 128577 238539  6  1 92  0  0  0
 9  0 126748 94279620 2291068 58274892    0    0     0 177016 129951 244195  6  1 92  0  0  0
 9  0 126748 94272612 2291068 58276284    0    0     0 177100 130523 245117  6  1 92  0  0  0
10  0 126748 94266592 2291068 58277792    0    0     0 177640 131376 243159  6  1 92  0  0  0
 9  0 126748 94261340 2291068 58279252    0    0     0 175172 130492 241867  6  1 92  0  0  0
 9  0 126748 94260476 2291068 58280724    0    0     0 177496 130556 245803  6  1 92  0  0  0
 8  1 126748 94261240 2291068 58282212    0    0     0 175560 129281 242063  6  1 92  0  0  0
11  0 126748 94259500 2291068 58283724    0    0     0 176728 131140 242612  6  1 92  0  0  0
 9  0 126748 94260328 2291068 58285120    0    0     0 173140 129221 241444  6  1 92  0  0  0
 9  0 126748 94257552 2291068 58286648    0    0     0 173800 129338 241059  6  1 92  0  0  0
10  0 126748 94253592 2291068 58288008    0    0     0 173520 129107 240618  6  1 92  0  0  0
 8  2 126748 94256096 2291072 58289516    0    0     0 173660 130066 240383  6  1 92  0  0  0
 7  0 126748 94257188 2291072 58290944    0    0     0 174972 129721 243843  6  1 92  0  0  0
 7  1 126748 94255352 2291072 58292516    0    0     0 174908 129658 240865  6  1 92  0  0  0
 4  1 126748 94258448 2291072 58293888    0    0     0 175224 129284 242832  6  1 92  0  0  0
procs -----------memory---------- ---swap-- -----io---- -system-- -------cpu-------
 r  b   swpd   free   buff  cache   si   so    bi    bo   in   cs us sy id wa st gu
 7  0 126748 94257368 2291072 58295400    0    0     0 176764 130114 243858  6  1 92  0  0  0
 6  0 126748 94252092 2291072 58296876    0    0     0 175880 129310 244276  6  1 92  0  0  0
 6  1 126748 94259152 2291072 58298320    0    0     0 174344 129126 242888  6  1 92  0  0  0
 7  0 126748 94255100 2291072 58299764    0    0     0 176436 130136 245199  6  1 92  0  0  0
 6  0 126748 94258876 2291072 58301280    0    0     0 175904 130420 244611  6  1 92  0  0  0
 6  0 126748 94259828 2291072 58302752    0    0     0 174096 130302 243778  6  1 92  0  0  0
 6  0 126748 94255088 2291072 58304276    0    0     0 173384 129525 242938  6  1 92  0  0  0
 6  0 126748 94248500 2291072 58305804    0    0     0 174888 130162 244966  6  1 92  0  0  0
 6  0 126748 94247312 2291072 58307184    0    0     0 174992 129912 245093  6  1 92  0  0  0
 6  0 126748 94243240 2291072 58308676    0    0     0 173636 128700 241803  6  1 92  0  0  0
 6  0 126748 94239164 2291072 58310180    0    0     0 172236 128713 242351  6  1 92  0  0  0
 7  0 126748 94240472 2291072 58311640    0    0     0 173860 129912 243356  6  2 92  0  0  0
 7  0 126748 94232964 2291072 58313080    0    0     0 171188 129225 240651  6  2 92  0  0  0
 7  0 126748 94231628 2291072 58314612    0    0     0 169188 127716 237484  6  2 92  0  0  0
 7  0 126748 94231100 2291072 58315732    0    0     0 169852 128324 239652  6  2 92  0  0  0
 7  0 126748 94231100 2291072 58317504    0    0     0 172112 128871 241404  6  2 92  0  0  0
 6  0 126748 94226176 2291072 58319040    0    0     0 171396 128674 241621  6  2 92  0  0  0
 9  0 126748 94222448 2291072 58320480    0    0     0 172404 128729 241738  6  2 92  0  0  0
 5  1 126748 94217820 2291072 58322056    0    0     0 170232 128876 239962  6  1 92  0  0  0
 6  0 126748 94216576 2291072 58323476    0    0     0 172844 130099 243356  6  1 92  0  0  0
 6  0 126748 94211216 2291072 58324932    0    0     0 173940 130083 243807  6  2 92  0  0  0
procs -----------memory---------- ---swap-- -----io---- -system-- -------cpu-------
 r  b   swpd   free   buff  cache   si   so    bi    bo   in   cs us sy id wa st gu
 6  1 126748 94209756 2291072 58326472    0    0     0 171520 129175 239756  6  1 92  0  0  0
 6  0 126748 94208056 2291072 58327892    0    0     0 174700 129781 241511  6  2 92  0  0  0
 7  0 126748 94204660 2291072 58329320    0    0     0 173208 128648 240792  6  1 92  0  0  0
 6  0 126748 94204348 2291072 58330784    0    0     0 172096 128956 240013  6  1 92  0  0  0
 7  0 126748 94201256 2291072 58332308    0    0     0 171232 128574 239080  6  1 92  0  0  0
 9  0 126748 94198764 2291072 58333688    0    0     0 166380 126085 232045  6  1 92  0  0  0
 5  1 126748 94195796 2291072 58335108    0    0     0 170304 129126 238313  6  2 92  0  0  0
 6  0 126748 94197248 2291072 58336644    0    0     0 170332 129240 239311  6  2 92  0  0  0
 6  0 126748 94193748 2291072 58338180    0    0     0 168088 128179 237329  6  2 92  0  0  0
 7  0 126748 94195436 2291072 58339648    0    0     0 168040 127972 237513  6  2 92  0  0  0
 8  0 126748 94201772 2291072 58341148    0    0     0 166852 127096 236351  6  1 92  0  0  0
 6  0 126748 94203292 2291072 58342616    0    0     0 171536 129196 241304  6  2 92  0  0  0
 6  0 126748 94195916 2291072 58344100    0    0     0 173000 129611 242666  6  2 92  0  0  0
 6  0 126748 94198008 2291072 58345536    0    0     0 170180 128041 238203  6  1 92  0  0  0
 7  0 126748 94196848 2291072 58347028    0    0     0 168840 127058 237103  6  1 92  0  0  0
 7  0 126748 94199480 2291072 58348452    0    0     0 174124 130039 244471  6  2 92  0  0  0
 6  0 126748 94196820 2291076 58349904    0    0     0 169404 128153 239505  6  2 92  0  0  0
 6  0 126748 94201532 2291076 58351440    0    0     0 171816 129370 240534  6  2 92  0  0  0
