procs -----------memory---------- ---swap-- -----io---- -system-- -------cpu-------
 r  b   swpd   free   buff  cache   si   so    bi    bo   in   cs us sy id wa st gu
 6  0 126748 28504424 2289492 146861876   51   81 285159 352536 149208   39 36  4 57  3  0  0
 3  1 126748 28472472 2289492 146862056    0    0 123760 293660 106488 112692  3  1 94  2  0  0
 1  3 126748 28470224 2289492 146862880    0    0 160016 51252 97964 116472  2  1 95  2  0  0
 4  0 126748 28467768 2289496 146863692    0    0 156272 51764 97871 115069  3  1 95  2  0  0
 3  1 126748 28463976 2289496 146864512    0    0 157600 51504 97670 116075  3  1 95  2  0  0
 3  1 126748 28466768 2289496 146865284    0    0 157296 50424 97519 116198  3  1 95  2  0  0
 3  1 126748 28468248 2289496 146866108    0    0 159216 50716 97771 115554  3  1 95  2  0  0
 3  2 126748 28462828 2289496 146866900    0    0 160976 49708 97919 116107  3  1 95  2  0  0
 3  3 126748 28461032 2289496 146867736    0    0 159408 49144 97847 116621  3  1 95  2  0  0
 4  1 126748 28461572 2289496 146868532    0    0 158000 48876 98012 116256  3  1 95  2  0  0
 2  2 126748 28461844 2289496 146869388    0    0 158336 48088 97679 116265  3  1 95  2  0  0
 2  1 126748 28459572 2289496 146870180    0    0 159648 48420 97957 116936  3  1 95  2  0  0
 2  2 126748 28454248 2289496 146870976    0    0 158272 48908 97622 116098  2  1 95  2  0  0
 3  1 126748 28460248 2289496 146871772    0    0 158816 50368 97921 116262  3  1 95  2  0  0
 2  2 126748 28458876 2289496 146872572    0    0 158864 61928 98386 116892  3  1 95  2  0  0
 3  1 126748 28454852 2289496 146873408    0    0 159792 61248 98721 116742  3  1 95  2  0  0
 2  3 126748 28453112 2289496 146874232    0    0 158464 62660 98383 116763  2  1 95  2  0  0
 3  1 126748 28451624 2289496 146875044    0    0 156832 63420 98514 116302  2  1 95  2  0  0
 2  2 126748 28449476 2289500 146875820    0    0 157328 65212 98368 116162  3  1 95  2  0  0
 2  2 126748 28447632 2289500 146876600    0    0 157712 67012 98688 116144  2  1 95  2  0  0
 3  1 126748 28445304 2289500 146877452    0    0 156896 67184 98494 116239  2  1 95  2  0  0
procs -----------memory---------- ---swap-- -----io---- -system-- -------cpu-------
 r  b   swpd   free   buff  cache   si   so    bi    bo   in   cs us sy id wa st gu
 4  1 126748 28445732 2289500 146878244    0    0 155760 70416 98626 116938  3  1 95  2  0  0
 1  3 126748 28440380 2289500 146879028    0    0 155712 81336 99261 116340  3  1 95  2  0  0
 3  1 126748 28442816 2289508 146879828    0    0 156928 81424 99321 118065  3  1 95  2  0  0
 3  1 126748 28442224 2289508 146880688    0    0 157552 80928 98943 116783  2  1 95  2  0  0
 4  0 126748 28439264 2289508 146881492    0    0 155872 80340 99088 118335  3  1 95  2  0  0
 1  3 126748 28434224 2289508 146882352    0    0 156096 87316 99061 117806  3  1 95  2  0  0
 1  3 126748 28435012 2289508 146883152    0    0 153488 104128 100006 117124  3  1 95  2  0  0
 3  1 126748 28432704 2289508 146883924    0    0 151856 109432 100074 116346  3  1 95  2  0  0
 2  2 126748 28433884 2289508 146884704    0    0 152432 109696 100068 117234  3  1 95  2  0  0
 1  3 126748 28431192 2289508 146885520    0    0 153952 111032 100269 115571  2  1 95  2  0  0
 3  1 126748 28428916 2289508 146886320    0    0 152864 111420 100304 117372  2  1 95  2  0  0
 2  2 126748 28425776 2289508 146887084    0    0 152480 112040 100418 116799  3  1 95  2  0  0
 4  1 126748 28429252 2289508 146887876    0    0 152400 110436 100124 116538  3  1 95  2  0  0
 1  3 126748 28431580 2289512 146888692    0    0 152320 108688 100228 115344  2  1 95  2  0  0
 4  1 126748 28432476 2289512 146889424    0    0 151136 109624 100237 117098  2  1 95  2  0  0
 5  1 126748 28430276 2289512 146890240    0    0 153024 107112 99935 115854  3  1 95  2  0  0
 5  2 126748 28427200 2289512 146891020    0    0 152992 111684 100268 116612  3  1 94  2  0  0
 3  3 126748 28424992 2289512 146891780    0    0 153360 110244 100135 116912  3  1 95  2  0  0
 4  2 126748 28425608 2289512 146892572    0    0 153328 110396 100230 117086  3  1 95  2  0  0
 2  2 126748 28423864 2289512 146893356    0    0 151600 110652 100184 116191  3  1 95  2  0  0
 2  2 126748 28421080 2289512 146894148    0    0 151504 110544 99924 115956  2  1 95  2  0  0
procs -----------memory---------- ---swap-- -----io---- -system-- -------cpu-------
 r  b   swpd   free   buff  cache   si   so    bi    bo   in   cs us sy id wa st gu
 5  1 126748 28418848 2289512 146894932    0    0 151616 109616 100040 116300  3  1 95  2  0  0
 1  2 126748 28422824 2289512 146895756    0    0 152464 108960 100116 116939  3  1 95  2  0  0
 3  1 126748 28422704 2289512 146896568    0    0 151104 109772 99811 116447  3  1 95  2  0  0
 2  2 126748 28424252 2289512 146897332    0    0 151632 111716 100119 116725  2  1 95  2  0  0
 2  2 126748 28422456 2289512 146898124    0    0 149952 111376 99962 114387  3  1 95  2  0  0
 4  2 126748 28424588 2289512 146898940    0    0 152208 111716 100409 116578  2  1 95  2  0  0
 2  2 126748 28422264 2289512 146899600    0    0 152080 111856 100060 116044  3  1 95  2  0  0
 2  2 126748 28417864 2289512 146900456    0    0 151776 111880 100131 115847  3  1 95  2  0  0
 4  1 126748 28416384 2289512 146901268    0    0 152208 108512 99986 116271  2  1 95  2  0  0
 3  1 126748 28418740 2289512 146902016    0    0 151008 107840 99903 115406  2  1 95  2  0  0
 1  3 126748 28419792 2289512 146902808    0    0 150336 119360 100459 115523  3  1 95  2  0  0
 3  1 126748 28418120 2289512 146903660    0    0 149840 117456 100018 115955  2  1 95  2  0  0
 3  1 126748 28416516 2289512 146904432    0    0 149968 122760 100648 116395  3  1 95  2  0  0
 3  2 126748 28413644 2289512 146905180    0    0 149552 121788 100159 116464  3  1 95  2  0  0
 4  1 126748 28422748 2289512 146906028    0    0 150560 119944 100482 116544  2  1 95  2  0  0
 6  2 126748 28420616 2289512 146906728    0    0 150784 118764 100217 116884  3  1 95  2  0  0
 2  2 126748 28419152 2289512 146907520    0    0 150240 118772 100429 116186  3  1 95  2  0  0
 1  3 126748 28416980 2289512 146908280    0    0 151424 116440 100331 117286  2  1 95  2  0  0
 3  2 126748 28425848 2289512 146909136    0    0 152080 116412 100501 115695  2  1 95  2  0  0
 2  2 126748 28425508 2289512 146909904    0    0 152784 117552 100653 116494  3  1 95  2  0  0
 4  1 126748 28424832 2289512 146910644    0    0 152256 118176 100522 117514  2  1 95  2  0  0
procs -----------memory---------- ---swap-- -----io---- -system-- -------cpu-------
 r  b   swpd   free   buff  cache   si   so    bi    bo   in   cs us sy id wa st gu
 3  2 126748 28419196 2289512 146911420    0    0 151808 121024 100544 116206  3  1 95  2  0  0
 2  3 126748 28418332 2289512 146912236    0    0 151936 120668 100487 117314  2  1 95  2  0  0
 1  3 126748 28415216 2289512 146912992    0    0 152592 119396 100371 117884  2  1 95  2  0  0
 3  1 126748 28416460 2289512 146913780    0    0 152224 119236 100520 116836  3  1 95  2  0  0
 3  2 126748 28415816 2289512 146914592    0    0 152176 122692 100609 116832  2  1 95  2  0  0
 3  1 126748 28417708 2289512 146915364    0    0 151712 120044 100619 117836  2  1 95  2  0  0
 2  2 126748 28416532 2289512 146916116    0    0 151824 119964 100443 115377  3  1 95  2  0  0
 4  1 126748 28419388 2289512 146916900    0    0 151632 117648 100202 115751  3  1 95  2  0  0
 4  1 126748 28417740 2289512 146917656    0    0 152128 119184 100649 118164  3  1 95  2  0  0
 2  2 126748 28414928 2289512 146918460    0    0 153104 117276 100396 117680  3  1 95  2  0  0
 3  1 126748 28414788 2289512 146919164    0    0 152816 119984 100718 118147  3  1 94  2  0  0
 3  1 126748 28413840 2289512 146920032    0    0 150960 118768 100334 116341  3  1 94  2  0  0
 3  1 126748 28409716 2289512 146920808    0    0 152752 119420 100608 116809  3  1 95  2  0  0
 3  1 126748 28409048 2289512 146921624    0    0 153184 120524 100638 117992  3  1 94  2  0  0
 2  2 126748 28407260 2289512 146922472    0    0 152464 117220 100407 117492  3  1 95  2  0  0
 3  1 126748 28406116 2289512 146923136    0    0 152896 119076 100724 116888  3  1 95  2  0  0
 2  2 126748 28405092 2289512 146924104    0    0 153440 118572 100480 118170  3  1 95  2  0  0
 5  0 126748 28406360 2289512 146924816    0    0 152208 119720 100440 117323  3  1 95  2  0  0
 4  1 126748 28405140 2289512 146925616    0    0 154496 120620 100569 118972  3  1 95  2  0  0
 0  4 126748 28403248 2289512 146926388    0    0 153040 127076 100915 118216  3  1 95  2  0  0
 1  3 126748 28402292 2289512 146927184    0    0 152832 127620 101052 117920  2  1 95  2  0  0
procs -----------memory---------- ---swap-- -----io---- -system-- -------cpu-------
 r  b   swpd   free   buff  cache   si   so    bi    bo   in   cs us sy id wa st gu
 4  2 126748 28400936 2289512 146927996    0    0 152864 128036 100955 117824  2  1 95  2  0  0
 3  1 126748 28400536 2289512 146928832    0    0 153344 126844 101032 116823  3  1 95  2  0  0
 3  1 126748 28395520 2289512 146929408    0    0 153472 128292 101120 118067  2  1 95  2  0  0
 2  2 126748 28396468 2289512 146930388    0    0 152864 129420 100988 117674  3  1 95  2  0  0
 2  2 126748 28395004 2289512 146931108    0    0 151616 128416 101016 116579  3  1 95  2  0  0
 4  0 126748 28392220 2289512 146931872    0    0 149952 127092 100626 116403  3  1 94  2  0  0
 3  1 126748 28388400 2289512 146932632    0    0 151408 128220 100963 116637  3  1 95  2  0  0
 3  2 126748 28387692 2289512 146933396    0    0 149792 127364 100810 117109  3  1 94  2  0  0
 3  1 126748 28388016 2289512 146934232    0    0 150112 128192 100638 116643  3  1 95  2  0  0
 2  2 126748 28387256 2289512 146934968    0    0 153024 126440 100924 117117  3  1 95  2  0  0
 4  0 126748 28387112 2289512 146935748    0    0 151056 125992 100556 116642  2  1 95  2  0  0
 2  2 126748 28385096 2289512 146936528    0    0 151728 127960 101124 115805  3  1 94  2  0  0
 4  3 126748 28387144 2289512 146937332    0    0 153056 126188 100853 117591  3  1 95  2  0  0
 3  1 126748 28381800 2289512 146937996    0    0 152880 127616 100832 117506  3  1 95  2  0  0
 3  2 126748 28380052 2289512 146938920    0    0 154112 125952 100959 118331  3  1 94  2  0  0
 4  0 126748 28379552 2289512 146939584    0    0 151696 122752 101046 116769  3  1 95  2  0  0
 5  0 126748 28374688 2289512 146940448    0    0 152544 126964 100847 116551  3  1 95  2  0  0
 3  2 126748 28372192 2289512 146941216    0    0 154752 128900 101337 117546  3  1 95  2  0  0
 2  2 126748 28370852 2289512 146942044    0    0 154272 127484 101159 117674  2  1 95  2  0  0
 4  0 126748 28368184 2289512 146942816    0    0 153456 127412 101279 118470  3  1 95  2  0  0
 1  3 126748 28371656 2289512 146943472    0    0 154896 128400 101028 118486  3  1 94  2  0  0
procs -----------memory---------- ---swap-- -----io---- -system-- -------cpu-------
 r  b   swpd   free   buff  cache   si   so    bi    bo   in   cs us sy id wa st gu
 2  2 126748 28370092 2289512 146944404    0    0 152960 127932 101247 117264  3  1 95  2  0  0
 3  1 126748 28371956 2289512 146945168    0    0 154176 124932 100831 118285  3  1 95  2  0  0
 2  2 126748 28369200 2289512 146945944    0    0 154144 127924 101320 118199  3  1 95  2  0  0
 4  1 126748 28370832 2289512 146946772    0    0 151840 125400 100875 115879  3  1 95  2  0  0
 3  1 126748 28366276 2289512 146947520    0    0 153680 128272 101049 117488  3  1 95  2  0  0
 2  3 126748 28364092 2289512 146948372    0    0 153760 127756 100884 117049  3  1 94  2  0  0
 0  4 126748 28366052 2289512 146949100    0    0 154224 128596 101523 118559  3  1 94  2  0  0
 1  3 126748 28365124 2289512 146949892    0    0 155504 131784 101370 117681  3  1 94  2  0  0
 2  2 126748 28363560 2289512 146950776    0    0 152448 129468 101132 118729  3  1 95  2  0  0
 3  1 126748 28362852 2289512 146951532    0    0 152704 129856 101188 117960  3  1 94  2  0  0
 3  1 126748 28359720 2289512 146952328    0    0 150224 133192 101085 116465  3  1 95  2  0  0
 2  2 126748 28357212 2289512 146953124    0    0 151616 134884 101279 119012  3  1 94  2  0  0
 2  2 126748 28355476 2289512 146953888    0    0 151760 131852 100769 118560  3  1 94  2  0  0
 2  3 126748 28355012 2289512 146954680    0    0 150000 131832 100882 116720  3  1 95  2  0  0
 2  2 126748 28353672 2289516 146955432    0    0 149024 128560 100757 116138  3  1 95  2  0  0
 6  0 126748 28355836 2289516 146956212    0    0 151136 130432 101068 116564  3  1 95  2  0  0
 3  1 126748 28356824 2289516 146956992    0    0 149280 127528 100293 116839  3  1 95  2  0  0
 2  2 126748 28355012 2289516 146957756    0    0 150976 130376 101123 116347  3  1 95  2  0  0
 2  2 126748 28355596 2289516 146958532    0    0 152816 129420 101068 117153  3  1 95  2  0  0
 5  1 126748 28356376 2289516 146959356    0    0 150432 130248 100849 115923  2  1 95  2  0  0
 4  0 126748 28354448 2289516 146960108    0    0 152800 129816 101153 117305  3  1 95  2  0  0
procs -----------memory---------- ---swap-- -----io---- -system-- -------cpu-------
 r  b   swpd   free   buff  cache   si   so    bi    bo   in   cs us sy id wa st gu
 4  0 126748 28350680 2289516 146960844    0    0 150432 130576 100742 116877  2  1 95  2  0  0
 2  2 126748 28348736 2289516 146961664    0    0 151744 131744 101010 115864  3  1 94  2  0  0
 4  0 126748 28346472 2289516 146962432    0    0 152704 130524 101290 115276  3  1 94  2  0  0
 3  2 126748 28343040 2289516 146963208    0    0 149728 132612 100835 115810  3  1 95  2  0  0
 2  2 126748 28342848 2289516 146963980    0    0 148080 128968 100752 115120  3  1 94  2  0  0
 2  2 126748 28345116 2289516 146964648    0    0 150784 130940 101013 117788  3  1 95  2  0  0
 3  0 126748 28344484 2289516 146965572    0    0 150416 130592 100684 117257  3  1 95  2  0  0
 1  3 126748 28343252 2289516 146966188    0    0 150640 131852 100921 117011  3  1 94  2  0  0
 6  2 126748 28343140 2289516 146967080    0    0 152576 130948 100958 117873  3  1 95  2  0  0
 2  2 126748 28340700 2289516 146967940    0    0 149840 130692 100752 116634  2  1 94  2  0  0
 3  2 126748 28339464 2289516 146968592    0    0 151840 132888 101031 117040  3  1 95  2  0  0
 4  0 126748 28341976 2289516 146969460    0    0 150112 131344 100974 115695  3  1 95  2  0  0
 2  2 126748 28341616 2289520 146970212    0    0 153024 130944 101144 117254  3  1 95  2  0  0
 2  2 126748 28346996 2289520 146971008    0    0 152832 129160 101037 118676  3  1 95  2  0  0
 2  2 126748 28343796 2289520 146971768    0    0 153760 128040 101103 116859  3  1 94  2  0  0
 3  1 126748 28342060 2289520 146972536    0    0 151536 128696 100881 117495  3  1 95  2  0  0
 3  1 126748 28340512 2289520 146973356    0    0 151552 131580 101289 117065  3  1 94  2  0  0
 1  3 126748 28343692 2289520 146974088    0    0 152992 132740 101058 118245  3  1 95  2  0  0
 2  2 126748 28339028 2289520 146974920    0    0 150112 130256 100941 116702  3  1 95  2  0  0
 3  1 126748 28338248 2289520 146975548    0    0 152560 133284 101004 118748  3  1 95  2  0  0
 2  2 126748 28343552 2289520 146976468    0    0 154064 134532 101311 117836  3  1 94  2  0  0
procs -----------memory---------- ---swap-- -----io---- -system-- -------cpu-------
 r  b   swpd   free   buff  cache   si   so    bi    bo   in   cs us sy id wa st gu
 2  2 126748 28341728 2289520 146977172    0    0 152144 133392 100867 117722  3  1 95  2  0  0
 3  1 126748 28342624 2289520 146978008    0    0 151744 132476 100960 115894  2  1 95  2  0  0
 3  1 126748 28339800 2289520 146978820    0    0 153072 133824 100999 118061  2  1 95  2  0  0
 2  2 126748 28341288 2289520 146979620    0    0 152992 133536 101239 118382  2  1 95  2  0  0
 2  2 126748 28339264 2289520 146980400    0    0 152384 132804 100930 119297  3  1 94  2  0  0
 2  2 126748 28339308 2289520 146981144    0    0 153824 135588 101393 120344  3  1 95  2  0  0
 2  3 126748 28338220 2289520 146982028    0    0 153888 132508 101118 118767  2  1 95  2  0  0
 0  3 126748 28338140 2289520 146982516    0    0 153088 132880 101452 118394  3  1 95  2  0  0
 3  1 126748 28334016 2289520 146983548    0    0 151024 134764 101235 118393  3  1 95  2  0  0
 2  2 126748 28330388 2289520 146984300    0    0 152496 130512 101081 118146  3  1 95  2  0  0
 4  0 126748 28331860 2289520 146985108    0    0 152000 131928 101075 116271  3  1 95  2  0  0
 2  2 126748 28332596 2289520 146985904    0    0 151264 132056 101112 116857  3  1 95  2  0  0
 3  1 126748 28330716 2289524 146986700    0    0 152464 133964 101319 118300  3  1 95  2  0  0
 0  3 126748 28335244 2289524 146987396    0    0 150496 134200 101017 117277  3  1 95  2  0  0
 4  0 126748 28332016 2289524 146988192    0    0 153824 133148 101333 118113  3  1 95  2  0  0
 2  2 126748 28332140 2289524 146989032    0    0 152848 133768 101223 117382  3  1 95  2  0  0
 3  1 126748 28330972 2289524 146989688    0    0 152704 133964 101174 118143  2  1 95  2  0  0
 2  2 126748 28329072 2289524 146990560    0    0 151696 135260 101092 117658  3  1 95  2  0  0
 4  0 126748 28330132 2289524 146991404    0    0 151328 134596 101134 118540  3  1 95  2  0  0
 2  2 126748 28328040 2289524 146992140    0    0 149424 130944 100881 117246  3  1 95  2  0  0
 4  0 126748 28324144 2289524 146992988    0    0 148736 133552 100899 115653  3  1 95  2  0  0
procs -----------memory---------- ---swap-- -----io---- -system-- -------cpu-------
 r  b   swpd   free   buff  cache   si   so    bi    bo   in   cs us sy id wa st gu
 3  1 126748 28328228 2289524 146993628    0    0 150848 133756 100859 117156  2  1 95  2  0  0
 2  3 126748 28326348 2289524 146994508    0    0 148128 132044 100687 113311  3  1 95  2  0  0
 4  2 126748 28326176 2289524 146995284    0    0 150080 131420 100707 115211  3  1 95  2  0  0
 3  2 126748 28325088 2289524 146996132    0    0 151312 132668 100958 117853  3  1 95  2  0  0
 3  2 126748 28319868 2289524 146996880    0    0 150240 136976 101079 118162  3  1 94  2  0  0
 3  2 126748 28319276 2289524 146997708    0    0 145712 134480 100834 112769  3  1 95  2  0  0
 7  2 126748 28316300 2289524 146998500    0    0 151664 135956 101259 118530  3  1 95  2  0  0
 5  1 126748 28313700 2289524 146999280    0    0 152032 135528 101328 116777  3  1 95  2  0  0
 7  0 126748 28317540 2289524 147000048    0    0 150544 132996 100978 116454  3  1 95  2  0  0
 5  2 126748 28312320 2289524 147000800    0    0 146336 133648 100461 113684  2  1 95  2  0  0
 4  1 126748 28311480 2289524 147001596    0    0 151920 136812 101361 116733  2  1 95  2  0  0
 3  2 126748 28314276 2289524 147002340    0    0 151232 135988 100930 116953  3  1 94  2  0  0
 1  3 126748 28311496 2289524 147003148    0    0 152432 133112 101052 117936  2  1 95  2  0  0
 1  4 126748 28310868 2289524 147003924    0    0 151088 135060 101195 115454  3  1 95  2  0  0
 2  2 126748 28320260 2289524 147004672    0    0 151360 137096 101179 116409  2  1 95  2  0  0
 4  1 126748 28315104 2289524 147005480    0    0 151504 135728 101334 116238  2  1 95  2  0  0
 2  2 126748 28313456 2289524 147006284    0    0 151856 134920 101118 116009  2  1 95  2  0  0
 3  1 126748 28315804 2289524 147007100    0    0 150384 135096 101162 115718  2  1 95  2  0  0
 1  3 126748 28315576 2289524 147007824    0    0 152304 131888 100651 116693  3  1 95  2  0  0
 4  1 126748 28314640 2289524 147008592    0    0 151792 135728 100966 116587  2  1 95  2  0  0
 2  2 126748 28312312 2289524 147009416    0    0 151936 132584 100944 116032  2  1 95  2  0  0
procs -----------memory---------- ---swap-- -----io---- -system-- -------cpu-------
 r  b   swpd   free   buff  cache   si   so    bi    bo   in   cs us sy id wa st gu
 3  1 126748 28316456 2289524 147010124    0    0 151744 135440 101359 116073  3  1 94  2  0  0
 3  1 126748 28311988 2289524 147010976    0    0 150624 136936 101094 115188  3  1 94  2  0  0
 3  1 126748 28314096 2289524 147011736    0    0 150640 130532 101031 117090  2  1 95  2  0  0
 1  3 126748 28308880 2289524 147012488    0    0 152480 132900 100857 118821  3  1 95  2  0  0
 0  4 126748 28309496 2289524 147013280    0    0 152688 133220 101211 117174  3  1 94  2  0  0
 3  1 126748 28306724 2289524 147014036    0    0 149856 134608 100867 117256  3  1 95  2  0  0
 5  0 126748 28319360 2289524 147014876    0    0 152384 134148 101155 116955  2  1 95  2  0  0
 2  2 126748 28315928 2289524 147015656    0    0 151648 134896 101067 116137  3  1 94  2  0  0
 1  3 126748 28314444 2289524 147016436    0    0 151920 133280 101150 117127  2  1 95  2  0  0
 2  2 126748 28315772 2289524 147017212    0    0 151120 135332 101281 116483  3  1 95  2  0  0
 1  3 126748 28312816 2289532 147017992    0    0 151696 134576 101323 117427  3  1 94  2  0  0
 4  0 126748 28308516 2289532 147018816    0    0 151136 135980 100952 116558  3  1 95  2  0  0
 4  1 126748 28305084 2289532 147019604    0    0 152080 133960 101040 117213  3  1 94  2  0  0
 4  1 126748 28299388 2289532 147020400    0    0 152512 136552 101484 117061  2  1 95  2  0  0
 2  2 126748 28296592 2289532 147021036    0    0 150416 134644 101217 117973  3  1 95  2  0  0
 4  0 126748 28301204 2289532 147021924    0    0 149344 134936 100761 116588  3  1 94  2  0  0
 3  2 126748 28301980 2289532 147022732    0    0 150352 135172 100962 116744  3  1 94  2  0  0
 1  3 126748 28303200 2289532 147023500    0    0 148864 134852 100507 115990  2  1 95  2  0  0
 2  2 126748 28301048 2289532 147024268    0    0 149728 133664 100824 116015  3  1 95  2  0  0
 4  2 126748 28301436 2289532 147025028    0    0 150080 135152 100701 116451  2  1 95  2  0  0
 9  1 126748 28300996 2289532 147025836    0    0 150496 136352 101111 116903  3  1 95  2  0  0
procs -----------memory---------- ---swap-- -----io---- -system-- -------cpu-------
 r  b   swpd   free   buff  cache   si   so    bi    bo   in   cs us sy id wa st gu
 4  1 126748 28298284 2289532 147026600    0    0 151040 133892 101022 117932  3  1 95  2  0  0
 3  1 126748 28296820 2289532 147027436    0    0 149936 132912 100978 116317  3  1 95  2  0  0
 2  2 126748 28296264 2289532 147028228    0    0 152400 134792 100990 117149  3  1 95  2  0  0
 2  2 126748 28294816 2289532 147028960    0    0 151296 135112 100976 117663  3  1 94  2  0  0
 3  1 126748 28292232 2289532 147029784    0    0 151088 132760 100968 118466  2  1 95  2  0  0
 2  2 126748 28290128 2289532 147030576    0    0 152384 135052 101168 118710  3  1 95  2  0  0
 3  2 126748 28286708 2289532 147031304    0    0 153072 133840 101226 118505  3  1 94  2  0  0
 0  4 126748 28288976 2289532 147032108    0    0 151632 135992 101195 117695  3  1 95  2  0  0
 2  2 126748 28289916 2289532 147032924    0    0 151488 136068 101151 118601  3  1 95  2  0  0
 3  1 126748 28284888 2289532 147033708    0    0 151520 134076 101163 118392  3  1 95  2  0  0
 0  4 126748 28285316 2289532 147034456    0    0 151552 135664 101136 117742  3  1 94  2  0  0
 1  3 126748 28283180 2289532 147035260    0    0 153264 135236 101302 118302  2  1 95  2  0  0
 4  2 126748 28286120 2289532 147036084    0    0 151616 134264 101273 116372  2  1 95  2  0  0
 4  1 126748 28285176 2289532 147036912    0    0 152064 132908 101184 118377  3  1 95  2  0  0
 3  1 126748 28287924 2289532 147037680    0    0 153200 138220 101266 118418  2  1 95  2  0  0
 3  1 126748 28290492 2289532 147038400    0    0 152496 134816 101206 119530  3  1 94  2  0  0
 1  3 126748 28287656 2289532 147039252    0    0 152576 137320 101328 119091  2  1 95  2  0  0
 3  1 126748 28284756 2289532 147040000    0    0 152208 134080 101354 117650  3  1 95  2  0  0
 2  2 126748 28283280 2289532 147040780    0    0 153312 136768 101280 118885  3  1 95  2  0  0
 2  2 126748 28282344 2289532 147041556    0    0 150496 136124 101411 117420  3  1 95  2  0  0
 1  2 126748 28280036 2289532 147042420    0    0 151632 137572 101353 117917  2  1 95  2  0  0
procs -----------memory---------- ---swap-- -----io---- -system-- -------cpu-------
 r  b   swpd   free   buff  cache   si   so    bi    bo   in   cs us sy id wa st gu
 2  2 126748 28277456 2289532 147043216    0    0 151008 133912 100897 118969  3  1 95  2  0  0
 3  1 126748 28274304 2289532 147043988    0    0 152128 133056 101242 117487  3  1 94  2  0  0
 4  1 126748 28272960 2289532 147044880    0    0 152128 137004 101288 117896  3  1 95  2  0  0
 2  2 126748 28277456 2289532 147045676    0    0 151120 137120 101238 117661  2  1 95  2  0  0
 3  1 126748 28274332 2289532 147046444    0    0 152256 136736 101299 118147  2  1 95  2  0  0
 5  0 126748 28277424 2289532 147047240    0    0 151232 136224 101350 116791  2  1 95  2  0  0
 3  1 126748 28275184 2289532 147048012    0    0 151408 135628 101277 117769  2  1 95  2  0  0
 5  2 126748 28274092 2289532 147048772    0    0 150960 137868 101417 118632  3  1 94  2  0  0
 7  0 126748 28273872 2289532 147049588    0    0 150752 135556 100740 119194  2  1 95  2  0  0
 1  3 126748 28274028 2289532 147050376    0    0 152224 135380 101309 117741  2  1 95  2  0  0
 1  3 126748 28275704 2289532 147051020    0    0 150880 134216 101030 117421  3  1 95  2  0  0
 3  1 126748 28271520 2289532 147051936    0    0 152416 136596 101246 117718  3  1 95  2  0  0
 1  3 126748 28268488 2289532 147052668    0    0 152128 134440 101265 118496  3  1 95  2  0  0
 3  1 126748 28266532 2289532 147053456    0    0 152848 135496 101442 116944  3  1 95  2  0  0
 1  3 126748 28263392 2289532 147054264    0    0 151040 135424 101279 117821  3  1 95  2  0  0
 2  2 126748 28265220 2289532 147055044    0    0 151120 135560 101440 116966  3  1 95  2  0  0
 3  1 126748 28261280 2289532 147055860    0    0 153664 136776 101564 117625  3  1 95  2  0  0
 4  1 126748 28257028 2289532 147056640    0    0 151648 135372 101367 117713  3  1 94  2  0  0
 3  1 126748 28256792 2289532 147057388    0    0 152240 134372 101382 117819  3  1 94  2  0  0
 2  2 126748 28259552 2289532 147058152    0    0 150512 137468 101356 116766  3  1 95  2  0  0
 4  1 126748 28255600 2289532 147058980    0    0 152800 133848 101571 118059  3  1 94  2  0  0
procs -----------memory---------- ---swap-- -----io---- -system-- -------cpu-------
 r  b   swpd   free   buff  cache   si   so    bi    bo   in   cs us sy id wa st gu
 3  1 126748 28255716 2289532 147059772    0    0 154432 136548 101474 118123  2  1 95  2  0  0
 5  1 126748 28253452 2289532 147060572    0    0 152912 135224 101444 118665  3  1 95  2  0  0
 2  3 126748 28249468 2289532 147061348    0    0 152928 134576 101227 116796  3  1 95  2  0  0
 3  1 126748 28246756 2289532 147062160    0    0 151648 138576 101412 118052  3  1 95  2  0  0
 4  0 126748 28242200 2289532 147063060    0    0 151840 137524 101404 116838  3  1 95  2  0  0
 2  3 126748 28245344 2289532 147063712    0    0 151952 138256 101467 116709  2  1 95  2  0  0
 2  2 126748 28246180 2289532 147064448    0    0 152144 134288 101266 117821  2  1 95  2  0  0
 2  2 126748 28250408 2289532 147065228    0    0 152544 138572 101643 118087  3  1 95  2  0  0
 1  3 126748 28253064 2289532 147066036    0    0 151792 136188 101326 117557  2  1 95  2  0  0
 0  3 126748 28256164 2289532 147066824    0    0 151280 134080 101321 117464  3  1 95  2  0  0
 4  0 126748 28256948 2289532 147067612    0    0 153584 135308 101462 117162  3  1 95  2  0  0
 3  1 126748 28258788 2289532 147068404    0    0 151248 136068 101579 117988  3  1 95  2  0  0
 2  2 126748 28255488 2289532 147069208    0    0 151168 136028 101447 116995  3  1 94  2  0  0
 1  3 126748 28252232 2289532 147069976    0    0 151920 137468 101225 117653  3  1 95  2  0  0
 4  1 126748 28225616 2289532 147070756    0    0 150832 136688 101290 116130  3  1 95  2  0  0
 1  3 126748 28223444 2289532 147071512    0    0 150976 138548 101485 118235  3  1 94  2  0  0
 4  1 126748 28226816 2289536 147072308    0    0 151904 136768 101493 117466  3  1 94  2  0  0
 3  1 126748 28224268 2289536 147073088    0    0 152032 139084 101507 117113  2  1 95  2  0  0
 4  1 126748 28224348 2289536 147073844    0    0 151840 136284 101278 117406  3  1 95  2  0  0
 4  1 126748 28223744 2289536 147074640    0    0 152896 138124 101516 119672  2  1 95  2  0  0
 3  2 126748 28223220 2289536 147075440    0    0 151168 141660 101262 116274  2  1 95  2  0  0
procs -----------memory---------- ---swap-- -----io---- -system-- -------cpu-------
 r  b   swpd   free   buff  cache   si   so    bi    bo   in   cs us sy id wa st gu
 2  2 126748 28222048 2289536 147076228    0    0 150208 135460 101083 117809  3  1 94  2  0  0
 3  2 126748 28218580 2289536 147077032    0    0 150704 133896 100930 116845  2  1 95  2  0  0
 3  2 126748 28222728 2289536 147077780    0    0 147936 134700 100938 115426  2  1 95  2  0  0
 2  3 126748 28222740 2289536 147078548    0    0 150656 137308 101001 117615  3  1 95  2  0  0
 4  0 126748 28224752 2289536 147079328    0    0 151056 135596 101198 117046  3  1 94  2  0  0
 2  2 126748 28222104 2289536 147080092    0    0 148928 137760 100888 116546  3  1 95  2  0  0
 2  2 126748 28225808 2289536 147080868    0    0 151040 135120 101137 118805  3  1 95  2  0  0
 2  2 126748 28222928 2289536 147081632    0    0 152000 135628 101098 116879  3  1 95  2  0  0
 3  1 126748 28222248 2289536 147082420    0    0 152464 135356 101517 117755  3  1 95  2  0  0
 2  3 126748 28225588 2289536 147083252    0    0 152816 134564 101177 117954  3  1 95  2  0  0
 1  2 126748 28221512 2289536 147084004    0    0 151296 134788 101146 118499  2  1 95  2  0  0
 7  1 126748 28199824 2289536 147084844    0    0 149616 133952 101136 120096  3  1 94  2  0  0
 4  0 126748 28197192 2289536 147085836    0    0 149328 135136 101158 118535  3  1 94  2  0  0
 3  1 126748 28195540 2289536 147086544    0    0 150192 133016 101038 115553  3  1 95  2  0  0
 4  0 126748 28191216 2289536 147087324    0    0 149952 134492 100929 116148  3  1 95  2  0  0
 2  2 126748 28192136 2289536 147088060    0    0 150544 134584 100827 116020  3  1 95  2  0  0
 2  3 126748 28195404 2289536 147088884    0    0 149840 132964 100810 116290  3  1 95  2  0  0
 3  2 126748 28195928 2289536 147089692    0    0 151264 134196 100933 116694  3  1 95  2  0  0
 1  3 126748 28195484 2289536 147090420    0    0 148848 136580 101032 116682  2  1 95  2  0  0
 5  2 126748 28196716 2289536 147091244    0    0 150592 138004 100976 116337  2  1 95  2  0  0
 7  2 126748 28198552 2289536 147092088    0    0 151424 136840 101049 116732  3  1 95  2  0  0
procs -----------memory---------- ---swap-- -----io---- -system-- -------cpu-------
 r  b   swpd   free   buff  cache   si   so    bi    bo   in   cs us sy id wa st gu
 4  0 126748 28194748 2289536 147092892    0    0 149264 135244 101055 117629  3  1 94  2  0  0
 2  2 126748 28198480 2289536 147093676    0    0 149232 137932 101225 116885  3  1 95  2  0  0
 3  1 126748 28197356 2289536 147094424    0    0 148912 134652 100992 116164  2  1 95  2  0  0
 3  1 126748 28194072 2289536 147095188    0    0 151088 137360 101237 117503  3  1 94  2  0  0
 3  1 126748 28193444 2289536 147095960    0    0 149184 136332 101114 117606  2  1 95  2  0  0
 9  0 126748 28192880 2289536 147096724    0    0 151632 137476 104665 118283  3  1 94  2  0  0
 5  1 126748 28192912 2289536 147097560    0    0 151520 137368 101540 117586  3  1 94  2  0  0
 2  2 126748 28191788 2289536 147098300    0    0 151232 137140 101250 117425  3  1 95  2  0  0
 3  1 126748 28192880 2289536 147099044    0    0 151488 138344 101405 116500  2  1 95  2  0  0
 0  4 126748 28199248 2289536 147099888    0    0 149600 137468 101234 116599  3  1 95  2  0  0
 4  0 126748 28197732 2289536 147100700    0    0 150544 138732 101360 118055  3  1 95  2  0  0
 0  4 126748 28194000 2289536 147101476    0    0 149632 138432 101009 117475  3  1 95  2  0  0
 4  0 126748 28198456 2289536 147102252    0    0 152576 136480 101294 118884  3  1 94  2  0  0
 2  2 126748 28196276 2289536 147103016    0    0 150048 138824 101215 118485  3  1 95  2  0  0
 2  2 126748 28195776 2289536 147103804    0    0 150352 136408 100977 117914  3  1 94  2  0  0
 4  1 126748 28196764 2289536 147104540    0    0 151584 136200 101437 117864  2  1 95  2  0  0
 3  1 126748 28195112 2289536 147105316    0    0 151584 137724 101280 117381  3  1 95  2  0  0
 3  1 126748 28192048 2289536 147106160    0    0 146576 135428 100922 115064  3  1 95  2  0  0
 5  0 126748 28194264 2289536 147106880    0    0 148032 135864 101004 117462  3  1 95  2  0  0
 2  2 126748 28194848 2289536 147107624    0    0 150496 138600 101276 118008  3  1 95  2  0  0
 4  0 126748 28196636 2289536 147108416    0    0 150096 135432 101251 117254  3  1 95  2  0  0
procs -----------memory---------- ---swap-- -----io---- -system-- -------cpu-------
 r  b   swpd   free   buff  cache   si   so    bi    bo   in   cs us sy id wa st gu
 5  1 126748 28199780 2289536 147109188    0    0 151248 139112 101512 117865  3  1 95  2  0  0
 7  1 126748 28197460 2289536 147109992    0    0 151440 136136 101353 117154  2  1 95  2  0  0
 4  0 126748 28194364 2289536 147110784    0    0 151520 135980 101149 118142  3  1 95  2  0  0
 3  1 126748 28194244 2289536 147111552    0    0 152448 139064 101469 118260  3  1 95  2  0  0
 2  2 126748 28189956 2289536 147112312    0    0 150704 137456 101303 118256  3  1 95  2  0  0
 2  2 126748 28186432 2289536 147113152    0    0 150000 136296 101407 117355  3  1 95  2  0  0
 4  1 126748 28183984 2289536 147113936    0    0 151072 135564 101058 118740  3  1 95  2  0  0
 4  1 126748 28187476 2289536 147114684    0    0 151056 135836 101334 118082  3  1 95  2  0  0
 1  3 126748 28185236 2289536 147115512    0    0 150592 135992 101040 118672  3  1 95  2  0  0
 4  0 126748 28184552 2289536 147116348    0    0 150896 134460 101357 118486  3  1 95  2  0  0
 5  0 126748 28183512 2289536 147117096    0    0 149248 135324 100842 116565  2  1 95  2  0  0
 4  1 126748 28185012 2289536 147117880    0    0 151088 135444 101229 117860  3  1 95  2  0  0
 2  2 126748 28185100 2289536 147118664    0    0 150832 136340 101283 118346  3  1 95  2  0  0
 2  2 126748 28180516 2289536 147119436    0    0 150192 139236 101598 118528  3  1 94  2  0  0
 2  2 126748 28183984 2289536 147120236    0    0 150816 135196 101377 118062  3  1 95  2  0  0
 3  1 126748 28183392 2289536 147121000    0    0 150544 137740 101346 118359  2  1 95  2  0  0
 4  0 126748 28181032 2289536 147121804    0    0 150720 132696 101197 118457  3  1 95  2  0  0
 3  1 126748 28181700 2289536 147122568    0    0 152832 137216 101593 117650  3  1 95  2  0  0
 3  1 126748 28177368 2289536 147123348    0    0 151552 136576 101217 117876  3  1 95  2  0  0
 3  1 126748 28175848 2289536 147124088    0    0 149408 136536 101204 115941  3  1 95  2  0  0
 2  2 126748 28175448 2289536 147124928    0    0 147232 135100 101122 116128  3  1 95  2  0  0
procs -----------memory---------- ---swap-- -----io---- -system-- -------cpu-------
 r  b   swpd   free   buff  cache   si   so    bi    bo   in   cs us sy id wa st gu
 2  2 126748 28174936 2289536 147125668    0    0 149968 136912 101206 116302  2  1 95  2  0  0
 2  2 126748 28174024 2289536 147126432    0    0 149440 137420 101200 115905  2  1 95  2  0  0
 3  2 126748 28174908 2289536 147127208    0    0 150160 134676 101196 116569  3  1 95  2  0  0
 3  1 126748 28172760 2289536 147128016    0    0 148800 136416 101241 116874  3  1 95  2  0  0
 3  1 126748 28170040 2289536 147128740    0    0 150720 134704 101345 116928  3  1 94  2  0  0
 3  1 126748 28171128 2289536 147129564    0    0 149504 136300 101004 116910  3  1 95  2  0  0
 3  1 126748 28167952 2289536 147130320    0    0 148912 137564 101186 115848  3  1 95  2  0  0
 1  3 126748 28164980 2289536 147131132    0    0 150144 138044 101375 115298  3  1 94  2  0  0
 2  3 126748 28166304 2289536 147131932    0    0 150368 138180 101275 116018  2  1 95  2  0  0
 3  1 126748 28164092 2289536 147132640    0    0 148288 135516 100808 115720  3  1 95  2  0  0
 3  2 126748 28162164 2289536 147133600    0    0 148848 136572 100987 117477  3  1 95  2  0  0
 2  2 126748 28162984 2289536 147134240    0    0 149248 137016 101069 116296  3  1 95  2  0  0
 1  3 126748 28166872 2289540 147134976    0    0 149664 136912 100988 116482  3  1 95  2  0  0
 4  0 126748 28166500 2289540 147135960    0    0 149744 138320 101306 116398  3  1 94  2  0  0
 1  3 126748 28166120 2289540 147136488    0    0 150400 136524 101273 116816  3  1 94  2  0  0
 2  2 126748 28159880 2289540 147137288    0    0 151168 135016 101110 117017  3  1 94  2  0  0
 2  3 126748 28159496 2289540 147138116    0    0 150240 135096 101197 118739  3  1 95  2  0  0
 6  0 126748 28154640 2289540 147138992    0    0 151504 133780 101081 116187  3  1 95  2  0  0
 2  2 126748 28158460 2289540 147139760    0    0 151520 134948 101395 117153  3  1 95  2  0  0
 2  2 126748 28157508 2289540 147140520    0    0 151680 134752 101410 118035  3  1 95  2  0  0
 4  1 126748 28159096 2289540 147141340    0    0 150752 135512 101179 117852  3  1 95  2  0  0
procs -----------memory---------- ---swap-- -----io---- -system-- -------cpu-------
 r  b   swpd   free   buff  cache   si   so    bi    bo   in   cs us sy id wa st gu
 3  1 126748 28155572 2289540 147142132    0    0 150624 133568 101428 118230  3  1 95  2  0  0
 3  1 126748 28151812 2289540 147142880    0    0 151024 136284 101261 117466  3  1 95  2  0  0
 2  2 126748 28152960 2289540 147143704    0    0 151904 133404 101453 117299  3  1 95  2  0  0
 2  2 126748 28149048 2289540 147144480    0    0 150208 135380 101138 117350  2  1 95  2  0  0
 3  2 126748 28147176 2289540 147145284    0    0 150016 134624 101128 116697  3  1 95  2  0  0
 3  1 126748 28149588 2289540 147146064    0    0 151920 134084 101200 117136  3  1 95  2  0  0
 2  1 126748 28150236 2289540 147146804    0    0 151536 134788 101539 118320  3  1 95  2  0  0
 3  1 126748 28149192 2289540 147147608    0    0 152624 135548 101217 117457  3  1 95  2  0  0
 4  1 126748 28144748 2289540 147148400    0    0 150352 136736 101336 118094  3  1 95  2  0  0
 4  2 126748 28142228 2289540 147149168    0    0 151728 134108 101148 117491  2  1 95  2  0  0
 3  1 126748 28144276 2289540 147149952    0    0 150160 134832 101300 118448  3  1 95  2  0  0
 2  2 126748 28143088 2289544 147150720    0    0 151872 135152 101261 118127  3  1 95  2  0  0
 2  2 126748 28143184 2289544 147151540    0    0 150768 135460 101125 117427  3  1 95  2  0  0
 3  1 126748 28143200 2289544 147152316    0    0 150784 137912 101379 117431  3  1 95  2  0  0
 3  1 126748 28144196 2289544 147153076    0    0 149488 134484 101042 114878  3  1 95  2  0  0
 2  2 126748 28142704 2289544 147153880    0    0 150496 136144 101131 117413  3  1 94  2  0  0
 1  3 126748 28139448 2289544 147154780    0    0 150928 135472 101245 117453  3  1 95  2  0  0
 3  1 126748 28137368 2289544 147155424    0    0 150048 137228 101117 115412  3  1 95  2  0  0
 1  3 126748 28134376 2289544 147156220    0    0 149360 134924 101107 116485  3  1 95  2  0  0
 1  3 126748 28134396 2289544 147157008    0    0 148032 134756 100773 116915  3  1 95  2  0  0
 4  2 126748 28136880 2289544 147157792    0    0 150224 133280 100964 115792  3  1 95  2  0  0
procs -----------memory---------- ---swap-- -----io---- -system-- -------cpu-------
 r  b   swpd   free   buff  cache   si   so    bi    bo   in   cs us sy id wa st gu
 4  1 126748 28140592 2289544 147158576    0    0 150288 133016 100871 115277  3  1 95  2  0  0
 2  2 126748 28144236 2289544 147159324    0    0 150816 132464 100965 114949  2  1 95  2  0  0
 1  3 126748 28146696 2289544 147160064    0    0 148848 133288 100808 114349  3  1 95  2  0  0
 5  0 126748 28148860 2289544 147160832    0    0 150432 132492 100948 116727  3  1 95  2  0  0
 1  2 126748 28150104 2289544 147161612    0    0 150800 131668 100850 116804  3  1 95  2  0  0
 1  3 126748 28149196 2289544 147162404    0    0 150656 135336 101334 117595  3  1 95  2  0  0
 5  2 126748 28144444 2289544 147163152    0    0 150816 133924 101077 117483  3  1 94  2  0  0
 2  2 126748 28141800 2289544 147163972    0    0 149408 134408 101299 116253  3  1 95  2  0  0
 5  0 126748 28140716 2289544 147164736    0    0 150336 132452 100890 116814  3  1 95  2  0  0
 4  1 126748 28139728 2289544 147165480    0    0 152256 133328 101379 117623  3  1 95  2  0  0
 3  1 126748 28142020 2289544 147166308    0    0 151056 135060 101353 116504  2  1 95  2  0  0
 0  4 126748 28135856 2289548 147167080    0    0 152704 133960 101190 116633  3  1 95  2  0  0
 2  2 126748 28133120 2289548 147167876    0    0 150992 133620 100973 116316  3  1 95  2  0  0
 1  3 126748 28138220 2289548 147168656    0    0 150096 134884 101289 116874  3  1 95  2  0  0
 4  0 126748 28136800 2289548 147169484    0    0 149760 134332 100936 116983  3  1 94  2  0  0
 2  2 126748 28135456 2289548 147170232    0    0 149360 135180 101289 117154  3  1 95  2  0  0
 4  0 126748 28134380 2289548 147170984    0    0 151104 134692 101132 116603  3  1 95  2  0  0
 1  3 126748 28128484 2289548 147171764    0    0 150624 136508 101247 116893  2  1 95  2  0  0
 4  1 126748 28127696 2289548 147172592    0    0 150912 134696 101356 116242  2  1 95  2  0  0
 5  1 126748 28128452 2289548 147173380    0    0 150704 134100 101239 117386  2  1 95  2  0  0
 2  2 126748 28127964 2289548 147174320    0    0 151328 134408 101199 117255  2  1 95  2  0  0
procs -----------memory---------- ---swap-- -----io---- -system-- -------cpu-------
 r  b   swpd   free   buff  cache   si   so    bi    bo   in   cs us sy id wa st gu
 1  3 126748 28125768 2289548 147174912    0    0 151952 134412 101032 116464  2  1 95  2  0  0
 3  1 126748 28126628 2289548 147175736    0    0 150656 134176 101074 116208  3  1 95  2  0  0
 3  1 126748 28130636 2289548 147176664    0    0 149600 135928 100911 117511  3  1 95  2  0  0
 1  3 126748 28129496 2289548 147177284    0    0 151936 137504 101228 117407  2  1 95  2  0  0
 1  3 126748 28130400 2289548 147178216    0    0 152368 136840 101117 117409  2  1 95  2  0  0
 2  2 126748 28125864 2289548 147179008    0    0 152144 135720 101424 117821  2  1 95  2  0  0
 0  4 126748 28123748 2289548 147179780    0    0 152496 134420 101254 118152  3  1 95  2  0  0
 7  1 126748 28130764 2289548 147180732    0    0 151568 133576 101344 117937  3  1 95  2  0  0
 3  1 126748 28125896 2289548 147181372    0    0 151936 133196 101209 117766  3  1 94  2  0  0
 3  1 126748 28125760 2289548 147182184    0    0 149120 134132 101306 117057  3  1 95  2  0  0
 4  0 126748 28124696 2289548 147183080    0    0 150112 132032 100939 115384  3  1 95  2  0  0
 1  3 126748 28124144 2289548 147183644    0    0 148704 132864 101051 116736  3  1 94  2  0  0
 4  0 126748 28120040 2289548 147184484    0    0 149184 135252 101407 117656  3  1 95  2  0  0
 3  1 126748 28118068 2289548 147185224    0    0 149424 133784 101166 116749  3  1 94  2  0  0
 3  2 126748 28114032 2289548 147186140    0    0 149312 134724 101108 116678  3  1 95  2  0  0
 3  2 126748 28118548 2289548 147186880    0    0 150592 133332 101257 116491  3  1 95  2  0  0
 2  2 126748 28118476 2289548 147187628    0    0 149744 132116 101102 116961  2  1 95  2  0  0
 2  2 126748 28118516 2289548 147188468    0    0 151248 135212 101491 116421  3  1 94  2  0  0
 2  2 126748 28122748 2289548 147189320    0    0 148960 132400 100815 115439  3  1 95  2  0  0
 3  1 126748 28125984 2289548 147189964    0    0 149360 132228 100940 115262  2  1 94  2  0  0
 1  3 126748 28120468 2289548 147190772    0    0 149168 133816 100948 115523  2  1 95  2  0  0
procs -----------memory---------- ---swap-- -----io---- -system-- -------cpu-------
 r  b   swpd   free   buff  cache   si   so    bi    bo   in   cs us sy id wa st gu
 3  1 126748 28122532 2289548 147191560    0    0 148208 133724 100949 115783  3  1 94  2  0  0
 1  3 126748 28122212 2289548 147192312    0    0 148976 132256 100827 115404  2  1 95  2  0  0
 3  1 126748 28120104 2289548 147193080    0    0 148960 132420 100564 116077  3  1 94  2  0  0
 4  0 126748 28119260 2289548 147193876    0    0 149712 133468 101105 115992  2  1 95  2  0  0
 5  0 126748 28115260 2289548 147194652    0    0 150016 134328 100893 115985  2  1 95  2  0  0
 2  2 126748 28114780 2289548 147195428    0    0 150880 132864 101085 116941  3  1 95  2  0  0
 2  2 126748 28110632 2289548 147196200    0    0 149696 131124 100886 117621  3  1 95  2  0  0
 3  2 126748 28113776 2289548 147196956    0    0 151424 133752 100908 115701  3  1 94  2  0  0
 2  2 126748 28110628 2289548 147197928    0    0 151584 132148 100836 116752  2  1 95  2  0  0
 3  1 126748 28114644 2289548 147198516    0    0 150224 133104 100855 116783  2  1 95  2  0  0
 1  3 126748 28109944 2289548 147199360    0    0 149040 132928 100751 116005  3  1 94  2  0  0
 5  1 126748 28111836 2289548 147200108    0    0 148896 133888 100996 115384  3  1 95  2  0  0
 2  2 126748 28112872 2289548 147200844    0    0 147232 132584 100383 114917  3  1 95  2  0  0
 3  2 126748 28118896 2289548 147201664    0    0 149936 134284 101098 115813  3  1 94  2  0  0
 2  1 126748 28123136 2289548 147202388    0    0 150912 130652 100811 115097  3  1 95  2  0  0
 3  1 126748 28122848 2289548 147203200    0    0 147968 131752 100809 115388  3  1 95  2  0  0
 2  2 126748 28119944 2289548 147204032    0    0 148288 135840 100773 116343  3  1 95  2  0  0
 4  0 126748 28119556 2289548 147204792    0    0 148336 133476 100842 115113  3  1 95  2  0  0
 4  0 126748 28116256 2289548 147205544    0    0 149904 136124 101137 116108  3  1 94  2  0  0
 3  1 126748 28116028 2289548 147206532    0    0 150064 135552 101235 117009  3  1 95  2  0  0
 3  2 126748 28121212 2289548 147207116    0    0 147312 134920 100667 116042  3  1 95  2  0  0
procs -----------memory---------- ---swap-- -----io---- -system-- -------cpu-------
 r  b   swpd   free   buff  cache   si   so    bi    bo   in   cs us sy id wa st gu
 2  2 126748 28120636 2289548 147207856    0    0 147312 131472 100790 114802  3  1 95  2  0  0
 6  1 126748 28117644 2289548 147208680    0    0 149072 133820 100754 115856  2  1 95  2  0  0
 9  0 126748 28112484 2289548 147209504    0    0 148624 132920 100628 114813  3  1 95  2  0  0
 3  1 126748 28112704 2289548 147210316    0    0 152176 134216 100824 116788  3  1 95  2  0  0
 2  2 126748 28111000 2289548 147210900    0    0 150896 134580 101019 118785  3  1 95  2  0  0
 3  2 126748 28108128 2289548 147211856    0    0 150224 132644 100820 116951  3  1 95  2  0  0
 2  3 126748 28106152 2289548 147212688    0    0 149712 133648 101157 117625  3  1 94  2  0  0
 4  0 126748 28107148 2289548 147213464    0    0 152448 134440 101112 117431  2  1 95  2  0  0
 3  2 126748 28106408 2289548 147214236    0    0 150960 134088 101018 118660  2  1 95  2  0  0
 2  2 126748 28104236 2289548 147214944    0    0 151584 134836 101065 117871  3  1 94  2  0  0
 3  1 126748 28103060 2289548 147215776    0    0 151712 134116 101280 118018  3  1 95  2  0  0
 3  1 126748 28105732 2289548 147216644    0    0 149232 134728 101093 118743  2  1 95  2  0  0
 4  0 126748 28104320 2289548 147217536    0    0 150832 135268 101232 117145  2  1 95  2  0  0
 2  2 126748 28104796 2289548 147218220    0    0 151728 135992 101193 116794  2  1 95  2  0  0
 3  1 126748 28102636 2289548 147218860    0    0 149840 135200 101227 117767  3  1 95  2  0  0
 3  1 126748 28103984 2289548 147219688    0    0 150480 135140 100885 116573  2  1 95  2  0  0
 4  1 126748 28099496 2289548 147220660    0    0 151120 135764 101364 116961  3  1 95  2  0  0
 3  1 126748 28096856 2289548 147221296    0    0 151776 134732 101337 117522  3  1 95  2  0  0
 2  2 126748 28097424 2289548 147221936    0    0 151472 134724 101496 117060  3  1 95  2  0  0
 2  2 126748 28093756 2289548 147222892    0    0 152000 135436 101220 117057  2  1 95  2  0  0
 1  3 126748 28088864 2289548 147223688    0    0 150528 138108 101206 118686  3  1 95  2  0  0
procs -----------memory---------- ---swap-- -----io---- -system-- -------cpu-------
 r  b   swpd   free   buff  cache   si   so    bi    bo   in   cs us sy id wa st gu
 2  2 126748 28087380 2289548 147224340    0    0 151104 135072 101221 117122  3  1 94  2  0  0
 3  2 126748 28079608 2289548 147225212    0    0 151344 135696 101393 119415  3  1 94  2  0  0
 2  2 126748 28085276 2289548 147225940    0    0 151456 137840 101502 117213  3  1 95  2  0  0
 1  3 126748 28081312 2289548 147226740    0    0 151936 135036 101201 117554  3  1 95  2  0  0
 3  2 126748 28080084 2289548 147227372    0    0 150704 137360 101110 116865  3  1 94  2  0  0
 2  2 126748 28083412 2289548 147228208    0    0 151120 137128 101325 115709  3  1 95  2  0  0
 3  1 126748 28085756 2289548 147228976    0    0 149360 134916 101109 116059  2  1 95  2  0  0
 5  1 126748 28082600 2289548 147229824    0    0 151280 137932 101500 117672  3  1 95  2  0  0
 2  2 126748 28082412 2289548 147230584    0    0 150400 135728 101504 118177  3  1 95  2  0  0
 3  1 126748 28078592 2289548 147231384    0    0 151536 137800 101281 117055  3  1 95  2  0  0
 1  3 126748 28074640 2289548 147232408    0    0 151888 135300 101141 117335  3  1 95  2  0  0
 1  3 126748 28074424 2289548 147233024    0    0 152016 134104 101002 117178  3  1 94  2  0  0
 4  0 126748 28067004 2289548 147233844    0    0 151472 134312 101255 118030  3  1 94  2  0  0
 2  2 126748 28068716 2289548 147234572    0    0 152320 135500 101529 118827  3  1 95  2  0  0
 2  2 126748 28064980 2289548 147235320    0    0 150768 136656 101083 118840  3  1 95  2  0  0
 1  3 126748 28065060 2289548 147236152    0    0 153408 137372 101403 118903  3  1 95  2  0  0
 2  3 126748 28062080 2289548 147236928    0    0 152816 136968 101341 117484  2  1 95  2  0  0
 3  1 126748 28063284 2289548 147237724    0    0 152000 137440 101148 118555  2  1 95  2  0  0
 2  2 126748 28067612 2289548 147238752    0    0 152944 134140 101338 117863  3  1 95  2  0  0
 3  1 126748 28064596 2289548 147239292    0    0 151376 135804 101347 118354  3  1 94  2  0  0
 2  2 126748 28061492 2289548 147240096    0    0 149504 134908 101069 117654  3  1 95  2  0  0
procs -----------memory---------- ---swap-- -----io---- -system-- -------cpu-------
 r  b   swpd   free   buff  cache   si   so    bi    bo   in   cs us sy id wa st gu
 3  1 126748 28063076 2289548 147241084    0    0 152352 135616 101201 117907  3  1 95  2  0  0
 4  1 126748 28064760 2289548 147241672    0    0 150176 135852 101065 115557  3  1 95  2  0  0
 2  2 126748 28065420 2289548 147242624    0    0 147616 133216 100863 114355  3  1 95  2  0  0
 4  1 126748 28065000 2289548 147243580    0    0 146352 132804 100823 115588  3  1 95  2  0  0
 2  2 126748 28064268 2289548 147244320    0    0 147744 134612 100903 115796  3  1 95  2  0  0
 2  2 126748 28061408 2289548 147245120    0    0 148432 133816 100861 116406  2  1 95  2  0  0
 4  0 126748 28060668 2289548 147245812    0    0 151360 137056 101235 118085  3  1 95  2  0  0
 4  1 126748 28062040 2289548 147246624    0    0 150928 135396 101037 118288  3  1 94  2  0  0
 3  2 126748 28058552 2289548 147247404    0    0 147984 135484 100657 116997  3  1 95  2  0  0
 3  1 126748 28056228 2289548 147248196    0    0 149264 134312 100698 115998  3  1 94  2  0  0
 3  1 126748 28056792 2289548 147249056    0    0 148672 134824 100914 116968  3  1 94  2  0  0
 4  0 126748 28058360 2289548 147249852    0    0 148896 134364 100863 117032  3  1 95  2  0  0
 2  3 126748 28056336 2289548 147250600    0    0 147040 132120 100387 116067  2  1 95  2  0  0
 3  1 126748 28052616 2289548 147251280    0    0 147248 130196 100572 114758  3  1 95  2  0  0
 4  1 126748 28052480 2289548 147251888    0    0 148288 130224 100350 114951  3  1 95  2  0  0
 3  2 126748 28057064 2289548 147252856    0    0 148432 132428 100945 115322  2  1 95  2  0  0
 4  2 126748 28054220 2289548 147253604    0    0 149216 135304 100925 116195  2  1 95  2  0  0
 3  3 126748 28049940 2289548 147254488    0    0 148272 134856 100603 115927  3  1 95  2  0  0
 6  0 126748 28050612 2289548 147255116    0    0 149072 133664 100762 116324  3  1 95  2  0  0
 4  1 126748 28047808 2289548 147256016    0    0 151392 135244 101172 116577  2  1 95  2  0  0
 2  2 126748 28042356 2289548 147256864    0    0 149856 133332 100850 115271  3  1 95  2  0  0
procs -----------memory---------- ---swap-- -----io---- -system-- -------cpu-------
 r  b   swpd   free   buff  cache   si   so    bi    bo   in   cs us sy id wa st gu
 3  1 126748 28045888 2289548 147257600    0    0 150768 136164 101129 117097  2  1 95  2  0  0
 7  1 126748 28043324 2289548 147258356    0    0 149808 133936 100818 118000  3  1 95  2  0  0
 3  1 126748 28047388 2289548 147259104    0    0 150288 133692 100967 116173  3  1 95  2  0  0
 5  0 126748 28043428 2289548 147259832    0    0 152496 137732 101309 117344  2  1 95  2  0  0
 4  1 126748 28049328 2289548 147260712    0    0 151888 136996 101158 118174  3  1 95  2  0  0
 2  2 126748 28044880 2289548 147261384    0    0 152720 132912 101096 117284  2  1 95  2  0  0
 2  3 126748 28042108 2289548 147262212    0    0 153360 133844 101392 117363  2  1 95  2  0  0
 4  0 126748 28037832 2289548 147263156    0    0 150592 134604 101084 117233  3  1 95  2  0  0
 2  2 126748 28033664 2289548 147263840    0    0 150864 134992 101243 117080  3  1 95  2  0  0
 3  1 126748 28033256 2289548 147264524    0    0 151728 135264 101053 117876  3  1 95  2  0  0
 3  1 126748 28038996 2289548 147265492    0    0 150320 134756 100830 117620  3  1 95  2  0  0
 5  0 126748 28035712 2289548 147266120    0    0 150048 135448 101188 117579  3  1 95  2  0  0
 2  2 126748 28033372 2289548 147266996    0    0 152160 137580 101246 116081  2  1 95  2  0  0
 9  1 126748 28035976 2289548 147267752    0    0 151056 134528 100974 115693  3  1 95  2  0  0
 4  2 126748 28033156 2289552 147268624    0    0 150624 133456 101077 116646  3  1 95  2  0  0
 3  2 126748 28031272 2289552 147269480    0    0 150592 135508 101071 117443  2  1 95  2  0  0
 4  1 126748 28033388 2289552 147270040    0    0 153888 134436 100942 119793  3  1 95  2  0  0
 4  0 126748 28032184 2289552 147270780    0    0 151232 136008 101098 118652  3  1 95  2  0  0
 3  2 126748 28034516 2289552 147271872    0    0 151952 138180 101243 117426  2  1 95  2  0  0
 3  1 126748 28034088 2289552 147272644    0    0 150848 138348 101363 117520  2  1 95  2  0  0
 3  1 126748 28032612 2289552 147273544    0    0 150768 135248 101294 117602  3  1 95  2  0  0
procs -----------memory---------- ---swap-- -----io---- -system-- -------cpu-------
 r  b   swpd   free   buff  cache   si   so    bi    bo   in   cs us sy id wa st gu
 1  3 126748 28034568 2289552 147273972    0    0 151536 136352 101217 117335  3  1 95  2  0  0
 3  3 126748 28031636 2289552 147274768    0    0 151456 134704 101018 118466  2  1 95  2  0  0
 0  4 126748 28035564 2289552 147275656    0    0 150272 137388 101330 117684  3  1 95  2  0  0
 3  1 126748 28036396 2289552 147276412    0    0 150480 136068 101109 117858  3  1 95  2  0  0
 4  0 126748 28032424 2289552 147277368    0    0 149056 132788 100815 115886  3  1 95  2  0  0
 2  2 126748 28029744 2289552 147278160    0    0 151680 132464 101124 116685  3  1 95  2  0  0
 2  2 126748 28028912 2289552 147278776    0    0 150192 134576 100978 117772  3  1 95  2  0  0
 2  1 126748 28023704 2289552 147279832    0    0 150336 132684 100513 117148  3  1 94  2  0  0
 1  4 126748 28020228 2289552 147280336    0    0 150144 136352 100754 116348  2  1 95  2  0  0
 1  3 126748 28021800 2289552 147281296    0    0 152448 136856 100962 116987  2  1 95  2  0  0
 4  0 126748 28022432 2289552 147282160    0    0 149808 136208 100836 116442  3  1 95  2  0  0
 2  3 126748 28021944 2289552 147282740    0    0 153568 137324 101062 116439  2  1 95  2  0  0
 3  1 126748 27986372 2289552 147283592    0    0 142096 133084 100063 111650  2  1 95  2  0  0
 2  2 126748 27986372 2289552 147284252    0    0 151648 135468 101063 116606  2  1 95  2  0  0
 3  2 126748 27990208 2289552 147285364    0    0 149584 135816 100978 117103  3  1 95  2  0  0
 1  3 126748 27985500 2289552 147286068    0    0 150816 134996 100648 116548  3  1 95  2  0  0
 1  3 126748 27989568 2289552 147286652    0    0 151248 135000 100976 117453  3  1 95  2  0  0
 1  3 126748 27984852 2289552 147287536    0    0 152096 135652 100698 116283  3  1 95  2  0  0
 3  1 126748 27985764 2289552 147288384    0    0 151200 135256 101021 116316  2  1 95  2  0  0
 1  3 126748 27983552 2289552 147289276    0    0 151504 135396 101008 116574  3  1 95  2  0  0
 3  1 126748 27987928 2289552 147290008    0    0 150832 135600 100804 116295  3  1 95  2  0  0
procs -----------memory---------- ---swap-- -----io---- -system-- -------cpu-------
 r  b   swpd   free   buff  cache   si   so    bi    bo   in   cs us sy id wa st gu
 4  0 126748 27983472 2289552 147290684    0    0 152576 135140 100923 117592  3  1 95  2  0  0
 1  3 126748 27982904 2289552 147291576    0    0 152576 135652 100986 117121  3  1 95  2  0  0
 7  0 126748 27981060 2289552 147292312    0    0 152512 138284 101241 119032  3  1 94  2  0  0
 2  2 126748 27982348 2289552 147292892    0    0 152032 134368 101103 119186  3  1 95  2  0  0
 4  0 126748 27983948 2289552 147294056    0    0 153008 136412 100786 119883  3  1 95  2  0  0
 3  1 126748 27983304 2289552 147294848    0    0 152544 134428 101256 118810  3  1 95  2  0  0
 3  1 126748 28039348 2289552 147295456    0    0 151360 133404 101072 117777  3  1 95  2  0  0
 3  1 126748 28041040 2289552 147296276    0    0 150208 135824 101369 117131  3  1 95  2  0  0
 4  1 126748 28041044 2289552 147297228    0    0 151056 136484 101171 117459  2  1 95  2  0  0
 4  1 126748 28040012 2289552 147297864    0    0 152752 136380 101548 118577  2  1 95  2  0  0
 2  3 126748 28039528 2289552 147298832    0    0 152144 135468 101428 118953  3  1 94  2  0  0
 3  1 126748 28040924 2289552 147299500    0    0 152880 134424 100979 118282  2  1 95  2  0  0
 5  0 126748 28040480 2289552 147300384    0    0 152896 135940 101534 119536  3  1 95  2  0  0
 2  2 126748 28034480 2289552 147301244    0    0 150560 135044 101346 117957  3  1 95  2  0  0
 3  1 126748 28032524 2289552 147302048    0    0 152960 135352 101202 118517  3  1 95  2  0  0
 2  2 126748 28033060 2289552 147302668    0    0 151472 136796 101215 118215  3  1 95  2  0  0
 5  0 126748 28025460 2289552 147303564    0    0 152272 137152 101405 119240  3  1 94  2  0  0
 2  2 126748 28020212 2289552 147304408    0    0 150080 134312 101266 117166  3  1 95  2  0  0
 2  2 126748 28019616 2289552 147305208    0    0 152128 135608 101261 116973  3  1 95  2  0  0
 0  4 126748 28025624 2289552 147305792    0    0 151120 132828 100908 116565  3  1 95  2  0  0
 3  1 126748 28024112 2289552 147306420    0    0 151008 134700 101184 117853  3  1 95  2  0  0
procs -----------memory---------- ---swap-- -----io---- -system-- -------cpu-------
 r  b   swpd   free   buff  cache   si   so    bi    bo   in   cs us sy id wa st gu
 2  2 126748 28027560 2289552 147307508    0    0 152688 137300 101522 117977  2  1 95  2  0  0
 3  1 126748 28023000 2289552 147308064    0    0 151856 137252 101324 116874  3  1 95  2  0  0
 3  2 126748 28025000 2289552 147309040    0    0 151280 134572 101063 115495  2  1 95  2  0  0
 3  2 126748 28020588 2289552 147309776    0    0 153264 134000 101163 119641  3  1 95  2  0  0
 5  0 126748 28019628 2289552 147310684    0    0 154464 135380 101484 118403  2  1 95  2  0  0
 4  1 126748 28023848 2289552 147311412    0    0 152848 135752 101246 116217  3  1 95  2  0  0
 2  2 126748 28024104 2289552 147312184    0    0 153104 134672 101366 117697  3  1 95  2  0  0
 4  0 126748 28019836 2289552 147312928    0    0 153696 137792 101485 119701  2  1 95  2  0  0
 2  2 126748 28017844 2289552 147313804    0    0 152496 136132 101240 118257  3  1 95  2  0  0
 3  1 126748 28023080 2289552 147314632    0    0 154320 136580 101307 119301  3  1 95  2  0  0
 1  3 126748 28021908 2289552 147315236    0    0 154016 137124 101366 117437  2  1 95  2  0  0
 4  1 126748 28020300 2289552 147316288    0    0 151472 134672 101206 119186  3  1 95  2  0  0
 1  1 126748 28017256 2289552 147317048    0    0 149968 139752 101304 117117  2  1 95  2  0  0
 5  0 126748 28013192 2289552 147317820    0    0 150752 131572 101465 118337  3  1 95  2  0  0
 3  1 126748 28014508 2289552 147318472    0    0 151120 145424 101663 117564  3  1 95  2  0  0
 2  2 126748 28010128 2289552 147319216    0    0 153232 126312 100914 117755  3  1 95  2  0  0
 2  2 126748 28008916 2289552 147320076    0    0 151168 134620 101187 116620  3  1 95  2  0  0
 2  2 126748 28009532 2289552 147320896    0    0 152032 136464 101322 119089  3  1 95  2  0  0
 2  2 126748 28006672 2289552 147321536    0    0 151712 135168 101264 119038  3  1 95  2  0  0
 3  1 126748 28009908 2289552 147322432    0    0 149200 133960 101053 116087  3  1 95  2  0  0
 2  2 126748 28008836 2289552 147323276    0    0 148624 134132 101021 116775  3  1 95  2  0  0
procs -----------memory---------- ---swap-- -----io---- -system-- -------cpu-------
 r  b   swpd   free   buff  cache   si   so    bi    bo   in   cs us sy id wa st gu
 5  0 126748 28012444 2289552 147323940    0    0 149184 134636 101259 116125  3  1 95  2  0  0
 1  4 126748 28011696 2289552 147324720    0    0 150944 136324 101281 117229  3  1 95  2  0  0
 1  3 126748 28010204 2289552 147325416    0    0 150672 136132 101387 117966  3  1 95  2  0  0
 2  2 126748 28007692 2289552 147326320    0    0 152640 145528 101947 117894  3  1 95  2  0  0
 2  2 126748 28004876 2289552 147327088    0    0 155248 127760 101420 119860  3  1 94  2  0  0
 1  3 126748 28005600 2289552 147327892    0    0 151776 136332 101095 117469  3  1 95  2  0  0
 3  1 126748 28005128 2289552 147328792    0    0 150992 135904 101188 118606  3  1 95  2  0  0
 4  1 126748 28004012 2289552 147329828    0    0 152976 136348 101323 117982  3  1 95  2  0  0
 3  1 126748 28005900 2289552 147330396    0    0 152768 134952 101403 118012  2  1 95  2  0  0
 5  2 126748 28003536 2289552 147331248    0    0 152912 135300 101455 116150  3  1 95  2  0  0
 4  1 126748 28004832 2289552 147331804    0    0 150672 138436 101392 117876  3  1 95  2  0  0
 4  0 126748 28001128 2289552 147332812    0    0 150640 136676 101298 117999  3  1 95  2  0  0
 0  2 126748 28001064 2289552 147333620    0    0 149840 143624 101277 117279  3  1 95  2  0  0
 3  1 126748 28002264 2289552 147334256    0    0 152848 134148 101561 119418  3  1 95  2  0  0
 4  1 126748 27995612 2289552 147335248    0    0 151440 148264 102044 119527  3  1 95  2  0  0
 1  3 126748 27992436 2289552 147336068    0    0 152464 127372 101137 117432  3  1 94  2  0  0
 1  3 126748 27996456 2289552 147336704    0    0 149856 133756 101177 117358  3  1 95  2  0  0
 2  2 126748 27994728 2289552 147337608    0    0 154064 135740 101513 118890  3  1 95  2  0  0
 1  4 126748 27996480 2289552 147338476    0    0 152000 136464 101393 118760  3  1 95  2  0  0
 2  2 126748 28001220 2289552 147339160    0    0 151920 134744 101316 118396  2  1 95  2  0  0
 1  3 126748 28001484 2289552 147339968    0    0 153456 141432 101519 120815  2  1 95  2  0  0
procs -----------memory---------- ---swap-- -----io---- -system-- -------cpu-------
 r  b   swpd   free   buff  cache   si   so    bi    bo   in   cs us sy id wa st gu
 4  0 126748 28002476 2289552 147340756    0    0 153376 134328 101478 118488  2  1 95  2  0  0
 0  4 126748 28004284 2289552 147341376    0    0 151216 135532 101399 118516  2  1 95  2  0  0
 1  3 126748 28001520 2289552 147342412    0    0 154288 136536 101658 120259  3  1 94  2  0  0
 2  2 126748 28003320 2289552 147343072    0    0 154256 136804 101358 120001  3  1 95  2  0  0
 3  1 126748 28002124 2289552 147343984    0    0 153776 135476 101603 119606  3  1 95  2  0  0
 2  2 126748 27996200 2289552 147344972    0    0 152288 135204 101324 118157  3  1 95  2  0  0
 2  2 126748 27994436 2289552 147345532    0    0 152816 135796 101486 120412  3  1 95  2  0  0
 1  4 126748 27999324 2289552 147346432    0    0 153680 137708 101545 120400  3  1 95  2  0  0
 1  3 126748 27998028 2289552 147347364    0    0 154672 136640 101331 120297  3  1 95  2  0  0
 3  1 126748 27993688 2289552 147347808    0    0 152368 133776 101244 118575  3  1 95  2  0  0
 1  3 126748 27991596 2289552 147348860    0    0 152064 135272 101329 120700  3  1 94  2  0  0
 2  2 126748 27985368 2289552 147349408    0    0 152096 134128 101252 118469  3  1 94  2  0  0
 3  1 126748 27985228 2289552 147350340    0    0 149968 145480 101805 119170  3  1 95  2  0  0
 4  1 126748 27982928 2289552 147351184    0    0 151424 124668 100883 118254  3  1 95  2  0  0
 3  1 126748 27987632 2289552 147351948    0    0 152544 135716 101428 119092  3  1 95  2  0  0
 6  0 126748 27990748 2289552 147352736    0    0 151600 134372 101203 117756  3  1 95  2  0  0
 2  2 126748 27992732 2289552 147353692    0    0 152816 135820 101391 117940  3  1 95  2  0  0
 3  1 126748 27991556 2289552 147354448    0    0 152752 139444 101581 118582  3  1 95  2  0  0
 1  3 126748 27990592 2289552 147355128    0    0 153120 135036 101648 118378  3  1 95  2  0  0
 3  1 126748 27990808 2289556 147355936    0    0 152272 135284 101369 119328  3  1 95  2  0  0
 0  4 126748 27987804 2289556 147356636    0    0 151856 134460 101369 118431  3  1 95  2  0  0
procs -----------memory---------- ---swap-- -----io---- -system-- -------cpu-------
 r  b   swpd   free   buff  cache   si   so    bi    bo   in   cs us sy id wa st gu
 0  4 126748 27984796 2289556 147357696    0    0 153264 139756 101729 118890  3  1 94  2  0  0
 1  3 126748 27989368 2289556 147358392    0    0 153424 135520 101660 120512  2  1 95  2  0  0
 3  1 126748 27983868 2289556 147359200    0    0 153248 135460 101240 118974  3  1 95  2  0  0
 3  1 126748 27988772 2289556 147360060    0    0 152544 133768 101101 118682  2  1 95  2  0  0
 1  3 126748 27988472 2289556 147360740    0    0 150816 136804 101020 117381  3  1 95  2  0  0
 3  2 126748 27987656 2289556 147361564    0    0 151248 135672 101076 117168  3  1 95  2  0  0
 4  1 126748 27988144 2289556 147362428    0    0 152176 138180 101312 118477  3  1 95  2  0  0
 2  2 126748 27984272 2289556 147363096    0    0 151568 136732 101262 117404  3  1 95  2  0  0
 1  3 126748 27987348 2289560 147363988    0    0 149280 141672 101273 116844  3  1 95  2  0  0
 3  1 126748 27983636 2289560 147364796    0    0 151408 126244 101063 118268  3  1 95  2  0  0
 1  3 126748 27979888 2289560 147365420    0    0 151296 134992 101125 118086  3  1 95  2  0  0
 4  1 126748 27982632 2289560 147366384    0    0 152240 136592 101375 118008  3  1 95  2  0  0
 3  1 126748 27988548 2289560 147366972    0    0 151936 136156 101241 119015  2  1 95  2  0  0
 2  3 126748 27990288 2289560 147367780    0    0 152928 135512 101714 119664  3  1 95  2  0  0
 3  1 126748 27983984 2289560 147368616    0    0 153088 140892 101644 118711  3  1 95  2  0  0
 2  2 126748 27980460 2289560 147369532    0    0 152704 128516 100798 119193  3  1 95  2  0  0
 1  3 126748 27977368 2289560 147370356    0    0 150464 135444 101104 117552  3  1 95  2  0  0
 2  2 126748 27978512 2289560 147371028    0    0 149536 143620 101654 118761  3  1 95  2  0  0
 2  2 126748 27974996 2289560 147371552    0    0 153376 125580 100985 119440  3  1 95  2  0  0
 5  0 126748 27975808 2289560 147372648    0    0 149744 132488 100927 118026  3  1 95  2  0  0
 3  1 126748 27975140 2289560 147373532    0    0 151664 135808 101494 117390  3  1 95  2  0  0
procs -----------memory---------- ---swap-- -----io---- -system-- -------cpu-------
 r  b   swpd   free   buff  cache   si   so    bi    bo   in   cs us sy id wa st gu
 3  1 126748 27973100 2289560 147374188    0    0 150512 136348 101448 117360  3  1 95  2  0  0
 4  0 126748 27971904 2289560 147375144    0    0 151552 136048 101540 119211  3  1 94  2  0  0
 1  3 126748 27966172 2289560 147375920    0    0 151136 136764 101472 118435  3  1 95  2  0  0
 3  1 126748 27967856 2289560 147376756    0    0 150704 134472 101122 118628  3  1 95  2  0  0
 3  1 126748 27968312 2289560 147377512    0    0 149568 136268 101324 117693  3  1 95  2  0  0
 3  1 126748 27964488 2289560 147378140    0    0 152336 135528 101569 117845  3  1 95  2  0  0
 4  0 126748 27963400 2289560 147379096    0    0 151632 137152 101395 118114  3  1 95  2  0  0
 4  0 126748 27965280 2289560 147379932    0    0 153360 135948 101333 120279  3  1 94  2  0  0
 3  2 126748 27961724 2289560 147380672    0    0 152352 135908 101616 118308  3  1 95  2  0  0
 4  0 126748 27963344 2289560 147381488    0    0 152096 135640 101326 117503  3  1 95  2  0  0
 3  1 126748 27962260 2289560 147382108    0    0 149584 145864 101923 119192  3  1 94  2  0  0
 1  3 126748 27961016 2289560 147383076    0    0 152704 137988 101512 117946  3  1 95  2  0  0
 4  1 126748 27961484 2289560 147383828    0    0 151456 135472 101293 118616  3  1 94  2  0  0
 6  1 126748 27961292 2289560 147384644    0    0 152480 139684 101557 120146  3  1 95  2  0  0
 3  1 126748 27958500 2289560 147385472    0    0 151776 135504 101229 118335  3  1 95  2  0  0
 2  3 126748 27959372 2289560 147386296    0    0 152736 126260 101151 117442  3  1 95  2  0  0
 2  2 126748 27954956 2289560 147387040    0    0 152224 136412 101193 118998  3  1 95  2  0  0
 4  1 126748 27963468 2289560 147387832    0    0 152784 137644 101474 118425  3  1 95  2  0  0
 3  1 126748 27963284 2289560 147388544    0    0 152496 137196 101535 119455  2  1 95  2  0  0
 2  2 126748 27960480 2289560 147389472    0    0 150320 145812 101750 117746  3  1 95  2  0  0
15  0 126748 27957612 2289560 147390296    0    0 152384 133416 101165 119315  3  1 95  2  0  0
procs -----------memory---------- ---swap-- -----io---- -system-- -------cpu-------
 r  b   swpd   free   buff  cache   si   so    bi    bo   in   cs us sy id wa st gu
 0  4 126748 27956364 2289560 147390904    0    0 153024 129504 101202 120611  3  1 95  2  0  0
 3  1 126748 27956364 2289564 147391832    0    0 151376 143104 101686 117410  3  1 94  2  0  0
 2  2 126748 27953096 2289564 147392668    0    0 152944 137764 101735 119677  3  1 95  2  0  0
 1  3 126748 27952936 2289564 147393432    0    0 151984 135332 101316 118465  3  1 95  2  0  0
 4  1 126748 27958488 2289564 147394276    0    0 152816 141080 101573 120531  3  1 95  2  0  0
 7  1 126748 27958936 2289564 147395024    0    0 153024 127020 100916 119135  3  1 95  2  0  0
 6  0 126748 27964972 2289564 147395716    0    0 151248 146840 101486 120300  3  1 95  2  0  0
 2  2 126748 27960200 2289564 147396628    0    0 153392 133156 101492 120419  3  1 95  2  0  0
 4  0 126748 27956132 2289564 147397460    0    0 153584 137056 101631 119541  3  1 95  2  0  0
 1  3 126748 27957156 2289564 147398252    0    0 154256 136584 101611 119923  3  1 95  2  0  0
 1  3 126748 27957280 2289564 147399036    0    0 153984 138412 101882 118779  3  1 95  2  0  0
 2  2 126748 27953428 2289564 147399816    0    0 154240 125032 101026 118341  3  1 95  2  0  0
 1  3 126748 27953296 2289564 147400640    0    0 153248 133556 101486 117721  3  1 95  2  0  0
 2  2 126748 27954732 2289564 147401432    0    0 151936 134900 101426 118297  3  1 95  2  0  0
 2  2 126748 27954072 2289564 147402200    0    0 153312 137292 101680 120288  3  1 95  2  0  0
 3  1 126748 27948604 2289564 147402920    0    0 152160 137276 101850 118379  3  1 95  2  0  0
 2  2 126748 27944276 2289564 147403840    0    0 151904 134188 101127 117497  3  1 95  2  0  0
 4  0 126748 27945620 2289564 147404448    0    0 150752 136068 101283 118268  3  1 94  2  0  0
 3  1 126748 27948768 2289564 147405384    0    0 153328 135312 101381 117932  3  1 95  2  0  0
 2  3 126748 27944472 2289564 147406208    0    0 150768 134776 101081 118195  3  1 94  2  0  0
 1  3 126748 27946756 2289564 147406980    0    0 151248 133236 100902 119345  3  1 95  2  0  0
procs -----------memory---------- ---swap-- -----io---- -system-- -------cpu-------
 r  b   swpd   free   buff  cache   si   so    bi    bo   in   cs us sy id wa st gu
 2  2 126748 27939612 2289564 147407776    0    0 151984 145560 101682 118631  3  1 95  2  0  0
 5  0 126748 27937044 2289564 147408292    0    0 151856 135960 100968 117232  3  1 95  2  0  0
 2  2 126748 27939184 2289564 147409248    0    0 150480 134576 101398 118050  3  1 95  2  0  0
 0  4 126748 27940672 2289564 147410200    0    0 152304 135944 101302 117648  3  1 95  2  0  0
 4  1 126748 27933612 2289564 147410752    0    0 154432 126604 101007 118146  3  1 95  2  0  0
 0  4 126748 27934592 2289564 147411736    0    0 151616 137732 101253 119061  3  1 95  2  0  0
 3  1 126748 27933952 2289564 147412552    0    0 152480 137476 101478 118868  3  1 95  2  0  0
 2  2 126748 27935860 2289564 147413296    0    0 151536 134388 100936 119414  3  1 95  2  0  0
 4  0 126748 27932300 2289564 147414128    0    0 150736 133588 100948 118086  3  1 95  2  0  0
 2  3 126748 27928888 2289564 147414744    0    0 151408 135972 101250 117851  3  1 95  2  0  0
 1  3 126748 27926168 2289564 147415584    0    0 150368 145048 101647 118339  3  1 95  2  0  0
 2  2 126748 27925816 2289564 147416508    0    0 150384 134320 101080 117126  3  1 95  2  0  0
 3  1 126748 27927252 2289564 147417140    0    0 151456 122516 100590 116888  3  1 95  2  0  0
 3  1 126748 27921600 2289564 147418036    0    0 151392 139384 101382 117067  3  1 95  2  0  0
 4  0 126748 27919616 2289564 147418900    0    0 148352 133648 101017 115642  3  1 94  2  0  0
 4  0 126748 27915976 2289564 147419592    0    0 149616 132572 100820 117273  3  1 95  2  0  0
 3  1 126748 27918096 2289564 147420424    0    0 149712 124472 100610 115330  3  1 95  2  0  0
 3  1 126748 27915972 2289564 147421240    0    0 151024 132524 100915 118803  3  1 95  2  0  0
 4  1 126748 27914232 2289564 147422000    0    0 150304 131676 101174 116828  2  1 95  2  0  0
 3  1 126748 27912468 2289564 147422756    0    0 151712 131028 100933 117614  3  1 95  2  0  0
 0  4 126748 27913824 2289564 147423560    0    0 153408 132960 101454 118111  3  1 95  2  0  0
procs -----------memory---------- ---swap-- -----io---- -system-- -------cpu-------
 r  b   swpd   free   buff  cache   si   so    bi    bo   in   cs us sy id wa st gu
 3  1 126748 27913816 2289564 147424388    0    0 151392 132996 101413 117457  3  1 95  2  0  0
 2  2 126748 27916184 2289564 147425252    0    0 151888 131104 101415 117021  3  1 95  2  0  0
 2  2 126748 27915976 2289564 147425904    0    0 151760 133472 101458 117845  3  1 94  2  0  0
 3  1 126748 27914756 2289564 147426808    0    0 149984 133824 101350 117556  3  1 95  2  0  0
 3  1 126748 27914416 2289564 147427584    0    0 150400 134872 101091 116644  3  1 95  2  0  0
 5  0 126748 27910724 2289564 147428252    0    0 147200 132100 100899 116977  3  1 95  2  0  0
 2  1 126748 27907484 2289564 147429084    0    0 151280 130480 100894 116943  3  1 95  2  0  0
 3  1 126748 27905304 2289564 147429904    0    0 149504 131600 100977 118314  3  1 95  2  0  0
 3  0 126748 27904072 2289564 147430720    0    0 149696 137876 100986 117305  3  1 95  2  0  0
 3  1 126748 27907700 2289564 147431508    0    0 149488 137280 101631 117769  3  1 95  2  0  0
 4  1 126748 27906760 2289564 147432216    0    0 147760 130620 100743 117386  3  1 95  2  0  0
 3  1 126748 27902296 2289564 147433012    0    0 147680 131748 100881 116305  3  1 95  2  0  0
 2  2 126748 27899536 2289564 147433784    0    0 150416 131176 100829 115346  3  1 95  2  0  0
 4  1 126748 27901424 2289564 147434544    0    0 149984 135096 101203 116647  3  1 95  2  0  0
 2  1 126748 27891052 2289564 147435316    0    0 146736 132000 100619 116124  3  1 95  2  0  0
 3  4 126748 27891284 2289564 147436156    0    0 150224 134740 101371 117581  3  1 95  2  0  0
 3  1 126748 27888240 2289564 147436904    0    0 151888 135076 101271 118197  3  1 95  2  0  0
 3  1 126748 27885764 2289564 147437760    0    0 151280 123768 100831 117518  3  1 95  2  0  0
 1  3 126748 27883288 2289564 147438560    0    0 150000 143504 101526 119179  3  1 94  2  0  0
 3  1 126748 27884696 2289564 147439332    0    0 152176 135264 101382 117024  3  1 95  2  0  0
 3  2 126748 27885984 2289564 147440100    0    0 151744 135952 101493 118193  3  1 95  2  0  0
procs -----------memory---------- ---swap-- -----io---- -system-- -------cpu-------
 r  b   swpd   free   buff  cache   si   so    bi    bo   in   cs us sy id wa st gu
 2  2 126748 27884496 2289564 147440868    0    0 151232 135704 101400 118932  3  1 95  2  0  0
 1  3 126748 27881296 2289564 147441684    0    0 152608 135076 101277 119079  3  1 95  2  0  0
 2  2 126748 27880748 2289564 147442464    0    0 152832 134412 101340 117783  3  1 95  2  0  0
 3  1 126748 27875392 2289564 147443268    0    0 151376 134784 101280 118593  3  1 95  2  0  0
 1  3 126748 27875272 2289564 147444112    0    0 151728 134220 101240 117771  3  1 95  2  0  0
 3  1 126748 27869352 2289564 147444948    0    0 151776 136124 101361 118215  3  1 95  2  0  0
 0  4 126748 27879444 2289564 147445660    0    0 152048 134504 101046 118455  3  1 95  2  0  0
 3  1 126748 27875016 2289564 147446484    0    0 152608 133656 101321 118039  3  1 95  2  0  0
 1  3 126748 27870076 2289568 147447224    0    0 151152 122876 100661 118054  3  1 95  2  0  0
 6  0 126748 27869140 2289568 147448024    0    0 152976 143052 101793 117166  3  1 95  2  0  0
 4  0 126748 27867352 2289568 147448828    0    0 151904 133652 101246 118212  3  1 95  2  0  0
 4  1 126748 27872512 2289568 147449600    0    0 151648 122068 100676 116888  3  1 95  2  0  0
 2  2 126748 27873156 2289568 147450412    0    0 152448 133216 101210 117710  3  1 95  2  0  0
 4  0 126748 27869464 2289568 147451260    0    0 150896 134560 101213 118707  3  1 95  2  0  0
 2  2 126748 27869008 2289568 147452004    0    0 149040 145368 101374 118121  3  1 94  2  0  0
 6  0 126748 27867472 2289568 147452820    0    0 151360 129576 100979 117793  3  1 95  2  0  0
 3  3 126748 27862392 2289568 147453620    0    0 152640 137780 101485 119045  3  1 95  2  0  0
 2  2 126748 27863024 2289568 147454408    0    0 151328 134268 101355 117717  3  1 94  2  0  0
 3  2 126748 27861660 2289568 147455192    0    0 152080 126224 100947 116747  3  1 95  2  0  0
 5  0 126748 27859448 2289568 147455984    0    0 152288 134024 101288 118240  3  1 95  2  0  0
 1  3 126748 27854644 2289568 147456780    0    0 153040 134616 101486 117709  3  1 95  2  0  0
procs -----------memory---------- ---swap-- -----io---- -system-- -------cpu-------
 r  b   swpd   free   buff  cache   si   so    bi    bo   in   cs us sy id wa st gu
 2  2 126748 27854324 2289568 147457560    0    0 152768 132656 101228 117888  3  1 95  2  0  0
 2  2 126748 27857468 2289568 147458360    0    0 153408 133088 101188 119138  3  1 95  2  0  0
 3  1 126748 27855804 2289568 147459152    0    0 151152 143700 101868 118736  3  1 94  2  0  0
 3  1 126748 27855684 2289568 147459952    0    0 152048 136516 101631 119387  3  1 95  2  0  0
 3  0 126748 27855228 2289568 147460756    0    0 152704 134140 101591 118227  3  1 95  2  0  0
 2  2 126748 27854672 2289568 147461528    0    0 153824 124680 101136 118103  3  1 95  2  0  0
 3  1 126748 27855640 2289568 147462324    0    0 152544 134084 101592 119343  3  1 95  2  0  0
 3  3 126748 27855876 2289572 147463128    0    0 150448 145388 101562 117841  3  1 95  2  0  0
 1  3 126748 27858292 2289572 147463912    0    0 152496 133716 101460 117969  3  1 95  2  0  0
 1  3 126748 27861068 2289572 147464728    0    0 151664 134544 101333 119128  3  1 95  2  0  0
 2  2 126748 27858432 2289572 147465476    0    0 152000 122580 101069 118325  3  1 95  2  0  0
 4  0 126748 27855404 2289572 147466272    0    0 150480 133672 101071 118431  3  1 94  2  0  0
 4  0 126748 27859204 2289576 147467096    0    0 150112 145088 101777 117547  3  1 95  2  0  0
 2  2 126748 27853164 2289576 147467868    0    0 151952 132388 101109 116874  3  1 94  2  0  0
 4  0 126748 27850736 2289576 147468668    0    0 149920 133640 101218 116791  3  1 95  2  0  0
 2  2 126748 27850408 2289576 147469452    0    0 149456 134464 101071 116674  3  1 95  2  0  0
 1  3 126748 27851636 2289576 147470264    0    0 150480 133732 101085 118521  3  1 95  2  0  0
 2  0 126748 27850280 2289576 147471088    0    0 149824 123264 100595 116194  3  1 95  2  0  0
 3  1 126748 27849700 2289576 147471820    0    0 150528 142304 101467 118078  3  1 95  2  0  0
 2  2 126748 27854048 2289576 147472648    0    0 149888 132716 101091 117841  3  1 95  2  0  0
 3  2 126748 27850856 2289576 147473440    0    0 151008 124292 100557 118326  3  1 95  2  0  0
procs -----------memory---------- ---swap-- -----io---- -system-- -------cpu-------
 r  b   swpd   free   buff  cache   si   so    bi    bo   in   cs us sy id wa st gu
 2  2 126748 27846908 2289576 147474220    0    0 149296 142724 101261 117741  3  1 95  2  0  0
 3  1 126748 27850740 2289576 147475008    0    0 152544 132704 101059 117400  3  1 95  2  0  0
 2  2 126748 27844304 2289576 147475804    0    0 150448 124188 100721 116689  3  1 95  2  0  0
 2  1 126748 27845424 2289576 147476580    0    0 152288 134824 101228 119449  2  1 95  2  0  0
 5  0 126748 27846708 2289576 147477344    0    0 150192 135568 101149 117907  2  1 95  2  0  0
 0  2 126748 27848784 2289576 147478172    0    0 149296 137520 100790 116439  2  1 95  2  0  0
 3  2 126748 27847484 2289576 147478968    0    0 150368 130484 101317 118482  3  1 95  2  0  0
 3  2 126748 27846436 2289576 147479724    0    0 150896 144920 101642 117803  3  1 95  2  0  0
 3  1 126748 27844764 2289576 147480544    0    0 151712 123576 100722 117649  2  1 95  2  0  0
 0  4 126748 27847220 2289576 147481324    0    0 151488 133016 101525 118705  3  1 95  2  0  0
 2  2 126748 27843984 2289576 147482144    0    0 151760 132276 101159 119102  3  1 95  2  0  0
 2  2 126748 27842268 2289576 147482940    0    0 152464 132496 101346 118437  3  1 95  2  0  0
 2  2 126748 27838960 2289576 147483700    0    0 149664 134552 101133 116802  3  1 95  2  0  0
 2  2 126748 27841796 2289576 147484516    0    0 150800 135376 101020 118236  3  1 95  2  0  0
 4  0 126748 27838924 2289576 147485272    0    0 149552 135328 101326 117611  3  1 95  2  0  0
 3  1 126748 27838712 2289576 147486080    0    0 150592 144748 101697 117231  3  1 95  2  0  0
 5  0 126748 27835664 2289576 147486892    0    0 150928 137776 101652 117669  3  1 95  2  0  0
 3  2 126748 27831776 2289576 147487680    0    0 154976 122144 101051 119013  3  1 95  2  0  0
 3  1 126748 27833932 2289576 147488496    0    0 152656 132364 101398 118445  3  1 95  2  0  0
 2  2 126748 27832416 2289576 147489252    0    0 151456 145264 101569 120617  3  1 95  2  0  0
 1  3 126748 27833428 2289576 147490044    0    0 152880 136256 101541 120790  2  1 95  2  0  0
procs -----------memory---------- ---swap-- -----io---- -system-- -------cpu-------
 r  b   swpd   free   buff  cache   si   so    bi    bo   in   cs us sy id wa st gu
 1  4 126748 27831780 2289576 147490844    0    0 151936 136108 101397 118270  3  1 95  2  0  0
 3  1 126748 27839140 2289576 147491600    0    0 153808 124312 101029 118826  2  1 95  2  0  0
 3  1 126748 27838012 2289576 147492444    0    0 151680 143572 101619 118196  2  1 95  2  0  0
 3  1 126748 27837724 2289576 147493248    0    0 153264 134572 101514 118255  3  1 95  2  0  0
 4  1 126748 27834220 2289576 147494028    0    0 153312 134300 101217 117985  3  1 95  2  0  0
 4  2 126748 27836844 2289576 147494848    0    0 151920 131904 101319 119499  3  1 95  2  0  0
 0  4 126748 27832864 2289576 147495612    0    0 152688 134248 101397 118459  3  1 95  2  0  0
 1  3 126748 27836052 2289576 147496420    0    0 151824 136568 101401 118853  3  1 95  2  0  0
 5  0 126748 27833964 2289576 147497220    0    0 152128 134972 101526 118788  3  1 95  2  0  0
 3  1 126748 27830348 2289576 147498112    0    0 152304 131576 101336 120494  3  1 95  2  0  0
 2  2 126748 27823992 2289576 147498620    0    0 152784 135920 101494 119349  3  1 95  2  0  0
 1  3 126748 27827060 2289576 147499616    0    0 152256 135260 101453 119075  3  1 94  2  0  0
 4  0 126748 27822988 2289576 147500432    0    0 154352 131276 100993 120313  3  1 95  2  0  0
 3  1 126748 27822016 2289576 147501232    0    0 150176 132860 101126 120319  3  1 95  2  0  0
 4  0 126748 27822704 2289576 147502056    0    0 152096 133552 101193 117167  2  1 95  2  0  0
 3  2 126748 27823912 2289576 147502816    0    0 150144 135536 101364 117766  3  1 95  2  0  0
 4  0 126748 27821092 2289576 147503580    0    0 150400 134776 101241 118001  3  1 95  2  0  0
 4  0 126748 27822696 2289576 147504452    0    0 150672 133364 100881 119329  3  1 95  2  0  0
 4  1 126748 27823932 2289576 147505184    0    0 151392 134648 101313 117852  2  1 95  2  0  0
 2  2 126748 27825516 2289576 147506000    0    0 153248 134892 101106 118128  2  1 95  2  0  0
 3  1 126748 27824484 2289576 147506812    0    0 151232 135600 101061 117818  3  1 95  2  0  0
procs -----------memory---------- ---swap-- -----io---- -system-- -------cpu-------
 r  b   swpd   free   buff  cache   si   so    bi    bo   in   cs us sy id wa st gu
 5  0 126748 27826728 2289576 147507544    0    0 150768 135756 101100 117329  3  1 95  2  0  0
 4  2 126748 27823004 2289576 147508332    0    0 152112 129196 100816 118027  3  1 95  2  0  0
 6  0 126748 27824896 2289576 147509156    0    0 150144 128944 100798 115959  3  1 95  2  0  0
 4  0 126748 27818436 2289576 147509928    0    0 150592 131072 100822 116811  3  1 95  2  0  0
 1  3 126748 27818232 2289576 147510668    0    0 149104 130928 101011 115821  3  1 95  2  0  0
 2  2 126748 27818184 2289576 147511440    0    0 148400 123760 100467 115668  3  1 95  2  0  0
 4  0 126748 27821124 2289576 147512232    0    0 148144 143720 101279 116701  3  1 95  2  0  0
 1  3 126748 27822504 2289576 147513060    0    0 150352 135580 101025 117783  3  1 95  2  0  0
 2  2 126748 27823768 2289576 147513800    0    0 151920 133868 101198 116825  3  1 95  2  0  0
 4  0 126748 27821764 2289576 147514576    0    0 148672 133992 101259 117437  3  1 95  2  0  0
11  0 126748 27821624 2289576 147515360    0    0 150224 128316 100816 117591  3  1 95  2  0  0
 4  2 126748 27816248 2289576 147516152    0    0 150512 134924 101272 117230  3  1 95  2  0  0
10  0 126748 27820492 2289576 147516932    0    0 152080 127412 101032 118284  3  1 95  2  0  0
 2  2 126748 27817068 2289576 147517788    0    0 152400 127196 101043 119507  3  1 94  2  0  0
 5  0 126748 27816116 2289576 147518644    0    0 150208 141460 101500 117542  3  1 95  2  0  0
 1  3 126748 27818132 2289576 147519384    0    0 151696 126880 101240 118287  3  1 95  2  0  0
 5  1 126748 27814008 2289576 147520188    0    0 155088 133188 101446 118412  2  1 95  2  0  0
 3  1 126748 27814312 2289576 147520980    0    0 152048 145800 101718 119201  3  1 95  2  0  0
 4  0 126748 27812464 2289576 147521736    0    0 152304 136112 101026 119920  3  1 95  2  0  0
 3  1 126748 27811628 2289576 147522580    0    0 150976 134172 101240 118717  3  1 95  2  0  0
 4  0 126748 27811952 2289576 147523368    0    0 149008 137312 100929 117861  3  1 95  2  0  0
procs -----------memory---------- ---swap-- -----io---- -system-- -------cpu-------
 r  b   swpd   free   buff  cache   si   so    bi    bo   in   cs us sy id wa st gu
 3  1 126748 27809824 2289576 147524168    0    0 154176 133820 101050 120463  3  1 95  2  0  0
 2  2 126748 27803300 2289576 147524928    0    0 152656 134924 101177 120241  3  1 95  2  0  0
 0  4 126748 27803960 2289576 147525728    0    0 151328 136080 101275 119157  3  1 95  2  0  0
 4  0 126748 27796488 2289580 147526532    0    0 152080 132852 101232 119928  3  1 95  2  0  0
 4  0 126748 27799920 2289580 147527340    0    0 152240 135060 101358 119972  3  1 95  2  0  0
 5  0 126748 27796816 2289580 147528116    0    0 151488 134996 100979 118785  3  1 95  2  0  0
 1  3 126748 27796524 2289580 147528928    0    0 154096 130820 101154 119105  3  1 95  2  0  0
 1  3 126748 27796004 2289580 147529724    0    0 149952 132536 100985 119301  3  1 95  2  0  0
 2  2 126748 27797356 2289580 147530492    0    0 151184 131400 101068 118272  3  1 95  2  0  0
 3  1 126748 27793444 2289580 147531296    0    0 151856 132708 101018 119911  3  1 95  2  0  0
 5  0 126748 27797040 2289580 147532104    0    0 152320 132920 101326 118951  2  1 95  2  0  0
 4  2 126748 27796712 2289580 147532912    0    0 154160 132012 101283 121106  2  1 95  2  0  0
 2  3 126748 27800092 2289580 147533736    0    0 153024 133936 101028 119167  2  1 95  2  0  0
 3  1 126748 27796204 2289580 147534528    0    0 153392 132992 101252 118834  3  1 95  2  0  0
 2  3 126748 27803136 2289580 147535356    0    0 150928 135504 101278 118607  2  1 95  2  0  0
 2  2 126748 27798892 2289580 147536088    0    0 149408 135928 100747 116767  2  1 95  2  0  0
 2  2 126748 27799236 2289580 147536856    0    0 150592 135536 101172 118535  3  1 95  2  0  0
 2  2 126748 27794100 2289580 147537644    0    0 151120 134436 101076 118902  2  1 95  2  0  0
 3  2 126748 27798876 2289588 147538436    0    0 153232 132348 101190 118022  2  1 94  2  0  0
 3  1 126748 27794660 2289588 147539252    0    0 152816 132744 101491 118895  2  1 95  2  0  0
 2  2 126748 27793304 2289588 147540040    0    0 153760 134656 101136 119643  3  1 95  2  0  0
procs -----------memory---------- ---swap-- -----io---- -system-- -------cpu-------
 r  b   swpd   free   buff  cache   si   so    bi    bo   in   cs us sy id wa st gu
 2  2 126748 27788856 2289588 147540828    0    0 152608 132800 101254 118285  3  1 94  2  0  0
 2  2 126748 27785348 2289588 147541648    0    0 151712 133124 101430 118627  3  1 95  2  0  0
 4  0 126748 27786384 2289588 147542424    0    0 152544 135668 101404 118449  3  1 95  2  0  0
 3  1 126748 27782408 2289588 147543216    0    0 150864 135636 101440 117925  3  1 95  2  0  0
 2  2 126748 27783608 2289588 147544008    0    0 150416 135592 101284 117915  3  1 95  2  0  0
 1  3 126748 27784204 2289588 147544796    0    0 152848 131992 101336 118504  3  1 95  2  0  0
 3  0 126748 27782920 2289588 147545600    0    0 151504 133572 101325 117795  3  1 95  2  0  0
 2  2 126748 27785832 2289588 147546348    0    0 153568 134496 101324 118896  3  1 95  2  0  0
 2  3 126748 27787080 2289588 147547172    0    0 151680 136892 101521 118238  3  1 95  2  0  0
 2  2 126748 27788964 2289588 147547980    0    0 149136 132628 100835 116522  3  1 95  2  0  0
 3  1 126748 27789364 2289588 147548760    0    0 151184 137532 101495 118472  3  1 95  2  0  0
 3  1 126748 27791256 2289588 147549520    0    0 153328 128352 101318 119187  3  1 95  2  0  0
 3  1 126748 27789984 2289592 147550392    0    0 152688 133692 101366 119002  2  1 95  2  0  0
 3  1 126748 27788224 2289592 147551136    0    0 151488 133912 101164 119427  3  1 95  2  0  0
 4  1 126748 27787892 2289592 147551980    0    0 151584 136332 101349 118051  3  1 95  2  0  0
 2  2 126748 27785500 2289592 147552728    0    0 150512 135516 101230 119139  3  1 95  2  0  0
 0  4 126748 27780936 2289592 147553548    0    0 150416 135012 101058 118570  3  1 94  2  0  0
 1  3 126748 27781572 2289596 147554324    0    0 151120 133148 101311 118491  3  1 94  2  0  0
 1  3 126748 27776836 2289596 147555136    0    0 151808 135316 101511 118637  3  1 95  2  0  0
 3  1 126748 27771612 2289596 147555932    0    0 151920 134228 101183 119387  3  1 95  2  0  0
 2  3 126748 27770340 2289596 147556788    0    0 151904 131952 101392 117873  3  1 95  2  0  0
procs -----------memory---------- ---swap-- -----io---- -system-- -------cpu-------
 r  b   swpd   free   buff  cache   si   so    bi    bo   in   cs us sy id wa st gu
 2  2 126748 27770052 2289596 147557524    0    0 152096 132568 101002 118915  3  1 95  2  0  0
 3  2 126748 27769228 2289596 147558300    0    0 153232 132408 101338 118472  2  1 95  2  0  0
 3  1 126748 27767892 2289596 147559112    0    0 151552 136248 101498 118054  3  1 95  2  0  0
 4  0 126748 27766532 2289596 147559928    0    0 152816 134836 101451 119038  2  1 95  2  0  0
 4  1 126748 27767744 2289596 147560748    0    0 150976 133144 101074 118677  3  1 95  2  0  0
 3  1 126748 27766656 2289596 147561540    0    0 152336 134648 101343 120141  2  1 95  2  0  0
 1  3 126748 27762480 2289596 147562284    0    0 152976 136692 101295 120612  3  1 94  2  0  0
 2  2 126748 27767308 2289596 147563080    0    0 152432 135092 101746 118660  3  1 95  2  0  0
 3  1 126748 27766720 2289596 147563948    0    0 153344 133476 101424 119020  3  1 95  2  0  0
 3  1 126748 27770476 2289596 147564760    0    0 151440 135292 101590 119466  3  1 95  2  0  0
 4  0 126748 27768548 2289596 147565628    0    0 153376 132648 101320 118182  2  1 95  2  0  0
 5  1 126748 27767160 2289596 147566456    0    0 152080 135480 101338 118513  3  1 95  2  0  0
 2  2 126748 27767340 2289596 147567204    0    0 151856 134056 101265 118327  3  1 95  2  0  0
 3  1 126748 27766660 2289596 147567988    0    0 153040 135616 101658 119515  3  1 95  2  0  0
 3  2 126748 27764388 2289596 147568808    0    0 152832 137504 101352 120144  2  1 95  2  0  0
 3  1 126748 27765780 2289596 147569600    0    0 154848 138028 101928 120194  3  1 95  2  0  0
 4  1 126748 27761628 2289596 147570408    0    0 152912 136656 101014 120935  3  1 95  2  0  0
 4  1 126748 27762516 2289596 147571196    0    0 152800 136564 101759 119089  3  1 95  2  0  0
