procs -----------memory---------- ---swap-- -----io---- -system-- -------cpu-------
 r  b   swpd   free   buff  cache   si   so    bi    bo   in   cs us sy id wa st gu
 7  2 120092 2993836 2287596 183437288   51   80 287027 353350 149579   39 36  4 57  3  0  0
147  2 120092 2933104 2287596 183437420    0    0 58512 184028 101896 69017 95  1  3  0  0  0
172  1 120092 2923920 2287596 183437460    0    0 41440 252228 99229 53983 98  1  1  0  0  0
157  0 120092 2920080 2287596 183437532    0    0 67424 159360 168566 50898 97  1  2  0  0  0
142  0 120092 2913104 2287596 183437588    0    0 71328 113984 97207 50085 98  1  1  0  0  0
133  1 120092 2901200 2287596 183437632    0    0 66208 123812 99171 53941 98  1  1  0  0  0
156  1 120092 2883224 2287596 183437688    0    0 79312 108924 138388 48196 97  1  1  0  0  0
135  0 120092 2868052 2287596 183437736    0    0 73872 132808 98805 51540 98  1  1  0  0  0
113  1 120092 2849832 2287596 183437820    0    0 80368 133948 97841 50886 98  1  1  0  0  0
172  2 120092 2821092 2287596 183437856    0    0 69216 140208 100199 57055 98  1  1  0  0  0
163  0 120092 2794020 2287596 183437916    0    0 76240 118884 108432 53881 98  1  1  0  0  0
41  1 120092 2673888 2287596 183437960    0    0 96096 166968 128568 76542 92  2  6  0  0  0
86  0 120092 2989768 2287596 182254964    0    0 216512 146716 641862 1178953 27 53 19  1  0  0
93  4 120092 2967440 2287592 182247304    0    0 248528 180664 249468 1583374 31 43 25  1  0  0
62  0 120092 2955004 2287592 182247220    0    0 276256 76720 262936 1590526 34 40 25  1  0  0
78  1 120092 2939800 2287592 182247876    0    0 299344 76196 255244 1576062 33 41 25  1  0  0
56  1 120092 2926380 2287592 182248644    0    0 256192 121136 251149 1544059 31 41 27  1  0  0
37  1 120092 2929928 2287592 182249352    0    0 258224 157088 248312 1502358 31 39 29  1  0  0
55  6 120092 2934024 2287592 182250012    0    0 275760 169296 242699 1469713 30 38 31  1  0  0
104 10 120092 2934508 2287592 182250656    0    0 260208 177172 242871 1483449 31 40 29  1  0  0
34  5 120092 2933504 2287592 182251376    0    0 264640 139392 244274 1517777 30 41 27  1  0  0
procs -----------memory---------- ---swap-- -----io---- -system-- -------cpu-------
 r  b   swpd   free   buff  cache   si   so    bi    bo   in   cs us sy id wa st gu
44  1 120092 2931280 2287592 182252084    0    0 309600 199960 255619 1479882 32 37 30  2  0  0
80  1 120092 2927448 2287592 182252876    0    0 272576 186940 255294 1495305 31 39 28  1  0  0
69  3 120092 2914308 2287592 182253556    0    0 268384 165492 247538 1495494 31 40 29  1  0  0
75  1 120092 2907632 2287592 182254332    0    0 276016 185928 251933 1491039 32 38 29  1  0  0
134  7 120092 2900816 2287592 182254992    0    0 282672 170824 258492 1514034 32 38 29  1  0  0
120 12 120092 2895192 2287592 182255684    0    0 270752 194164 250559 1486694 31 39 29  1  0  0
12 26 120092 2891004 2287592 182256420    0    0 261376 139300 245800 1501063 31 40 28  1  0  0
11  7 120092 2885908 2287592 182257176    0    0 276464 178868 253942 1482764 31 39 28  1  0  0
 5  7 120092 2877404 2287592 182257844    0    0 283232 169152 257039 1502385 32 39 28  1  0  0
172  2 120092 2875792 2287592 182258576    0    0 273936 195204 249296 1466110 30 39 29  2  0  0
74 14 120092 2874084 2287592 182259324    0    0 259536 165356 255219 1504721 31 40 28  1  0  0
62  2 120092 2865648 2287592 182259968    0    0 279136 178420 272705 1507595 33 38 28  1  0  0
 3  1 120092 2858100 2287592 182260680    0    0 289584 179104 266632 1499452 31 39 29  2  0  0
54  2 120092 2852580 2287592 182261424    0    0 269360 194740 263271 1498313 32 38 28  1  0  0
104  8 120092 2845152 2287592 182262240    0    0 289168 188384 255466 1466628 31 39 29  2  0  0
121  8 120092 2817960 2287592 182262880    0    0 297360 178536 254572 1460325 32 37 29  2  0  0
77  1 120092 2806468 2287592 182263640    0    0 283712 199524 258766 1486007 31 39 28  2  0  0
 7  0 120092 2802784 2287592 182264348    0    0 248048 147532 254632 1495191 31 41 27  1  0  0
55  7 120092 2766556 2287596 182265124    0    0 279872 172356 256844 1472575 31 38 29  1  0  0
118  6 120092 2756400 2287596 182266024    0    0 302608 211544 265427 1463022 32 37 29  2  0  0
 6  2 120092 2757336 2287596 182266828    0    0 283744 186976 265200 1481497 32 38 28  2  0  0
procs -----------memory---------- ---swap-- -----io---- -system-- -------cpu-------
 r  b   swpd   free   buff  cache   si   so    bi    bo   in   cs us sy id wa st gu
93 14 120092 2755488 2287596 182267572    0    0 259856 185404 266872 1506426 32 39 27  1  0  0
121  0 120092 2756744 2287596 182268320    0    0 285376 175244 263133 1487033 32 39 27  1  0  0
39  3 120092 2756976 2287596 182269016    0    0 312992 206344 267288 1472589 33 37 29  2  0  0
80  1 120092 2750684 2287596 182269772    0    0 286864 196992 268080 1470595 32 38 28  2  0  0
 1  2 120092 2747020 2287596 182270500    0    0 253840 158452 252420 1481753 30 40 28  1  0  0
 5  1 120092 2741828 2287596 182271216    0    0 286832 175484 265319 1483076 32 38 28  1  0  0
81  4 120092 2733244 2287596 182272004    0    0 284576 179244 254639 1455993 31 39 29  1  0  0
13  6 120092 2726180 2287596 182272836    0    0 286752 192564 259742 1458593 31 38 29  2  0  0
63  0 120092 2726580 2287596 182273552    0    0 240480 154944 263749 1510663 31 41 27  1  0  0
 6  0 120092 2724464 2287596 182274216    0    0 302528 198952 265026 1460764 31 38 29  2  0  0
 4  7 120092 2721548 2287596 182274940    0    0 252608 154540 256195 1487853 31 41 27  1  0  0
 2  0 120092 2720048 2287596 182275604    0    0 259600 166908 254918 1478728 30 41 28  1  0  0
121  3 120092 2715308 2287596 182276328    0    0 263120 170208 258887 1472718 31 40 28  1  0  0
74  7 120092 2714580 2287596 182276968    0    0 281744 182128 263725 1479646 32 39 28  1  0  0
28  0 120092 2711344 2287596 182277704    0    0 263968 174820 258025 1472799 31 39 29  1  0  0
106 10 120092 2714328 2287596 182278452    0    0 289120 182396 263889 1468169 33 38 28  1  0  0
95  3 120092 2712292 2287596 182279176    0    0 295792 188112 267698 1479520 33 38 28  1  0  0
17 28 120092 2710648 2287596 182279900    0    0 282192 186284 262785 1473656 32 38 29  1  0  0
53  0 120092 2708604 2287596 182280668    0    0 280176 190828 277028 1497316 33 38 27  1  0  0
171  4 120092 2707588 2287596 182281368    0    0 261600 176352 260066 1464330 31 39 29  1  0  0
108  8 120092 2707316 2287596 182282092    0    0 305168 182320 271584 1476009 32 38 28  1  0  0
procs -----------memory---------- ---swap-- -----io---- -system-- -------cpu-------
 r  b   swpd   free   buff  cache   si   so    bi    bo   in   cs us sy id wa st gu
 6  9 120092 2704392 2287596 182282792    0    0 296096 204100 279673 1491742 32 37 29  2  0  0
82  6 120092 2703484 2287596 182283584    0    0 264000 198044 263858 1456254 31 39 29  1  0  0
72  1 120092 2699812 2287596 182284272    0    0 275728 165504 263144 1479705 32 39 28  1  0  0
82  8 120092 2706900 2287596 182285004    0    0 325648 204816 266659 1442767 32 37 29  2  0  0
76  5 120092 2706256 2287596 182285840    0    0 275664 177320 253099 1451564 31 39 29  1  0  0
 7  1 120092 2708412 2287596 182286548    0    0 265152 187772 276724 1495448 33 38 28  1  0  0
50  5 120092 2714664 2287596 182287224    0    0 282720 175976 274479 1498378 33 38 27  1  0  0
97  2 120092 2713472 2287600 182287992    0    0 305264 202380 270579 1470006 32 37 29  2  0  0
 7  0 120092 2708112 2287600 182288720    0    0 289840 198624 269487 1470200 32 37 29  1  0  0
15  3 120092 2706672 2287600 182289432    0    0 263984 181752 258244 1460123 32 38 29  1  0  0
85 12 120092 2705152 2287600 182290224    0    0 252880 159720 251533 1456129 31 39 29  1  0  0
98  0 120092 2713544 2287600 182290844    0    0 313168 176236 268781 1469247 32 38 28  2  0  0
15  2 120092 2715584 2287600 182291624    0    0 266256 171160 256837 1473299 31 40 27  1  0  0
51  1 120092 2721048 2287600 182292360    0    0 279936 185996 257488 1451849 30 39 29  1  0  0
69  9 120092 2719076 2287600 182293052    0    0 273584 166636 259004 1484725 32 39 28  1  0  0
14  0 120092 2718844 2287600 182293812    0    0 289440 188628 264035 1463044 32 37 29  1  0  0
97  0 120092 2720364 2287600 182294488    0    0 266736 187064 274031 1492239 32 40 27  1  0  0
 3  0 120092 2716788 2287600 182295228    0    0 278960 182768 271720 1491605 32 38 28  1  0  0
91  8 120092 2715040 2287600 182296008    0    0 275664 183780 265582 1482484 32 39 28  1  0  0
52  2 120092 2719756 2287600 182296668    0    0 282640 200380 278727 1492782 33 38 28  1  0  0
30  1 120092 2719676 2287600 182297444    0    0 281776 192464 268741 1471501 32 38 28  1  0  0
procs -----------memory---------- ---swap-- -----io---- -system-- -------cpu-------
 r  b   swpd   free   buff  cache   si   so    bi    bo   in   cs us sy id wa st gu
 3  1 120092 2722204 2287600 182298212    0    0 273008 178900 271776 1492315 32 38 28  1  0  0
 5  2 120092 2723168 2287600 182298836    0    0 287648 189464 274192 1488716 32 39 28  2  0  0
121  1 120092 2722528 2287600 182299632    0    0 272688 163636 268962 1494820 32 40 27  1  0  0
 1  0 120092 2722452 2287600 182300332    0    0 266928 174172 267906 1483329 31 39 28  1  0  0
61  6 120092 2720980 2287600 182301028    0    0 262672 158728 259462 1469884 31 39 29  1  0  0
 5  8 120092 2725868 2287600 182301784    0    0 316704 201184 276225 1475568 33 36 28  2  0  0
 2  2 120092 2726140 2287604 182302548    0    0 291936 209608 269664 1454192 31 38 29  2  0  0
55  3 120092 2719032 2287604 182303316    0    0 258496 172180 264199 1485403 31 40 28  1  0  0
61 13 120092 2712380 2287604 182304060    0    0 258160 156344 253851 1464733 32 40 28  1  0  0
91  2 120092 2711076 2287604 182304636    0    0 293696 181732 260252 1474188 31 39 28  1  0  0
 2  1 120092 2705712 2287604 182305404    0    0 269104 173016 261104 1481799 32 39 28  1  0  0
85  2 120092 2706372 2287604 182306188    0    0 280320 194032 265306 1466699 32 38 29  1  0  0
42  6 120092 2703044 2287604 182306816    0    0 288656 183952 276481 1512860 33 39 27  1  0  0
 4  3 120092 2704312 2287604 182307640    0    0 288608 204828 268328 1466632 32 37 29  1  0  0
 6  2 120092 2704300 2287604 182308296    0    0 283264 182552 263645 1473260 32 38 29  1  0  0
76  0 120092 2700148 2287604 182309064    0    0 275120 182344 276235 1503438 34 39 26  1  0  0
134  3 120092 2701208 2287608 182309800    0    0 271040 165896 258752 1461308 32 39 28  1  0  0
24  0 120092 2699940 2287608 182310440    0    0 305088 193580 263426 1461104 32 38 28  2  0  0
59  0 120092 2696032 2287608 182311252    0    0 261712 179168 255323 1466833 31 40 28  1  0  0
29  0 120092 2696644 2287608 182312040    0    0 278800 188352 277088 1497084 32 38 28  1  0  0
135  5 120092 2694268 2287608 182312640    0    0 276992 170580 269489 1485506 32 39 29  1  0  0
procs -----------memory---------- ---swap-- -----io---- -system-- -------cpu-------
 r  b   swpd   free   buff  cache   si   so    bi    bo   in   cs us sy id wa st gu
79 18 120092 2693928 2287608 182313412    0    0 297152 184016 254819 1450925 30 39 29  2  0  0
73  1 120092 2692168 2287608 182314252    0    0 269600 192672 273254 1486347 32 38 28  1  0  0
156  1 120092 2691996 2287608 182314856    0    0 294768 188036 267787 1481042 32 39 28  1  0  0
 1  0 120092 2686752 2287608 182315736    0    0 295856 189480 263889 1463157 32 38 28  2  0  0
113  0 120092 2685116 2287608 182316412    0    0 279792 187404 264936 1468799 31 38 29  2  0  0
77  7 120092 2681856 2287608 182317200    0    0 287920 201020 282737 1499845 33 37 28  1  0  0
55  1 120092 2682180 2287608 182318016    0    0 279664 186240 283656 1498699 33 37 29  1  0  0
108  3 120092 2684000 2287608 182318628    0    0 298672 199532 283800 1498047 32 38 28  2  0  0
48  4 120092 2687244 2287608 182319472    0    0 306272 209096 274610 1474652 31 38 28  2  0  0
 4  1 120092 2686376 2287608 182320360    0    0 275360 188996 260585 1454593 31 39 28  2  0  0
50  2 120092 2686012 2287608 182320936    0    0 276496 167432 264818 1478303 32 38 28  1  0  0
104  0 120092 2684172 2287608 182321788    0    0 276848 178912 269640 1488362 32 39 28  1  0  0
33 19 120092 2683756 2287608 182322508    0    0 299824 198788 276114 1488592 34 37 28  1  0  0
85  1 120092 2685108 2287608 182323188    0    0 275872 192400 259568 1443099 31 38 29  1  0  0
50  1 120092 2687340 2287608 182324000    0    0 296080 190384 267001 1474230 32 38 28  2  0  0
43  1 120092 2687904 2287608 182324616    0    0 296960 192268 272747 1487244 33 38 28  1  0  0
77 10 120092 2689800 2287608 182325472    0    0 289664 197836 262912 1451002 31 38 30  1  0  0
95  0 120092 2689336 2287608 182326296    0    0 284832 175524 255785 1456602 31 39 28  1  0  0
70  4 120092 2697020 2287608 182326852    0    0 275392 162088 266951 1486309 32 39 27  1  0  0
52  2 120092 2693612 2287608 182327700    0    0 291952 189940 271668 1475894 33 37 28  1  0  0
80  3 120092 2689972 2287608 182328528    0    0 289168 194196 257645 1449880 31 38 30  1  0  0
procs -----------memory---------- ---swap-- -----io---- -system-- -------cpu-------
 r  b   swpd   free   buff  cache   si   so    bi    bo   in   cs us sy id wa st gu
150  4 120092 2694652 2287608 182329116    0    0 264800 187088 269396 1483930 32 39 28  1  0  0
72 18 120092 2694972 2287608 182329852    0    0 260048 173212 256265 1474344 31 40 27  1  0  0
64  1 120092 2693828 2287608 182330432    0    0 306112 180500 269359 1482617 32 38 29  2  0  0
13  2 120092 2695776 2287608 182331312    0    0 276576 188276 262230 1462977 31 38 30  1  0  0
 2  0 120092 2690612 2287608 182332088    0    0 271984 173380 268484 1485786 32 39 28  1  0  0
35  2 120092 2669204 2287608 182332652    0    0 288080 185432 265321 1475616 32 38 29  1  0  0
92  1 120092 2669216 2287608 182333492    0    0 287056 175228 267825 1481323 33 38 27  1  0  0
151  0 120092 2669844 2287608 182334320    0    0 280304 189204 268282 1463382 31 39 28  2  0  0
 6  7 120092 2672548 2287608 182334932    0    0 285792 193316 266894 1469973 32 38 28  2  0  0
84  0 120092 2676296 2287612 182335736    0    0 278256 193708 279667 1502501 33 39 27  1  0  0
59  2 120092 2674732 2287612 182336516    0    0 292400 171376 264088 1468356 32 38 29  1  0  0
91  4 120092 2673696 2287612 182337136    0    0 294800 203316 282252 1494797 32 38 28  2  0  0
61 12 120092 2672560 2287612 182338024    0    0 258512 187072 258853 1459582 30 39 29  1  0  0
 5  1 120092 2666752 2287612 182338580    0    0 272144 167576 266597 1476743 33 38 28  1  0  0
43  1 120092 2663588 2287612 182339372    0    0 304624 198912 273603 1469749 32 38 28  2  0  0
64  0 120092 2662956 2287612 182340200    0    0 281376 187480 266435 1477438 33 37 28  1  0  0
 3  2 120092 2659136 2287612 182340856    0    0 283744 189512 272726 1488322 33 37 28  1  0  0
32  4 120092 2656560 2287612 182341664    0    0 258976 175304 263781 1474044 32 39 28  1  0  0
 1  0 120092 2651040 2287612 182342384    0    0 271504 162624 258836 1479362 31 40 28  1  0  0
112  9 120092 2653440 2287612 182343032    0    0 305024 193836 272428 1473607 31 38 29  2  0  0
27  1 120092 2651116 2287612 182343848    0    0 272048 184524 266324 1462352 31 39 28  1  0  0
procs -----------memory---------- ---swap-- -----io---- -system-- -------cpu-------
 r  b   swpd   free   buff  cache   si   so    bi    bo   in   cs us sy id wa st gu
139  7 120092 2652896 2287612 182344632    0    0 286752 178148 262077 1440059 31 39 29  1  0  0
68  2 120092 2656708 2287612 182345292    0    0 307552 207960 269063 1438850 32 36 30  2  0  0
57  2 120092 2661004 2287612 182346176    0    0 267600 170624 263614 1474875 32 39 28  1  0  0
 1  1 120092 2660176 2287612 182346724    0    0 285728 190400 266550 1485098 32 39 27  2  0  0
95  0 120092 2658556 2287612 182347492    0    0 270032 183644 264487 1463750 32 38 29  1  0  0
134  0 120092 2655616 2287612 182348376    0    0 301200 192796 260259 1441391 31 38 29  2  0  0
54  4 120092 2650308 2287612 182349012    0    0 280272 174740 267100 1484722 32 40 27  1  0  0
 7  0 120092 2649040 2287612 182349816    0    0 289040 196660 272480 1476847 32 39 28  2  0  0
48  0 120092 2647144 2287616 182350632    0    0 294096 193564 267819 1464286 32 38 29  1  0  0
106 11 120092 2643900 2287616 182351288    0    0 310560 198572 266387 1454709 33 36 29  2  0  0
86  4 120092 2637860 2287616 182352140    0    0 288976 197744 265030 1465785 32 38 29  2  0  0
 5  8 120092 2635316 2287616 182352932    0    0 262560 171684 262586 1474040 32 39 28  1  0  0
123 10 120092 2636976 2287616 182353544    0    0 267904 177084 268129 1462542 32 38 29  1  0  0
75  2 120092 2637012 2287620 182354316    0    0 300784 200480 273370 1471041 33 37 29  2  0  0
102  2 120092 2633808 2287624 182354952    0    0 265888 189672 271262 1470264 32 38 29  1  0  0
 3  0 120092 2635492 2287624 182355732    0    0 286096 176076 273413 1493236 33 39 27  1  0  0
72  8 120092 2632276 2287624 182356484    0    0 274128 185788 274621 1481696 32 38 29  1  0  0
35  0 120092 2633464 2287624 182357108    0    0 303712 193012 280988 1481370 32 38 28  2  0  0
84  7 120092 2630368 2287624 182357948    0    0 261264 179192 263574 1460845 31 39 29  1  0  0
32  1 120092 2628932 2287624 182358704    0    0 283616 164836 259324 1470859 31 40 28  1  0  0
89  4 120092 2630356 2287624 182359380    0    0 271056 174672 265283 1482239 32 39 28  1  0  0
procs -----------memory---------- ---swap-- -----io---- -system-- -------cpu-------
 r  b   swpd   free   buff  cache   si   so    bi    bo   in   cs us sy id wa st gu
18  0 120092 2628576 2287624 182360152    0    0 279792 191748 266874 1471697 32 39 28  1  0  0
64  2 120092 2628752 2287624 182360948    0    0 271968 172352 260018 1475424 31 40 28  1  0  0
52  4 120092 2627280 2287628 182361560    0    0 296528 183188 261727 1455067 31 39 29  2  0  0
136  9 120092 2626544 2287628 182362312    0    0 280448 191116 265434 1468028 32 38 29  1  0  0
35  4 120092 2627040 2287628 182362984    0    0 299424 194056 278690 1489021 33 36 29  1  0  0
14  0 120092 2627780 2287628 182363832    0    0 265984 209076 270573 1470984 32 38 29  1  0  0
13  2 120092 2623160 2287628 182364604    0    0 273136 167856 268294 1479539 32 39 27  1  0  0
53  5 120092 2969520 2287628 182021960    0    0 293696 180932 265798 1484936 32 39 28  1  0  0
32  0 120092 2967084 2287628 182021504    0    0 263152 165512 257552 1470649 31 39 29  1  0  0
 8  0 120092 2964504 2287628 182022264    0    0 273168 183620 255961 1452325 31 39 28  1  0  0
 6  3 120092 2960056 2287628 182022848    0    0 276624 161528 258587 1477730 31 40 27  1  0  0
76  1 120092 2960864 2287628 182023588    0    0 300912 194424 265615 1462176 31 38 29  1  0  0
68  0 120092 2963548 2287628 182024464    0    0 281136 194096 266682 1465479 32 38 29  1  0  0
149  0 120092 2962828 2287628 182025080    0    0 261824 174248 268773 1490905 33 39 28  1  0  0
131  0 120092 2964252 2287628 182025848    0    0 308688 204676 280924 1477094 32 37 28  2  0  0
78  1 120092 2961996 2287628 182026488    0    0 299408 195408 267537 1458289 31 38 29  2  0  0
28 13 120092 2965244 2287628 182027340    0    0 262096 184576 262818 1458420 32 38 29  1  0  0
139  0 120092 2961784 2287628 182028128    0    0 263184 142624 265599 1497207 32 39 27  1  0  0
120  0 120092 2966184 2287628 182028660    0    0 291216 196340 266747 1466565 33 36 29  2  0  0
 0  1 120092 2969584 2287628 182029520    0    0 292592 191936 265908 1458486 32 38 28  1  0  0
15  1 120092 2968816 2287628 182030304    0    0 279040 183024 262094 1451227 31 39 28  1  0  0
procs -----------memory---------- ---swap-- -----io---- -system-- -------cpu-------
 r  b   swpd   free   buff  cache   si   so    bi    bo   in   cs us sy id wa st gu
43  5 120092 2970224 2287628 182030936    0    0 277344 168232 269687 1497295 33 39 27  1  0  0
105  5 120092 2975800 2287628 182031680    0    0 283664 200040 271113 1459242 31 38 29  1  0  0
129  1 120092 2971348 2287628 182032536    0    0 289120 190560 273067 1478675 33 37 28  1  0  0
 3  1 120092 2971576 2287628 182033124    0    0 269616 186236 265262 1452397 31 37 30  1  0  0
126  0 120092 2968712 2287628 182033948    0    0 275328 175356 265872 1471926 32 39 28  1  0  0
 3  3 120092 2968172 2287628 182034540    0    0 310528 197724 268237 1458964 33 36 29  2  0  0
36  1 120092 2973340 2287632 182035368    0    0 298256 199788 266059 1452098 32 38 29  1  0  0
71  6 120092 2977532 2287632 182036276    0    0 298688 193128 269203 1465037 32 37 29  2  0  0
25  1 120092 2979132 2287636 182036924    0    0 288384 196540 273889 1477238 33 38 28  2  0  0
 1  3 120092 2976552 2287636 182037716    0    0 276832 187948 260024 1450169 31 38 29  1  0  0
30 10 120092 2979796 2287636 182038564    0    0 316016 200612 279691 1461655 32 36 30  2  0  0
13  0 120092 2982276 2287636 182039188    0    0 309136 204276 265378 1441564 31 37 30  2  0  0
89  1 120092 2984092 2287636 182040028    0    0 272160 200352 267505 1465183 32 37 30  1  0  0
140  0 120092 2982248 2287636 182040824    0    0 281504 175940 270050 1482950 33 37 29  1  0  0
25  6 120092 2983104 2287636 182041400    0    0 272352 168352 266383 1489591 33 38 28  1  0  0
135  1 120092 2984012 2287636 182042176    0    0 274896 187036 269454 1483986 32 38 28  1  0  0
98  1 120092 2978700 2287636 182042792    0    0 294016 191004 262716 1458179 31 38 29  1  0  0
13  0 120092 2980992 2287636 182043664    0    0 301936 186324 268415 1467132 32 38 29  1  0  0
22  1 120092 2977016 2287636 182044428    0    0 273952 192896 268447 1468468 33 38 29  1  0  0
 3  4 120092 2970540 2287636 182045084    0    0 279472 191668 272142 1475720 33 37 29  1  0  0
40  5 120092 2971824 2287636 182045844    0    0 260528 158708 256384 1460209 31 39 28  1  0  0
procs -----------memory---------- ---swap-- -----io---- -system-- -------cpu-------
 r  b   swpd   free   buff  cache   si   so    bi    bo   in   cs us sy id wa st gu
41 11 120092 2970452 2287636 182046636    0    0 281968 173448 256827 1460437 31 39 28  1  0  0
93  0 120092 2971104 2287636 182047204    0    0 298672 184620 260241 1453803 32 38 29  1  0  0
86  7 120092 2968708 2287636 182048056    0    0 303456 203720 268091 1454147 33 37 29  2  0  0
 2  3 120092 2972036 2287636 182048852    0    0 285040 194784 271735 1465556 32 38 29  1  0  0
61  5 120092 2967784 2287636 182049456    0    0 260448 180828 275814 1493138 33 37 29  1  0  0
113  0 120092 2971108 2287636 182050292    0    0 297680 191848 265269 1463864 33 36 29  1  0  0
73  3 120092 2972356 2287636 182050932    0    0 282896 180024 273194 1477177 32 39 28  1  0  0
43  5 120092 2968164 2287636 182051752    0    0 283120 192600 256682 1444551 30 39 29  1  0  0
 5  6 120092 2964172 2287636 182052520    0    0 285120 192776 256016 1438800 31 37 30  1  0  0
55  6 120092 2962580 2287636 182053140    0    0 303168 192484 268076 1466424 32 38 28  2  0  0
39  1 120092 2964856 2287640 182053960    0    0 287344 193520 268413 1465109 32 37 29  2  0  0
82  2 120092 2967756 2287640 182054744    0    0 252608 176956 271929 1494499 33 38 28  1  0  0
156  0 120092 2965656 2287640 182055356    0    0 281488 186548 268117 1471042 31 39 28  1  0  0
95  9 120092 2966588 2287640 182056116    0    0 296384 193120 258710 1440034 32 37 30  2  0  0
13  0 120092 2962944 2287640 182056984    0    0 286048 175576 260143 1458158 31 39 28  1  0  0
18  3 120092 2962244 2287640 182057576    0    0 299568 210744 266534 1447622 32 37 29  2  0  0
175  4 120092 2971028 2287640 182058472    0    0 288288 184968 267313 1454332 32 37 29  2  0  0
35  3 120092 2972196 2287640 182059048    0    0 285168 178616 268234 1485632 33 38 28  1  0  0
34  9 120092 2972428 2287640 182059948    0    0 297008 206972 267288 1443482 31 38 29  2  0  0
82  0 120092 2965696 2287640 182060740    0    0 281492 184236 272933 1491751 32 39 28  1  0  0
21  2 120092 2964740 2287640 182061488    0    0 298928 200224 263975 1437586 31 38 30  1  0  0
procs -----------memory---------- ---swap-- -----io---- -system-- -------cpu-------
 r  b   swpd   free   buff  cache   si   so    bi    bo   in   cs us sy id wa st gu
41 11 120092 2962256 2287640 182062276    0    0 290928 189412 271584 1489285 33 38 28  1  0  0
70  6 120092 2961132 2287640 182063176    0    0 290096 174468 258609 1463747 31 40 28  1  0  0
83  1 120092 2962548 2287640 182063768    0    0 264624 161788 255082 1462666 30 39 29  1  0  0
92  0 120092 2962416 2287640 182064604    0    0 281600 181532 261139 1464286 32 39 28  1  0  0
89  5 120092 2961532 2287640 182065152    0    0 285136 188224 275884 1509061 33 39 27  1  0  0
 2  0 120092 2963980 2287640 182065924    0    0 269520 173108 253590 1454570 31 39 29  1  0  0
36  2 120092 2963708 2287640 182066692    0    0 276448 180408 266735 1482028 31 38 29  1  0  0
19 11 120092 2960016 2287640 182067320    0    0 284352 174408 269013 1496936 32 39 28  1  0  0
92  0 120092 2957732 2287640 182068120    0    0 298928 196776 266970 1446099 31 38 30  2  0  0
73  4 120092 2961204 2287640 182069028    0    0 299344 196868 282388 1497453 33 37 28  2  0  0
66  8 120092 2960028 2287640 182069600    0    0 289696 195844 272416 1484234 32 38 28  1  0  0
63  1 120092 2963440 2287640 182070420    0    0 267232 178560 270709 1473838 32 38 28  1  0  0
63  1 120092 2962540 2287640 182071220    0    0 277264 171440 258406 1463938 31 39 29  1  0  0
47  1 120092 2965268 2287640 182071772    0    0 266224 167976 254431 1468118 30 41 28  1  0  0
66  4 120092 2965416 2287640 182072588    0    0 289088 184812 266917 1482920 32 38 28  2  0  0
88  4 120092 2965340 2287640 182073232    0    0 292256 192708 269013 1474605 33 37 28  1  0  0
 4  0 120092 2967240 2287640 182074080    0    0 306464 206400 274154 1464196 33 37 29  2  0  0
18  0 120092 2967576 2287640 182074960    0    0 270752 175860 267071 1477942 31 39 29  1  0  0
16  0 120092 2967520 2287640 182075472    0    0 270896 176972 275107 1501147 32 39 28  1  0  0
46  1 120092 2963848 2287640 182076236    0    0 280112 182152 273596 1500390 33 38 28  1  0  0
 4  5 120092 2962680 2287640 182077076    0    0 296000 197684 272736 1477820 33 38 28  2  0  0
procs -----------memory---------- ---swap-- -----io---- -system-- -------cpu-------
 r  b   swpd   free   buff  cache   si   so    bi    bo   in   cs us sy id wa st gu
 2  1 120092 2956620 2287640 182077768    0    0 283472 197296 258696 1440030 31 39 29  1  0  0
 3  2 120092 2957860 2287640 182078464    0    0 256144 143096 253754 1485086 31 41 28  1  0  0
63  5 120092 2953260 2287640 182079284    0    0 281584 179176 267944 1483899 33 38 28  1  0  0
66  0 120092 2956028 2287640 182079896    0    0 290336 188332 263878 1462410 32 38 28  1  0  0
49  0 120092 2957752 2287640 182080692    0    0 277024 189812 259562 1452562 31 38 29  1  0  0
74  2 120092 2956304 2287640 182081360    0    0 279760 176284 265986 1481020 32 38 29  1  0  0
91  4 120092 2958588 2287640 182082160    0    0 275680 179628 274257 1498495 32 39 28  1  0  0
34  2 120092 2956208 2287640 182082924    0    0 301680 192816 260475 1449713 32 37 30  1  0  0
58 10 120092 2961124 2287640 182083564    0    0 282336 198364 274299 1471223 33 38 28  1  0  0
29  2 120092 2959768 2287640 182084320    0    0 282448 189616 265982 1471558 32 38 29  2  0  0
112  0 120092 2959924 2287640 182085168    0    0 301664 191656 261128 1441880 32 37 29  1  0  0
 2  2 120092 2961372 2287640 182085780    0    0 278208 179904 271605 1490610 33 39 27  1  0  0
 9  0 120092 2960340 2287644 182086544    0    0 282912 218620 281069 1476837 33 37 29  2  0  0
93  4 120092 2962252 2287644 182087388    0    0 285536 189104 273628 1480953 31 39 28  2  0  0
76  0 120092 2959440 2287644 182088052    0    0 293728 196208 281059 1491363 32 38 29  1  0  0
10  5 120092 2958240 2287644 182088900    0    0 290336 188208 275255 1474735 32 37 30  2  0  0
116 20 120092 2956060 2287644 182089560    0    0 276240 185988 262696 1460565 31 38 29  1  0  0
138  8 120092 2952100 2287644 182090248    0    0 272240 161788 260363 1485811 31 40 28  1  0  0
107  1 120092 2952520 2287648 182091068    0    0 278880 181832 267813 1475664 32 39 28  1  0  0
81  1 120092 2948928 2287648 182091624    0    0 292256 183776 262018 1470084 32 39 28  1  0  0
38  3 120092 2951164 2287648 182092484    0    0 297328 203908 276233 1473756 32 38 29  2  0  0
procs -----------memory---------- ---swap-- -----io---- -system-- -------cpu-------
 r  b   swpd   free   buff  cache   si   so    bi    bo   in   cs us sy id wa st gu
84  1 120092 2950872 2287648 182093316    0    0 278704 182544 267364 1468264 31 39 29  1  0  0
35  0 120092 2950384 2287648 182093972    0    0 271616 177360 271733 1475936 31 39 29  1  0  0
114  1 120092 2947792 2287648 182094684    0    0 289040 179880 277538 1492551 33 38 28  1  0  0
96  1 120092 2946244 2287648 182095548    0    0 285216 198252 279298 1487467 32 38 29  1  0  0
 8  0 120092 2945076 2287648 182096160    0    0 281232 198536 270653 1472680 32 38 29  1  0  0
100  0 120092 2943804 2287648 182096892    0    0 261872 166196 272012 1505033 33 39 27  1  0  0
60  3 120092 2942444 2287648 182097596    0    0 280176 178516 267028 1480999 32 39 28  1  0  0
195  0 120092 2941192 2287648 182098300    0    0 284512 186548 265548 1465635 32 38 29  1  0  0
23  0 120092 2935756 2287648 182099136    0    0 305456 193052 265184 1453483 32 38 29  1  0  0
76  3 120092 2932332 2287648 182099788    0    0 301088 199760 263919 1459120 32 38 29  1  0  0
60  3 120092 2931816 2287648 182100608    0    0 262720 173504 265455 1475062 31 39 29  1  0  0
57  9 120092 2932564 2287648 182101400    0    0 279632 173760 261934 1453860 31 39 29  1  0  0
88  4 120092 2933692 2287648 182102000    0    0 282176 182328 257361 1444915 31 38 30  1  0  0
158  3 120092 2933760 2287648 182102776    0    0 286096 177028 263599 1474754 32 38 28  1  0  0
21  4 120092 2934240 2287648 182103604    0    0 282896 186792 263731 1466556 33 38 28  1  0  0
78  9 120092 2936164 2287648 182104304    0    0 282592 178596 259044 1463199 31 39 29  1  0  0
34  4 120092 2932288 2287648 182105068    0    0 275264 179452 259160 1456998 31 39 29  1  0  0
28  2 120092 2928288 2287648 182105848    0    0 304784 190824 270526 1472276 33 37 29  1  0  0
68  4 120092 2924788 2287648 182106468    0    0 295888 206232 269320 1460450 32 37 30  2  0  0
 9 12 120092 2925572 2287648 182107316    0    0 279040 195020 270616 1472470 33 37 29  1  0  0
73  0 120092 2928216 2287648 182107968    0    0 286704 181752 265672 1450552 32 37 30  2  0  0
procs -----------memory---------- ---swap-- -----io---- -system-- -------cpu-------
 r  b   swpd   free   buff  cache   si   so    bi    bo   in   cs us sy id wa st gu
78  2 120092 2926604 2287648 182108728    0    0 294160 190808 261486 1449034 31 38 29  2  0  0
88  8 120092 2928268 2287648 182109596    0    0 283680 187108 266595 1466799 32 38 28  1  0  0
79  0 120092 2927860 2287648 182110180    0    0 277376 183648 268719 1473596 32 38 28  1  0  0
81  0 120092 2927856 2287648 182110964    0    0 260544 164472 261466 1472062 31 40 28  1  0  0
23  6 120092 2928452 2287648 182111780    0    0 295744 190164 271277 1462987 32 38 28  2  0  0
57  2 120092 2922756 2287648 182112396    0    0 272672 176592 260704 1456880 32 38 29  1  0  0
74  3 120092 2923008 2287648 182113160    0    0 277984 184736 264305 1454794 31 38 29  1  0  0
15  0 120092 2926700 2287648 182113840    0    0 270832 178728 264237 1476470 32 38 28  1  0  0
45  0 120092 2924660 2287648 182114504    0    0 299632 183100 267943 1477009 33 38 28  2  0  0
 6  0 120092 2927400 2287648 182115400    0    0 302976 214136 269890 1451190 32 36 30  2  0  0
67  1 120092 2926956 2287648 182116064    0    0 285136 186400 267271 1467167 31 39 29  1  0  0
80  5 120092 2928140 2287648 182116844    0    0 282480 177048 266776 1456470 30 39 29  1  0  0
102  2 120092 2928216 2287648 182117684    0    0 322720 217680 272619 1448081 32 36 30  2  0  0
105  0 120092 2927152 2287648 182118372    0    0 303936 205060 270219 1437581 33 36 30  2  0  0
100  0 120092 2927128 2287648 182119160    0    0 275424 178352 264654 1469008 31 39 29  1  0  0
29  1 120092 2921888 2287648 182119912    0    0 280032 201588 270069 1474224 32 38 28  1  0  0
60  5 120092 2920160 2287648 182120596    0    0 301792 206004 278569 1482713 33 38 28  2  0  0
94  7 120092 2919900 2287648 182121436    0    0 291008 190228 278870 1489093 32 38 28  2  0  0
87 11 120092 2917568 2287648 182122064    0    0 271984 187976 280061 1495876 32 38 29  1  0  0
146  5 120092 2921400 2287648 182122772    0    0 277088 194872 285006 1508553 33 38 28  1  0  0
68  3 120092 2917516 2287648 182123616    0    0 294528 183884 277497 1492107 33 38 27  1  0  0
procs -----------memory---------- ---swap-- -----io---- -system-- -------cpu-------
 r  b   swpd   free   buff  cache   si   so    bi    bo   in   cs us sy id wa st gu
71  6 120092 2920884 2287648 182124332    0    0 261232 174100 255505 1454190 31 40 28  1  0  0
170  2 120092 2916080 2287648 182125096    0    0 285152 183792 269252 1482900 33 38 28  1  0  0
57  5 120092 2916724 2287648 182125876    0    0 291952 194224 272922 1467894 33 37 28  1  0  0
76  2 120092 2911928 2287648 182126520    0    0 281648 187840 268418 1476951 32 37 30  1  0  0
72  0 120092 2911820 2287648 182127308    0    0 280224 178160 265736 1476016 33 39 27  1  0  0
49  1 120092 2907364 2287648 182128152    0    0 279440 180872 264692 1467018 31 39 28  1  0  0
63  0 120092 2904108 2287648 182128756    0    0 269040 181756 267874 1483703 31 38 29  1  0  0
 3  9 120092 2901736 2287648 182129540    0    0 285392 180352 268939 1481880 32 38 29  1  0  0
78  3 120092 2899384 2287648 182130076    0    0 288848 182512 264770 1476750 32 38 28  2  0  0
47  0 120092 2897248 2287648 182130968    0    0 272304 190664 271476 1474292 32 38 28  1  0  0
16  3 120092 2895680 2287648 182131704    0    0 271632 174124 254986 1453183 31 39 29  1  0  0
71  5 120092 2896516 2287648 182132360    0    0 295952 184008 261962 1458629 32 39 28  1  0  0
 9  6 120092 2896792 2287648 182133144    0    0 287408 184308 264737 1477265 33 38 28  1  0  0
96  4 120092 2900000 2287648 182134004    0    0 280800 188576 259576 1455800 31 39 29  1  0  0
 8  0 120092 2897492 2287648 182134520    0    0 259264 166524 259120 1467915 31 40 28  1  0  0
115 11 120092 2893448 2287652 182135432    0    0 295600 191548 274859 1484997 31 40 28  1  0  0
64  5 120092 2893140 2287652 182136212    0    0 285392 185832 284386 1509866 33 38 27  2  0  0
101  2 120092 2891748 2287652 182136824    0    0 283520 182768 263646 1463850 32 38 29  1  0  0
39  1 120092 2888064 2287652 182137624    0    0 293328 190624 267100 1447645 33 37 29  1  0  0
82  6 120092 2884636 2287652 182138252    0    0 280640 186768 269015 1479028 32 38 28  1  0  0
68  0 120092 2887964 2287652 182139032    0    0 284880 201792 271364 1464271 32 38 29  1  0  0
procs -----------memory---------- ---swap-- -----io---- -system-- -------cpu-------
 r  b   swpd   free   buff  cache   si   so    bi    bo   in   cs us sy id wa st gu
104  0 120092 2885916 2287652 182139808    0    0 266128 171900 269332 1500575 33 38 28  1  0  0
88  0 120092 2890212 2287652 182140460    0    0 308368 192980 271134 1472164 32 39 28  2  0  0
19  1 120092 2882544 2287652 182141316    0    0 302740 217012 281006 1462725 32 36 30  2  0  0
 6  7 120092 2878428 2287652 182142132    0    0 268528 189552 280712 1497476 33 38 29  1  0  0
64  9 120092 2879672 2287652 182142780    0    0 273280 185268 285293 1512149 33 38 28  1  0  0
 6  4 120092 2878908 2287652 182143536    0    0 276672 183480 273402 1486733 33 37 28  1  0  0
71  1 120092 2878440 2287652 182144336    0    0 288928 186572 262988 1457629 32 37 29  2  0  0
28  1 120092 2877996 2287652 182144956    0    0 271776 190020 274409 1494498 33 38 28  1  0  0
111  0 120092 2875720 2287652 182145664    0    0 264384 164680 261129 1484978 32 39 28  1  0  0
 4  0 120092 2882380 2287652 182146260    0    0 280656 190364 269225 1468780 32 38 28  1  0  0
14  0 120092 2879852 2287652 182147096    0    0 301344 195560 269361 1468532 32 37 29  2  0  0
16  1 120092 2875720 2287652 182148016    0    0 289840 189964 274307 1471686 33 36 29  1  0  0
62  3 120092 2872808 2287652 182148664    0    0 283888 181108 264555 1470321 31 38 30  1  0  0
32  5 120092 2876644 2287652 182149444    0    0 286112 180576 266452 1472938 32 38 28  1  0  0
111  1 120092 2880984 2287652 182150316    0    0 282464 191184 262884 1445759 32 38 29  1  0  0
108  8 120092 2879208 2287652 182150864    0    0 280000 194152 266110 1453427 31 39 29  2  0  0
 2  4 120092 2879048 2287652 182151680    0    0 287872 187500 269680 1475154 33 38 28  2  0  0
32  0 120092 2879860 2287652 182152532    0    0 290672 191652 271759 1476682 32 39 28  1  0  0
62  0 120092 2879488 2287652 182153080    0    0 268064 178888 265931 1469759 32 39 28  1  0  0
 8  0 120092 2876832 2287652 182153872    0    0 288896 185616 259330 1460085 31 39 28  1  0  0
52  2 120092 2878588 2287652 182154484    0    0 284848 193988 270232 1479467 32 38 29  2  0  0
procs -----------memory---------- ---swap-- -----io---- -system-- -------cpu-------
 r  b   swpd   free   buff  cache   si   so    bi    bo   in   cs us sy id wa st gu
53  0 120092 2876836 2287652 182155320    0    0 294832 183788 261794 1457933 31 39 29  2  0  0
47  3 120092 2876964 2287652 182156132    0    0 279888 176636 252273 1449928 31 39 29  1  0  0
49  4 120092 2878804 2287652 182156748    0    0 287280 187000 264496 1462935 32 38 29  2  0  0
67  2 120092 2875676 2287652 182157560    0    0 307168 192356 264211 1447391 32 37 30  1  0  0
30  0 120092 2877892 2287652 182158396    0    0 285472 187596 261367 1461913 32 39 28  1  0  0
 2  0 120092 2879864 2287652 182158984    0    0 261056 170356 262534 1485178 31 40 28  1  0  0
21 32 120092 2879200 2287652 182159720    0    0 277040 175216 267323 1469667 31 38 29  2  0  0
24 18 120092 2873600 2287652 182160620    0    0 298880 201004 276195 1480081 32 38 28  2  0  0
46 21 120092 2869932 2287652 182161204    0    0 292784 193836 268724 1472841 32 39 28  1  0  0
130  5 120092 2875532 2287652 182162004    0    0 279696 180036 257307 1456213 31 39 29  1  0  0
172  6 120092 2875372 2287652 182162612    0    0 278592 176100 253542 1445510 31 39 29  1  0  0
82  2 120092 2873172 2287652 182163428    0    0 289792 180136 256916 1447299 32 38 29  1  0  0
96  2 120092 2871344 2287652 182164204    0    0 275280 174808 266020 1481949 32 38 28  1  0  0
109  8 120092 2867512 2287656 182164780    0    0 283216 194276 272117 1482316 32 39 28  1  0  0
72  2 120092 2865364 2287656 182165544    0    0 263376 165972 268727 1479111 31 40 28  1  0  0
35  1 120092 2868032 2287656 182166436    0    0 301136 185800 260150 1453408 31 38 29  1  0  0
116  0 120092 2867084 2287656 182167016    0    0 283776 180184 258399 1456086 32 38 29  1  0  0
76  0 120092 2864016 2287656 182167856    0    0 281792 180420 265493 1474917 32 39 28  1  0  0
30  1 120092 2861044 2287656 182168620    0    0 276560 180012 260726 1470943 32 38 28  1  0  0
38  7 120092 2856088 2287656 182169284    0    0 295568 182364 265022 1464355 32 38 29  1  0  0
45  0 120092 2855632 2287656 182170108    0    0 287680 189220 264258 1467137 32 39 28  1  0  0
procs -----------memory---------- ---swap-- -----io---- -system-- -------cpu-------
 r  b   swpd   free   buff  cache   si   so    bi    bo   in   cs us sy id wa st gu
11  0 120092 2854432 2287656 182170736    0    0 285472 195504 267005 1470405 32 38 29  1  0  0
68  4 120092 2856660 2287656 182171452    0    0 254208 166592 251006 1441347 31 39 30  1  0  0
39  0 120092 2856960 2287656 182172340    0    0 297616 193852 261149 1458052 32 38 29  1  0  0
54  6 120092 2854896 2287656 182172896    0    0 291424 192240 267816 1467341 32 37 29  1  0  0
 5  0 120092 2851236 2287656 182173760    0    0 283632 182388 265155 1474171 33 38 28  1  0  0
113  3 120092 2848104 2287656 182174564    0    0 280432 190752 266359 1467612 32 38 29  1  0  0
36  6 120092 2851068 2287656 182175236    0    0 309856 193464 265672 1456129 33 38 28  2  0  0
79  2 120092 2853240 2287656 182176052    0    0 307456 198976 270856 1459593 32 38 29  2  0  0
46  2 120092 2854256 2287656 182176908    0    0 289280 201072 275550 1465956 32 37 30  1  0  0
 7  3 120092 2850812 2287656 182177560    0    0 291072 194152 281437 1485068 33 37 29  1  0  0
 1  2 120092 2853096 2287656 182178348    0    0 273824 179608 267531 1468926 32 37 29  1  0  0
57  0 120092 2849892 2287656 182178948    0    0 283056 184580 266641 1480747 33 38 28  1  0  0
10  0 120092 2846572 2287656 182179692    0    0 275696 181960 262750 1462196 31 38 29  1  0  0
125  0 120092 2845292 2287656 182180520    0    0 283984 181580 258857 1457849 31 39 29  1  0  0
92  4 120092 2844084 2287656 182181140    0    0 290688 186092 271054 1473276 32 38 29  1  0  0
86 10 120092 2840472 2287656 182181944    0    0 278928 190976 277236 1495853 32 38 28  1  0  0
144  0 120092 2838376 2287656 182182768    0    0 283232 194080 276618 1484625 32 38 29  1  0  0
36  3 120092 2838892 2287656 182183400    0    0 276784 171232 260914 1477100 31 40 27  1  0  0
90  3 120092 2838172 2287656 182184172    0    0 277088 169860 259926 1459584 31 39 29  1  0  0
30  1 120092 2833952 2287656 182184948    0    0 275840 200008 260212 1464414 31 38 29  1  0  0
77  0 120092 2834804 2287656 182185536    0    0 274288 166772 253233 1466260 31 39 29  1  0  0
procs -----------memory---------- ---swap-- -----io---- -system-- -------cpu-------
 r  b   swpd   free   buff  cache   si   so    bi    bo   in   cs us sy id wa st gu
110  1 120092 2835428 2287656 182186384    0    0 291376 184072 261245 1462760 32 38 29  1  0  0
126  0 120092 2836780 2287656 182186992    0    0 292944 185304 263032 1463655 33 37 29  1  0  0
10  0 120092 2833420 2287656 182187832    0    0 283824 180784 260495 1460910 31 39 29  1  0  0
 6  2 120092 2834444 2287656 182188616    0    0 284592 205188 272264 1457572 32 37 29  1  0  0
10  0 120092 2835052 2287656 182189188    0    0 261696 176912 273204 1489303 32 40 27  1  0  0
28  0 120092 2837528 2287656 182190048    0    0 299264 191700 260390 1453528 32 37 29  1  0  0
85  3 120092 2834864 2287656 182190840    0    0 293280 190204 270901 1468689 33 37 28  2  0  0
23  0 120092 2831956 2287656 182191464    0    0 286576 179012 255850 1450948 31 39 28  2  0  0
104  6 120092 2829880 2287656 182192304    0    0 275232 179820 259164 1451072 31 38 29  1  0  0
80  9 120092 2823924 2287656 182193080    0    0 275632 185660 257005 1446584 31 39 29  1  0  0
67  0 120092 2818372 2287656 182193656    0    0 260720 162136 257252 1475611 31 40 28  1  0  0
47 10 120092 2809752 2287656 182194520    0    0 298576 189640 266822 1471004 32 38 29  1  0  0
10  0 120092 2805300 2287656 182195168    0    0 292032 185596 264334 1464758 33 37 29  1  0  0
38  2 120092 2758052 2287656 182195916    0    0 303040 188372 260917 1442385 31 38 29  1  0  0
149  0 120092 2755668 2287656 182196832    0    0 292944 176944 255381 1440339 30 39 29  2  0  0
39  0 120092 2754800 2287656 182197456    0    0 283856 183804 258566 1449158 33 37 29  1  0  0
133  0 120092 2752016 2287656 182198224    0    0 272592 185860 268837 1471258 32 38 28  1  0  0
36  1 120092 2745384 2287656 182199016    0    0 287712 185036 262091 1467106 32 38 28  1  0  0
55  1 120092 2742224 2287656 182199708    0    0 292912 180452 260166 1447150 32 37 29  1  0  0
68  0 120092 2740596 2287656 182200516    0    0 281872 180660 260592 1452621 31 38 29  1  0  0
 7  1 120092 2738376 2287656 182201124    0    0 276432 186004 267430 1465087 33 38 28  1  0  0
procs -----------memory---------- ---swap-- -----io---- -system-- -------cpu-------
 r  b   swpd   free   buff  cache   si   so    bi    bo   in   cs us sy id wa st gu
 2  0 120092 2742964 2287656 182201852    0    0 276384 177008 260053 1460976 31 39 29  1  0  0
25  0 120092 2743396 2287656 182202708    0    0 300928 189740 267912 1473558 32 38 28  1  0  0
64  2 120092 2740016 2287656 182203308    0    0 274336 180420 264774 1467267 32 39 28  1  0  0
137  0 120092 2734820 2287656 182204052    0    0 266480 183216 267969 1480684 32 39 28  1  0  0
120 11 120092 2732076 2287656 182204816    0    0 285664 182328 265205 1467053 32 39 28  1  0  0
77  2 120092 2733140 2287656 182205452    0    0 269952 186804 275838 1494015 33 38 28  1  0  0
86 12 120092 2733724 2287656 182206240    0    0 277424 177552 264205 1474869 32 39 28  1  0  0
61  5 120092 2733072 2287656 182207000    0    0 282864 181264 274208 1473586 33 37 28  1  0  0
 7  0 120092 2782152 2287656 182207620    0    0 278464 186248 259370 1449183 32 38 29  1  0  0
43  0 120092 2780788 2287656 182208416    0    0 277792 167812 254493 1467654 31 39 29  1  0  0
 7  0 120092 2778428 2287656 182209032    0    0 280640 176324 254927 1460251 32 38 29  1  0  0
103  1 120092 2778968 2287656 182209836    0    0 274784 174012 254681 1468666 32 39 28  1  0  0
35  0 120092 2777296 2287656 182210644    0    0 306816 198000 273110 1481079 33 37 28  2  0  0
11  0 120092 2770824 2287656 182211304    0    0 268880 184280 266487 1474460 32 37 29  1  0  0
 7  9 120092 2774136 2287656 182212072    0    0 289632 185808 263754 1470702 33 38 29  1  0  0
65  1 120092 2771848 2287656 182212840    0    0 287616 189288 259682 1458122 31 38 30  1  0  0
38  6 120092 2770364 2287656 182213532    0    0 290064 186300 270779 1475589 33 37 28  1  0  0
28  1 120092 2769124 2287656 182214332    0    0 288912 198552 269024 1459302 32 38 29  2  0  0
82  4 120092 2763700 2287660 182215016    0    0 275808 181080 267491 1485324 32 39 28  1  0  0
46  2 120092 2759984 2287660 182215756    0    0 285024 188208 272431 1474444 32 38 28  1  0  0
71 14 120092 2764884 2287660 182216508    0    0 278816 182164 279834 1500819 32 39 28  1  0  0
procs -----------memory---------- ---swap-- -----io---- -system-- -------cpu-------
 r  b   swpd   free   buff  cache   si   so    bi    bo   in   cs us sy id wa st gu
131  0 120092 2766216 2287660 182217144    0    0 295456 196400 278072 1489629 33 37 29  1  0  0
55  2 120092 2760432 2287660 182217952    0    0 273824 200252 261248 1450686 32 37 30  1  0  0
89  0 120092 2767080 2287660 182218788    0    0 310032 200756 268722 1455112 32 36 29  2  0  0
101  4 120092 2758268 2287660 182219464    0    0 286096 179444 265164 1464964 33 37 29  1  0  0
51  2 120092 2757384 2287660 182220212    0    0 278672 180768 264225 1458987 32 39 29  1  0  0
79  0 120092 2758916 2287660 182220904    0    0 268992 183908 267875 1475668 31 39 28  1  0  0
16  1 120092 2757796 2287660 182221628    0    0 297584 182528 270404 1474745 32 38 29  2  0  0
60  0 120092 2758740 2287660 182222416    0    0 295408 193936 282472 1500716 33 37 28  2  0  0
101  0 120092 2761112 2287660 182223132    0    0 269712 171840 266849 1480812 31 40 28  1  0  0
11  0 120092 2757868 2287660 182223904    0    0 300032 207552 270694 1464928 32 38 29  2  0  0
65  1 120092 2751288 2287660 182224648    0    0 277328 173708 257656 1453287 31 38 29  1  0  0
40 10 120092 2749336 2287660 182225300    0    0 270768 167680 253417 1448684 30 39 29  1  0  0
92  4 120092 2748668 2287660 182226040    0    0 272784 172820 256847 1464407 31 39 29  1  0  0
95 11 120092 2747140 2287660 182226764    0    0 277728 170940 260886 1476027 31 40 27  1  0  0
83  0 120092 2746712 2287660 182227452    0    0 286624 178724 254825 1450830 31 39 29  2  0  0
77 15 120092 2750276 2287660 182228244    0    0 292208 192324 264729 1457356 31 38 29  2  0  0
84  4 120092 2747588 2287660 182229012    0    0 305008 197872 272377 1467722 31 38 29  2  0  0
47  1 120092 2742544 2287660 182229764    0    0 299280 203516 268427 1461723 33 37 29  1  0  0
120  0 120092 2737836 2287660 182230568    0    0 297216 201988 273694 1465884 33 36 29  2  0  0
125  2 120092 2739988 2287660 182231268    0    0 273264 166848 260698 1479036 32 38 28  1  0  0
35  0 120092 2739292 2287660 182231980    0    0 271872 178408 267687 1478843 32 39 28  1  0  0
procs -----------memory---------- ---swap-- -----io---- -system-- -------cpu-------
 r  b   swpd   free   buff  cache   si   so    bi    bo   in   cs us sy id wa st gu
65  1 120092 2735740 2287660 182232672    0    0 280208 185604 250703 1431150 30 38 30  1  0  0
72  2 120092 2736364 2287660 182233416    0    0 293616 172116 268427 1481346 32 38 28  1  0  0
19  1 120092 2734092 2287660 182234148    0    0 289984 194024 265368 1458071 32 37 30  1  0  0
48  4 120092 2728724 2287660 182234928    0    0 287344 191248 277273 1490211 33 38 28  1  0  0
103 13 120092 2725408 2287660 182235680    0    0 307008 202616 276629 1464787 33 36 29  2  0  0
69  3 120092 2723120 2287660 182236576    0    0 314672 197392 266961 1439072 32 35 30  2  0  0
164 18 120092 2725264 2287660 182237356    0    0 298320 203700 259307 1432173 31 37 30  2  0  0
74  5 120092 2724996 2287660 182238040    0    0 266336 168844 263593 1485479 32 39 27  1  0  0
42  1 120092 2723060 2287660 182238784    0    0 302304 205352 275578 1476715 32 38 28  2  0  0
74  1 120092 2716888 2287660 182239604    0    0 281552 187404 267944 1444026 32 38 29  1  0  0
35  4 120092 2718184 2287660 182240296    0    0 274448 179488 271020 1473857 32 39 28  1  0  0
 4  0 120092 2715868 2287660 182240976    0    0 289296 209976 270573 1454533 32 37 29  1  0  0
26  1 120092 2718564 2287660 182241772    0    0 280640 180300 273410 1475842 33 37 29  1  0  0
32  1 120092 2716128 2287660 182242556    0    0 297792 191024 262502 1453153 32 38 29  2  0  0
121  6 120092 2716224 2287660 182243228    0    0 270640 176308 259025 1465981 31 40 28  1  0  0
62  4 120092 2712240 2287660 182243968    0    0 285472 192552 269887 1462996 32 38 29  1  0  0
66  1 120092 2715472 2287664 182244684    0    0 284912 187412 261597 1439148 31 38 29  1  0  0
48  5 120092 2714272 2287664 182245408    0    0 286496 178412 273385 1487428 31 39 28  1  0  0
64  6 120092 2712004 2287664 182246168    0    0 276848 180404 271326 1480062 31 39 28  1  0  0
114  3 120092 2716496 2287664 182246832    0    0 281344 190192 264390 1463833 31 39 29  1  0  0
92 14 120092 2715956 2287664 182247592    0    0 274912 179964 260131 1453197 31 38 30  1  0  0
procs -----------memory---------- ---swap-- -----io---- -system-- -------cpu-------
 r  b   swpd   free   buff  cache   si   so    bi    bo   in   cs us sy id wa st gu
69 10 120092 2714504 2287664 182248288    0    0 276944 171716 260227 1461629 32 39 28  1  0  0
85  1 120092 2716200 2287664 182249032    0    0 285008 192044 270631 1461436 33 37 29  1  0  0
152 14 120092 2714652 2287664 182249820    0    0 301792 199140 274712 1475352 32 38 28  2  0  0
56  1 120092 2713476 2287664 182250512    0    0 264512 193316 267469 1464243 33 37 29  1  0  0
66  7 120092 2718784 2287664 182251244    0    0 309696 189080 272393 1476806 33 37 28  2  0  0
12  0 120092 2715932 2287664 182252052    0    0 284560 203572 268824 1468591 33 38 29  1  0  0
56  5 120092 2715044 2287664 182252760    0    0 279616 183932 262647 1466600 32 38 29  1  0  0
129  1 120092 2719856 2287664 182253480    0    0 283792 195704 267060 1449510 32 37 30  1  0  0
41  1 120092 2717488 2287664 182254212    0    0 295552 175768 265535 1457527 33 37 29  1  0  0
23  2 120092 2717000 2287664 182254956    0    0 264992 179920 268025 1483196 32 38 29  1  0  0
30  5 120092 2718692 2287664 182255744    0    0 295792 200524 264567 1449890 32 37 30  1  0  0
35  8 120092 2715432 2287664 182256476    0    0 287552 196924 275412 1476817 32 38 28  2  0  0
82 11 120092 2723020 2287664 182257160    0    0 285408 185776 262350 1448678 32 39 28  1  0  0
84  1 120092 2723396 2287664 182257932    0    0 284704 186900 281402 1493451 33 38 29  1  0  0
98 11 120092 2722620 2287664 182258636    0    0 284416 203488 279796 1477248 32 37 29  1  0  0
29  0 120092 2721976 2287664 182259408    0    0 289584 179332 264007 1449492 31 38 30  1  0  0
50  0 120092 2725468 2287664 182260176    0    0 280720 179100 261418 1464239 32 38 29  1  0  0
114  5 120092 2728064 2287664 182260872    0    0 268736 178068 257207 1462965 32 39 29  1  0  0
61  1 120092 2734400 2287664 182261588    0    0 282976 172820 268958 1477827 33 39 28  1  0  0
130 10 120092 2737596 2287664 182262308    0    0 287632 195264 263550 1448073 31 39 29  2  0  0
98  7 120092 2736684 2287664 182263036    0    0 312496 196300 273239 1470198 32 38 28  2  0  0
procs -----------memory---------- ---swap-- -----io---- -system-- -------cpu-------
 r  b   swpd   free   buff  cache   si   so    bi    bo   in   cs us sy id wa st gu
77 10 120092 2738476 2287664 182263872    0    0 276464 179772 263351 1469358 32 38 29  1  0  0
113  1 120092 2741580 2287664 182264544    0    0 276800 199556 276989 1482274 32 38 29  1  0  0
35  0 120092 2743812 2287664 182265256    0    0 274160 182548 261717 1446688 31 37 30  1  0  0
52  5 120092 2741148 2287664 182266024    0    0 294976 181196 270223 1479753 33 37 28  1  0  0
69  8 120092 2740656 2287664 182266728    0    0 279296 185148 263059 1468118 31 39 28  1  0  0
44  8 120092 2748164 2287664 182267420    0    0 264016 155812 257651 1460946 31 39 28  1  0  0
46  0 120092 2745964 2287664 182268096    0    0 272480 190900 270805 1474111 32 39 28  1  0  0
48  0 120092 2752620 2287664 182268884    0    0 294576 182976 263601 1467006 32 38 28  2  0  0
43  5 120092 2758760 2287664 182269624    0    0 299456 207024 271709 1468073 32 38 29  2  0  0
130  0 120092 2765944 2287664 182270432    0    0 293520 184756 267237 1457973 32 37 29  1  0  0
76  1 120092 2765308 2287664 182271176    0    0 277552 192740 264841 1461867 32 37 30  1  0  0
22  0 120092 2761900 2287664 182271900    0    0 278160 174504 258252 1448803 31 38 29  1  0  0
56  1 120092 2760052 2287664 182272604    0    0 281408 184236 268540 1470177 32 38 28  1  0  0
87  7 120092 2762180 2287664 182273348    0    0 270736 175640 253750 1450128 31 40 28  1  0  0
113  3 120092 2760068 2287664 182274048    0    0 279248 172840 263728 1479096 32 39 28  1  0  0
82  1 120092 2757824 2287664 182274716    0    0 270752 189676 274310 1488008 33 38 28  1  0  0
38  0 120092 2757824 2287664 182275436    0    0 269904 183152 267115 1475912 32 39 28  1  0  0
50  9 120092 2764028 2287664 182276124    0    0 278944 190480 275767 1491421 33 38 28  2  0  0
103  3 120092 2762856 2287664 182276880    0    0 294800 192376 272449 1479673 33 37 29  1  0  0
128 13 120092 2759396 2287664 182277608    0    0 275536 192852 273299 1480567 33 37 28  1  0  0
50  4 120092 2760312 2287664 182278332    0    0 271408 178456 257298 1452197 31 39 29  1  0  0
procs -----------memory---------- ---swap-- -----io---- -system-- -------cpu-------
 r  b   swpd   free   buff  cache   si   so    bi    bo   in   cs us sy id wa st gu
99  1 120092 2760504 2287664 182279072    0    0 280672 172372 268216 1487769 32 39 27  1  0  0
54  1 120092 2757200 2287664 182279752    0    0 276992 189744 273165 1485084 32 38 28  1  0  0
67  5 120092 2756108 2287664 182280576    0    0 299232 198092 276013 1471762 32 38 28  1  0  0
135  2 120092 2753592 2287664 182281332    0    0 278464 187820 283748 1502605 33 37 28  1  0  0
48  4 120092 2747852 2287664 182282032    0    0 285872 194248 269239 1460862 30 39 30  1  0  0
126  2 120092 2749796 2287664 182282820    0    0 286240 186116 274402 1483454 32 38 28  1  0  0
80  4 120092 2750140 2287664 182283504    0    0 266384 159560 262184 1465306 32 39 28  1  0  0
22  2 120092 2749992 2287664 182284224    0    0 279696 184096 265025 1463608 32 37 29  1  0  0
15  0 120092 2748856 2287664 182284948    0    0 289408 181920 267179 1477932 33 38 28  1  0  0
151  1 120092 2748672 2287664 182285724    0    0 281728 201476 264474 1457465 31 39 29  1  0  0
61  3 120092 2750188 2287664 182286400    0    0 277232 178956 258061 1449260 31 39 29  1  0  0
47  2 120092 2749824 2287664 182287184    0    0 301216 193472 276351 1474739 32 37 29  1  0  0
85  4 120092 2748012 2287664 182287872    0    0 277968 185720 277507 1483740 32 38 29  1  0  0
72  1 120092 2749164 2287664 182288608    0    0 275312 198448 259841 1445772 31 37 30  1  0  0
71  1 120092 2743588 2287664 182289416    0    0 311584 180256 276137 1478338 33 37 29  1  0  0
29  1 120092 2742768 2287664 182290112    0    0 270144 180368 263944 1459941 32 38 29  1  0  0
69  0 120092 2748112 2287664 182290804    0    0 285792 206368 271068 1461240 32 38 29  2  0  0
97  0 120092 2752252 2287664 182291560    0    0 273136 176796 262241 1468626 31 39 29  1  0  0
139  4 120092 2753004 2287664 182292340    0    0 294944 194060 271881 1469711 32 38 29  1  0  0
14  0 120092 2746360 2287664 182293024    0    0 272528 181492 279743 1498252 32 39 28  1  0  0
135  0 120092 2743736 2287664 182293776    0    0 282128 183632 278365 1499813 33 37 28  1  0  0
procs -----------memory---------- ---swap-- -----io---- -system-- -------cpu-------
 r  b   swpd   free   buff  cache   si   so    bi    bo   in   cs us sy id wa st gu
59  0 120092 2742808 2287664 182294456    0    0 270896 179952 261497 1463169 31 39 29  1  0  0
12  0 120092 2741628 2287664 182295184    0    0 272032 167456 255384 1452981 31 40 28  1  0  0
49  3 120092 2742484 2287664 182295936    0    0 308048 191424 264412 1460184 32 38 29  2  0  0
16  0 120092 2743224 2287664 182296648    0    0 274160 173832 262643 1468048 32 38 28  1  0  0
73  5 120092 2745236 2287664 182297388    0    0 290272 204908 273489 1471737 33 37 29  1  0  0
20  0 120092 2744280 2287664 182298124    0    0 265088 184788 264484 1471284 31 39 29  1  0  0
100  3 120092 2743064 2287664 182298816    0    0 276816 171736 263493 1487064 32 39 28  1  0  0
69  0 120092 2741224 2287668 182299536    0    0 304768 200304 277982 1483666 33 38 27  2  0  0
101  1 120092 2737256 2287668 182300328    0    0 290880 188896 272904 1475448 32 38 28  2  0  0
49  1 120092 2737980 2287668 182301088    0    0 295632 189436 272122 1465910 33 37 29  2  0  0
76  0 120092 2733984 2287668 182301808    0    0 269232 182000 268099 1455359 32 37 29  1  0  0
87  8 120092 2731572 2287668 182302548    0    0 284608 185516 258130 1440145 31 37 30  1  0  0
13  0 120092 2731672 2287668 182303236    0    0 275328 185144 270341 1481814 32 39 27  1  0  0
65  0 120092 2734944 2287668 182303976    0    0 276896 187084 261526 1454094 31 38 29  1  0  0
114  2 120092 2734532 2287668 182304764    0    0 329040 195920 266819 1454498 32 38 28  2  0  0
13  0 120092 2734468 2287668 182305480    0    0 280224 181704 256871 1436763 31 38 30  1  0  0
62  0 120092 2736028 2287668 182306208    0    0 271184 191772 266608 1459863 32 38 29  1  0  0
45  3 120092 2732676 2287668 182306952    0    0 279552 186168 270058 1464891 32 37 29  1  0  0
22  3 120092 2729580 2287668 182307700    0    0 296896 184868 273986 1473069 33 37 28  2  0  0
40  0 120092 2731208 2287668 182308460    0    0 285888 201440 274342 1476937 32 37 29  1  0  0
26  0 120092 2730868 2287668 182309196    0    0 270576 192992 262768 1453035 32 38 29  1  0  0
procs -----------memory---------- ---swap-- -----io---- -system-- -------cpu-------
 r  b   swpd   free   buff  cache   si   so    bi    bo   in   cs us sy id wa st gu
46  1 120092 2727152 2287668 182309872    0    0 288816 171756 257717 1464613 31 39 29  1  0  0
86  1 120092 2728280 2287668 182310588    0    0 281040 174372 261553 1464006 32 38 28  2  0  0
77  1 120092 2727704 2287668 182311288    0    0 276912 178880 267687 1476428 32 38 29  1  0  0
73  4 120092 2726104 2287668 182312064    0    0 286448 193864 271152 1461192 32 38 29  2  0  0
81 11 120092 2727324 2287668 182312772    0    0 268624 175372 256184 1448243 31 38 30  1  0  0
37  1 120092 2725728 2287668 182313472    0    0 280752 189120 263568 1457113 31 38 29  1  0  0
89  0 120092 2724736 2287668 182314248    0    0 295584 184864 265930 1472484 33 37 29  2  0  0
70  0 120092 2722320 2287668 182314984    0    0 291472 194928 274706 1486875 33 38 28  2  0  0
36 10 120092 2718696 2287668 182315736    0    0 281664 189576 267525 1468041 32 38 29  1  0  0
29  0 120092 2715216 2287668 182316440    0    0 274480 189296 275029 1482839 33 38 28  1  0  0
90  6 120092 2712744 2287668 182317148    0    0 280672 179900 265282 1474720 32 38 28  1  0  0
40  0 120092 2712812 2287668 182317900    0    0 302896 199032 270077 1468557 32 37 29  2  0  0
165  1 120092 2712632 2287668 182318624    0    0 267344 205952 272972 1487127 32 37 29  1  0  0
59  1 120092 2711508 2287668 182319316    0    0 275024 169268 257828 1461589 31 39 29  1  0  0
127  9 120092 2719156 2287668 182320076    0    0 286384 179564 261603 1460723 31 39 28  2  0  0
111  2 120092 2718292 2287668 182320876    0    0 311616 195048 269873 1462546 32 38 29  1  0  0
50  8 120092 2717664 2287668 182321592    0    0 283536 204928 268599 1462372 31 38 29  2  0  0
46  1 120092 2715960 2287668 182322288    0    0 274464 188828 273901 1472470 32 37 29  1  0  0
16  0 120092 2719524 2287668 182323072    0    0 292032 190368 276368 1487235 33 38 28  2  0  0
22  0 120092 2717656 2287668 182323824    0    0 292176 196772 270870 1467645 33 37 29  1  0  0
86  1 120092 2715676 2287668 182324600    0    0 276912 186860 258032 1443860 32 37 29  1  0  0
procs -----------memory---------- ---swap-- -----io---- -system-- -------cpu-------
 r  b   swpd   free   buff  cache   si   so    bi    bo   in   cs us sy id wa st gu
64  7 120092 2715864 2287668 182325292    0    0 272512 170072 257908 1466525 31 39 28  1  0  0
31  3 120092 2716436 2287668 182326076    0    0 284560 172400 256109 1456305 30 40 29  1  0  0
44  2 120092 2717400 2287668 182326820    0    0 302480 190208 262957 1444275 31 38 29  1  0  0
 9  0 120092 2718104 2287668 182327548    0    0 272080 195200 271541 1470232 32 38 29  1  0  0
16  2 120092 2717172 2287668 182328248    0    0 279024 187652 264365 1461699 31 37 30  1  0  0
69  0 120092 2714040 2287672 182329016    0    0 289616 181388 267430 1473829 32 38 29  2  0  0
25  3 120092 2713308 2287672 182329780    0    0 301088 184764 265548 1458807 32 37 29  2  0  0
44  2 120092 2716368 2287672 182330532    0    0 296976 204704 273359 1473335 32 37 29  2  0  0
118  4 120092 2715148 2287672 182331284    0    0 287040 186620 261794 1440543 31 38 29  1  0  0
48  1 120092 2716100 2287672 182332008    0    0 277248 177056 256841 1447003 31 39 29  1  0  0
96  0 120092 2715628 2287672 182332756    0    0 320720 202688 264432 1445554 32 36 30  2  0  0
88  0 120092 2710928 2287672 182333528    0    0 295312 192112 267759 1462699 32 37 29  2  0  0
 8  1 120092 2710428 2287672 182334336    0    0 282992 195884 281053 1487976 33 37 28  1  0  0
43  6 120092 2708300 2287672 182335024    0    0 299392 190808 269192 1463609 32 37 29  1  0  0
42  0 120092 2709612 2287672 182335800    0    0 288768 202100 266020 1440352 31 38 29  2  0  0
11  0 120092 2708944 2287672 182336588    0    0 284512 195220 273741 1474702 33 37 28  1  0  0
68  7 120092 2710204 2287672 182337288    0    0 281136 181580 267215 1480068 32 39 28  1  0  0
16  0 120092 2708148 2287672 182337968    0    0 282592 192576 263894 1464692 32 38 29  1  0  0
81  0 120092 2706220 2287672 182338672    0    0 277760 174800 269463 1474443 33 38 28  2  0  0
100  4 120092 2710404 2287672 182339532    0    0 323920 217676 277210 1454242 32 37 29  2  0  0
44  2 120092 2710428 2287672 182340316    0    0 291120 202652 275116 1475603 33 37 29  2  0  0
procs -----------memory---------- ---swap-- -----io---- -system-- -------cpu-------
 r  b   swpd   free   buff  cache   si   so    bi    bo   in   cs us sy id wa st gu
21  1 120092 2711068 2287672 182341080    0    0 290672 180892 261600 1447505 31 38 29  2  0  0
41  5 120092 2708328 2287672 182341808    0    0 286048 188484 265773 1462875 32 38 28  1  0  0
37  0 120092 2706268 2287672 182342600    0    0 309456 209168 271677 1445109 33 36 29  2  0  0
42  0 120092 2706332 2287672 182343332    0    0 297824 186840 270434 1467410 32 38 28  2  0  0
60  1 120092 2693792 2287672 182344100    0    0 259136 186660 266965 1447385 31 38 30  1  0  0
84  9 120092 2688708 2287672 182344764    0    0 285392 171760 256493 1451765 32 38 29  1  0  0
60  1 120092 2678256 2287672 182345500    0    0 272688 176748 260983 1468005 32 38 29  1  0  0
68  1 120092 2672676 2287672 182346232    0    0 282528 177436 255378 1454838 31 39 29  2  0  0
36 14 120092 2669016 2287672 182346964    0    0 285088 186124 260108 1453500 31 38 29  2  0  0
48  1 120092 2666040 2287672 182347680    0    0 268448 178956 273703 1489137 33 38 28  1  0  0
156  5 120092 2666180 2287672 182348388    0    0 290992 199228 276211 1472268 32 38 29  2  0  0
121  0 120092 2660168 2287672 182349172    0    0 296368 190324 266588 1462583 32 37 29  2  0  0
47  1 120092 2654452 2287672 182349868    0    0 258288 177736 264365 1463339 31 39 29  1  0  0
66  1 120092 2653196 2287672 182350628    0    0 296480 193644 261239 1440426 31 38 30  1  0  0
63  0 120092 2650292 2287672 182351332    0    0 268512 169712 272828 1493594 32 39 28  1  0  0
176  3 120092 2647816 2287672 182352080    0    0 288048 204100 281410 1501049 33 38 28  1  0  0
18  9 120092 2646248 2287672 182352748    0    0 256816 176012 271715 1485755 31 40 28  1  0  0
34  0 120092 2646748 2287672 182353472    0    0 286384 177172 259477 1465103 31 39 28  2  0  0
100  4 120092 2645984 2287672 182354240    0    0 272432 167872 261339 1475067 31 40 27  1  0  0
85  1 120092 2643520 2287676 182355016    0    0 304672 192220 265037 1454146 32 38 29  2  0  0
83  0 120092 2645252 2287676 182355776    0    0 292448 198136 265341 1449055 32 37 30  2  0  0
procs -----------memory---------- ---swap-- -----io---- -system-- -------cpu-------
 r  b   swpd   free   buff  cache   si   so    bi    bo   in   cs us sy id wa st gu
55  4 120092 2640720 2287676 182356504    0    0 263984 185292 262518 1455773 31 38 29  1  0  0
76  0 120092 2641068 2287676 182357204    0    0 276992 173844 263825 1480930 32 39 28  1  0  0
13  0 120092 2640532 2287676 182357916    0    0 286864 182648 268292 1481706 33 38 28  1  0  0
89  7 120092 2640796 2287676 182358620    0    0 277216 182276 275209 1493770 32 39 28  1  0  0
64  1 120092 2640788 2287676 182359344    0    0 292192 187484 259041 1453667 31 38 29  1  0  0
77  6 120092 2636956 2287676 182360088    0    0 266688 170368 256804 1467585 31 39 29  1  0  0
35  3 120092 2635736 2287676 182360768    0    0 271600 171164 252369 1460922 31 40 28  1  0  0
60  1 120092 2633780 2287676 182361540    0    0 294672 184132 262422 1463359 32 38 28  2  0  0
87  0 120092 2629716 2287676 182362256    0    0 286368 198500 272599 1481672 32 38 29  1  0  0
95  7 120092 2630004 2287676 182363008    0    0 282336 187312 263402 1458713 32 38 28  1  0  0
42  2 120092 2628332 2287676 182363692    0    0 277792 173960 255729 1454156 31 39 28  1  0  0
66  4 120092 2625380 2287676 182364460    0    0 298752 190448 264114 1461848 32 38 29  1  0  0
88  2 120092 2623360 2287676 182365200    0    0 274576 190560 278508 1489863 33 38 28  1  0  0
39  1 120092 2971572 2287676 182021724    0    0 283632 181040 273389 1482192 33 37 28  1  0  0
35  1 120092 2969356 2287676 182021352    0    0 293520 200164 272625 1466483 32 37 29  2  0  0
83  6 120092 2969724 2287676 182022108    0    0 286704 193648 263460 1448074 32 37 30  1  0  0
46  0 120092 2967888 2287676 182022792    0    0 269840 178780 262350 1460693 32 39 29  1  0  0
63  2 120092 2967960 2287676 182023628    0    0 298448 185844 261963 1466078 33 37 29  1  0  0
62  1 120092 2963720 2287676 182024380    0    0 283824 183484 264034 1470728 32 38 29  1  0  0
103  1 120092 2963292 2287676 182025064    0    0 283472 183292 261021 1456815 31 39 29  1  0  0
44  1 120092 2958536 2287676 182025792    0    0 259472 188776 276045 1494502 33 38 28  1  0  0
procs -----------memory---------- ---swap-- -----io---- -system-- -------cpu-------
 r  b   swpd   free   buff  cache   si   so    bi    bo   in   cs us sy id wa st gu
24 27 120092 2958024 2287676 182026532    0    0 297776 186440 269544 1481325 33 38 28  1  0  0
48  0 120092 2957372 2287676 182027280    0    0 287968 182268 255520 1453247 31 39 29  2  0  0
102  5 120092 2954796 2287676 182028012    0    0 290880 184360 264739 1472094 33 37 28  2  0  0
41  0 120092 2954408 2287676 182028756    0    0 285712 182320 264694 1478708 32 39 28  1  0  0
94  4 120092 2951552 2287676 182029456    0    0 283344 187488 259113 1460061 30 39 29  1  0  0
88 11 120092 2951680 2287676 182030168    0    0 271024 185236 261167 1463194 32 38 29  1  0  0
30  3 120092 2949440 2287676 182030892    0    0 275648 176608 271452 1503570 33 39 27  1  0  0
127  2 120092 2947444 2287676 182031652    0    0 288848 190820 273185 1486088 33 38 28  1  0  0
89  2 120092 2954972 2287676 182032392    0    0 288112 190452 265480 1462069 32 37 29  1  0  0
81  2 120092 2938156 2287676 182033108    0    0 289952 184828 268183 1463574 32 38 29  1  0  0
93  0 120092 2944868 2287676 182033940    0    0 297472 178752 273179 1458044 33 36 30  2  0  0
59  4 120092 2948768 2287676 182034692    0    0 281840 222500 266598 1471712 32 38 29  2  0  0
19  5 120092 2951280 2287680 182035464    0    0 302976 191448 270462 1471843 33 38 28  1  0  0
151  0 120092 2950864 2287680 182036156    0    0 279136 182072 260648 1460199 32 39 29  1  0  0
77  4 120092 2949932 2287680 182036904    0    0 289856 189084 263924 1459181 32 38 29  1  0  0
78  2 120092 2946444 2287680 182037600    0    0 275280 168392 256632 1451904 31 39 29  1  0  0
39  2 120092 2947240 2287680 182038340    0    0 269520 177716 263776 1467092 32 39 28  1  0  0
117  0 120092 2945912 2287680 182039064    0    0 296576 172012 262900 1458512 32 38 28  2  0  0
174  7 120092 2946532 2287680 182039820    0    0 278096 209052 269548 1471210 33 37 29  1  0  0
68  6 120092 2942888 2287680 182040548    0    0 265072 178736 258232 1451835 31 39 29  1  0  0
 9  0 120092 2947236 2287680 182041260    0    0 296496 188764 264308 1462177 32 37 29  2  0  0
procs -----------memory---------- ---swap-- -----io---- -system-- -------cpu-------
 r  b   swpd   free   buff  cache   si   so    bi    bo   in   cs us sy id wa st gu
75  6 120092 2949520 2287680 182041972    0    0 300048 187728 270683 1472171 33 38 28  1  0  0
74  2 120092 2945188 2287680 182042760    0    0 287360 190580 268434 1476834 32 38 28  1  0  0
42  0 120092 2950332 2287680 182043520    0    0 278080 193688 269654 1463348 32 38 29  1  0  0
105  0 120092 2944508 2287680 182044196    0    0 275056 180952 267030 1476673 32 38 29  1  0  0
155  0 120092 2941536 2287680 182044924    0    0 270576 173732 262929 1473654 31 40 28  1  0  0
42  0 120092 2943988 2287680 182045632    0    0 289104 186176 274457 1486635 33 38 28  1  0  0
36  7 120092 2942512 2287680 182046388    0    0 287184 197112 269172 1455865 32 38 29  2  0  0
73  8 120092 2937540 2287680 182047196    0    0 297072 195232 268459 1461268 32 37 28  2  0  0
101  0 120092 2929920 2287680 182048008    0    0 281536 188820 271050 1477232 33 38 28  1  0  0
50  2 120092 2930228 2287680 182048744    0    0 267248 193188 273457 1470511 33 37 28  1  0  0
66 11 120092 2927316 2287680 182049512    0    0 296896 189348 270405 1460562 32 37 29  1  0  0
55 11 120092 2923224 2287680 182050292    0    0 288368 196024 285632 1486056 32 38 29  1  0  0
11  0 120092 2922896 2287680 182051032    0    0 291664 203796 280558 1475537 33 37 29  2  0  0
30 31 120092 2917616 2287680 182051760    0    0 268080 190444 268119 1467803 32 38 29  1  0  0
32  0 120092 2916544 2287680 182052560    0    0 291184 181952 269732 1470393 32 38 29  1  0  0
82  7 120092 2918568 2287680 182053300    0    0 285104 179308 261018 1471328 31 39 28  1  0  0
45  0 120092 2913880 2287680 182054008    0    0 289248 191008 269601 1465734 32 38 28  1  0  0
137  0 120092 2913044 2287680 182054812    0    0 310928 186728 266731 1456502 32 37 29  2  0  0
88  1 120092 2909856 2287680 182055600    0    0 276864 185884 268466 1461619 32 38 29  1  0  0
92  4 120092 2910108 2287680 182056388    0    0 304080 204344 272773 1456153 32 37 29  2  0  0
58  0 120092 2907300 2287680 182057128    0    0 304272 198072 269586 1466004 32 37 29  2  0  0
procs -----------memory---------- ---swap-- -----io---- -system-- -------cpu-------
 r  b   swpd   free   buff  cache   si   so    bi    bo   in   cs us sy id wa st gu
36  4 120092 2908172 2287680 182057892    0    0 284560 169952 263570 1459742 32 37 30  1  0  0
85  9 120092 2907352 2287680 182058708    0    0 300816 212792 261756 1460403 31 38 29  2  0  0
 8  5 120092 2906272 2287680 182059508    0    0 284016 185244 261700 1460258 32 38 29  1  0  0
27 30 120092 2908012 2287680 182060236    0    0 282240 188264 255285 1453406 32 38 29  1  0  0
62  0 120092 2910940 2287680 182061052    0    0 283808 169520 261197 1466970 31 38 29  1  0  0
36  0 120092 2912296 2287680 182061780    0    0 280272 181144 255730 1451073 31 39 29  1  0  0
107  2 120092 2910388 2287680 182062528    0    0 258064 139912 252211 1459626 31 39 29  1  0  0
40  5 120092 2912348 2287680 182063256    0    0 302528 225176 266563 1476811 33 37 29  2  0  0
66  9 120092 2912220 2287680 182064012    0    0 288608 188048 269326 1481508 32 38 28  1  0  0
116  5 120092 2914476 2287680 182064776    0    0 301584 197420 269150 1461480 32 37 29  1  0  0
 8  0 120092 2910904 2287680 182065568    0    0 276624 178968 262794 1466488 32 38 28  1  0  0
91  5 120092 2911640 2287680 182066316    0    0 282064 170844 263090 1467965 33 37 29  1  0  0
21 23 120092 2911052 2287680 182067016    0    0 270288 169212 253622 1453127 31 40 28  1  0  0
55  2 120092 2911952 2287680 182067812    0    0 321664 208784 270555 1460373 33 36 30  2  0  0
53  3 120092 2910188 2287680 182068696    0    0 292976 191252 262803 1453511 31 38 29  2  0  0
81  1 120092 2911040 2287680 182069504    0    0 310592 205776 269676 1466071 32 38 28  2  0  0
67 11 120092 2911388 2287680 182070248    0    0 279104 186380 268152 1474711 33 37 29  1  0  0
21  0 120092 2912916 2287680 182070980    0    0 255888 185888 262881 1469489 31 39 28  1  0  0
62  5 120092 2910676 2287680 182071720    0    0 280432 170180 271677 1491634 33 37 28  1  0  0
116 12 120092 2907388 2287680 182072512    0    0 295216 194552 267301 1463772 32 37 29  1  0  0
79  1 120092 2908360 2287680 182073272    0    0 303872 201992 266477 1458749 32 37 29  2  0  0
procs -----------memory---------- ---swap-- -----io---- -system-- -------cpu-------
 r  b   swpd   free   buff  cache   si   so    bi    bo   in   cs us sy id wa st gu
92  3 120092 2913648 2287680 182074056    0    0 264864 143340 261173 1464826 32 39 29  1  0  0
95 11 120092 2909008 2287680 182074800    0    0 281008 199948 261750 1482019 32 39 28  1  0  0
47  0 120092 2916452 2287680 182075572    0    0 296752 197876 270748 1462368 33 37 29  1  0  0
114  0 120092 2912964 2287680 182076320    0    0 298096 191968 266182 1474768 33 38 28  1  0  0
92  0 120092 2912792 2287680 182077084    0    0 294192 175208 264509 1449338 32 38 29  1  0  0
17  0 120092 2912468 2287680 182077868    0    0 276336 180984 257284 1436998 31 38 30  1  0  0
50  6 120092 2913192 2287680 182078648    0    0 279648 155896 261031 1457884 32 38 29  1  0  0
39  1 120092 2910868 2287680 182079364    0    0 270624 190144 254069 1469986 30 40 28  1  0  0
53  1 120092 2908500 2287680 182080076    0    0 295840 205284 264092 1461842 32 38 29  1  0  0
44  1 120092 2908032 2287680 182080848    0    0 296720 183488 267535 1482546 33 38 28  1  0  0
42  1 120092 2910932 2287680 182081660    0    0 291968 189968 268624 1454401 32 38 29  1  0  0
41  1 120092 2909524 2287680 182082464    0    0 311104 207092 271373 1466168 33 37 28  2  0  0
133  0 120092 2910032 2287680 182083280    0    0 287104 173304 269419 1470895 33 36 29  1  0  0
43  1 120092 2907340 2287680 182084040    0    0 281376 164008 259367 1447417 31 38 30  1  0  0
74  8 120092 2901984 2287680 182084824    0    0 300032 253024 276381 1492399 34 38 27  2  0  0
45  1 120092 2905316 2287680 182085580    0    0 276416 169804 266081 1473868 32 39 28  1  0  0
46  1 120092 2906332 2287680 182086348    0    0 287168 166788 258808 1452594 31 39 29  1  0  0
75  1 120092 2904076 2287680 182087100    0    0 269888 188732 259187 1466081 31 39 29  1  0  0
84  7 120092 2900644 2287680 182087844    0    0 291552 175096 264944 1467539 32 37 29  1  0  0
48  9 120092 2899228 2287680 182088596    0    0 276816 186596 268772 1481651 32 39 28  1  0  0
34 21 120092 2895820 2287680 182089412    0    0 296832 186992 265600 1465153 33 37 29  1  0  0
procs -----------memory---------- ---swap-- -----io---- -system-- -------cpu-------
 r  b   swpd   free   buff  cache   si   so    bi    bo   in   cs us sy id wa st gu
88 11 120092 2897196 2287680 182090096    0    0 272416 185648 267257 1472868 32 39 28  1  0  0
31  3 120092 2896132 2287680 182090800    0    0 267136 158416 256869 1452914 31 39 29  1  0  0
45  2 120092 2895824 2287680 182091560    0    0 299184 188772 271800 1470089 32 38 28  2  0  0
65  0 120092 2897328 2287680 182092356    0    0 309392 216172 272106 1458219 32 36 30  2  0  0
129  1 120092 2898404 2287680 182093120    0    0 287072 191144 275235 1462191 32 37 29  1  0  0
44  8 120092 2894612 2287680 182093824    0    0 259648 165332 259155 1443029 31 38 30  1  0  0
109  4 120092 2896048 2287680 182094580    0    0 281808 191124 269461 1482352 32 39 28  1  0  0
26  5 120092 2892636 2287680 182095416    0    0 303312 201172 262814 1442087 32 37 30  2  0  0
79  6 120092 2889880 2287680 182096136    0    0 290800 181476 269238 1462663 31 38 29  1  0  0
88  0 120092 2889540 2287680 182096896    0    0 271360 191840 270464 1468737 32 38 29  1  0  0
77  1 120092 2885096 2287680 182097616    0    0 271712 176188 269587 1476057 32 38 28  1  0  0
126  4 120092 2885184 2287680 182098404    0    0 287456 173740 259568 1461675 32 38 29  1  0  0
37  5 120092 2886072 2287680 182099156    0    0 285264 194436 266296 1454815 32 38 28  1  0  0
39  3 120092 2883812 2287680 182099872    0    0 268720 169964 254448 1453095 31 39 29  1  0  0
150  3 120092 2885992 2287680 182100664    0    0 300960 189892 269963 1472127 32 38 28  2  0  0
97  5 120092 2887292 2287680 182101404    0    0 306880 196772 277927 1474483 33 37 29  2  0  0
82  5 120092 2893308 2287680 182102192    0    0 275088 201228 266355 1461546 30 40 29  1  0  0
50  1 120092 2894432 2287680 182102944    0    0 276048 145172 260993 1456807 31 38 30  1  0  0
91  0 120092 2894528 2287680 182103684    0    0 271104 180620 267716 1478533 33 39 28  1  0  0
25  0 120092 2894784 2287680 182104412    0    0 274704 186648 261603 1481305 31 40 28  1  0  0
95 11 120092 2891144 2287680 182105148    0    0 283120 156524 258061 1451329 31 38 29  1  0  0
procs -----------memory---------- ---swap-- -----io---- -system-- -------cpu-------
 r  b   swpd   free   buff  cache   si   so    bi    bo   in   cs us sy id wa st gu
43  4 120092 2888660 2287680 182105968    0    0 302000 190640 270976 1471810 33 37 28  2  0  0
15  5 120092 2889404 2287680 182106716    0    0 296352 214844 266843 1457553 32 38 28  2  0  0
56  5 120092 2889784 2287680 182107488    0    0 299040 179888 262936 1450357 31 39 28  2  0  0
68  7 120092 2891624 2287680 182108232    0    0 285520 198860 272780 1482266 32 38 29  1  0  0
37  2 120092 2889344 2287680 182108952    0    0 278464 186236 268542 1464290 32 38 30  1  0  0
42  1 120092 2886532 2287680 182109692    0    0 280192 178548 263528 1479613 32 39 28  1  0  0
66  7 120092 2885728 2287680 182110544    0    0 298112 183488 261260 1456619 31 39 29  1  0  0
50  0 120092 2886152 2287680 182111304    0    0 282336 180464 267852 1460075 32 38 29  1  0  0
42  6 120092 2884720 2287680 182111996    0    0 284592 223124 270244 1470593 32 37 29  1  0  0
35  0 120092 2884512 2287680 182112772    0    0 285520 172160 260668 1462678 32 39 28  2  0  0
57  2 120092 2884724 2287680 182113576    0    0 279728 170296 255600 1451266 32 38 29  1  0  0
44  1 120092 2881764 2287680 182114320    0    0 275104 179924 258490 1466844 32 38 28  1  0  0
121  0 120092 2883572 2287680 182115072    0    0 284128 171956 259717 1450454 31 38 29  1  0  0
56  4 120092 2884472 2287680 182115828    0    0 273200 200396 271499 1492975 33 39 27  1  0  0
36  2 120092 2881012 2287680 182116556    0    0 279760 185896 270516 1475130 32 38 28  1  0  0
114  9 120092 2877708 2287680 182117304    0    0 285136 172884 262674 1460254 32 39 28  1  0  0
12  0 120092 2875560 2287680 182118076    0    0 292208 182736 266924 1464055 32 38 29  1  0  0
62  2 120092 2873700 2287680 182118872    0    0 278224 190952 271660 1468893 31 39 29  1  0  0
57  2 120092 2874472 2287680 182119620    0    0 275840 193792 273059 1483892 33 38 28  1  0  0
99  1 120092 2877456 2287680 182120348    0    0 292736 182392 268215 1464617 32 37 29  1  0  0
67 11 120092 2875248 2287680 182121116    0    0 278016 204088 273144 1475630 32 38 29  1  0  0
procs -----------memory---------- ---swap-- -----io---- -system-- -------cpu-------
 r  b   swpd   free   buff  cache   si   so    bi    bo   in   cs us sy id wa st gu
43  5 120092 2872164 2287680 182121856    0    0 278288 180488 268021 1472798 31 39 29  1  0  0
106  4 120092 2869560 2287680 182122620    0    0 283776 177952 272802 1484122 33 37 29  1  0  0
22  0 120092 2868140 2287680 182123380    0    0 282240 165676 266218 1464964 32 38 29  1  0  0
101  7 120092 2867148 2287680 182124168    0    0 288336 202560 265349 1464286 32 39 28  1  0  0
17  1 120092 2872568 2287680 182124940    0    0 299872 180608 261934 1447122 31 38 29  1  0  0
95  1 120092 2871676 2287680 182125656    0    0 272736 189420 273953 1489053 33 38 28  1  0  0
71  2 120092 2868184 2287680 182126420    0    0 277264 197200 271391 1472536 33 38 28  1  0  0
72  1 120092 2865956 2287680 182127208    0    0 294848 174688 268179 1457520 32 37 29  1  0  0
65  5 120092 2862744 2287680 182128004    0    0 293280 213524 277971 1475453 32 37 29  2  0  0
69  0 120092 2857420 2287680 182128704    0    0 250576 162472 263440 1473501 31 40 29  1  0  0
47  2 120092 2853800 2287680 182129424    0    0 284016 159972 265452 1476088 32 39 28  1  0  0
163  4 120092 2851244 2287680 182130176    0    0 284656 191468 272207 1474966 32 38 28  2  0  0
33  7 120092 2853792 2287680 182130908    0    0 278608 182532 260090 1460548 31 38 29  1  0  0
93  2 120092 2854488 2287680 182131660    0    0 275888 168560 265494 1463659 32 38 29  1  0  0
64  1 120092 2855116 2287680 182132380    0    0 287296 201444 265343 1465982 32 38 29  1  0  0
 9  0 120092 2854312 2287680 182133140    0    0 294608 186956 272841 1479168 33 37 29  1  0  0
161  2 120092 2856676 2287680 182133880    0    0 274864 172764 261834 1460983 31 38 29  1  0  0
46  0 120092 2857524 2287680 182134656    0    0 272688 185484 268963 1476921 32 38 29  1  0  0
32  0 120092 2860344 2287680 182135368    0    0 279776 178024 264621 1478801 32 39 28  1  0  0
30  1 120092 2857844 2287680 182136088    0    0 271984 183140 268895 1474740 32 38 28  1  0  0
34  3 120092 2854196 2287680 182136828    0    0 282496 183560 266737 1475329 32 39 28  1  0  0
procs -----------memory---------- ---swap-- -----io---- -system-- -------cpu-------
 r  b   swpd   free   buff  cache   si   so    bi    bo   in   cs us sy id wa st gu
28  1 120092 2851516 2287680 182137544    0    0 282608 184300 263338 1465916 32 38 29  1  0  0
52  0 120092 2835148 2287680 182138308    0    0 279920 175804 260731 1453914 32 38 29  1  0  0
89 13 120092 2830220 2287680 182139128    0    0 301152 196032 266054 1450050 32 37 29  1  0  0
115  0 120092 2827332 2287680 182139848    0    0 268928 198964 269530 1484017 33 38 28  1  0  0
126  1 120092 2826076 2287680 182140604    0    0 281456 147184 263820 1466200 32 39 28  1  0  0
56  0 120092 2824876 2287680 182141360    0    0 283792 201988 271723 1487530 33 38 28  1  0  0
60  1 120092 2824504 2287680 182142084    0    0 281344 195960 266277 1468425 32 38 29  1  0  0
34  0 120092 2823104 2287680 182142824    0    0 282448 181296 267883 1469398 32 37 29  1  0  0
37  5 120092 2823664 2287680 182143548    0    0 286880 177468 265039 1466815 32 38 28  1  0  0
42  0 120092 2824780 2287680 182144308    0    0 290496 196184 267198 1474244 33 38 28  2  0  0
87  1 120092 2824836 2287684 182145112    0    0 278480 191068 265250 1467065 32 38 29  1  0  0
24  1 120092 2823288 2287684 182145816    0    0 276656 179832 266197 1467569 32 37 29  1  0  0
84  2 120092 2827236 2287684 182146556    0    0 283072 201412 256819 1456900 31 39 28  1  0  0
104 13 120092 2827336 2287684 182147364    0    0 288288 187400 266214 1465366 32 38 29  1  0  0
28 10 120092 2826092 2287684 182148092    0    0 289136 192844 270641 1475708 32 38 29  2  0  0
139  0 120092 2823856 2287684 182148836    0    0 278000 190640 264368 1468522 31 39 28  1  0  0
38  8 120092 2822116 2287684 182149700    0    0 318784 193660 267314 1463726 32 37 29  2  0  0
78  7 120092 2823820 2287684 182150420    0    0 284800 180408 264446 1455577 31 38 29  2  0  0
65  1 120092 2822116 2287684 182151184    0    0 291152 213148 263342 1441140 32 36 30  2  0  0
39  2 120092 2822616 2287684 182151936    0    0 285680 167164 271350 1471538 31 38 29  1  0  0
63  1 120092 2824604 2287684 182152700    0    0 282608 201392 267261 1467454 31 39 28  1  0  0
procs -----------memory---------- ---swap-- -----io---- -system-- -------cpu-------
 r  b   swpd   free   buff  cache   si   so    bi    bo   in   cs us sy id wa st gu
194  3 120092 2823652 2287684 182153432    0    0 265520 175480 269551 1493010 33 38 28  1  0  0
45  6 120092 2822252 2287684 182154168    0    0 304320 183744 270121 1475313 32 38 28  2  0  0
42  2 120092 2822644 2287684 182154976    0    0 295984 202216 265294 1463028 32 38 28  2  0  0
73  0 120092 2824580 2287684 182155712    0    0 278480 197172 271136 1475718 32 38 28  1  0  0
105  7 120092 2825464 2287684 182156496    0    0 279600 184612 266695 1474441 32 37 29  1  0  0
26 11 120092 2825836 2287684 182157308    0    0 311936 195788 273102 1463898 32 37 29  2  0  0
92  8 120092 2823632 2287684 182158044    0    0 284064 192448 273526 1476847 32 38 28  1  0  0
61  3 120092 2816552 2287684 182158788    0    0 278544 197792 264039 1456574 31 38 29  1  0  0
69  0 120092 2813972 2287684 182159612    0    0 287712 179764 263820 1451923 32 38 29  1  0  0
14  0 120092 2811352 2287684 182160372    0    0 283168 181892 268069 1467060 32 38 28  1  0  0
33  1 120092 2809712 2287684 182161096    0    0 281584 191632 268595 1463121 32 38 29  1  0  0
12  4 120092 2808012 2287684 182161860    0    0 298864 174140 275374 1479046 32 38 29  1  0  0
143 12 120092 2811128 2287684 182162616    0    0 295936 222192 283921 1492142 33 38 27  2  0  0
85  5 120092 2811488 2287684 182163408    0    0 298080 201756 275658 1478149 32 38 28  2  0  0
122 13 120092 2813524 2287684 182164196    0    0 286560 182400 263642 1457169 32 38 30  1  0  0
51  1 120092 2814748 2287684 182164992    0    0 287184 187908 260556 1443329 31 38 29  1  0  0
71 11 120092 2816500 2287684 182165740    0    0 289520 164068 256552 1449442 31 38 29  2  0  0
47  1 120092 2819180 2287684 182166480    0    0 278944 189028 266561 1459032 32 39 29  1  0  0
48  0 120092 2818600 2287684 182167276    0    0 291056 196260 265346 1467671 32 38 29  1  0  0
80  6 120092 2818228 2287684 182168056    0    0 295424 193100 263206 1441676 31 38 29  2  0  0
84 11 120092 2815972 2287684 182168776    0    0 276176 178416 265003 1452689 31 38 30  1  0  0
procs -----------memory---------- ---swap-- -----io---- -system-- -------cpu-------
 r  b   swpd   free   buff  cache   si   so    bi    bo   in   cs us sy id wa st gu
79  3 120092 2815688 2287684 182169536    0    0 276288 167760 270467 1483654 32 39 27  1  0  0
57  0 120092 2814224 2287684 182170212    0    0 266416 160216 260321 1463024 31 39 29  1  0  0
128  1 120092 2808140 2287684 182170968    0    0 292736 191360 267446 1452613 32 37 29  2  0  0
15 27 120092 2803816 2287684 182171776    0    0 281680 184772 270756 1491845 32 38 28  1  0  0
77 12 120092 2800404 2287684 182172476    0    0 272624 189476 265264 1464469 32 38 29  1  0  0
177  3 120092 2800872 2287684 182173216    0    0 280320 173240 262574 1462493 32 38 29  1  0  0
 9  0 120092 2803664 2287684 182173916    0    0 274720 163216 255008 1466994 31 40 28  1  0  0
88  5 120092 2801796 2287684 182174660    0    0 265568 181708 262018 1467578 31 39 28  1  0  0
46  2 120092 2802952 2287684 182175356    0    0 277632 166164 256380 1470527 31 40 28  1  0  0
14  0 120092 2800676 2287684 182176156    0    0 286880 193448 264393 1460136 32 38 29  1  0  0
99  1 120092 2804132 2287684 182176896    0    0 293680 188760 262236 1453528 32 38 29  1  0  0
 4  5 120092 2812068 2287684 182177676    0    0 298048 183816 256717 1432738 31 38 30  2  0  0
52  3 120092 2810012 2287684 182178448    0    0 283904 183224 268333 1461263 32 38 28  1  0  0
27  0 120092 2813024 2287688 182179168    0    0 265360 181556 262160 1460130 32 38 29  1  0  0
18  1 120092 2809948 2287688 182179920    0    0 284032 185704 268979 1485977 32 39 28  1  0  0
13  1 120092 2810084 2287688 182180720    0    0 311280 219232 271996 1456964 32 37 29  2  0  0
 2  0 120092 2810320 2287688 182181456    0    0 260736 166668 263394 1477253 31 39 29  1  0  0
78 11 120092 2804808 2287688 182182100    0    0 246432 160300 260852 1481072 31 39 29  1  0  0
 7  4 120092 2802232 2287692 182182796    0    0 279968 164884 264540 1482607 33 39 27  1  0  0
142  2 120092 2801236 2287692 182183644    0    0 294992 190880 269808 1474131 32 39 28  2  0  0
54  2 120092 2800512 2287692 182184340    0    0 284480 189904 262378 1451777 32 38 29  1  0  0
procs -----------memory---------- ---swap-- -----io---- -system-- -------cpu-------
 r  b   swpd   free   buff  cache   si   so    bi    bo   in   cs us sy id wa st gu
19  1 120092 2796608 2287692 182185056    0    0 259584 179116 272488 1488107 33 38 28  1  0  0
52  0 120092 2795652 2287692 182185792    0    0 280128 170476 262525 1474499 32 39 28  1  0  0
120 13 120092 2797348 2287692 182186540    0    0 270560 180216 256114 1451905 31 39 29  1  0  0
64  4 120092 2797916 2287692 182187268    0    0 290304 188640 270377 1470381 31 38 28  2  0  0
98  3 120092 2801576 2287692 182187948    0    0 267696 160560 266265 1492327 31 40 27  1  0  0
53  0 120092 2799708 2287692 182188708    0    0 278624 173000 266574 1473391 32 39 28  1  0  0
49 13 120092 2795160 2287692 182189456    0    0 283584 203916 272330 1458716 33 36 30  1  0  0
44  2 120092 2791932 2287692 182190220    0    0 285376 183116 265477 1467537 32 39 28  1  0  0
59  0 120092 2792216 2287692 182190996    0    0 287888 186772 264858 1462008 32 39 28  1  0  0
116  0 120092 2790388 2287692 182191756    0    0 285648 187384 268311 1475435 33 38 28  1  0  0
102  5 120092 2795072 2287692 182192484    0    0 285296 190856 269717 1473490 33 38 28  1  0  0
44  2 120092 2791480 2287692 182193192    0    0 263024 167148 256786 1466512 31 39 28  1  0  0
 2  4 120092 2787736 2287692 182193912    0    0 267424 178344 252449 1457107 31 39 29  1  0  0
 7  0 120092 2785440 2287692 182194672    0    0 300112 170084 257691 1449920 32 38 29  1  0  0
 2  0 120092 2782284 2287692 182195436    0    0 284464 190620 258773 1446735 31 39 29  1  0  0
67  4 120092 2782900 2287692 182196156    0    0 271392 189124 264118 1469048 32 38 29  1  0  0
79  1 120092 2780716 2287692 182196852    0    0 278288 158276 267194 1488218 33 39 28  1  0  0
14  1 120092 2778840 2287692 182197704    0    0 284752 194280 258589 1448671 31 38 30  1  0  0
94  1 120092 2781804 2287692 182198388    0    0 274208 181416 258284 1453536 31 39 29  1  0  0
42  0 120092 2778840 2287692 182199088    0    0 263584 153816 263906 1490492 32 40 27  1  0  0
60  1 120092 2775972 2287692 182199844    0    0 277584 188172 266916 1468369 32 38 29  1  0  0
procs -----------memory---------- ---swap-- -----io---- -system-- -------cpu-------
 r  b   swpd   free   buff  cache   si   so    bi    bo   in   cs us sy id wa st gu
44  1 120092 2772880 2287692 182200616    0    0 286016 189104 268195 1477961 32 38 28  1  0  0
29  0 120092 2770908 2287696 182201380    0    0 282240 194084 267570 1461894 32 37 30  1  0  0
112  0 120092 2766528 2287696 182202092    0    0 266128 166540 254830 1452745 31 39 28  1  0  0
34  0 120092 2764660 2287696 182202896    0    0 296976 176452 263194 1466662 32 38 29  1  0  0
109  5 120092 2765736 2287696 182203616    0    0 285728 194084 261929 1457587 32 38 29  1  0  0
38  0 120092 2765420 2287696 182204404    0    0 268208 178212 260312 1467706 32 38 29  1  0  0
72  1 120092 2761712 2287696 182205140    0    0 261488 161020 263794 1481566 31 39 29  1  0  0
185  0 120092 2764744 2287696 182205852    0    0 285792 191852 281192 1483880 32 37 29  1  0  0
35  1 120092 2763832 2287696 182206604    0    0 285696 183724 282180 1506542 33 38 27  2  0  0
111  0 120092 2762492 2287696 182207376    0    0 275760 195080 270287 1475692 33 37 29  1  0  0
66  2 120092 2758760 2287696 182208092    0    0 282272 178216 266460 1469987 32 38 29  1  0  0
98  1 120092 2743584 2287696 182208880    0    0 302288 207888 267032 1443928 32 37 29  2  0  0
98  2 120092 2732592 2287696 182209716    0    0 287088 179824 270114 1476283 33 37 28  1  0  0
119  0 120092 2726516 2287696 182210412    0    0 274864 181212 260986 1454018 30 40 29  1  0  0
15  7 120092 2731712 2287696 182211248    0    0 292464 186396 274277 1480596 32 37 29  2  0  0
136  1 120092 2727736 2287696 182211988    0    0 285840 192712 281350 1488696 33 37 29  1  0  0
42  0 120092 2727128 2287696 182212812    0    0 293232 207468 269874 1450016 32 37 29  2  0  0
34  0 120092 2732352 2287696 182213492    0    0 280336 169420 262402 1459715 32 38 29  1  0  0
56  2 120092 2728464 2287696 182214248    0    0 284784 185048 264635 1461605 32 38 29  1  0  0
56  4 120092 2730320 2287696 182214988    0    0 278352 206264 263237 1450276 32 38 29  1  0  0
110  0 120092 2732608 2287696 182215732    0    0 279056 174316 261031 1467482 32 37 29  1  0  0
procs -----------memory---------- ---swap-- -----io---- -system-- -------cpu-------
 r  b   swpd   free   buff  cache   si   so    bi    bo   in   cs us sy id wa st gu
52  1 120092 2729568 2287696 182216432    0    0 259072 162952 268484 1492809 33 39 27  1  0  0
94  0 120092 2729592 2287696 182217204    0    0 295536 189608 262756 1456840 31 38 29  2  0  0
25  0 120092 2729540 2287696 182217976    0    0 275712 187392 269160 1476407 32 39 28  1  0  0
85  1 120092 2728832 2287696 182218688    0    0 285344 185664 263500 1458701 32 38 28  1  0  0
101  0 120092 2731916 2287696 182219408    0    0 271984 177728 259473 1446750 30 38 30  1  0  0
50  4 120092 2734404 2287696 182220216    0    0 314096 192232 266022 1459032 32 38 29  2  0  0
118 17 120092 2731168 2287696 182220980    0    0 299536 209048 271333 1463006 33 37 29  2  0  0
105  0 120092 2728112 2287696 182221752    0    0 295168 208104 265243 1437087 31 37 30  1  0  0
