procs -----------memory---------- ---swap-- -----io---- -system-- -------cpu-------
 r  b   swpd   free   buff  cache   si   so    bi    bo   in   cs us sy id wa st gu
11  1 126748 28632040 2289120 146634960   51   81 285259 352656 149233   39 36  4 57  3  0  0
 4  1 126748 28627196 2289120 146641932    0    0 36832 286184 99370 52368  1  1 98  1  0  0
 5  1 126748 28624496 2289120 146642128    0    0 36320 279008 98755 50865  1  1 98  1  0  0
 5  1 126748 28624540 2289120 146642464    0    0 36688 271300 98371 51418  1  0 98  1  0  0
 7  0 126748 28641456 2289124 146642656    0    0 37424 263504 98679 52234  1  1 98  1  0  0
 4  2 126748 28637076 2289124 146642912    0    0 38032 259076 98453 51317  1  0 98  1  0  0
 2  1 126748 28639860 2289124 146643100    0    0 37440 259428 98490 52094  1  0 98  1  0  0
 5  0 126748 28650044 2289124 146643328    0    0 37472 260124 98549 49784  1  0 98  1  0  0
 2  2 126748 28655220 2289124 146643584    0    0 37056 252396 98011 50858  1  0 98  1  0  0
 2  2 126748 28659124 2289124 146643792    0    0 37664 246108 97737 50892  1  0 98  1  0  0
 0  2 126748 28669980 2289124 146644024    0    0 36736 236924 97231 51232  1  0 98  1  0  0
 3  1 126748 28672396 2289124 146644228    0    0 37040 243152 97450 50677  1  0 98  1  0  0
 2  2 126748 28676684 2289124 146644452    0    0 37360 237676 97061 50156  1  0 98  1  0  0
 3  1 126748 28685864 2289124 146644688    0    0 37264 235236 97003 50290  1  0 98  1  0  0
 0  1 126748 28685196 2289124 146644904    0    0 38592 224968 96725 50345  1  0 98  1  0  0
 5  0 126748 28682840 2289124 146645132    0    0 35616 232636 96302 51160  1  0 98  1  0  0
 3  2 126748 28687580 2289124 146645368    0    0 37040 231652 96656 50735  1  0 98  1  0  0
 0  3 126748 28687520 2289124 146645564    0    0 36816 223644 96596 49313  1  0 98  1  0  0
 3  1 126748 28686872 2289124 146645800    0    0 37248 228668 96943 50210  1  0 98  1  0  0
 5  0 126748 28687700 2289124 146646012    0    0 37856 226816 96782 50748  1  0 98  1  0  0
 2  2 126748 28690312 2289124 146646248    0    0 37408 223596 96751 48871  1  0 98  1  0  0
procs -----------memory---------- ---swap-- -----io---- -system-- -------cpu-------
 r  b   swpd   free   buff  cache   si   so    bi    bo   in   cs us sy id wa st gu
 0  2 126748 28692536 2289124 146646468    0    0 37696 221416 96778 49994  1  0 98  1  0  0
 2  2 126748 28693248 2289124 146646696    0    0 38176 226368 96984 50344  1  0 98  1  0  0
 2  2 126748 28694124 2289124 146646936    0    0 37488 219744 96455 49558  1  0 98  1  0  0
18  0 126748 28697944 2289124 146647156    0    0 36512 222456 96539 49054  1  0 98  1  0  0
 0  3 126748 28702864 2289124 146647356    0    0 38656 221000 97071 49850  1  0 98  1  0  0
 2  2 126748 28702180 2289124 146647584    0    0 37584 217964 96475 49711  1  0 98  1  0  0
 4  1 126748 28705492 2289132 146647824    0    0 37792 219244 96434 49653  1  0 98  1  0  0
 7  1 126748 28706752 2289132 146648048    0    0 37632 215948 96812 49796  1  1 98  1  0  0
 4  0 126748 28705340 2289132 146648276    0    0 37904 214036 96305 50076  1  0 98  1  0  0
13  1 126748 28706724 2289132 146648508    0    0 37360 212840 96560 48464  1  0 98  1  0  0
 4  1 126748 28711336 2289132 146648728    0    0 37728 216272 96283 48615  1  0 98  1  0  0
 1  2 126748 28710456 2289132 146648952    0    0 37184 215344 96177 48955  1  0 98  1  0  0
 6  1 126748 28709456 2289132 146649180    0    0 37744 152288 93614 45168  1  0 98  1  0  0
 2  2 126748 28710760 2289132 146649420    0    0 37648 160476 93875 45940  1  0 98  1  0  0
 2  1 126748 28717876 2289132 146649660    0    0 38112 155716 93749 46418  1  0 98  1  0  0
 2  1 126748 28720160 2289132 146649884    0    0 38544 162840 94131 46129  1  0 98  1  0  0
16  1 126748 28719712 2289132 146650120    0    0 38464 156972 93896 45906  1  0 98  1  0  0
 0  2 126748 28720888 2289132 146650340    0    0 38272 154560 93788 46278  1  0 98  1  0  0
 8  1 126748 28723848 2289132 146650576    0    0 38816 161236 94076 45833  1  0 98  1  0  0
 6  1 126748 28721528 2289132 146650808    0    0 39040 162232 94430 46270  1  0 98  1  0  0
 2  2 126748 28729884 2289132 146651028    0    0 39424 157244 94182 46251  1  0 98  1  0  0
procs -----------memory---------- ---swap-- -----io---- -system-- -------cpu-------
 r  b   swpd   free   buff  cache   si   so    bi    bo   in   cs us sy id wa st gu
 2  2 126748 28726628 2289132 146651284    0    0 39280 153052 93936 47022  1  0 98  1  0  0
 2  1 126748 28724008 2289132 146651520    0    0 38608 150608 93689 46244  1  0 98  1  0  0
 2  2 126748 28722616 2289132 146651744    0    0 39280 155192 93657 47125  1  0 98  1  0  0
 2  2 126748 28720476 2289132 146651980    0    0 39472 150564 93902 45387  1  0 98  1  0  0
 2  2 126748 28722020 2289132 146652212    0    0 39856 152548 93643 45508  1  0 98  1  0  0
 5  0 126748 28719964 2289132 146652452    0    0 39040 153792 93967 45189  1  0 98  1  0  0
 2  2 126748 28720664 2289132 146652684    0    0 39312 152180 93686 46946  1  0 98  1  0  0
 0  2 126748 28720028 2289132 146652944    0    0 38480 156484 94099 47751  1  0 98  1  0  0
 2  2 126748 28715996 2289132 146653192    0    0 38656 150796 93466 45554  1  0 98  1  0  0
 1  2 126748 28714412 2289132 146653424    0    0 38176 150364 93549 47051  1  0 98  1  0  0
 3  1 126748 28712084 2289132 146653652    0    0 38832 155084 93656 45669  1  0 98  1  0  0
 0  2 126748 28710336 2289132 146653892    0    0 38256 144888 93226 45583  1  0 98  1  0  0
 4  0 126748 28704360 2289132 146654116    0    0 38800 138968 92878 45662  1  0 98  1  0  0
 3  1 126748 28704248 2289132 146654360    0    0 38928 140040 93299 46108  1  0 98  1  0  0
 1  2 126748 28701596 2289132 146654596    0    0 39088 137000 93177 45653  1  0 98  1  0  0
 4  0 126748 28701460 2289132 146654832    0    0 39120 132144 92868 45073  1  0 98  1  0  0
 3  2 126748 28700484 2289132 146655060    0    0 38368 167252 94322 46780  1  0 98  1  0  0
 2  2 126748 28703160 2289132 146655272    0    0 34288 300680 99968 54986  1  0 98  1  0  0
 4  1 126748 28699304 2289132 146655488    0    0 35808 279256 98814 54341  1  1 98  1  0  0
 2  2 126748 28697904 2289132 146655728    0    0 36336 267388 98445 54123  1  0 98  1  0  0
 4  1 126748 28698424 2289132 146655968    4    0 35972 240000 97099 50622  1  0 98  1  0  0
procs -----------memory---------- ---swap-- -----io---- -system-- -------cpu-------
 r  b   swpd   free   buff  cache   si   so    bi    bo   in   cs us sy id wa st gu
 2  2 126748 28697992 2289132 146656280    0    0 38496 191620 95524 48565  1  0 98  1  0  0
 2  2 126748 28698424 2289132 146656504    0    0 36880 189168 94769 48246  1  0 98  1  0  0
 1  2 126748 28698516 2289260 146656720    0    0 38064 174024 94512 47123  1  0 98  1  0  0
 0  2 126748 28697872 2289260 146656956    0    0 38016 153048 93482 45043  1  0 98  1  0  0
 3  1 126748 28696876 2289260 146657188    0    0 38080 149524 93241 46383  1  0 98  1  0  0
 0  2 126748 28696624 2289264 146657412    0    0 37888 140288 92938 44290  1  0 98  1  0  0
 2  2 126748 28697576 2289264 146657652    0    0 39056 135116 92920 44281  1  0 98  1  0  0
 5  0 126748 28699596 2289264 146657892    0    0 39120 121308 92441 43447  1  0 98  1  0  0
 5  1 126748 28700828 2289264 146658116    0    0 38736 117540 92115 43552  1  0 98  1  0  0
 2  1 126748 28696904 2289264 146658356    0    0 39056 106688 91537 43377  1  0 98  1  0  0
 4  0 126748 28696100 2289264 146658584    0    0 38624 102308 91561 42167  1  0 98  1  0  0
 2  2 126748 28696576 2289264 146658820    0    0 39072 102852 91426 42770  1  0 98  1  0  0
 3  2 126748 28696088 2289388 146659052    0    0 39148 90292 90884 41914  1  0 98  1  0  0
 1  2 126748 28693424 2289388 146659280    0    0 38448 96368 91079 42927  1  0 98  1  0  0
 2  2 126748 28692916 2289388 146659528    0    0 39120 88848 90795 42642  1  0 98  1  0  0
 2  1 126748 28693016 2289392 146659752    0    0 38896 88808 90855 42624  1  0 98  1  0  0
 0  1 126748 28693604 2289392 146659988    0    0 38960 86640 90859 41923  1  0 98  1  0  0
 0  1 126748 28693044 2289392 146660228    0    0 39872 85344 90541 41818  1  0 98  1  0  0
 1  0 126748 28693200 2289392 146660464    0    0 38944 83344 90553 42627  1  0 98  1  0  0
 1  0 126748 28693848 2289392 146660700    0    0 39280 82144 90668 42197  1  0 98  1  0  0
 0  1 126748 28690616 2289396 146660944    0    0 39536 82276 90454 41671  1  0 98  1  0  0
procs -----------memory---------- ---swap-- -----io---- -system-- -------cpu-------
 r  b   swpd   free   buff  cache   si   so    bi    bo   in   cs us sy id wa st gu
 1  0 126748 28693912 2289396 146661172    0    0 38944 78824 90445 41483  1  0 98  1  0  0
 1  1 126748 28695540 2289396 146661408    0    0 39920 80548 90621 41410  1  0 98  1  0  0
 1  1 126748 28694684 2289396 146661640    0    0 40096 80044 90423 42475  1  0 99  1  0  0
 2  0 126748 28694320 2289396 146661884    0    0 40320 80468 90804 42182  1  0 98  1  0  0
 1  1 126748 28694016 2289396 146662124    0    0 39520 81688 90417 42229  1  0 98  1  0  0
 2  0 126748 28697332 2289396 146662352    0    0 39488 82228 90782 42317  1  0 98  1  0  0
 2  0 126748 28701376 2289396 146662604    0    0 39568 83800 90761 42065  1  0 98  1  0  0
 1  0 126748 28699588 2289396 146662840    0    0 39664 81424 90676 42363  1  0 98  1  0  0
 1  0 126748 28697200 2289396 146663064    0    0 40480 67052 89983 41766  1  0 98  1  0  0
 0  1 126748 28694624 2289396 146663300    0    0 40176 68932 90433 41509  1  0 98  1  0  0
 1  0 126748 28692564 2289396 146663548    0    0 40768 69108 90173 41766  1  0 98  1  0  0
 1  0 126748 28692652 2289396 146663828    0    0 39984 69664 90101 42148  1  0 98  1  0  0
 1  0 126748 28693560 2289396 146664072    0    0 39824 70076 90175 40508  1  0 98  1  0  0
 1  0 126748 28690424 2289396 146664300    0    0 40288 70440 90278 41950  1  0 98  1  0  0
 1  0 126748 28694964 2289396 146664548    0    0 39408 71260 90214 41312  1  0 98  1  0  0
 1  0 126748 28694956 2289396 146664816    0    0 40192 71328 90168 42634  1  0 98  1  0  0
 1  0 126748 28693596 2289396 146665068    0    0 40032 71300 90040 41769  1  0 98  1  0  0
 1  0 126748 28696380 2289396 146665300    0    0 40064 71832 90392 41593  1  0 98  1  0  0
 1  0 126748 28694680 2289396 146665540    0    0 40144 71992 90243 41226  1  0 98  1  0  0
 1  0 126748 28692476 2289396 146665796    0    0 39936 72312 90212 41718  1  0 98  1  0  0
 1  1 126748 28693764 2289396 146666048    0    0 39904 72856 90430 41180  1  0 98  1  0  0
procs -----------memory---------- ---swap-- -----io---- -system-- -------cpu-------
 r  b   swpd   free   buff  cache   si   so    bi    bo   in   cs us sy id wa st gu
 1  0 126748 28693132 2289396 146666276    0    0 40336 71780 90320 41072  1  0 98  1  0  0
 0  1 126748 28689360 2289396 146666516    0    0 40448 71728 90318 40889  1  0 98  1  0  0
 0  1 126748 28688212 2289396 146666756    0    0 40624 71800 90223 41514  1  0 98  1  0  0
 1  0 126748 28690988 2289396 146667028    0    0 40448 71876 90223 42145  1  0 98  1  0  0
 1  0 126748 28689416 2289396 146667276    0    0 40176 72420 90295 42132  1  0 98  1  0  0
 0  1 126748 28687080 2289396 146667496    0    0 41024 71736 90322 41186  1  0 98  1  0  0
 2  0 126748 28684604 2289396 146667740    0    0 39856 71956 90292 41321  1  0 98  1  0  0
 0  1 126748 28687692 2289396 146667996    0    0 39344 72084 90231 41532  1  0 98  1  0  0
 0  1 126748 28686456 2289396 146668220    0    0 39744 71956 90378 41254  1  0 98  1  0  0
 1  0 126748 28663244 2289400 146668464    0    0 40192 72220 90441 40552  1  0 98  1  0  0
 1  0 126748 28664200 2289400 146668700    0    0 40112 71648 90387 41117  1  0 98  1  0  0
 1  0 126748 28664744 2289400 146668940    0    0 39760 71752 90326 42014  1  0 98  1  0  0
 2  0 126748 28663148 2289400 146669184    0    0 40256 72088 90286 41433  1  0 98  1  0  0
 0  1 126748 28664672 2289400 146669416    0    0 40256 71832 90188 41651  1  0 98  1  0  0
 1  0 126748 28664272 2289400 146669652    0    0 40448 72392 90330 40844  1  0 98  1  0  0
 3  1 126748 28659996 2289400 146669900    0    0 40304 71788 90027 42360  1  0 98  1  0  0
 1  0 126748 28660760 2289400 146670164    0    0 39680 72168 90191 41654  1  0 98  1  0  0
 2  0 126748 28660932 2289400 146670408    0    0 40304 57408 89615 40355  1  0 98  1  0  0
 0  1 126748 28660160 2289400 146670704    0    0 40320 58864 89625 41168  1  0 99  1  0  0
 1  0 126748 28663124 2289400 146670940    0    0 40944 60728 89813 41306  1  0 98  1  0  0
 1  0 126748 28661844 2289400 146671196    0    0 40400 60780 89905 40818  1  0 98  1  0  0
procs -----------memory---------- ---swap-- -----io---- -system-- -------cpu-------
 r  b   swpd   free   buff  cache   si   so    bi    bo   in   cs us sy id wa st gu
 0  1 126748 28661580 2289400 146671428    0    0 40160 61844 89843 41189  1  0 98  1  0  0
 0  1 126748 28665124 2289400 146671676    0    0 40176 62284 89862 40924  1  0 98  1  0  0
 0  0 126748 28664372 2289400 146671912    0    0 40480 62652 89727 40353  1  0 98  1  0  0
 1  0 126748 28661220 2289400 146672160    0    0 40848 63848 90058 41496  1  0 98  1  0  0
 1  0 126748 28660360 2289400 146672380    0    0 41184 63900 90099 40454  1  0 98  1  0  0
 1  0 126748 28661164 2289400 146672640    0    0 40704 64060 89998 41210  1  0 98  1  0  0
 2  0 126748 28661764 2289400 146672880    0    0 40384 64428 89993 41036  1  0 98  1  0  0
 1  0 126748 28662372 2289400 146673116    0    0 40704 64640 90067 41598  1  0 99  1  0  0
 1  0 126748 28666084 2289400 146673340    0    0 40144 65320 90070 40967  1  0 98  1  0  0
 2  0 126748 28665900 2289400 146673580    0    0 40544 64860 89976 41745  1  0 98  1  0  0
 1  0 126748 28665536 2289400 146673820    0    0 39744 65116 89974 41437  1  0 98  1  0  0
 1  0 126748 28664536 2289400 146674080    0    0 40688 65152 90238 40838  1  0 98  1  0  0
 2  0 126748 28663312 2289400 146674340    0    0 39808 65344 89952 41320  1  0 98  1  0  0
 2  1 126748 28661044 2289400 146674544    0    0 40032 65820 89994 41783  1  0 98  1  0  0
 0  1 126748 28659548 2289400 146674788    0    0 40944 65280 90144 41040  1  0 99  1  0  0
 2  0 126748 28657308 2289400 146675060    0    0 41120 64960 89977 41909  1  0 98  1  0  0
 1  1 126748 28656032 2289400 146675288    0    0 41248 65268 89910 40792  1  0 98  1  0  0
 1  1 126748 28661100 2289400 146675532    0    0 40848 65276 89991 42086  1  0 98  1  0  0
 0  1 126748 28659708 2289400 146675776    0    0 40448 65496 90161 40995  1  0 98  1  0  0
 2  0 126748 28659248 2289400 146676004    0    0 40464 65908 90230 41969  1  0 98  1  0  0
 1  1 126748 28660296 2289400 146676260    0    0 40752 65572 89950 41316  1  0 98  1  0  0
procs -----------memory---------- ---swap-- -----io---- -system-- -------cpu-------
 r  b   swpd   free   buff  cache   si   so    bi    bo   in   cs us sy id wa st gu
 1  0 126748 28660564 2289400 146676476    0    0 40656 65256 90097 40556  1  0 98  1  0  0
 1  0 126748 28666928 2289400 146676740    0    0 40544 65276 89947 41582  1  0 98  1  0  0
 1  0 126748 28666360 2289404 146676956    0    0 40256 65684 90245 41507  1  0 98  1  0  0
 1  0 126748 28666164 2289404 146677212    0    0 40544 65828 90023 41858  1  0 98  1  0  0
 1  0 126748 28665660 2289404 146677464    0    0 40880 65500 90073 41043  1  0 98  1  0  0
 1  0 126748 28665420 2289404 146677708    0    0 40880 57076 89710 40056  1  0 98  1  0  0
 1  0 126748 28664704 2289404 146677932    0    0 41104 57668 89920 41047  1  0 98  1  0  0
 0  1 126748 28663908 2289404 146678156    0    0 40240 58652 89638 40769  1  0 98  1  0  0
 1  0 126748 28665444 2289404 146678420    0    0 40256 60036 89781 41425  1  0 98  1  0  0
 1  0 126748 28663724 2289404 146678664    0    0 40224 60396 89430 42257  1  0 98  1  0  0
 2  0 126748 28663704 2289404 146678908    0    0 40368 60604 89959 40664  1  0 98  1  0  0
 1  0 126748 28661948 2289404 146679140    0    0 40496 61252 89713 41507  1  0 99  1  0  0
 1  0 126748 28658192 2289404 146679360    0    0 40544 61756 90093 40565  1  0 98  1  0  0
 1  0 126748 28660972 2289404 146679632    0    0 40352 62180 89966 40929  1  0 99  1  0  0
 1  0 126748 28659396 2289404 146679868    0    0 40304 62068 90052 40610  1  0 98  1  0  0
 2  0 126748 28666428 2289404 146680088    0    0 41088 61844 89742 40509  1  0 99  1  0  0
 3  0 126748 28662696 2289404 146680336    0    0 40080 62556 90024 41475  1  0 98  1  0  0
 2  0 126748 28662200 2289404 146680604    0    0 40608 62628 89768 41373  1  0 98  1  0  0
 1  0 126748 28660000 2289408 146680852    0    0 41216 62708 90120 41012  1  0 98  1  0  0
 0  1 126748 28662024 2289408 146681068    0    0 40560 62712 89834 40466  1  0 98  1  0  0
 0  1 126748 28660092 2289408 146681388    0    0 40672 62808 90064 41358  1  0 98  1  0  0
procs -----------memory---------- ---swap-- -----io---- -system-- -------cpu-------
 r  b   swpd   free   buff  cache   si   so    bi    bo   in   cs us sy id wa st gu
 1  0 126748 28661792 2289408 146681616    0    0 40480 62752 89814 41307  1  0 98  1  0  0
 1  0 126748 28662052 2289408 146681844    0    0 40400 63320 89917 42104  1  0 98  1  0  0
 1  0 126748 28664288 2289408 146682120    0    0 40400 63404 89920 41199  1  0 98  1  0  0
 1  1 126748 28664120 2289408 146682336    0    0 41008 63248 89787 41812  1  0 98  1  0  0
 0  1 126748 28664120 2289408 146682588    0    0 40304 63216 89872 41131  1  0 98  1  0  0
 1  0 126748 28662492 2289408 146682832    0    0 40608 63064 89808 41531  1  0 98  1  0  0
 1  0 126748 28659264 2289408 146683092    0    0 39696 63440 89730 41685  1  0 98  1  0  0
 3  0 126748 28657976 2289408 146683292    0    0 40592 63668 89977 41237  1  0 98  1  0  0
 1  0 126748 28658620 2289408 146683580    0    0 40224 63192 89899 39991  1  0 99  1  0  0
 1  0 126748 28659104 2289408 146683816    0    0 40384 63388 90168 41015  1  0 99  1  0  0
 0  1 126748 28656612 2289408 146684060    0    0 39904 63380 89786 40756  1  0 98  1  0  0
 1  0 126748 28658560 2289408 146684284    0    0 39744 63636 89884 40738  1  0 98  1  0  0
 0  1 126748 28663728 2289408 146684528    0    0 40048 63048 89596 41211  1  0 98  1  0  0
 0  1 126748 28660300 2289408 146684784    0    0 39968 63552 89778 40591  1  0 98  1  0  0
 1  0 126748 28659536 2289408 146685048    0    0 39696 58648 89500 41417  1  0 98  1  0  0
 0  1 126748 28660648 2289408 146685284    0    0 40496 58972 89627 40030  1  0 98  1  0  0
 0  1 126748 28662760 2289408 146685596    0    0 40432 59464 89758 40379  1  0 98  1  0  0
 1  0 126748 28661124 2289408 146685824    0    0 39552 59852 89495 41608  1  0 98  1  0  0
 0  1 126748 28663916 2289408 146686072    0    0 39712 60624 89609 40650  1  0 98  1  0  0
 0  1 126748 28661216 2289408 146686304    0    0 40608 60492 89469 41140  1  0 98  1  0  0
 0  1 126748 28661704 2289408 146686544    0    0 39824 60220 89474 40210  1  0 98  1  0  0
procs -----------memory---------- ---swap-- -----io---- -system-- -------cpu-------
 r  b   swpd   free   buff  cache   si   so    bi    bo   in   cs us sy id wa st gu
 2  0 126748 28660312 2289408 146686780    0    0 40048 60992 89787 40942  1  0 98  1  0  0
 1  0 126748 28657504 2289408 146687028    0    0 39376 61012 89858 40890  1  0 98  1  0  0
 1  0 126748 28656500 2289408 146687268    0    0 39856 61616 89648 41600  1  0 98  1  0  0
 1  0 126748 28656284 2289408 146687512    0    0 39680 61556 89838 40721  1  0 98  1  0  0
 2  0 126748 28658952 2289408 146687744    0    0 39904 61480 89703 40816  1  0 98  1  0  0
 1  0 126748 28661460 2289408 146687984    0    0 39616 61832 89766 40747  1  0 99  1  0  0
 1  1 126748 28661112 2289408 146688232    0    0 40384 61952 89796 41067  1  0 98  1  0  0
 2  0 126748 28668008 2289412 146688468    0    0 39776 62080 89795 41243  1  0 98  1  0  0
 2  0 126748 28664976 2289412 146688724    0    0 40176 62024 89914 41392  1  0 98  1  0  0
 1  1 126748 28661980 2289412 146688964    0    0 39152 61784 89815 40625  1  0 98  1  0  0
 1  1 126748 28660948 2289412 146689196    0    0 39920 62224 89710 40933  1  0 98  1  0  0
 1  1 126748 28664016 2289412 146689440    0    0 40384 62072 89929 40761  1  0 98  1  0  0
 1  1 126748 28662292 2289412 146689664    0    0 40096 62160 89747 41226  1  0 98  1  0  0
 2  0 126748 28662848 2289412 146689912    0    0 40064 62760 90114 40768  1  0 98  1  0  0
 1  1 126748 28660888 2289412 146690164    0    0 40784 61912 89653 40899  1  0 98  1  0  0
 2  0 126748 28660660 2289412 146690396    0    0 40096 62420 90088 41748  1  0 98  1  0  0
 1  1 126748 28660660 2289412 146690660    0    0 39808 62216 89842 41674  1  0 98  1  0  0
 2  0 126748 28665484 2289412 146690892    0    0 39840 62444 89908 41471  1  0 98  1  0  0
 3  0 126748 28660608 2289412 146691140    0    0 40848 62596 89785 40955  1  0 98  1  0  0
 0  1 126748 28656144 2289412 146691380    0    0 40384 62272 89927 41095  1  0 98  1  0  0
 0  1 126748 28656716 2289412 146691612    0    0 40368 62732 90002 41282  1  0 98  1  0  0
procs -----------memory---------- ---swap-- -----io---- -system-- -------cpu-------
 r  b   swpd   free   buff  cache   si   so    bi    bo   in   cs us sy id wa st gu
 1  0 126748 28656204 2289412 146691860    0    0 40528 62108 89760 41451  1  0 98  1  0  0
 1  1 126748 28655496 2289412 146692100    0    0 40032 62184 89740 41002  1  0 98  1  0  0
 1  1 126748 28653632 2289412 146692332    0    0 40320 56052 89420 41157  1  0 98  1  0  0
 3  0 126748 28656212 2289412 146692564    0    0 40512 56044 89693 41023  1  0 98  1  0  0
 3  0 126748 28652868 2289412 146692804    0    0 40336 55604 89591 40768  1  0 98  1  0  0
 3  0 126748 28654140 2289412 146693056    0    0 40544 55296 89528 41016  1  0 98  1  0  0
 1  0 126748 28651544 2289412 146693300    0    0 40464 55116 89522 40673  1  0 98  0  0  0
 1  0 126748 28649380 2289412 146693544    0    0 40736 54660 89671 41518  1  0 98  1  0  0
 1  0 126748 28650124 2289412 146693776    0    0 40592 54720 89561 40713  1  0 98  1  0  0
 1  0 126748 28650508 2289412 146694020    0    0 40736 54536 89568 40681  1  0 98  1  0  0
 1  0 126748 28651704 2289412 146694260    0    0 41088 53928 89546 40129  1  0 98  1  0  0
 1  0 126748 28649760 2289412 146694492    0    0 40496 53536 89597 40447  1  0 98  1  0  0
 1  0 126748 28668464 2289412 146694748    0    0 40576 54480 89485 41533  1  0 98  1  0  0
 1  0 126748 28667908 2289412 146695000    0    0 40544 53132 89461 40457  1  0 98  1  0  0
 0  1 126748 28666440 2289412 146695244    0    0 39872 54088 89601 40141  1  0 98  0  0  0
 1  0 126748 28664320 2289412 146695480    0    0 40240 54692 89649 40432  1  0 98  0  0  0
 0  1 126748 28663684 2289412 146695712    0    0 41104 54048 89553 40113  1  0 98  1  0  0
 0  1 126748 28662696 2289412 146695956    0    0 40992 54488 89409 41202  1  0 98  1  0  0
 0  1 126748 28659464 2289412 146696196    0    0 41008 54912 89721 41051  1  0 99  1  0  0
 2  0 126748 28665232 2289412 146696428    0    0 40256 54076 89680 40376  1  0 99  1  0  0
 1  0 126748 28664896 2289412 146696680    0    0 40592 54416 89542 40788  1  0 98  1  0  0
procs -----------memory---------- ---swap-- -----io---- -system-- -------cpu-------
 r  b   swpd   free   buff  cache   si   so    bi    bo   in   cs us sy id wa st gu
 0  1 126748 28661632 2289412 146696912    0    0 41088 54616 89462 41456  1  0 98  1  0  0
 0  1 126748 28664120 2289412 146697164    0    0 40816 54536 89647 40356  1  0 98  1  0  0
 2  0 126748 28664020 2289412 146697408    0    0 40144 54356 89512 40140  1  0 98  1  0  0
 0  1 126748 28661376 2289412 146697636    0    0 41136 54216 89455 40364  1  0 98  1  0  0
 1  0 126748 28659032 2289412 146697884    0    0 40400 54184 89739 40548  1  0 98  1  0  0
 1  0 126748 28660120 2289412 146698128    0    0 40656 54160 89341 40457  1  0 98  1  0  0
 0  1 126748 28660152 2289412 146698368    0    0 40480 53548 89621 41055  1  0 98  1  0  0
 1  0 126748 28659296 2289412 146698612    0    0 40528 53628 89483 40173  1  0 98  1  0  0
 1  0 126748 28659480 2289412 146698848    0    0 40784 54056 89546 40953  1  0 98  1  0  0
 0  1 126748 28660772 2289412 146699096    0    0 39872 54420 89540 40398  1  0 98  1  0  0
 0  1 126748 28659552 2289412 146699348    0    0 40224 53528 89687 40750  1  0 98  1  0  0
 0  1 126748 28662864 2289412 146699572    0    0 40544 47556 89083 40393  1  0 98  1  0  0
 1  0 126748 28658428 2289412 146699892    0    0 40640 47076 89372 39916  1  0 99  1  0  0
 1  0 126748 28658976 2289412 146700176    0    0 40672 46312 89116 40023  1  0 98  0  0  0
 1  0 126748 28657448 2289412 146700412    0    0 40784 45552 89232 40330  1  0 98  1  0  0
 1  0 126748 28659004 2289412 146700656    0    0 40560 45300 89029 40130  1  0 99  0  0  0
 1  1 126748 28661520 2289412 146700924    0    0 40704 45776 89331 39903  1  0 99  0  0  0
 2  0 126748 28660568 2289412 146701172    0    0 40416 45548 89030 39702  1  0 99  1  0  0
 1  0 126748 28660084 2289412 146701456    0    0 40432 45500 89334 39865  1  0 99  0  0  0
 0  1 126748 28662776 2289412 146701692    0    0 40528 45768 88918 39889  1  0 98  1  0  0
 1  0 126748 28660484 2289412 146701948    0    0 40064 46036 89207 39784  1  0 99  1  0  0
procs -----------memory---------- ---swap-- -----io---- -system-- -------cpu-------
 r  b   swpd   free   buff  cache   si   so    bi    bo   in   cs us sy id wa st gu
 0  1 126748 28657236 2289412 146702168    0    0 40544 46856 89085 39986  1  0 98  1  0  0
 0  1 126748 28656128 2289412 146702424    0    0 40592 47456 89395 40147  1  0 98  1  0  0
 1  0 126748 28652856 2289412 146702652    0    0 40752 47336 89206 40593  1  0 98  1  0  0
 1  0 126748 28652972 2289412 146702884    0    0 41104 48156 89186 39879  1  0 98  1  0  0
 1  0 126748 28653236 2289412 146703140    0    0 41072 47184 89161 40109  1  0 98  1  0  0
 1  0 126748 28650316 2289412 146703380    0    0 40432 46648 89197 40354  1  0 98  1  0  0
 0  1 126748 28651640 2289412 146703632    0    0 41392 45712 89236 40163  1  0 98  1  0  0
 0  1 126748 28652900 2289412 146703916    0    0 40944 45976 89053 40400  1  0 99  0  0  0
 1  2 126748 28649416 2289412 146704148    0    0 40608 46788 89173 40603  1  0 98  1  0  0
 1  0 126748 28646024 2289412 146704408    0    0 40304 47356 89310 40589  1  0 98  0  0  0
 1  0 126748 28645248 2289412 146704660    0    0 40720 47260 89292 39903  1  0 99  1  0  0
 1  0 126748 28644608 2289412 146704904    0    0 41744 47996 89316 39929  1  0 99  1  0  0
 0  1 126748 28646924 2289412 146705148    0    0 40048 48024 89195 40228  1  0 99  0  0  0
 2  0 126748 28647900 2289412 146705396    0    0 40224 47140 89262 40590  1  0 98  1  0  0
 1  0 126748 28650324 2289412 146705664    0    0 40320 45440 89074 40446  1  0 99  0  0  0
 1  0 126748 28647328 2289412 146705896    0    0 40096 45288 89046 39923  1  0 99  1  0  0
 1  0 126748 28649284 2289416 146706120    0    0 40512 45208 89215 40530  1  0 98  0  0  0
 1  0 126748 28651804 2289416 146706388    0    0 40448 44568 89036 40503  1  0 99  1  0  0
 1  0 126748 28651184 2289416 146706620    0    0 41040 44996 89239 39943  1  0 98  1  0  0
 1  0 126748 28653552 2289416 146706856    0    0 41248 45724 89049 40245  1  0 98  1  0  0
 1  0 126748 28652840 2289416 146707104    0    0 40784 41748 89054 40353  1  0 98  0  0  0
procs -----------memory---------- ---swap-- -----io---- -system-- -------cpu-------
 r  b   swpd   free   buff  cache   si   so    bi    bo   in   cs us sy id wa st gu
 0  1 126748 28651676 2289416 146707344    0    0 39952 42480 88890 40788  1  0 98  1  0  0
 1  0 126748 28647180 2289416 146707592    0    0 40496 41788 88942 39737  1  0 99  1  0  0
 0  1 126748 28647180 2289416 146707840    0    0 40688 41080 88936 40410  1  0 99  0  0  0
 1  0 126748 28648960 2289416 146708084    0    0 40624 41080 89005 39855  1  0 98  1  0  0
 1  0 126748 28647812 2289416 146708336    0    0 40832 41244 88982 39745  1  0 98  1  0  0
 1  0 126748 28648376 2289416 146708576    0    0 40384 40908 89011 40158  1  0 99  1  0  0
 1  0 126748 28648684 2289416 146708808    0    0 40560 41376 88784 39853  1  0 99  0  0  0
 1  0 126748 28644844 2289416 146709056    0    0 40720 41724 89054 39860  1  0 98  1  0  0
 0  1 126748 28643184 2289416 146709304    0    0 40720 41084 88957 39856  1  0 98  1  0  0
 0  1 126748 28644832 2289416 146709528    0    0 40144 41144 88889 40141  1  0 98  1  0  0
 2  0 126748 28647708 2289416 146709784    0    0 40288 41484 88853 39972  1  0 99  0  0  0
 1  0 126748 28647588 2289416 146710032    0    0 41360 42072 89057 39909  1  0 99  1  0  0
 1  0 126748 28644376 2289416 146710292    0    0 41136 41636 89008 40100  1  0 99  1  0  0
 1  0 126748 28642948 2289416 146710548    0    0 40384 41668 89006 39942  1  0 98  1  0  0
 0  1 126748 28644672 2289416 146710768    0    0 40672 41884 88941 39669  1  0 99  1  0  0
 0  1 126748 28644428 2289416 146711012    0    0 40784 41436 88953 39935  1  0 99  1  0  0
 1  0 126748 28649764 2289416 146711260    0    0 40544 41996 88988 40430  1  0 99  1  0  0
 0  1 126748 28650820 2289416 146711500    0    0 40672 41040 88934 39616  1  0 98  1  0  0
 0  0 126748 28649984 2289416 146711732    0    0 40944 40388 88907 39559  1  0 99  1  0  0
 1  0 126748 28649040 2289416 146711972    0    0 41040 40752 88931 39933  1  0 98  1  0  0
 0  1 126748 28646980 2289416 146712228    0    0 40176 40616 88874 39531  1  0 99  1  0  0
procs -----------memory---------- ---swap-- -----io---- -system-- -------cpu-------
 r  b   swpd   free   buff  cache   si   so    bi    bo   in   cs us sy id wa st gu
 1  0 126748 28647184 2289416 146712472    0    0 40432 41404 88939 39673  1  0 98  1  0  0
 3  0 126748 28644372 2289416 146712728    0    0 40880 42108 88947 39995  1  0 99  1  0  0
 1  0 126748 28646800 2289416 146712984    0    0 41168 42200 89019 39562  1  0 98  1  0  0
 3  1 126748 28646932 2289416 146713228    0    0 40352 42168 88906 40272  1  0 99  1  0  0
 1  0 126748 28654636 2289416 146713464    0    0 41296 41884 88865 39687  1  0 99  1  0  0
 0  1 126748 28654096 2289416 146713704    0    0 40912 42540 89153 40262  1  0 98  1  0  0
 1  0 126748 28650700 2289416 146713948    0    0 40752 40984 88884 39594  1  0 98  1  0  0
 2  0 126748 28646988 2289416 146714188    0    0 40528 41996 89138 40073  1  0 98  0  0  0
 0  1 126748 28645728 2289416 146714432    0    0 40896 38268 88795 39188  1  0 98  1  0  0
 0  1 126748 28642720 2289416 146714756    0    0 40272 37852 88720 40156  1  0 99  1  0  0
 1  0 126748 28641784 2289416 146715024    0    0 40608 37924 88771 39727  1  0 99  0  0  0
 0  1 126748 28644632 2289416 146715280    0    0 40736 39116 88902 40034  1  0 98  1  0  0
 1  0 126748 28642780 2289416 146715524    0    0 40912 37912 88616 40211  1  0 99  0  0  0
 1  0 126748 28641908 2289416 146715772    0    0 40896 37328 88759 39292  1  0 99  1  0  0
 1  0 126748 28641620 2289416 146716012    0    0 40736 37320 88644 39614  1  0 99  1  0  0
 0  1 126748 28644268 2289416 146716256    0    0 40528 37428 88891 39632  1  0 98  1  0  0
 1  0 126748 28640868 2289416 146716492    0    0 40704 37168 88707 39405  1  0 98  0  0  0
 1  0 126748 28640252 2289416 146716740    0    0 40320 36724 88839 39301  1  0 98  1  0  0
 1  0 126748 28639884 2289416 146716988    0    0 40400 37100 88655 39540  1  0 99  1  0  0
 1  0 126748 28637284 2289416 146717216    0    0 40128 37908 88894 39672  1  0 98  0  0  0
 0  1 126748 28637228 2289416 146717460    0    0 40416 38084 88595 40103  1  0 99  0  0  0
procs -----------memory---------- ---swap-- -----io---- -system-- -------cpu-------
 r  b   swpd   free   buff  cache   si   so    bi    bo   in   cs us sy id wa st gu
 0  1 126748 28637916 2289416 146717708    0    0 40464 38056 88816 39390  1  0 98  1  0  0
 1  0 126748 28636924 2289416 146717964    0    0 40256 38092 88712 39358  1  0 98  1  0  0
 2  0 126748 28635664 2289416 146718200    0    0 40704 37948 88954 39735  1  0 98  0  0  0
 0  1 126748 28633032 2289416 146718440    0    0 40464 37948 88693 39554  1  0 99  1  0  0
 0  1 126748 28631272 2289416 146718688    0    0 40832 37644 88739 39262  1  0 99  0  0  0
 1  1 126748 28630220 2289416 146718932    0    0 40432 36932 88521 39712  1  0 99  1  0  0
 1  0 126748 28626644 2289416 146719172    0    0 40416 36964 88862 39536  1  0 98  0  0  0
 1  0 126748 28624636 2289416 146719440    0    0 39904 37112 88648 39888  1  0 99  1  0  0
 0  1 126748 28622888 2289416 146719688    0    0 40432 37944 88802 39678  1  0 98  0  0  0
 0  1 126748 28630088 2289416 146719936    0    0 40400 37872 88521 39756  1  0 99  1  0  0
 3  0 126748 28632680 2289416 146720180    0    0 40592 37980 88852 39469  1  0 99  1  0  0
 1  0 126748 28632784 2289416 146720420    0    0 40848 37408 88696 39097  1  0 99  1  0  0
 1  0 126748 28632780 2289416 146720652    0    0 40384 37500 88829 39941  1  0 99  1  0  0
 1  0 126748 28632864 2289416 146720908    0    0 41072 36784 88576 39917  1  0 99  0  0  0
 0  1 126748 28632776 2289416 146721144    0    0 40704 36284 88765 39604  1  0 99  1  0  0
 1  0 126748 28632264 2289416 146721380    0    0 41216 36752 88772 39596  1  0 99  1  0  0
 1  0 126748 28636708 2289416 146721620    0    0 40080 36516 88879 39959  1  0 98  0  0  0
 0  2 126748 28632988 2289416 146721872    0    0 41216 33676 88476 39262  1  0 99  1  0  0
 1  0 126748 28630924 2289416 146722120    0    0 40464 34308 88639 39244  1  0 99  1  0  0
 1  0 126748 28631080 2289416 146722356    0    0 41056 34576 88472 39963  1  0 99  1  0  0
 0  1 126748 28630784 2289416 146722632    0    0 39888 36724 88799 40114  1  0 98  0  0  0
procs -----------memory---------- ---swap-- -----io---- -system-- -------cpu-------
 r  b   swpd   free   buff  cache   si   so    bi    bo   in   cs us sy id wa st gu
 1  0 126748 28634252 2289416 146722888    0    0 40736 35248 88578 39044  1  0 99  1  0  0
 1  0 126748 28634964 2289416 146723128    0    0 40880 35188 88827 39381  1  0 99  1  0  0
 3  0 126748 28634940 2289416 146723372    0    0 40928 35044 88527 39214  1  0 99  1  0  0
 0  1 126748 28634212 2289416 146723616    0    0 40512 34008 88622 38961  1  0 99  0  0  0
 1  0 126748 28632268 2289416 146723848    0    0 40112 34176 88484 39257  1  0 98  1  0  0
 1  0 126748 28633568 2289416 146724100    0    0 40544 32580 88707 39311  1  0 99  0  0  0
 1  0 126748 28630548 2289416 146724332    0    0 40288 32500 88438 39898  1  0 99  0  0  0
 0  1 126748 28627340 2289416 146724580    0    0 40704 32736 88438 38779  1  0 99  0  0  0
 1  0 126748 28627288 2289416 146724836    0    0 40592 32036 88397 38618  1  0 99  1  0  0
 1  0 126748 28626548 2289416 146725072    0    0 40624 33028 88601 39478  1  0 99  0  0  0
 1  0 126748 28629828 2289416 146725328    0    0 40272 32824 88517 39193  1  0 98  0  0  0
 1  0 126748 28630176 2289416 146725572    0    0 40432 33948 88615 39594  1  0 98  1  0  0
 1  0 126748 28629812 2289416 146725800    0    0 40592 33664 88546 40001  1  0 99  0  0  0
 2  0 126748 28629628 2289416 146726052    0    0 40464 34048 88629 39714  1  0 98  1  0  0
 1  0 126748 28626456 2289416 146726296    0    0 40400 34176 88544 39266  1  0 99  0  0  0
 0  1 126748 28627228 2289416 146726548    0    0 40896 33604 88511 39169  1  0 99  1  0  0
 0  1 126748 28627936 2289416 146726780    0    0 40288 33684 88464 39395  1  0 99  0  0  0
 0  1 126748 28626060 2289416 146727012    0    0 40576 33552 88561 40044  1  0 99  0  0  0
 1  0 126748 28626808 2289416 146727268    0    0 39840 33328 88438 38995  1  0 98  0  0  0
 1  0 126748 28627240 2289416 146727496    0    0 40544 34428 88557 39082  1  0 99  0  0  0
 1  1 126748 28627500 2289416 146727748    0    0 40832 33456 88462 39181  1  0 99  1  0  0
procs -----------memory---------- ---swap-- -----io---- -system-- -------cpu-------
 r  b   swpd   free   buff  cache   si   so    bi    bo   in   cs us sy id wa st gu
 0  0 126748 28627776 2289416 146727992    0    0 40464 33916 88777 39407  1  0 99  0  0  0
 0  1 126748 28627204 2289416 146728216    0    0 40704 34020 88609 39080  1  0 98  1  0  0
 0  1 126748 28623884 2289416 146728476    0    0 40592 34720 88654 39551  1  0 99  1  0  0
 0  1 126748 28621600 2289416 146728728    0    0 40368 34616 88475 39752  1  0 99  0  0  0
 0  1 126748 28624280 2289416 146728960    0    0 40784 33836 88609 39514  1  0 98  1  0  0
 1  0 126748 28623212 2289416 146729244    0    0 40544 32012 88431 39462  1  0 98  0  0  0
 0  1 126748 28622052 2289416 146729560    0    0 40400 31760 88525 38993  1  0 98  0  0  0
 0  1 126748 28626016 2289416 146729800    0    0 40592 32552 88407 39603  1  0 99  0  0  0
 0  1 126748 28623608 2289424 146730044    0    0 40240 32700 88517 39221  1  0 99  1  0  0
 1  0 126748 28623984 2289424 146730280    0    0 40784 32488 88590 38997  1  0 99  0  0  0
 1  0 126748 28629988 2289424 146730524    0    0 40400 32596 88492 39270  1  0 99  1  0  0
 0  1 126748 28630008 2289424 146730776    0    0 41376 32724 88549 39138  1  0 99  1  0  0
 2  0 126748 28630260 2289424 146731012    0    0 40848 32044 88443 39101  1  0 98  1  0  0
 1  0 126748 28629252 2289424 146731252    0    0 40768 31048 88419 38842  1  0 99  0  0  0
 0  2 126748 28631724 2289424 146731496    0    0 40304 31396 88431 39009  1  0 98  1  0  0
 0  1 126748 28631336 2289424 146731756    0    0 40080 31460 88431 39118  1  0 98  0  0  0
 0  1 126748 28627808 2289424 146732004    0    0 40832 31256 88557 39487  1  0 99  0  0  0
 1  1 126748 28627484 2289424 146732224    0    0 41008 31276 88393 39585  1  0 99  1  0  0
 3  0 126748 28629260 2289428 146732460    0    0 40608 32408 88411 39516  1  0 99  0  0  0
 3  0 126748 28632736 2289428 146732704    0    0 41264 33408 88635 39480  1  0 99  1  0  0
 3  0 126748 28630016 2289428 146732952    0    0 40800 32676 88600 38830  1  0 99  1  0  0
procs -----------memory---------- ---swap-- -----io---- -system-- -------cpu-------
 r  b   swpd   free   buff  cache   si   so    bi    bo   in   cs us sy id wa st gu
 3  0 126748 28628328 2289428 146733192    0    0 41072 33280 88535 39315  1  0 99  1  0  0
 1  0 126748 28627612 2289428 146733428    0    0 40768 32572 88409 39795  1  0 99  0  0  0
 2  0 126748 28626860 2289428 146733668    0    0 40352 33284 88623 39777  1  0 99  1  0  0
 1  0 126748 28629212 2289428 146733924    0    0 40832 45596 89162 39932  1  0 98  1  0  0
 1  0 126748 28628748 2289428 146734160    0    0 40560 44608 88981 39876  1  0 98  1  0  0
 1  0 126748 28629448 2289428 146734404    0    0 40320 44584 89008 40582  1  0 98  0  0  0
 0  1 126748 28628200 2289428 146734652    0    0 40448 44264 89164 39817  1  0 98  1  0  0
 1  0 126748 28626812 2289428 146734892    0    0 40800 43464 89085 39687  1  0 99  1  0  0
 0  1 126748 28623264 2289428 146735124    0    0 40464 43572 88942 40393  1  0 98  1  0  0
 0  1 126748 28621912 2289428 146735368    0    0 40384 42840 88976 39933  1  0 99  0  0  0
 0  1 126748 28621180 2289428 146735604    0    0 41200 42624 88927 39696  1  0 98  1  0  0
 0  1 126748 28618220 2289428 146735824    0    0 40736 43304 89120 39669  1  0 98  1  0  0
 1  0 126748 28615988 2289428 146736076    0    0 40336 42904 88846 39548  1  0 99  0  0  0
 0  1 126748 28615668 2289428 146736324    0    0 40464 42400 88948 39548  1  0 98  1  0  0
 2  0 126748 28616464 2289428 146736560    0    0 40320 42456 88827 39756  1  0 99  1  0  0
 3  0 126748 28618512 2289428 146736804    0    0 40672 42888 89088 39456  1  0 99  1  0  0
 1  0 126748 28617268 2289428 146737032    0    0 40736 43748 88945 39361  1  0 98  1  0  0
 1  0 126748 28617436 2289428 146737260    0    0 40272 43640 89126 40351  1  0 99  0  0  0
 1  0 126748 28617636 2289428 146737496    0    0 40768 43224 89016 40058  1  0 98  1  0  0
 1  0 126748 28617316 2289428 146737744    0    0 40128 43732 89196 40071  1  0 98  0  0  0
 0  1 126748 28620972 2289428 146738032    0    0 40000 43048 88869 39939  1  0 99  1  0  0
procs -----------memory---------- ---swap-- -----io---- -system-- -------cpu-------
 r  b   swpd   free   buff  cache   si   so    bi    bo   in   cs us sy id wa st gu
 0  1 126748 28618980 2289428 146738240    0    0 40688 42876 89042 39910  1  0 98  1  0  0
 1  0 126748 28622264 2289428 146738480    0    0 39664 43092 88791 39728  1  0 99  1  0  0
 0  1 126748 28623892 2289428 146738712    0    0 40368 42092 88962 40446  1  0 98  1  0  0
 1  0 126748 28624512 2289428 146738992    0    0 39904 42280 88830 40226  1  0 98  1  0  0
 0  1 126748 28624008 2289428 146739244    0    0 40912 42236 88955 40236  1  0 99  1  0  0
 0  1 126748 28623772 2289428 146739452    0    0 40464 42088 88687 39730  1  0 98  1  0  0
 0  1 126748 28623940 2289428 146739732    0    0 39680 42964 88969 40026  1  0 98  1  0  0
 1  0 126748 28626472 2289428 146739988    0    0 40304 43348 88978 39354  1  0 99  1  0  0
 0  1 126748 28622328 2289428 146740216    0    0 39376 44248 89103 40151  1  0 98  1  0  0
 0  1 126748 28617568 2289428 146740488    0    0 40528 42964 88862 39503  1  0 99  1  0  0
 1  0 126748 28616028 2289428 146740712    0    0 39936 43688 89127 39880  1  0 98  1  0  0
 2  0 126748 28614692 2289428 146740932    0    0 40080 43692 88895 39693  1  0 98  1  0  0
 1  0 126748 28613600 2289428 146741200    0    0 39184 43640 88955 39499  1  0 99  1  0  0
 0  1 126748 28617168 2289428 146741448    0    0 39808 44288 89051 39849  1  0 98  1  0  0
 1  0 126748 28613276 2289428 146741716    0    0 39824 42800 88942 40316  1  0 98  1  0  0
 2  0 126748 28612772 2289428 146741932    0    0 40272 42812 88863 40189  1  0 98  1  0  0
 3  0 126748 28612856 2289428 146742180    0    0 40656 42596 88932 38773  1  0 99  1  0  0
 1  0 126748 28615520 2289428 146742444    0    0 39744 42944 88812 39979  1  0 98  1  0  0
 2  0 126748 28612072 2289428 146742676    0    0 39920 42784 89030 40267  1  0 98  1  0  0
 0  1 126748 28610204 2289428 146742896    0    0 40688 42632 89045 39567  1  0 99  1  0  0
 2  0 126748 28608224 2289428 146743184    0    0 39488 43540 88840 39406  1  0 98  1  0  0
procs -----------memory---------- ---swap-- -----io---- -system-- -------cpu-------
 r  b   swpd   free   buff  cache   si   so    bi    bo   in   cs us sy id wa st gu
 0  1 126748 28605608 2289428 146743420    0    0 40208 43312 88809 39970  1  0 98  1  0  0
 1  0 126748 28604824 2289428 146743668    0    0 39936 43616 88974 40082  1  0 98  1  0  0
 1  0 126748 28605844 2289428 146743884    0    0 39888 44096 88790 40132  1  0 98  1  0  0
 1  0 126748 28606592 2289428 146744220    0    0 40016 43868 89000 39764  1  0 98  1  0  0
 0  1 126748 28607796 2289428 146744452    0    0 40912 43616 88831 40855  1  0 99  1  0  0
 0  1 126748 28606852 2289428 146744708    0    0 40240 43100 89052 40261  1  0 99  1  0  0
 0  1 126748 28606224 2289428 146744944    0    0 39984 43652 88987 39555  1  0 98  1  0  0
 1  0 126748 28602316 2289428 146745196    0    0 40048 44388 89114 39673  1  0 98  1  0  0
 2  0 126748 28600444 2289428 146745420    0    0 40352 43092 88894 39194  1  0 99  1  0  0
 1  0 126748 28602896 2289428 146745660    0    0 40512 42964 89009 40367  1  0 98  1  0  0
 0  1 126748 28598780 2289428 146745896    0    0 40576 43960 89073 39955  1  0 98  1  0  0
 0  1 126748 28596548 2289428 146746128    0    0 39792 43512 88926 39840  1  0 98  1  0  0
 0  1 126748 28594276 2289428 146746396    0    0 39904 45052 89091 40405  1  0 98  1  0  0
 1  0 126748 28590148 2289428 146746632    0    0 39888 43856 89006 40755  1  0 98  1  0  0
 4  0 126748 28589228 2289428 146746880    0    0 39968 44196 89067 40166  1  0 98  1  0  0
 1  0 126748 28588724 2289428 146747116    0    0 41392 43712 89036 39552  1  0 98  1  0  0
 1  0 126748 28589220 2289428 146747336    0    0 40496 44984 89278 40061  1  0 99  0  0  0
 1  0 126748 28588264 2289428 146747596    0    0 40288 45632 89168 39859  1  0 99  1  0  0
 1  0 126748 28589144 2289428 146747840    0    0 40752 45252 89131 39338  1  0 98  1  0  0
 2  0 126748 28595664 2289432 146748088    0    0 41440 44540 89200 39879  1  0 99  1  0  0
 0  1 126748 28593632 2289432 146748308    0    0 40784 43828 89113 39561  1  0 98  1  0  0
procs -----------memory---------- ---swap-- -----io---- -system-- -------cpu-------
 r  b   swpd   free   buff  cache   si   so    bi    bo   in   cs us sy id wa st gu
 1  0 126748 28594128 2289432 146748572    0    0 40016 43916 89041 40487  1  0 98  1  0  0
 1  0 126748 28593476 2289432 146748824    0    0 40448 45200 89128 40007  1  0 98  1  0  0
 0  1 126748 28596252 2289432 146749040    0    0 39968 45916 89056 40355  1  0 98  1  0  0
 0  1 126748 28593328 2289432 146749300    0    0 40384 45924 89229 40099  1  0 98  1  0  0
 1  0 126748 28592980 2289432 146749560    0    0 40336 45116 89052 40195  1  0 98  1  0  0
 2  0 126748 28593228 2289432 146749788    0    0 40832 44112 89047 40582  1  0 99  1  0  0
 1  0 126748 28593264 2289432 146750028    0    0 40432 44588 89053 40204  1  0 98  1  0  0
 0  1 126748 28592504 2289432 146750280    0    0 40544 44912 89202 39586  1  0 99  1  0  0
 0  1 126748 28594800 2289432 146750520    0    0 40816 44144 89122 39730  1  0 98  1  0  0
 0  1 126748 28591056 2289432 146750748    0    0 40944 44524 89165 39390  1  0 98  1  0  0
 1  0 126748 28589656 2289432 146750992    0    0 40528 44300 89077 39643  1  0 98  1  0  0
 1  0 126748 28593192 2289432 146751244    0    0 39728 45252 89101 40324  1  0 98  0  0  0
 0  1 126748 28592572 2289436 146751496    0    0 40368 45312 89111 39907  1  0 98  1  0  0
 0  1 126748 28589904 2289436 146751732    0    0 40304 44812 89244 39761  1  0 99  1  0  0
 1  0 126748 28589272 2289436 146751972    0    0 40416 44924 89055 39600  1  0 98  1  0  0
 0  1 126748 28589408 2289436 146752256    0    0 41216 45520 89182 39691  1  0 98  1  0  0
 1  0 126748 28589696 2289436 146752484    0    0 40256 45624 89032 39989  1  0 98  1  0  0
 1  0 126748 28587768 2289440 146752724    0    0 40304 47088 89267 40556  1  0 98  1  0  0
 0  1 126748 28587540 2289440 146752972    0    0 40768 45748 89039 39590  1  0 98  1  0  0
 0  1 126748 28590348 2289440 146753212    0    0 41360 45804 89191 40054  1  0 98  1  0  0
 0  1 126748 28589724 2289440 146753456    0    0 40352 45212 89079 40762  1  0 98  1  0  0
procs -----------memory---------- ---swap-- -----io---- -system-- -------cpu-------
 r  b   swpd   free   buff  cache   si   so    bi    bo   in   cs us sy id wa st gu
 0  1 126748 28588936 2289440 146753692    0    0 40736 45552 89314 40312  1  0 98  1  0  0
 2  0 126748 28587028 2289440 146753928    0    0 40640 45916 89098 39813  1  0 98  1  0  0
 1  0 126748 28586580 2289440 146754152    0    0 41104 45524 89221 40261  1  0 99  1  0  0
 1  0 126748 28586720 2289440 146754416    0    0 41168 44924 89167 39840  1  0 98  1  0  0
 1  0 126748 28584716 2289440 146754640    0    0 40656 44656 89175 39638  1  0 98  1  0  0
 1  0 126748 28581464 2289440 146754880    0    0 40240 44348 88817 39834  1  0 98  1  0  0
 0  1 126748 28582168 2289440 146755112    0    0 40288 45464 89272 40028  1  0 98  1  0  0
 1  0 126748 28582260 2289440 146755364    0    0 40384 44908 89040 40139  1  0 98  1  0  0
 1  0 126748 28580324 2289440 146755628    0    0 40608 44716 89269 40007  1  0 99  1  0  0
 1  0 126748 28579228 2289440 146755884    0    0 40256 44840 89004 40017  1  0 98  0  0  0
 1  0 126748 28580756 2289440 146756124    0    0 39856 44868 89158 39893  1  0 98  1  0  0
 0  1 126748 28584820 2289440 146756360    0    0 39920 45640 89189 40508  1  0 98  1  0  0
 1  0 126748 28583324 2289440 146756612    0    0 40848 44528 89201 40296  1  0 98  1  0  0
 2  0 126748 28580968 2289440 146756860    0    0 40480 44512 89106 40233  1  0 98  1  0  0
 1  0 126748 28581228 2289440 146757104    0    0 40784 44852 89173 39698  1  0 98  1  0  0
 0  1 126748 28579084 2289440 146757348    0    0 40896 45376 89134 40842  1  0 99  1  0  0
 1  0 126748 28576072 2289444 146757560    0    0 40560 46712 89235 39923  1  0 98  1  0  0
 0  1 126748 28573876 2289444 146757828    0    0 40848 45840 89249 40165  1  0 98  1  0  0
 0  1 126748 28576824 2289444 146758080    0    0 40752 46608 89336 39797  1  0 98  1  0  0
 1  1 126748 28579332 2289444 146758308    0    0 40080 46836 89022 40641  1  0 99  1  0  0
 2  0 126748 28582684 2289444 146758528    0    0 41088 47436 89290 39823  1  0 98  1  0  0
procs -----------memory---------- ---swap-- -----io---- -system-- -------cpu-------
 r  b   swpd   free   buff  cache   si   so    bi    bo   in   cs us sy id wa st gu
 0  1 126748 28581568 2289444 146758848    0    0 40624 47232 89231 40573  1  0 98  1  0  0
 1  0 126748 28581984 2289444 146759092    0    0 40032 46052 89153 40256  1  0 98  0  0  0
 0  1 126748 28580256 2289444 146759344    0    0 40272 46596 89196 39989  1  0 98  1  0  0
 1  0 126748 28583432 2289444 146759592    0    0 40720 45952 89201 39402  1  0 99  1  0  0
 0  1 126748 28581320 2289444 146759860    0    0 40768 46620 89218 40015  1  0 98  1  0  0
 0  1 126748 28579932 2289444 146760100    0    0 41024 47532 89207 40326  1  0 98  1  0  0
 0  1 126748 28578672 2289444 146760332    0    0 40944 46756 89202 40381  1  0 99  1  0  0
 0  1 126748 28579724 2289444 146760576    0    0 41072 46120 89197 40292  1  0 98  1  0  0
 0  1 126748 28580400 2289444 146760820    0    0 39920 45248 89066 39710  1  0 99  1  0  0
 1  0 126748 28578472 2289444 146761076    0    0 39936 44912 89145 39769  1  0 99  1  0  0
 1  0 126748 28575136 2289444 146761312    0    0 41312 45228 89225 39575  1  0 98  1  0  0
 0  1 126748 28573272 2289444 146761532    0    0 40880 45296 89196 39698  1  0 98  1  0  0
 1  0 126748 28573060 2289444 146761764    0    0 40064 45424 89115 39227  1  0 98  1  0  0
 1  0 126748 28572856 2289444 146762032    0    0 40464 44796 89033 39932  1  0 99  1  0  0
 1  0 126748 28572192 2289444 146762244    0    0 40064 46096 89157 40018  1  0 98  1  0  0
 2  0 126748 28571724 2289444 146762512    0    0 40320 47172 89145 39623  1  0 99  1  0  0
 1  0 126748 28575856 2289444 146762748    0    0 40032 48160 89060 39445  1  0 99  1  0  0
 1  0 126748 28575184 2289444 146762972    0    0 39856 46320 89034 39725  1  0 99  1  0  0
 1  0 126748 28572960 2289444 146763240    0    0 41136 45652 89096 39894  1  0 99  1  0  0
 1  0 126748 28572844 2289444 146763444    0    0 39920 46068 88985 39542  1  0 99  1  0  0
 1  0 126748 28570820 2289444 146763720    0    0 40720 46116 89004 39982  1  0 99  1  0  0
procs -----------memory---------- ---swap-- -----io---- -system-- -------cpu-------
 r  b   swpd   free   buff  cache   si   so    bi    bo   in   cs us sy id wa st gu
 0  1 126748 28572988 2289444 146763972    0    0 39968 45928 89065 39447  1  0 98  0  0  0
 1  1 126748 28573956 2289444 146764196    0    0 40064 45188 89140 39686  1  0 98  1  0  0
 0  1 126748 28572612 2289444 146764452    0    0 39712 45512 89056 39772  1  0 98  0  0  0
 1  0 126748 28578960 2289444 146764692    0    0 40272 45856 89032 39739  1  0 98  1  0  0
 0  1 126748 28579588 2289444 146764928    0    0 39920 46032 88934 40280  1  0 98  0  0  0
 0  1 126748 28579868 2289444 146765208    0    0 40688 45600 89078 39532  1  0 98  1  0  0
 0  1 126748 28580388 2289444 146765436    0    0 39680 44924 88790 39431  1  0 99  1  0  0
 0  1 126748 28579272 2289444 146765680    0    0 40592 44452 89066 39738  1  0 98  1  0  0
 0  1 126748 28576964 2289444 146765920    0    0 40560 45252 88972 39640  1  0 99  1  0  0
 1  0 126748 28585480 2289448 146766156    0    0 40448 45948 89112 39368  1  0 98  1  0  0
 2  0 126748 28588232 2289448 146766420    0    0 40560 45712 88901 39727  1  0 98  1  0  0
 1  0 126748 28584396 2289448 146766656    0    0 40928 44688 89107 39793  1  0 99  1  0  0
 2  0 126748 28584620 2289448 146766892    0    0 40384 44624 88834 39647  1  0 99  1  0  0
 1  0 126748 28583196 2289448 146767172    0    0 40592 44184 88929 39843  1  0 99  1  0  0
 1  0 126748 28580352 2289448 146767388    0    0 40320 45936 88953 39908  1  0 98  1  0  0
 1  0 126748 28586204 2289452 146767636    0    0 40272 46128 88970 39291  1  0 98  1  0  0
 0  1 126748 28584664 2289452 146767876    0    0 40128 46220 89140 39967  1  0 98  0  0  0
 1  0 126748 28581744 2289452 146768104    0    0 40720 45232 89163 40284  1  0 98  1  0  0
 1  0 126748 28581748 2289452 146768352    0    0 40384 44816 88973 39835  1  0 98  1  0  0
 1  0 126748 28586436 2289452 146768604    0    0 41120 44804 89072 40205  1  0 98  1  0  0
 1  0 126748 28587348 2289452 146768832    0    0 40512 45384 89144 39991  1  0 98  1  0  0
procs -----------memory---------- ---swap-- -----io---- -system-- -------cpu-------
 r  b   swpd   free   buff  cache   si   so    bi    bo   in   cs us sy id wa st gu
 0  1 126748 28582772 2289452 146769108    0    0 39760 45412 89088 39589  1  0 98  1  0  0
 0  1 126748 28581664 2289452 146769320    0    0 39984 45888 89091 39748  1  0 98  1  0  0
 1  0 126748 28582296 2289452 146769588    0    0 40912 44732 89095 39620  1  0 98  1  0  0
 0  1 126748 28585912 2289452 146769812    0    0 39888 44872 88979 39349  1  0 98  1  0  0
 0  1 126748 28583496 2289452 146770040    0    0 41152 45596 89225 40607  1  0 99  1  0  0
 0  1 126748 28581420 2289452 146770304    0    0 41008 45124 89038 39798  1  0 99  1  0  0
 1  0 126748 28580684 2289452 146770568    0    0 40448 45188 89014 39501  1  0 98  1  0  0
 1  0 126748 28581524 2289452 146770796    0    0 40240 45056 88951 40429  1  0 98  1  0  0
 0  1 126748 28581972 2289452 146771040    0    0 40800 44892 89196 39684  1  0 98  1  0  0
 2  0 126748 28584232 2289452 146771244    0    0 40368 45260 88954 39446  1  0 99  1  0  0
 0  1 126748 28582476 2289452 146771524    0    0 40672 44012 89180 39460  1  0 98  1  0  0
 1  0 126748 28586284 2289452 146771776    0    0 40752 43976 89110 40101  1  0 98  1  0  0
 1  0 126748 28587296 2289452 146771992    0    0 40752 43492 89222 40196  1  0 98  1  0  0
 0  1 126748 28589376 2289452 146772252    0    0 40960 43420 89024 39882  1  0 98  1  0  0
 1  0 126748 28589128 2289452 146772492    0    0 40752 44088 89109 40012  1  0 98  1  0  0
 1  0 126748 28588788 2289452 146772724    0    0 40128 44376 89185 40037  1  0 98  0  0  0
 1  0 126748 28587104 2289452 146772992    0    0 41424 44056 89097 40152  1  0 99  1  0  0
 1  0 126748 28584872 2289452 146773200    0    0 40512 44204 88947 40357  1  0 98  1  0  0
 0  1 126748 28587164 2289452 146773512    0    0 40368 45460 89105 39920  1  0 99  1  0  0
 0  1 126748 28587288 2289452 146773768    0    0 40512 45520 89170 39825  1  0 98  1  0  0
 0  1 126748 28584260 2289452 146774008    0    0 41488 45056 89178 39851  1  0 98  1  0  0
procs -----------memory---------- ---swap-- -----io---- -system-- -------cpu-------
 r  b   swpd   free   buff  cache   si   so    bi    bo   in   cs us sy id wa st gu
 0  1 126748 28583372 2289452 146774248    0    0 41040 44204 88995 40298  1  0 99  1  0  0
 2  0 126748 28582896 2289452 146774500    0    0 41024 43836 88934 40370  1  0 99  1  0  0
 2  0 126748 28584348 2289452 146774760    0    0 40240 43536 89105 40614  1  0 98  0  0  0
 0  1 126748 28580320 2289452 146774992    0    0 40768 44140 89036 40275  1  0 98  1  0  0
 1  0 126748 28586628 2289452 146775220    0    0 40768 44764 89183 41024  1  0 98  1  0  0
 1  1 126748 28590888 2289452 146775496    0    0 41136 44592 89016 40325  1  0 98  1  0  0
 0  1 126748 28594648 2289452 146775728    0    0 40960 44840 89107 39813  1  0 99  1  0  0
 0  1 126748 28592064 2289452 146775988    0    0 40704 45324 89189 40425  1  0 98  1  0  0
 1  0 126748 28588112 2289452 146776236    0    0 40784 44524 89098 39974  1  0 98  0  0  0
 0  1 126748 28584472 2289452 146776472    0    0 41664 45308 89193 40062  1  0 98  1  0  0
 0  1 126748 28582244 2289452 146776684    0    0 40512 44252 89036 40285  1  0 98  1  0  0
 1  0 126748 28572628 2289452 146776968    0    0 40128 43332 89083 39918  1  0 98  1  0  0
 1  1 126748 28575908 2289452 146777180    0    0 40720 44112 89046 39972  1  0 99  1  0  0
 1  0 126748 28581768 2289456 146777412    0    0 40592 44256 88944 40785  1  0 98  1  0  0
 1  1 126748 28579608 2289456 146777672    0    0 40896 45108 89001 39897  1  0 98  1  0  0
 1  0 126748 28576344 2289456 146777928    0    0 39936 44724 89016 40824  1  0 98  0  0  0
 1  0 126748 28578920 2289456 146778184    0    0 40544 45416 89032 40122  1  0 98  1  0  0
 1  0 126748 28579244 2289456 146778412    0    0 41072 45848 89157 39853  1  0 99  1  0  0
 1  0 126748 28576208 2289456 146778640    0    0 40576 46184 88967 39728  1  0 99  1  0  0
 1  0 126748 28576512 2289456 146778876    0    0 40688 45732 89153 40423  1  0 98  1  0  0
 0  1 126748 28572904 2289456 146779148    0    0 40640 45700 89162 40266  1  0 98  1  0  0
procs -----------memory---------- ---swap-- -----io---- -system-- -------cpu-------
 r  b   swpd   free   buff  cache   si   so    bi    bo   in   cs us sy id wa st gu
 0  1 126748 28570496 2289456 146779380    0    0 40832 45684 89104 40020  1  0 98  1  0  0
 1  0 126748 28570392 2289456 146779620    0    0 41040 44864 89039 39581  1  0 99  1  0  0
 2  0 126748 28571384 2289456 146779836    0    0 40880 44672 89273 39604  1  0 99  1  0  0
 0  1 126748 28574224 2289456 146780092    0    0 40400 45164 88845 40996  1  0 99  0  0  0
 0  1 126748 28569360 2289456 146780372    0    0 40272 44816 89058 39770  1  0 99  0  0  0
 0  1 126748 28575424 2289456 146780620    0    0 40224 45180 89055 40484  1  0 98  1  0  0
 1  0 126748 28577240 2289456 146780880    0    0 40848 46044 89320 40309  1  0 98  1  0  0
 1  0 126748 28578020 2289456 146781116    0    0 40368 46352 89053 40272  1  0 99  1  0  0
 1  0 126748 28576688 2289456 146781376    0    0 39696 46488 89197 40739  1  0 98  0  0  0
 1  0 126748 28576424 2289456 146781648    0    0 40992 46488 89138 39892  1  0 98  1  0  0
 0  1 126748 28571924 2289456 146781896    0    0 41232 45796 89277 40056  1  0 99  1  0  0
 1  0 126748 28577104 2289456 146782140    0    0 40432 45492 88940 40443  1  0 98  1  0  0
 1  0 126748 28574988 2289456 146782384    0    0 39936 46144 88996 40030  1  0 98  1  0  0
 1  1 126748 28575896 2289456 146782628    0    0 40768 45864 89173 39828  1  0 98  1  0  0
 1  0 126748 28576544 2289456 146782868    0    0 40544 47000 89343 40167  1  0 98  1  0  0
 1  0 126748 28571260 2289456 146783096    0    0 41120 46564 89173 39890  1  0 98  1  0  0
 2  0 126748 28572084 2289456 146783348    0    0 40624 46576 89206 40341  1  0 99  1  0  0
 0  0 126748 28569572 2289456 146783600    0    0 40512 45948 88932 40860  1  0 98  1  0  0
 5  0 126748 28566836 2289456 146783840    0    0 40400 46244 89294 39874  1  0 99  1  0  0
 1  0 126748 28567416 2289456 146784080    0    0 41248 46188 89086 40072  1  0 99  1  0  0
 1  1 126748 28571592 2289456 146784316    0    0 40960 46760 89292 39765  1  0 98  1  0  0
procs -----------memory---------- ---swap-- -----io---- -system-- -------cpu-------
 r  b   swpd   free   buff  cache   si   so    bi    bo   in   cs us sy id wa st gu
 1  0 126748 28574036 2289456 146784600    0    0 40944 45688 89036 39650  1  0 98  1  0  0
 1  0 126748 28577436 2289456 146784840    0    0 41008 45940 89410 40105  1  0 98  1  0  0
 1  0 126748 28578356 2289456 146785076    0    0 40480 45668 89160 39950  1  0 98  1  0  0
 1  0 126748 28573180 2289456 146785328    0    0 41120 46216 89244 39608  1  0 98  1  0  0
 1  0 126748 28572200 2289456 146785576    0    0 40736 46728 89084 39532  1  0 99  1  0  0
 1  0 126748 28573796 2289456 146785796    0    0 40320 46852 89302 40012  1  0 98  1  0  0
 1  0 126748 28575316 2289456 146786048    0    0 40576 46060 89142 39747  1  0 99  1  0  0
 0  1 126748 28581296 2289456 146786284    0    0 39952 45944 89119 40214  1  0 98  1  0  0
 0  1 126748 28584304 2289456 146786532    0    0 40576 47020 88977 39259  1  0 98  1  0  0
 1  0 126748 28584548 2289456 146786776    0    0 40096 47540 89210 40345  1  0 98  1  0  0
 0  1 126748 28578716 2289456 146787024    0    0 40832 48268 89124 40326  1  0 98  1  0  0
 0  1 126748 28575056 2289456 146787264    0    0 39456 47916 89163 40085  1  0 98  1  0  0
 0  1 126748 28574136 2289456 146787516    0    0 40368 46060 88976 39633  1  0 98  1  0  0
 0  1 126748 28571504 2289456 146787748    0    0 40192 46680 89222 40677  1  0 98  1  0  0
 1  0 126748 28571036 2289456 146787992    0    0 40880 45888 89076 40548  1  0 98  1  0  0
 1  0 126748 28576384 2289456 146788312    0    0 40688 45476 89045 39872  1  0 98  1  0  0
 2  0 126748 28577644 2289456 146788568    0    0 40720 46356 89187 39791  1  0 99  1  0  0
 0  1 126748 28581912 2289456 146788816    0    0 41392 46288 89309 39811  1  0 99  1  0  0
 0  1 126748 28582752 2289456 146789048    0    0 41024 47416 89197 40474  1  0 98  1  0  0
 1  0 126748 28583052 2289456 146789304    0    0 40896 47348 89178 40317  1  0 98  1  0  0
 1  0 126748 28580580 2289456 146789552    0    0 40064 47292 88943 40857  1  0 98  1  0  0
procs -----------memory---------- ---swap-- -----io---- -system-- -------cpu-------
 r  b   swpd   free   buff  cache   si   so    bi    bo   in   cs us sy id wa st gu
 1  0 126748 28581128 2289456 146789780    0    0 40432 47112 89185 39899  1  0 99  1  0  0
 0  1 126748 28577432 2289456 146790028    0    0 40320 46804 88901 40124  1  0 98  1  0  0
 2  0 126748 28576764 2289456 146790276    0    0 40544 48284 89208 40431  1  0 98  1  0  0
 1  0 126748 28576568 2289456 146790504    0    0 40512 48268 89097 39987  1  0 98  0  0  0
 0  1 126748 28581692 2289456 146790756    0    0 41136 48008 89200 39721  1  0 98  1  0  0
 0  1 126748 28580412 2289456 146791000    0    0 40704 47280 89003 40385  1  0 98  0  0  0
 1  0 126748 28579684 2289456 146791236    0    0 40432 46004 89073 40170  1  0 98  1  0  0
 0  1 126748 28576472 2289456 146791492    0    0 40384 46012 88930 39572  1  0 98  1  0  0
 0  1 126748 28579044 2289456 146791708    0    0 41040 45612 89058 40098  1  0 98  1  0  0
 0  1 126748 28577464 2289456 146791948    0    0 41056 45720 89015 39997  1  0 98  1  0  0
 1  0 126748 28571696 2289460 146792216    0    0 38512 45916 88912 38692  1  0 99  0  0  0
 0  1 126748 28573128 2289460 146792440    0    0 38288 45248 88754 37963  1  0 98  0  0  0
 0  1 126748 28574780 2289460 146792672    0    0 38720 45820 88839 39327  1  0 98  0  0  0
 3  0 126748 28574960 2289460 146792896    0    0 38032 45704 88677 38467  1  0 98  0  0  0
 0  1 126748 28577388 2289460 146793132    0    0 39856 46604 89013 40137  1  0 98  1  0  0
 0  1 126748 28575316 2289460 146793380    0    0 40832 46404 88997 40278  1  0 99  1  0  0
 1  0 126748 28579396 2289460 146793616    0    0 40656 46496 89059 40671  1  0 98  1  0  0
 1  1 126748 28580460 2289460 146793860    0    0 40816 46764 89024 40277  1  0 98  1  0  0
 0  1 126748 28580400 2289460 146794120    0    0 40816 47684 88957 39857  1  0 98  1  0  0
 2  0 126748 28577644 2289460 146794344    0    0 40320 47008 89152 40066  1  0 98  1  0  0
 0  1 126748 28581268 2289460 146794588    0    0 40368 46100 89219 40140  1  0 98  1  0  0
procs -----------memory---------- ---swap-- -----io---- -system-- -------cpu-------
 r  b   swpd   free   buff  cache   si   so    bi    bo   in   cs us sy id wa st gu
 2  0 126748 28580000 2289460 146794852    0    0 39712 45428 89011 39887  1  0 98  1  0  0
 1  0 126748 28580544 2289460 146795076    0    0 40496 45708 89096 40013  1  0 98  1  0  0
 0  1 126748 28582220 2289460 146795320    0    0 39872 46248 88984 40494  1  0 98  1  0  0
 1  0 126748 28577688 2289460 146795560    0    0 37808 45112 88825 39056  1  0 98  0  0  0
 1  0 126748 28575464 2289460 146795788    0    0 38432 45620 88822 39335  1  0 99  0  0  0
 1  0 126748 28571828 2289460 146796036    0    0 38432 45308 88764 38224  1  0 98  0  0  0
 1  0 126748 28575084 2289460 146796256    0    0 38496 46500 88923 39408  1  0 98  0  0  0
 0  1 126748 28571800 2289460 146796488    0    0 38976 46360 88869 39169  1  0 98  0  0  0
 1  0 126748 28573252 2289460 146796764    0    0 38720 44632 88866 39034  1  0 99  0  0  0
 2  0 126748 28568992 2289460 146796992    0    0 40960 45592 88999 41626  1  0 98  1  0  0
 2  0 126748 28566748 2289460 146797240    0    0 40240 45588 89133 40595  1  0 99  1  0  0
 1  0 126748 28557720 2289460 146797496    0    0 40848 45888 89134 40433  1  0 98  1  0  0
 0  1 126748 28559848 2289460 146797732    0    0 40912 45532 89174 40606  1  0 98  1  0  0
 1  0 126748 28564488 2289460 146797984    0    0 40192 45816 89085 41156  1  0 99  1  0  0
 0  1 126748 28562104 2289464 146798208    0    0 41296 46640 89141 40520  1  0 98  1  0  0
 1  0 126748 28559652 2289464 146798468    0    0 40368 46656 88997 41803  1  0 98  1  0  0
 1  0 126748 28566456 2289464 146798716    0    0 40704 46360 89151 40291  1  0 98  1  0  0
 0  1 126748 28563424 2289464 146798944    0    0 41552 46184 89135 40560  1  0 98  1  0  0
 1  0 126748 28563924 2289464 146799180    0    0 40800 45356 88896 40143  1  0 98  1  0  0
 0  1 126748 28561104 2289464 146799468    0    0 40608 46040 89178 40268  1  0 98  1  0  0
 1  0 126748 28564684 2289464 146799708    0    0 40848 46344 89164 40179  1  0 98  1  0  0
procs -----------memory---------- ---swap-- -----io---- -system-- -------cpu-------
 r  b   swpd   free   buff  cache   si   so    bi    bo   in   cs us sy id wa st gu
 1  0 126748 28564612 2289464 146799952    0    0 40800 46440 89207 39859  1  0 98  1  0  0
 1  0 126748 28563184 2289468 146800184    0    0 39648 46824 88990 39170  1  0 98  1  0  0
 1  0 126748 28559904 2289468 146800428    0    0 39472 45892 89099 38839  1  0 98  0  0  0
 1  0 126748 28557896 2289468 146800680    0    0 40656 47292 89080 40721  1  0 98  1  0  0
 1  0 126748 28553900 2289468 146800908    0    0 40992 47288 89250 40291  1  0 98  1  0  0
 1  0 126748 28561740 2289468 146801152    0    0 40672 47268 89032 40605  1  0 99  1  0  0
 1  1 126748 28562456 2289468 146801404    0    0 40112 47008 89279 40329  1  0 98  1  0  0
 1  0 126748 28562012 2289468 146801684    0    0 40112 45564 88913 38843  1  0 99  0  0  0
 1  0 126748 28559780 2289468 146801916    0    0 40000 45632 89081 40370  1  0 99  0  0  0
 1  0 126748 28558392 2289468 146802196    0    0 39280 45132 88936 39508  1  0 98  0  0  0
 1  0 126748 28560088 2289468 146802424    0    0 41056 46124 89299 40358  1  0 98  1  0  0
 1  0 126748 28556328 2289468 146802668    0    0 39552 47368 88943 40620  1  0 98  0  0  0
 1  0 126748 28555448 2289468 146802964    0    0 40432 46932 89038 40902  1  0 98  1  0  0
 1  0 126748 28552608 2289468 146803196    0    0 39936 46324 89097 39543  1  0 98  1  0  0
 0  1 126748 28549104 2289468 146803436    0    0 40320 46044 89100 39580  1  0 98  1  0  0
 0  1 126748 28546344 2289468 146803688    0    0 38752 45760 88949 38392  1  0 98  0  0  0
 1  0 126748 28548160 2289468 146803912    0    0 40496 45952 89008 40190  1  0 98  1  0  0
 1  0 126748 28544452 2289468 146804160    0    0 41072 46024 89105 40337  1  0 98  1  0  0
 5  0 126748 28544468 2289468 146804380    0    0 40016 45996 89099 40051  1  0 99  1  0  0
 1  0 126748 28543140 2289468 146804632    0    0 38464 45484 88707 39641  1  0 98  0  0  0
 1  0 126748 28543332 2289468 146804904    0    0 39440 45148 89034 38898  1  0 98  0  0  0
procs -----------memory---------- ---swap-- -----io---- -system-- -------cpu-------
 r  b   swpd   free   buff  cache   si   so    bi    bo   in   cs us sy id wa st gu
 0  1 126748 28545464 2289468 146805108    0    0 38816 45020 88738 37873  1  0 98  0  0  0
 1  0 126748 28546368 2289468 146805364    0    0 41136 46696 89430 40101  1  0 98  1  0  0
 0  1 126748 28543092 2289468 146805600    0    0 40176 47120 89080 39790  1  0 98  1  0  0
 2  0 126748 28548136 2289468 146805860    0    0 39056 45640 89022 38973  1  0 99  0  0  0
 1  0 126748 28551496 2289468 146806108    0    0 40816 45664 89053 39604  1  0 99  1  0  0
 0  1 126748 28549712 2289468 146806368    0    0 40896 47300 89318 40538  1  0 98  1  0  0
 0  1 126748 28548960 2289468 146806608    0    0 40432 47472 89211 40453  1  0 98  1  0  0
 0  1 126748 28547364 2289468 146806856    0    0 41104 47676 89276 39950  1  0 98  1  0  0
 1  0 126748 28545224 2289468 146807092    0    0 40544 46892 89050 40774  1  0 98  1  0  0
 1  0 126748 28549968 2289468 146807324    0    0 41392 46728 89347 40882  1  0 98  1  0  0
 0  1 126748 28547664 2289468 146807556    0    0 40240 46368 89023 40694  1  0 98  0  0  0
 0  1 126748 28548392 2289468 146807836    0    0 40896 46444 89131 39972  1  0 98  1  0  0
 0  1 126748 28548016 2289468 146808076    0    0 40656 46012 89092 40652  1  0 98  1  0  0
 3  0 126748 28548860 2289468 146808312    0    0 41008 45004 89156 40314  1  0 99  1  0  0
 2  1 126748 28544880 2289468 146808568    0    0 41312 45572 89092 39568  1  0 99  1  0  0
 2  1 126748 28550668 2289468 146808856    0    0 40960 45540 89126 39841  1  0 98  1  0  0
 2  1 126748 28550116 2289468 146809032    0    0 40992 46168 89169 40933  1  0 98  0  0  0
 2  1 126748 28551304 2289468 146809268    0    0 40688 45080 89317 40382  1  0 98  1  0  0
 2  1 126748 28548316 2289468 146809604    0    0 41072 45956 89169 40309  1  0 98  1  0  0
 3  0 126748 28551672 2289468 146809776    0    0 41184 46852 89239 40661  1  0 98  1  0  0
 3  0 126748 28554760 2289468 146810024    0    0 40896 47272 89206 40804  1  0 98  1  0  0
procs -----------memory---------- ---swap-- -----io---- -system-- -------cpu-------
 r  b   swpd   free   buff  cache   si   so    bi    bo   in   cs us sy id wa st gu
 4  0 126748 28556040 2289468 146810280    0    0 40800 46856 89287 40082  1  0 99  1  0  0
 3  0 126748 28558300 2289468 146810544    0    0 40864 46328 89023 40961  1  0 99  1  0  0
 3  0 126748 28558604 2289468 146810860    0    0 40384 45812 89174 40575  1  0 98  1  0  0
 2  1 126748 28556340 2289468 146810996    0    0 40720 45512 89154 40290  1  0 98  1  0  0
 3  0 126748 28553616 2289468 146811276    0    0 40192 45460 89156 40529  1  0 99  1  0  0
 2  1 126748 28554736 2289468 146811696    0    0 40976 46708 89081 41407  1  0 98  1  0  0
 3  0 126748 28553420 2289468 146811764    0    0 40928 45720 89069 40621  1  0 99  1  0  0
 3  0 126748 28549556 2289468 146812012    0    0 40864 46404 89167 40816  1  0 98  1  0  0
 3  0 126748 28546256 2289468 146812264    0    0 40560 46256 89260 40488  1  0 98  1  0  0
 3  0 126748 28543624 2289468 146812492    0    0 41024 47044 89358 40498  1  0 98  1  0  0
 4  0 126748 28542780 2289468 146812824    0    0 40736 47040 89201 40853  1  0 98  1  0  0
 3  0 126748 28541036 2289468 146812972    0    0 40880 46980 89238 39740  1  0 98  1  0  0
 2  1 126748 28542452 2289468 146813220    0    0 41680 46624 89341 40198  1  0 98  1  0  0
 2  1 126748 28538292 2289468 146813496    0    0 40608 46692 89243 40337  1  0 98  1  0  0
 3  0 126748 28539052 2289468 146813720    0    0 41024 46404 89287 40659  1  0 98  1  0  0
 3  0 126748 28539172 2289468 146813972    0    0 40128 46864 89113 40592  1  0 98  1  0  0
 3  0 126748 28537372 2289472 146814400    0    0 40208 46368 89229 41137  1  0 98  1  0  0
 4  0 126748 28540760 2289472 146814484    0    0 40256 44936 89036 40727  1  0 98  1  0  0
 2  1 126748 28546064 2289472 146814816    0    0 40480 44272 89001 40461  1  0 99  0  0  0
 2  1 126748 28546004 2289472 146814964    0    0 39792 43548 89008 40610  1  0 98  0  0  0
 3  0 126748 28545156 2289472 146815256    0    0 40336 45572 89209 40838  1  0 98  0  0  0
procs -----------memory---------- ---swap-- -----io---- -system-- -------cpu-------
 r  b   swpd   free   buff  cache   si   so    bi    bo   in   cs us sy id wa st gu
 2  1 126748 28547040 2289472 146815564    0    0 40960 46568 89151 40542  1  0 98  1  0  0
 3  0 126748 28544040 2289472 146815716    0    0 40592 45756 88929 40334  1  0 99  1  0  0
 2  1 126748 28545980 2289472 146815976    0    0 40240 45412 89100 40775  1  0 98  0  0  0
 4  0 126748 28543416 2289472 146816416    0    0 40272 44984 88972 40049  1  0 98  1  0  0
 3  0 126748 28543496 2289472 146816508    0    0 40224 45556 89013 40484  1  0 99  1  0  0
 3  0 126748 28538120 2289476 146816748    0    0 41072 45588 89034 40412  1  0 98  1  0  0
 2  1 126748 28543144 2289476 146817128    0    0 40912 46308 89156 40300  1  0 98  1  0  0
 3  0 126748 28546356 2289476 146817236    0    0 40688 45836 89106 39955  1  0 98  1  0  0
 3  0 126748 28551916 2289476 146817552    0    0 40896 46180 89224 40271  1  0 98  1  0  0
 2  1 126748 28550704 2289476 146817788    0    0 41552 45744 89030 40447  1  0 98  1  0  0
 3  0 126748 28546236 2289476 146818048    0    0 40384 46552 89267 39886  1  0 98  1  0  0
 2  1 126748 28544160 2289476 146818416    0    0 40512 45320 89031 40083  1  0 98  1  0  0
 3  0 126748 28542172 2289476 146818520    0    0 41120 46632 89243 40094  1  0 98  1  0  0
 4  0 126748 28540588 2289476 146818928    0    0 40512 46036 88949 39910  1  0 99  1  0  0
 4  0 126748 28540776 2289476 146819172    0    0 40832 45712 89302 40434  1  0 98  1  0  0
 3  0 126748 28540796 2289476 146819244    0    0 41104 45132 88896 40493  1  0 99  1  0  0
 3  0 126748 28540876 2289476 146819592    0    0 41168 44484 89288 39911  1  0 98  1  0  0
 2  1 126748 28540808 2289476 146819872    0    0 40592 46040 89122 39924  1  0 99  1  0  0
 2  1 126748 28537100 2289476 146820024    0    0 40704 45560 89049 40595  1  0 98  1  0  0
 2  1 126748 28535836 2289476 146820436    0    0 41104 46184 89109 40029  1  0 99  1  0  0
 3  0 126748 28539540 2289476 146820520    0    0 40240 47024 89020 39456  1  0 98  0  0  0
procs -----------memory---------- ---swap-- -----io---- -system-- -------cpu-------
 r  b   swpd   free   buff  cache   si   so    bi    bo   in   cs us sy id wa st gu
 3  0 126748 28538504 2289476 146820912    0    0 39680 46276 88959 39991  1  0 98  0  0  0
 3  0 126748 28535144 2289476 146821092    0    0 40336 46760 89052 40238  1  0 99  1  0  0
 3  0 126748 28532060 2289476 146821236    0    0 41488 45932 89177 40275  1  0 99  1  0  0
 3  0 126748 28535640 2289476 146821488    0    0 40672 46984 89019 40424  1  0 98  1  0  0
 2  1 126748 28531608 2289476 146821740    0    0 41168 46924 89029 40602  1  0 98  1  0  0
 3  0 126748 28528676 2289476 146821976    0    0 40896 46524 89215 40472  1  0 98  1  0  0
 3  0 126748 28523592 2289476 146822224    0    0 41200 46128 89085 39941  1  0 99  1  0  0
 3  0 126748 28527232 2289476 146822464    0    0 40592 47156 89190 40571  1  0 98  1  0  0
 2  1 126748 28524188 2289476 146822712    0    0 40832 46892 89142 40496  1  0 98  1  0  0
 2  1 126748 28524656 2289480 146822980    0    0 40752 47868 89188 40799  1  0 99  1  0  0
 2  1 126748 28525920 2289480 146823220    0    0 40896 47588 89264 41414  1  0 98  1  0  0
 4  0 126748 28528000 2289480 146823468    0    0 41408 47624 89159 40461  1  0 99  1  0  0
 2  1 126748 28530808 2289480 146823712    0    0 40688 48132 89288 40614  1  0 98  1  0  0
 2  1 126748 28532112 2289480 146823952    0    0 41472 47724 89311 40568  1  0 98  1  0  0
 3  0 126748 28532764 2289480 146824204    0    0 40720 48752 89447 41149  1  0 98  1  0  0
 3  0 126748 28528304 2289480 146824440    0    0 40880 47064 89160 40149  1  0 98  1  0  0
 3  0 126748 28529576 2289480 146824696    0    0 40880 46856 89267 40237  1  0 98  1  0  0
 3  0 126748 28531900 2289480 146824928    0    0 40704 46612 89014 41021  1  0 99  1  0  0
 3  0 126748 28533712 2289480 146825160    0    0 41184 46808 89274 40568  1  0 98  1  0  0
 2  1 126748 28535908 2289480 146825408    0    0 40592 47080 89080 40454  1  0 98  1  0  0
 3  0 126748 28535216 2289480 146825704    0    0 40992 47520 89228 41229  1  0 98  1  0  0
procs -----------memory---------- ---swap-- -----io---- -system-- -------cpu-------
 r  b   swpd   free   buff  cache   si   so    bi    bo   in   cs us sy id wa st gu
 3  0 126748 28533368 2289480 146825936    0    0 41424 46352 89091 40220  1  0 99  1  0  0
 3  0 126748 28528388 2289480 146826188    0    0 40000 47336 89116 41664  1  0 98  1  0  0
 5  0 126748 28525116 2289484 146826420    0    0 40528 47620 89070 41041  1  0 98  0  0  0
 5  0 126748 28524864 2289484 146826668    0    0 40544 47800 89245 40531  1  0 99  1  0  0
 4  1 126748 28525032 2289484 146826916    0    0 40384 47052 89199 40283  1  0 98  1  0  0
 5  0 126748 28528076 2289484 146827160    0    0 40416 45764 89125 40388  1  0 98  1  0  0
 2  1 126748 28525128 2289484 146827396    0    0 40864 45136 89142 40521  1  0 98  1  0  0
 3  1 126748 28522784 2289484 146827632    0    0 40784 46460 89156 39849  1  0 98  1  0  0
 3  0 126748 28527368 2289484 146827892    0    0 40688 47004 89190 40444  1  0 99  1  0  0
 2  1 126748 28524860 2289484 146828136    0    0 40976 46732 89465 40271  1  0 98  1  0  0
 3  0 126748 28523616 2289484 146828364    0    0 41216 45224 88978 40482  1  0 99  1  0  0
 2  1 126748 28520888 2289484 146828632    0    0 40384 44868 89231 40065  1  0 98  1  0  0
 3  0 126748 28519156 2289488 146828876    0    0 41632 45320 89039 39848  1  0 99  1  0  0
 3  0 126748 28521984 2289488 146829132    0    0 41104 45564 89294 40435  1  0 98  1  0  0
 3  0 126748 28517352 2289488 146829368    0    0 40496 45648 89015 40290  1  0 99  1  0  0
 2  1 126748 28524824 2289488 146829724    0    0 40688 45728 89333 40571  1  0 98  1  0  0
 3  0 126748 28525644 2289488 146829884    0    0 40640 45476 89196 40577  1  0 99  1  0  0
 3  0 126748 28528616 2289488 146830160    0    0 40784 46460 89294 40720  1  0 99  0  0  0
 3  0 126748 28528956 2289488 146830548    0    0 40608 46584 88979 40719  1  0 98  1  0  0
 2  1 126748 28526312 2289488 146830592    0    0 40384 47548 89191 40074  1  0 98  0  0  0
 2  1 126748 28525116 2289488 146830936    0    0 38832 46548 89008 39650  1  0 98  0  0  0
procs -----------memory---------- ---swap-- -----io---- -system-- -------cpu-------
 r  b   swpd   free   buff  cache   si   so    bi    bo   in   cs us sy id wa st gu
 3  0 126748 28523220 2289488 146831100    0    0 38224 46164 89039 39386  1  0 98  0  0  0
 2  1 126748 28521140 2289488 146831432    0    0 40496 45828 88882 40488  1  0 99  0  0  0
 3  0 126748 28518300 2289488 146831592    0    0 40400 45888 89157 40768  1  0 98  1  0  0
 2  1 126748 28519044 2289488 146831816    0    0 40624 46412 88957 41304  1  0 98  1  0  0
 4  0 126748 28519156 2289488 146832068    0    0 40432 45972 89099 40676  1  0 98  0  0  0
 3  0 126748 28519740 2289488 146832304    0    0 40336 45484 88952 40808  1  0 98  1  0  0
 3  0 126748 28522156 2289488 146832612    0    0 40576 45832 89218 40431  1  0 98  1  0  0
 2  1 126748 28527200 2289488 146832856    0    0 40576 45508 89175 40308  1  0 99  1  0  0
 3  0 126748 28529232 2289488 146833100    0    0 40432 45256 89148 39943  1  0 98  1  0  0
 2  1 126748 28528612 2289488 146833348    0    0 40784 43964 89042 41154  1  0 98  1  0  0
 3  0 126748 28530700 2289488 146833592    0    0 40672 43200 88974 40166  1  0 99  1  0  0
 3  0 126748 28530064 2289488 146833864    0    0 40720 43820 89082 40910  1  0 98  1  0  0
 2  1 126748 28527316 2289488 146834100    0    0 40864 43772 89075 39793  1  0 99  1  0  0
 2  1 126748 28532476 2289488 146834368    0    0 40704 44300 89064 40417  1  0 98  1  0  0
 3  0 126748 28527484 2289488 146834600    0    0 40176 43716 88923 39689  1  0 99  1  0  0
 2  1 126748 28523876 2289488 146834840    0    0 40976 44108 89098 40216  1  0 98  1  0  0
 3  0 126748 28524148 2289488 146835080    0    0 40240 45520 88942 41144  1  0 98  1  0  0
 3  0 126748 28521644 2289488 146835308    0    0 40272 46156 89209 40656  1  0 98  1  0  0
 3  0 126748 28518220 2289488 146835576    0    0 40288 46708 89132 40157  1  0 99  1  0  0
 3  0 126748 28520072 2289488 146835828    0    0 40736 45696 89007 40116  1  0 99  1  0  0
 3  0 126748 28523380 2289488 146836060    0    0 41104 45468 89305 40255  1  0 98  1  0  0
procs -----------memory---------- ---swap-- -----io---- -system-- -------cpu-------
 r  b   swpd   free   buff  cache   si   so    bi    bo   in   cs us sy id wa st gu
 3  0 126748 28527460 2289488 146836300    0    0 40416 45680 89115 40709  1  0 98  1  0  0
 4  0 126748 28525864 2289488 146836552    0    0 41040 45496 89106 40155  1  0 99  1  0  0
 4  0 126748 28529148 2289488 146836784    0    0 40896 45708 89056 40228  1  0 99  1  0  0
 3  0 126748 28528848 2289488 146837028    0    0 39968 45904 89172 40533  1  0 99  0  0  0
 3  0 126748 28529868 2289488 146837312    0    0 41088 44792 89173 40280  1  0 98  1  0  0
 3  0 126748 28527868 2289488 146837568    0    0 41280 45164 88984 39770  1  0 98  1  0  0
 2  1 126748 28527112 2289488 146837812    0    0 39856 45516 89256 40693  1  0 98  0  0  0
 3  0 126748 28528192 2289488 146838052    0    0 40480 45156 89115 40230  1  0 98  1  0  0
 3  0 126748 28528840 2289488 146838292    0    0 40384 45252 89222 40490  1  0 98  1  0  0
 2  1 126748 28525124 2289488 146838544    0    0 40416 45232 89079 40133  1  0 99  1  0  0
 3  0 126748 28531000 2289488 146838780    0    0 40256 46184 89223 40927  1  0 98  1  0  0
 3  0 126748 28530424 2289488 146839036    0    0 40512 46784 89153 41327  1  0 98  1  0  0
 3  0 126748 28533232 2289488 146839284    0    0 40640 46620 89161 40577  1  0 99  1  0  0
 2  1 126748 28528132 2289488 146839552    0    0 40864 47336 89266 39960  1  0 98  1  0  0
 2  1 126748 28529352 2289488 146839796    0    0 41168 46544 89218 40326  1  0 98  1  0  0
 3  0 126748 28528776 2289488 146840020    0    0 40272 46272 89200 40312  1  0 98  1  0  0
 3  0 126748 28529876 2289488 146840268    0    0 40768 45048 89027 40574  1  0 99  1  0  0
 4  0 126748 28530552 2289488 146840524    0    0 40896 45536 89184 40882  1  0 98  1  0  0
 3  0 126748 28528312 2289488 146840760    0    0 40608 46188 89242 40054  1  0 98  1  0  0
 4  0 126748 28534660 2289488 146841008    0    0 40944 45796 89007 40095  1  0 99  1  0  0
 3  0 126748 28534316 2289488 146841244    0    0 40528 45196 89017 40537  1  0 98  1  0  0
procs -----------memory---------- ---swap-- -----io---- -system-- -------cpu-------
 r  b   swpd   free   buff  cache   si   so    bi    bo   in   cs us sy id wa st gu
 3  0 126748 28528808 2289488 146841480    0    0 40096 45000 88986 40231  1  0 99  0  0  0
 3  0 126748 28529300 2289488 146841732    0    0 40592 44396 89177 39777  1  0 99  1  0  0
 3  0 126748 28527800 2289488 146841980    0    0 40160 44952 89014 40277  1  0 98  1  0  0
 3  0 126748 28526288 2289488 146842224    0    0 41072 44328 89039 40601  1  0 99  1  0  0
 3  1 126748 28525640 2289488 146842456    0    0 39872 45304 88955 40550  1  0 98  1  0  0
 2  1 126748 28526556 2289488 146842716    0    0 40880 44620 89061 40003  1  0 99  1  0  0
 3  0 126748 28524868 2289488 146842940    0    0 40304 44124 88976 40243  1  0 99  1  0  0
 3  0 126748 28528080 2289488 146843184    0    0 40656 44632 89120 40422  1  0 98  1  0  0
 3  0 126748 28527336 2289488 146843440    0    0 41328 43272 89059 39795  1  0 99  1  0  0
 3  0 126748 28523848 2289488 146843672    0    0 41200 43640 89014 39791  1  0 98  1  0  0
 3  0 126748 28525256 2289488 146843904    0    0 40480 43840 88997 40159  1  0 98  1  0  0
 2  1 126748 28524280 2289488 146844160    0    0 40912 43256 89073 40011  1  0 98  1  0  0
 3  0 126748 28521652 2289488 146844408    0    0 40752 44016 88922 40392  1  0 98  1  0  0
 3  0 126748 28521864 2289488 146844652    0    0 40000 43580 88830 39647  1  0 98  1  0  0
 3  0 126748 28517188 2289488 146844876    0    0 39840 43812 89005 40781  1  0 98  1  0  0
 3  1 126748 28515968 2289488 146845136    0    0 40224 44784 88800 40089  1  0 99  1  0  0
 2  1 126748 28515792 2289488 146845372    0    0 40592 44532 88988 39553  1  0 99  1  0  0
 3  0 126748 28519360 2289488 146845624    0    0 39456 45452 88682 40856  1  0 98  1  0  0
 3  0 126748 28522864 2289488 146845868    0    0 40720 43792 89080 40112  1  0 98  1  0  0
 3  0 126748 28521580 2289488 146846188    0    0 40560 43456 88897 40078  1  0 98  1  0  0
 3  0 126748 28517348 2289488 146846392    0    0 39888 43360 88979 39664  1  0 98  1  0  0
procs -----------memory---------- ---swap-- -----io---- -system-- -------cpu-------
 r  b   swpd   free   buff  cache   si   so    bi    bo   in   cs us sy id wa st gu
 3  0 126748 28516696 2289488 146846672    0    0 40496 42888 88860 39359  1  0 99  1  0  0
 3  0 126748 28515360 2289488 146846936    0    0 40528 43532 88904 39817  1  0 98  1  0  0
 3  0 126748 28516640 2289488 146847228    0    0 40656 44536 88907 39814  1  0 98  1  0  0
 2  1 126748 28515640 2289488 146847440    0    0 40048 45060 88911 40560  1  0 98  1  0  0
 3  0 126748 28513236 2289488 146847792    0    0 40368 44440 88907 40020  1  0 99  1  0  0
 2  1 126748 28511384 2289488 146848040    0    0 40800 43320 89187 39264  1  0 98  1  0  0
 3  0 126748 28509252 2289488 146848256    0    0 40096 42704 88855 39775  1  0 98  1  0  0
 3  0 126748 28508768 2289488 146848364    0    0 40240 42640 88852 39823  1  0 98  1  0  0
 3  0 126748 28507756 2289488 146848776    0    0 40592 43096 88793 39937  1  0 98  1  0  0
 2  1 126748 28504268 2289488 146849000    0    0 40816 43856 89068 39682  1  0 99  1  0  0
 5  0 126748 28503264 2289488 146849232    0    0 40368 43096 88821 39780  1  0 98  1  0  0
 3  0 126748 28503744 2289488 146849500    0    0 40160 43532 88923 39745  1  0 98  1  0  0
 3  1 126748 28503492 2289488 146849728    0    0 40608 45272 88990 39648  1  0 99  1  0  0
 3  0 126748 28507740 2289488 146849972    0    0 39648 45124 89150 40197  1  0 99  1  0  0
 3  0 126748 28504220 2289488 146850208    0    0 40736 44360 88891 39827  1  0 99  1  0  0
 3  0 126748 28504732 2289488 146850444    0    0 40064 44408 88946 40478  1  0 98  1  0  0
 2  1 126748 28503792 2289488 146850700    0    0 40352 44704 89016 39928  1  0 98  1  0  0
 3  0 126748 28503844 2289488 146850932    0    0 40672 44632 89136 40111  1  0 98  1  0  0
 3  0 126748 28505392 2289488 146851200    0    0 40400 43148 88891 40069  1  0 99  1  0  0
 3  0 126748 28501168 2289488 146851464    0    0 40528 43244 88884 39659  1  0 99  1  0  0
 2  1 126748 28503100 2289488 146851708    0    0 39824 43676 88988 39850  1  0 99  1  0  0
procs -----------memory---------- ---swap-- -----io---- -system-- -------cpu-------
 r  b   swpd   free   buff  cache   si   so    bi    bo   in   cs us sy id wa st gu
 4  0 126748 28503180 2289488 146851952    0    0 40560 43540 89064 39486  1  0 98  1  0  0
 3  0 126748 28499904 2289488 146852208    0    0 40304 44076 88748 39316  1  0 98  1  0  0
 3  0 126748 28498392 2289488 146852420    0    0 40176 43168 88942 40872  1  0 98  0  0  0
 2  1 126748 28495952 2289488 146852684    0    0 40416 43352 88860 40207  1  0 98  1  0  0
 3  0 126748 28494216 2289488 146852948    0    0 40528 42512 88881 39990  1  0 99  1  0  0
 3  0 126748 28492832 2289488 146853180    0    0 40768 42240 88773 39083  1  0 99  1  0  0
 2  1 126748 28494976 2289488 146853452    0    0 40272 42488 88962 39662  1  0 99  1  0  0
 3  0 126748 28494724 2289488 146853680    0    0 40144 43312 88977 40039  1  0 98  0  0  0
 3  0 126748 28493020 2289488 146853916    0    0 40176 44500 89170 39621  1  0 98  1  0  0
 4  0 126748 28491340 2289488 146854180    0    0 40640 44724 88936 39737  1  0 98  1  0  0
 3  0 126748 28492388 2289488 146854408    0    0 40544 44356 89050 40334  1  0 99  1  0  0
 2  1 126748 28492268 2289488 146854664    0    0 40224 44756 89068 39499  1  0 98  0  0  0
 3  0 126748 28490756 2289488 146854916    0    0 40432 44484 88882 40014  1  0 98  1  0  0
 3  0 126748 28491784 2289488 146855156    0    0 40320 44556 89111 39522  1  0 98  1  0  0
 3  0 126748 28491152 2289488 146855416    0    0 40400 44516 88951 39559  1  0 98  1  0  0
 3  0 126748 28492692 2289488 146855648    0    0 40528 44156 88897 39968  1  0 99  1  0  0
 2  1 126748 28492736 2289488 146855892    0    0 40432 43648 88880 40611  1  0 99  1  0  0
 2  1 126748 28491416 2289488 146856144    0    0 40128 44028 88956 39786  1  0 98  1  0  0
 3  0 126748 28492068 2289488 146856292    0    0 39696 44408 88820 39548  1  0 98  0  0  0
 3  0 126748 28490180 2289488 146856500    0    0 39360 44928 88853 40211  1  0 99  0  0  0
 2  1 126748 28491940 2289488 146856876    0    0 40000 44240 88887 39647  1  0 98  1  0  0
procs -----------memory---------- ---swap-- -----io---- -system-- -------cpu-------
 r  b   swpd   free   buff  cache   si   so    bi    bo   in   cs us sy id wa st gu
 2  1 126748 28491444 2289488 146856964    0    0 39504 45112 89057 39435  1  0 98  0  0  0
 3  0 126748 28488928 2289488 146857236    0    0 39024 45380 88785 38601  1  0 98  0  0  0
 2  1 126748 28486692 2289488 146857548    0    0 40112 44364 88945 39617  1  0 98  1  0  0
 3  0 126748 28486804 2289488 146857788    0    0 40288 45348 89192 39522  1  0 98  1  0  0
 3  0 126748 28484096 2289488 146858044    0    0 40320 44736 89014 39543  1  0 98  1  0  0
 3  0 126748 28484620 2289488 146858272    0    0 40928 46224 88967 39857  1  0 98  1  0  0
 4  0 126748 28486496 2289488 146858476    0    0 40976 45900 89400 40237  1  0 99  1  0  0
 4  0 126748 28485260 2289488 146858848    0    0 41056 46556 89207 39986  1  0 99  1  0  0
 3  0 126748 28483960 2289488 146858876    0    0 39392 44976 88930 39130  1  0 98  0  0  0
 3  0 126748 28485772 2289488 146859136    0    0 40848 44656 89033 39287  1  0 98  1  0  0
 3  0 126748 28484348 2289488 146859556    0    0 40288 46404 89112 40056  1  0 98  0  0  0
 3  0 126748 28481404 2289488 146859696    0    0 40256 45800 89181 39544  1  0 98  1  0  0
 3  0 126748 28478160 2289488 146859880    0    0 38400 43916 88680 37682  1  0 98  0  0  0
 3  0 126748 28478488 2289488 146860108    0    0 39584 44024 89022 40097  1  0 98  0  0  0
 3  0 126748 28480392 2289488 146860456    0    0 39376 44484 88936 39646  1  0 99  0  0  0
 2  1 126748 28482796 2289488 146860768    0    0 39520 42356 88790 39517  1  0 98  0  0  0
 3  0 126748 28485412 2289492 146860920    0    0 39872 44896 88826 40123  1  0 99  0  0  0
 3  0 126748 28483052 2289492 146861072    0    0 38320 45012 88936 38797  1  0 98  0  0  0
