procs -----------memory---------- ---swap-- -----io---- -system-- -------cpu-------
 r  b   swpd   free   buff  cache   si   so    bi    bo   in   cs us sy id wa st gu
 7  0 119836 3228884 2281864 183547920   48   76 279161 343665 148152   39 35  4 58  3  0  0
133  2 119836 3124960 2281864 183547976    0    0 78064 281492 107363 74263 94  2  4  0  0  0
93  1 119836 3117460 2281864 183548028    0    0 72464 232252 101750 56655 97  1  1  0  0  0
162  2 119836 3113072 2281864 183548072    0    0 84304 75316 127630 44907 97  1  2  0  0  0
122  1 119836 3100092 2281864 183548124    0    0 75280 141552 99855 53330 98  1  1  0  0  0
135  1 119836 3080556 2281864 183548168    0    0 70432 210100 101057 58059 98  1  1  0  0  0
122  0 119836 3064772 2281864 183548216    0    0 83104 168044 136107 54951 97  1  2  0  0  0
142  2 119836 3053356 2281864 183548264    0    0 83616 132052 97529 48346 98  1  1  0  0  0
134  0 119836 3035356 2281864 183548304    0    0 79728 132656 99499 49779 97  1  2  0  0  0
101  0 119836 3013888 2281864 183548356    0    0 78992 141936 98370 50676 97  1  1  0  0  0
132  0 119836 2983772 2281864 183548396    0    0 81760 119016 97823 46058 98  1  1  0  0  0
92  5 119836 2852116 2281864 182908368    0    0 121152 173728 545156 312957 62 29  9  0  0  0
81  0 119836 2849068 2281864 182810532    0    0 276320 155000 249641 1531867 31 43 24  1  0  0
112  1 119836 2843820 2281864 182810608    0    0 282096 81304 266732 1554210 32 43 24  1  0  0
93  0 119836 2839012 2281864 182811332    0    0 234432 76016 247647 1532244 31 44 24  1  0  0
92 10 119836 2832104 2281864 182812092    0    0 267792 96664 250061 1497611 32 42 25  1  0  0
120  2 119836 2829944 2281864 182812668    0    0 297488 187156 247527 1431196 30 39 29  2  0  0
69  7 119836 2827444 2281864 182813392    0    0 246112 150572 243033 1442387 30 40 29  1  0  0
38  1 119836 2821468 2281864 182814092    0    0 271904 170244 258294 1459623 31 39 28  1  0  0
106  7 119836 2815828 2281864 182814784    0    0 265488 185680 256986 1470659 31 40 28  1  0  0
75 20 119836 2809184 2281864 182815416    0    0 257824 147940 249505 1462669 30 41 28  1  0  0
procs -----------memory---------- ---swap-- -----io---- -system-- -------cpu-------
 r  b   swpd   free   buff  cache   si   so    bi    bo   in   cs us sy id wa st gu
36  1 119836 2802628 2281864 182816148    0    0 269792 182520 257274 1470365 31 40 27  1  0  0
106  9 119836 2793068 2281864 182816824    0    0 272112 176988 254062 1462881 30 41 28  1  0  0
38 16 119836 2786388 2281864 182817496    0    0 261392 171108 246268 1434682 29 41 29  1  0  0
117  3 119836 2779200 2281864 182818168    0    0 256240 165948 265738 1483980 31 41 27  1  0  0
122  2 119836 2764044 2281864 182818864    0    0 275088 180640 258879 1458687 31 40 28  1  0  0
83  7 119836 2757532 2281864 182819552    0    0 262528 176220 259943 1467568 31 40 27  2  0  0
124  0 119836 2850632 2281868 182719980    0    0 251536 153500 246000 1439681 30 41 28  1  0  0
72  0 119836 2840816 2281868 182720248    0    0 276608 192424 254226 1447838 32 40 28  1  0  0
65  2 119836 2829492 2281868 182720852    0    0 273568 191316 266661 1469160 32 39 28  1  0  0
74  6 119836 2821664 2281868 182721544    0    0 265056 160988 252352 1420371 30 40 29  1  0  0
105  2 119836 2813236 2281868 182722296    0    0 275120 170036 255683 1447750 31 40 28  1  0  0
45  0 119836 2800788 2281872 182722980    0    0 284800 195528 271328 1459168 32 39 28  1  0  0
52 11 119836 2790276 2281872 182723664    0    0 260016 183492 252347 1429949 30 41 28  1  0  0
31  1 119836 2778536 2281872 182724324    0    0 243728 136436 251240 1453556 30 42 27  1  0  0
96 10 119836 2768720 2281872 182725032    0    0 277936 173756 254272 1447248 30 41 28  1  0  0
86  3 119836 2759940 2281872 182725704    0    0 262448 169624 246884 1429835 29 42 28  1  0  0
86  0 119836 2750928 2281876 182726368    0    0 258000 157424 259022 1459614 30 42 27  1  0  0
31  5 119836 2997940 2281876 182477616    0    0 294464 185100 269523 1453705 31 39 28  2  0  0
68  6 119836 2987064 2281876 182478008    0    0 273024 187112 264316 1446591 30 40 28  1  0  0
33  0 119836 2980032 2281876 182478700    0    0 270656 160996 251369 1434109 30 40 28  1  0  0
93 13 119836 2974052 2281876 182479424    0    0 280208 193832 268408 1443871 31 39 29  2  0  0
procs -----------memory---------- ---swap-- -----io---- -system-- -------cpu-------
 r  b   swpd   free   buff  cache   si   so    bi    bo   in   cs us sy id wa st gu
54  0 119836 2965288 2281876 182480116    0    0 270096 182740 264510 1451952 32 38 28  1  0  0
126  1 119836 2956588 2281876 182480788    0    0 273808 180132 256795 1441403 30 40 28  1  0  0
63  1 119836 2948072 2281876 182481496    0    0 250960 139300 247525 1448535 30 41 28  1  0  0
123  1 119836 2940804 2281876 182482228    0    0 262704 175116 258230 1451677 31 41 27  1  0  0
38  1 119836 2939324 2281876 182482816    0    0 280896 179244 276173 1482192 31 40 27  2  0  0
86  6 119836 2933740 2281876 182483524    0    0 263392 186168 271875 1459909 31 40 28  1  0  0
85  0 119836 2927484 2281876 182484260    0    0 242128 156088 252151 1451603 31 42 27  1  0  0
48  0 119836 2922584 2281876 182484852    0    0 252848 155704 252137 1445369 31 41 28  1  0  0
35  1 119836 2916024 2281876 182485488    0    0 248944 155860 253630 1444221 30 42 27  1  0  0
23  0 119836 2912704 2281876 182486220    0    0 275024 173568 269352 1459637 32 40 27  1  0  0
119  0 119836 2904388 2281876 182486860    0    0 273760 189716 272824 1461069 32 40 27  1  0  0
24  0 119836 2901184 2281876 182487540    0    0 249376 163824 251709 1433192 29 42 28  1  0  0
96  1 119836 2898748 2281876 182488236    0    0 275216 160940 260604 1460102 31 42 26  1  0  0
106  0 119836 2893836 2281876 182488920    0    0 305904 210060 266055 1436888 32 38 28  2  0  0
72  5 119836 2890792 2281876 182489708    0    0 294832 190124 273767 1435736 31 39 28  2  0  0
118  0 119836 2887344 2281876 182490484    0    0 268448 197472 252396 1402766 30 39 29  1  0  0
35  2 119836 2883584 2281876 182491208    0    0 265488 163512 258358 1440835 30 41 28  1  0  0
58  4 119836 2880864 2281876 182491888    0    0 297856 177736 258261 1435269 30 40 28  1  0  0
32  6 119836 2877720 2281876 182492612    0    0 274080 170772 267689 1448508 31 40 28  1  0  0
53  3 119836 2871060 2281876 182493308    0    0 252896 192924 271509 1473463 32 40 27  1  0  0
86  5 119836 2868572 2281876 182494056    0    0 296288 170648 262139 1437598 31 40 28  1  0  0
procs -----------memory---------- ---swap-- -----io---- -system-- -------cpu-------
 r  b   swpd   free   buff  cache   si   so    bi    bo   in   cs us sy id wa st gu
50  2 119836 2866696 2281876 182494748    0    0 282720 194464 263934 1437168 32 39 28  2  0  0
39  1 119836 2862204 2281876 182495424    0    0 282096 202112 267119 1443973 32 39 28  2  0  0
40  2 119836 2856844 2281876 182496160    0    0 251744 164204 270796 1463990 32 39 27  1  0  0
96 10 119836 2852364 2281876 182496928    0    0 297104 188636 262746 1431349 31 39 28  1  0  0
61  6 119836 2852652 2281876 182497596    0    0 286480 192960 267830 1459128 33 38 28  1  0  0
61  6 119836 2847724 2281876 182498316    0    0 270112 187228 258748 1423607 30 40 29  1  0  0
45  4 119836 2845008 2281876 182499020    0    0 275952 177740 265189 1436214 30 40 29  1  0  0
11 38 119836 2843660 2281876 182499704    0    0 301024 175484 263996 1434252 31 38 29  2  0  0
17  9 119836 2842440 2281876 182500464    0    0 281648 205348 257542 1407528 30 39 29  2  0  0
13  0 119836 2833604 2281876 182501212    0    0 247520 158304 254255 1438470 30 42 27  1  0  0
11  0 119836 2833972 2281876 182501908    0    0 275424 161080 255182 1431789 31 40 28  1  0  0
73  8 119836 2832260 2281876 182502520    0    0 273216 163760 255024 1434399 30 41 28  1  0  0
118 13 119836 2826520 2281876 182503268    0    0 256192 176236 253937 1429419 30 41 28  1  0  0
128 14 119836 2826328 2281876 182503940    0    0 260704 159396 266937 1472523 31 41 27  1  0  0
67  1 119836 2826164 2281876 182504564    0    0 260448 158852 260759 1470434 31 42 27  1  0  0
 2  0 119836 2828652 2281876 182505236    0    0 262528 169932 250405 1443434 30 42 27  1  0  0
105  8 119836 2827752 2281876 182505928    0    0 264656 177152 255168 1436535 30 42 27  1  0  0
183  0 119836 2825524 2281876 182506624    0    0 282272 179216 266332 1450042 31 40 28  1  0  0
 7 26 119836 2824928 2281876 182507340    0    0 274336 182644 258012 1426203 30 41 28  2  0  0
14 19 119836 2822476 2281876 182508040    0    0 264736 171844 270011 1471388 31 41 26  1  0  0
 2  1 119836 2822264 2281876 182508776    0    0 263312 166808 263689 1454327 32 40 27  1  0  0
procs -----------memory---------- ---swap-- -----io---- -system-- -------cpu-------
 r  b   swpd   free   buff  cache   si   so    bi    bo   in   cs us sy id wa st gu
75  0 119836 2822620 2281876 182509428    0    0 266592 179412 259694 1443181 30 41 28  1  0  0
103 11 119836 2817328 2281876 182510128    0    0 267952 182600 265076 1440986 30 41 28  1  0  0
 1  1 119836 2816856 2281876 182510860    0    0 289264 160548 257136 1441047 31 41 27  2  0  0
 2  1 119836 2814376 2281876 182511584    0    0 276784 191776 257272 1417369 31 39 29  1  0  0
19 19 119836 2812436 2281876 182512308    0    0 280528 170476 258441 1434016 31 40 28  1  0  0
60  4 119836 2807576 2281876 182513008    0    0 246784 159124 251741 1437119 29 42 28  1  0  0
 0  1 119836 2807872 2281876 182513724    0    0 286992 180568 257541 1423094 32 39 28  2  0  0
36  0 119836 2810028 2281876 182514392    0    0 265056 160868 255378 1449317 30 41 28  1  0  0
64  2 119836 2808600 2281876 182515088    0    0 241712 158680 253073 1435448 30 41 28  1  0  0
109  0 119836 2808364 2281876 182515748    0    0 272624 181272 264229 1434428 31 39 29  1  0  0
 1  1 119836 2804624 2281876 182516440    0    0 288368 188068 273075 1458783 32 40 27  2  0  0
18  0 119836 2801676 2281876 182517172    0    0 283264 199936 270181 1437508 31 39 28  2  0  0
100  2 119836 2802620 2281876 182517892    0    0 255120 163848 259274 1452611 31 40 28  1  0  0
11  0 119836 2801452 2281876 182518544    0    0 265168 169244 261497 1453239 31 40 27  1  0  0
24  0 119836 2799172 2281876 182519200    0    0 268720 179320 268824 1457612 32 39 28  1  0  0
49  3 119836 2801888 2281876 182519916    0    0 261984 154452 257899 1453630 30 43 26  1  0  0
93  0 119836 2799240 2281876 182520676    0    0 275424 195580 270272 1437742 32 39 28  1  0  0
50  7 119836 2797632 2281876 182521316    0    0 279568 184428 267807 1452124 32 39 28  1  0  0
94  1 119836 2793684 2281876 182522016    0    0 265408 188740 249655 1406817 29 40 30  1  0  0
 1  0 119836 2794180 2281876 182522748    0    0 288560 183232 262388 1442260 31 39 28  2  0  0
72  7 119836 2792904 2281876 182523476    0    0 288208 176264 263413 1443645 31 40 28  2  0  0
procs -----------memory---------- ---swap-- -----io---- -system-- -------cpu-------
 r  b   swpd   free   buff  cache   si   so    bi    bo   in   cs us sy id wa st gu
57  6 119836 2792392 2281876 182524208    0    0 286048 199656 263911 1426007 31 39 29  1  0  0
64  5 119836 2791160 2281876 182524892    0    0 248688 152672 257639 1444769 31 41 27  1  0  0
69  5 119836 2791776 2281876 182525604    0    0 293984 190636 259082 1407752 31 38 30  2  0  0
79  0 119836 2793244 2281876 182526308    0    0 296704 182972 270843 1446843 32 38 28  1  0  0
128  0 119836 2790308 2281876 182527080    0    0 278928 202592 273369 1438232 31 38 29  1  0  0
 1  0 119836 2792976 2281876 182527768    0    0 251040 150820 263055 1460134 31 41 27  1  0  0
180 21 119836 2794392 2281876 182528448    0    0 279024 192656 263977 1416662 30 39 29  1  0  0
 1  0 119836 2792960 2281876 182529144    0    0 257136 165228 253151 1423668 30 40 29  1  0  0
29  1 119836 2792436 2281876 182529808    0    0 263856 158996 265624 1466744 31 42 27  1  0  0
73  2 119836 2790144 2281876 182530528    0    0 268464 177344 257891 1425235 31 40 28  1  0  0
67  5 119836 2792448 2281876 182531200    0    0 289664 179628 260006 1431740 31 40 27  1  0  0
167 12 119836 2792012 2281876 182531944    0    0 287728 198416 263197 1414805 31 38 29  1  0  0
56  0 119836 2792272 2281876 182532684    0    0 262816 175784 264254 1453477 31 41 28  1  0  0
 7  5 119836 2789508 2281876 182533364    0    0 275712 176176 267535 1458727 32 40 27  1  0  0
80  0 119836 2787360 2281876 182534068    0    0 275104 191672 263820 1417494 31 39 29  1  0  0
35  3 119836 2788456 2281876 182534756    0    0 266800 156716 251961 1424834 30 41 28  1  0  0
13  0 119836 2777364 2281876 182535464    0    0 265504 178008 259738 1432744 31 40 28  1  0  0
115  8 119836 2775288 2281876 182536132    0    0 281120 175308 262388 1437808 32 39 28  1  0  0
141  2 119836 2774624 2281876 182536860    0    0 295936 198148 270619 1447595 32 38 28  2  0  0
 3  4 119836 2776532 2281876 182537616    0    0 271520 193404 260752 1425784 31 39 29  1  0  0
89 12 119836 2774180 2281876 182538312    0    0 280080 187812 271796 1448013 32 39 28  1  0  0
procs -----------memory---------- ---swap-- -----io---- -system-- -------cpu-------
 r  b   swpd   free   buff  cache   si   so    bi    bo   in   cs us sy id wa st gu
97 10 119836 2771112 2281876 182539052    0    0 284208 195280 268586 1445009 32 38 29  1  0  0
47  1 119836 2770808 2281876 182539784    0    0 265376 161976 255555 1441298 31 41 27  1  0  0
26  3 119836 2771596 2281876 182540496    0    0 266848 177712 260551 1417266 30 39 29  1  0  0
65  1 119836 2770912 2281876 182541176    0    0 286240 173980 264760 1442669 31 40 27  1  0  0
116  5 119836 2769876 2281876 182541888    0    0 275408 182996 267061 1454613 32 39 27  1  0  0
97 13 119836 2769852 2281876 182542568    0    0 245600 155856 250718 1446307 30 42 27  1  0  0
94  5 119836 2767152 2281876 182543216    0    0 274112 178112 259740 1435990 31 40 27  1  0  0
 5  3 119836 2765032 2281876 182543944    0    0 289728 183476 267736 1448759 32 39 28  1  0  0
56  8 119836 2766044 2281876 182544680    0    0 298960 204432 261854 1420002 31 38 29  2  0  0
95 17 119836 2766588 2281876 182545416    0    0 254864 161208 248735 1438113 29 42 28  1  0  0
71  8 119836 2764988 2281876 182546100    0    0 292400 172532 263446 1431471 32 39 28  2  0  0
48  1 119836 2765216 2281876 182546808    0    0 284960 199764 264179 1435490 30 40 28  1  0  0
 2  0 119836 2765144 2281876 182547532    0    0 276608 193240 256140 1412193 30 40 29  1  0  0
10  3 119836 2763944 2281876 182548272    0    0 269840 165640 268829 1464865 32 39 27  1  0  0
 5  1 119836 2764812 2281876 182548944    0    0 284032 183864 260971 1437744 30 40 29  1  0  0
69  1 119836 2764188 2281876 182549680    0    0 282576 188484 267250 1451966 32 39 28  2  0  0
 7  4 119836 2761716 2281876 182550408    0    0 269824 174356 252382 1417641 30 41 28  1  0  0
72  4 119836 2761720 2281876 182551096    0    0 248384 151724 257814 1466486 31 41 27  1  0  0
 8  0 119836 2760324 2281876 182551744    0    0 273584 179100 265464 1454863 31 40 27  1  0  0
55  5 119836 2760244 2281876 182552476    0    0 268416 165900 250698 1435022 31 40 29  1  0  0
102  0 119836 2757448 2281876 182553156    0    0 283104 185540 257464 1435764 30 40 28  2  0  0
procs -----------memory---------- ---swap-- -----io---- -system-- -------cpu-------
 r  b   swpd   free   buff  cache   si   so    bi    bo   in   cs us sy id wa st gu
67  2 119836 2759028 2281876 182553940    0    0 294976 191520 263883 1428323 31 38 29  2  0  0
 1  4 119836 2756604 2281876 182554704    0    0 280640 196956 271688 1459012 32 39 28  2  0  0
83  0 119836 2755908 2281876 182555436    0    0 274560 179360 261621 1433822 31 39 29  1  0  0
68  0 119836 2756464 2281876 182556116    0    0 269568 165584 257480 1444597 31 40 28  1  0  0
21  7 119836 2755548 2281876 182556844    0    0 295232 194812 272344 1447177 32 39 28  2  0  0
72  4 119836 2754380 2281876 182557576    0    0 275424 193688 259385 1417962 31 38 29  1  0  0
81 12 119836 2849636 2281876 182466560    0    0 272496 171476 260291 1436302 31 41 27  1  0  0
15  0 119836 2849184 2281876 182466620    0    0 271072 176636 269970 1463158 31 40 28  1  0  0
75  7 119836 2849480 2281876 182467328    0    0 283664 183320 266319 1451830 33 38 28  1  0  0
68  6 119836 2845212 2281876 182468032    0    0 282512 188952 266574 1434971 32 39 28  1  0  0
48  2 119836 2844856 2281876 182468772    0    0 267840 178028 261928 1439144 31 40 27  1  0  0
69  2 119836 2844692 2281876 182469440    0    0 286240 183780 264017 1442754 32 39 28  1  0  0
74  6 119836 2841188 2281876 182470152    0    0 268672 178288 268467 1432605 31 40 28  1  0  0
69  9 119836 2840396 2281876 182470872    0    0 266688 174112 257263 1426983 31 40 28  1  0  0
92  5 119836 2840064 2281876 182471564    0    0 271296 161808 257896 1435588 31 41 27  1  0  0
 6  2 119836 2838240 2281876 182472244    0    0 274864 181136 260644 1433751 31 39 28  1  0  0
63  0 119836 2837788 2281876 182472932    0    0 277040 178796 262019 1441541 31 40 27  1  0  0
92  5 119836 2838824 2281876 182473660    0    0 275600 182020 273635 1465208 32 40 27  1  0  0
58  2 119836 2837920 2281876 182474360    0    0 277072 185800 268893 1438712 30 39 29  1  0  0
55  3 119836 2836784 2281876 182475052    0    0 275504 183324 264719 1440985 31 40 27  1  0  0
25  0 119836 2836912 2281876 182475804    0    0 267920 168296 269470 1467275 33 40 27  1  0  0
procs -----------memory---------- ---swap-- -----io---- -system-- -------cpu-------
 r  b   swpd   free   buff  cache   si   so    bi    bo   in   cs us sy id wa st gu
86  5 119836 2836684 2281876 182476460    0    0 275920 186604 271596 1452145 32 40 28  1  0  0
70  3 119836 2835764 2281876 182477196    0    0 276320 184520 271426 1456013 32 39 27  2  0  0
 5 13 119836 2838784 2281876 182477888    0    0 311344 204152 264524 1413579 31 38 29  2  0  0
12 20 119836 2833096 2281876 182478684    0    0 276464 183548 263826 1438028 31 39 28  2  0  0
69  4 119836 2828152 2281876 182479388    0    0 270224 197044 259687 1433275 31 39 29  1  0  0
57  1 119836 2828624 2281876 182480088    0    0 287760 184120 263505 1419874 30 38 30  1  0  0
13  0 119836 2828864 2281876 182480844    0    0 275152 177496 264103 1437280 31 39 29  1  0  0
31  2 119836 2824760 2281876 182481548    0    0 289284 176480 269223 1449788 31 40 27  2  0  0
32  1 119836 2819196 2281876 182482296    0    0 287936 186124 262717 1426460 31 39 29  1  0  0
60  4 119836 2815920 2281876 182483024    0    0 294848 193188 263189 1418916 31 39 28  2  0  0
49  7 119836 2818960 2281876 182483788    0    0 279488 189028 260923 1427020 31 38 30  1  0  0
108  0 119836 2818064 2281876 182484528    0    0 274288 186508 272352 1455797 32 39 28  1  0  0
67  6 119836 2819508 2281876 182485192    0    0 277232 176308 264778 1444372 31 40 28  1  0  0
20  0 119836 2819408 2281876 182485920    0    0 265504 157584 271131 1480454 32 40 27  1  0  0
41  4 119836 2814768 2281876 182486596    0    0 268016 181812 264886 1432819 30 41 28  1  0  0
89  1 119836 2814544 2281876 182487268    0    0 290976 178252 274730 1465716 31 40 27  1  0  0
74  9 119836 2812212 2281876 182488048    0    0 280288 192888 269111 1436253 31 39 29  1  0  0
22  0 119836 2811180 2281876 182488756    0    0 288592 181152 263656 1438851 31 39 28  1  0  0
17  4 119836 2813072 2281876 182489520    0    0 266848 169208 276761 1455756 32 39 28  1  0  0
62  1 119836 2811836 2281876 182490228    0    0 274544 185008 264264 1435911 31 39 28  2  0  0
192  0 119836 2812328 2281876 182490904    0    0 265472 170484 261988 1424780 31 40 28  1  0  0
procs -----------memory---------- ---swap-- -----io---- -system-- -------cpu-------
 r  b   swpd   free   buff  cache   si   so    bi    bo   in   cs us sy id wa st gu
149  0 119836 2812572 2281876 182491576    0    0 278528 178068 256646 1431625 31 40 28  1  0  0
72  2 119836 2812248 2281876 182492300    0    0 271424 175052 264682 1441234 31 40 27  1  0  0
127  3 119836 2814404 2281876 182493028    0    0 275152 183624 261786 1443571 31 39 29  1  0  0
36  7 119836 2813160 2281876 182493728    0    0 284432 180100 264692 1444802 32 39 28  1  0  0
142  1 119836 2809568 2281876 182494440    0    0 273872 191632 267227 1439962 30 40 28  1  0  0
69  0 119836 2811264 2281876 182495140    0    0 260432 160480 270234 1458439 30 41 27  1  0  0
70  5 119836 2811240 2281876 182495852    0    0 282384 185464 262106 1420710 30 40 29  1  0  0
68  9 119836 2810740 2281876 182496528    0    0 283632 177084 260058 1428858 32 39 28  1  0  0
81  1 119836 2810264 2281880 182497284    0    0 282944 175844 257998 1428593 31 39 29  1  0  0
 5  3 119836 2808664 2281880 182498060    0    0 287040 185016 255912 1417109 30 40 29  2  0  0
 5  0 119836 2808200 2281880 182498736    0    0 302944 194700 258417 1387223 30 37 31  2  0  0
86  5 119836 2807092 2281880 182499520    0    0 291072 188572 268021 1438817 32 39 28  1  0  0
73  8 119836 2806992 2281880 182500252    0    0 262704 170396 254308 1418636 30 40 29  1  0  0
153 14 119836 2806604 2281880 182500932    0    0 278640 182376 258127 1425323 31 39 29  1  0  0
35  4 119836 2806052 2281880 182501664    0    0 281056 179500 264179 1452561 31 40 28  1  0  0
30  3 119836 2806236 2281880 182502324    0    0 284048 188924 260141 1415569 31 39 28  2  0  0
16  0 119836 2804140 2281880 182503068    0    0 263648 165804 258286 1442379 31 41 27  1  0  0
72 10 119836 2802288 2281880 182503816    0    0 248704 149568 250652 1430332 30 41 28  1  0  0
99  0 119836 2799312 2281884 182504484    0    0 266928 172920 255942 1429168 31 40 28  1  0  0
 3  2 119836 2801356 2281884 182505184    0    0 277232 186340 278506 1475139 33 39 27  1  0  0
36  1 119836 2799352 2281884 182505884    0    0 274656 186508 282210 1481598 32 40 27  1  0  0
procs -----------memory---------- ---swap-- -----io---- -system-- -------cpu-------
 r  b   swpd   free   buff  cache   si   so    bi    bo   in   cs us sy id wa st gu
54  4 119836 2801188 2281884 182506572    0    0 279440 176080 266669 1453849 30 40 28  1  0  0
60  0 119836 2799000 2281888 182507348    0    0 292992 203436 269856 1436614 32 38 28  2  0  0
22  0 119836 2798752 2281888 182508028    0    0 271024 189288 264469 1429835 30 40 28  1  0  0
135  0 119836 2798824 2281888 182508752    0    0 275248 181964 272326 1464691 33 39 27  1  0  0
107  1 119836 2799768 2281888 182509468    0    0 296720 189408 262519 1425667 31 38 29  1  0  0
68  8 119836 2799936 2281888 182510216    0    0 273840 182028 262461 1444524 31 39 28  1  0  0
63  4 119836 2800952 2281888 182510932    0    0 273920 194484 260120 1434339 30 40 28  1  0  0
26 22 119836 2802012 2281888 182511708    0    0 292912 181736 258815 1426792 31 40 28  2  0  0
88  3 119836 2801252 2281888 182512368    0    0 290864 187496 258070 1418097 30 39 29  1  0  0
74  6 119836 2799860 2281888 182513136    0    0 271712 178408 254465 1415201 30 40 29  1  0  0
45  0 119836 2795012 2281888 182513808    0    0 276992 172564 259378 1435134 31 40 29  1  0  0
145 11 119836 2795304 2281888 182514512    0    0 297072 200556 269514 1431830 32 38 29  1  0  0
25  6 119836 2794060 2281888 182515324    0    0 292320 201640 268873 1414767 31 38 30  2  0  0
48  1 119836 2795412 2281888 182515980    0    0 287552 181316 273212 1451232 32 39 28  1  0  0
24  0 119836 2793944 2281888 182516748    0    0 257616 178864 264836 1435521 31 40 28  1  0  0
24 27 119836 2791632 2281888 182517540    0    0 306768 195684 268929 1440733 32 39 28  2  0  0
46  0 119836 2793456 2281888 182518204    0    0 297008 210352 275142 1443901 32 38 28  2  0  0
34  0 119836 2793032 2281888 182519008    0    0 267856 162868 262807 1443258 31 40 28  1  0  0
22  1 119836 2792232 2281888 182519748    0    0 242192 158756 250857 1428506 29 42 28  1  0  0
 2  0 119836 2792344 2281888 182520268    0    0 281200 173636 258021 1424250 31 39 28  1  0  0
62  0 119836 2791916 2281888 182521064    0    0 288944 188808 257937 1423807 31 39 29  1  0  0
procs -----------memory---------- ---swap-- -----io---- -system-- -------cpu-------
 r  b   swpd   free   buff  cache   si   so    bi    bo   in   cs us sy id wa st gu
12  0 119836 2792924 2281888 182521744    0    0 282624 178888 266805 1449215 31 40 27  1  0  0
92  0 119836 2793860 2281888 182522468    0    0 279760 200964 272807 1446775 32 38 28  1  0  0
58 16 119836 2795192 2281888 182523272    0    0 292848 186020 268614 1445186 32 40 27  1  0  0
52  6 119836 2795344 2281888 182523932    0    0 284784 198456 265222 1439428 31 39 28  1  0  0
58  4 119836 2789592 2281888 182524804    0    0 291200 179876 259082 1415534 31 39 29  1  0  0
36  0 119836 2788636 2281888 182525540    0    0 278832 183060 254125 1408951 30 39 30  1  0  0
47  1 119836 2784068 2281888 182526160    0    0 259104 169224 267822 1448634 32 39 28  1  0  0
89  8 119836 2782824 2281888 182526852    0    0 280160 184124 257869 1427009 31 40 28  1  0  0
29  1 119836 2781056 2281888 182527724    0    0 290208 194516 267044 1441408 31 39 28  2  0  0
30  1 119836 2780880 2281888 182528304    0    0 274000 168524 253221 1427345 31 40 28  1  0  0
71  9 119836 2781944 2281888 182529080    0    0 298208 178752 257159 1415501 30 39 29  1  0  0
40  0 119836 2783196 2281888 182529788    0    0 281584 190652 258267 1414488 31 39 29  1  0  0
55  6 119836 2782192 2281888 182530552    0    0 288352 180520 255398 1424695 31 39 28  1  0  0
50  2 119836 2783008 2281888 182531412    0    0 290720 195688 270425 1434123 32 38 28  2  0  0
68  4 119836 2782828 2281888 182531984    0    0 300768 190392 261151 1410886 31 39 29  2  0  0
21  0 119836 2782296 2281888 182532832    0    0 282816 180364 262653 1428751 32 39 27  1  0  0
107  7 119836 2780112 2281888 182533664    0    0 274688 187604 267150 1446211 32 39 28  1  0  0
103  0 119836 2776516 2281888 182534276    0    0 297216 188840 265687 1423123 31 39 29  2  0  0
35  1 119836 2775864 2281888 182535072    0    0 294624 197576 267251 1422210 32 38 29  1  0  0
72  0 119836 2774232 2281888 182535912    0    0 260384 167508 255838 1430040 30 40 28  1  0  0
46  2 119836 2773536 2281888 182536468    0    0 275216 178440 259296 1434894 31 40 28  1  0  0
procs -----------memory---------- ---swap-- -----io---- -system-- -------cpu-------
 r  b   swpd   free   buff  cache   si   so    bi    bo   in   cs us sy id wa st gu
63  8 119836 2773372 2281888 182537252    0    0 302000 197184 264345 1419667 32 37 30  2  0  0
69  0 119836 2771668 2281888 182537920    0    0 276416 172140 258515 1432998 31 40 28  1  0  0
38  2 119836 2771452 2281888 182538684    0    0 296672 191528 257129 1402739 29 40 29  2  0  0
43 11 119836 2771060 2281888 182539536    0    0 296784 185048 260300 1409580 30 39 29  1  0  0
82 14 119836 2768872 2281888 182540168    0    0 291840 201624 269815 1432842 32 38 29  2  0  0
46  1 119836 2766800 2281888 182540976    0    0 270224 178608 259356 1427361 30 40 28  1  0  0
 8  1 119836 2767828 2281888 182541752    0    0 283440 180900 259534 1424555 31 39 28  1  0  0
 9 20 119836 2767180 2281888 182542376    0    0 292816 174676 257417 1420808 31 39 29  1  0  0
62 10 119836 2769760 2281888 182543224    0    0 268256 193196 265714 1439413 31 39 28  1  0  0
49  6 119836 2768248 2281888 182543972    0    0 286464 172448 265454 1443317 32 38 28  1  0  0
16  0 119836 2766804 2281888 182544576    0    0 274720 180876 258717 1410090 31 39 29  1  0  0
75  2 119836 2767272 2281888 182545384    0    0 284992 188676 266838 1433524 32 38 28  1  0  0
90  4 119836 2850292 2281888 182446180    0    0 296928 200392 264702 1427641 32 39 28  1  0  0
53  1 119836 2851884 2281888 182446544    0    0 300896 181800 259993 1419090 31 39 28  1  0  0
106  0 119836 2849768 2281888 182447412    0    0 262032 172636 257199 1428078 31 40 29  1  0  0
49  7 119836 2852092 2281888 182448048    0    0 280432 178124 253787 1404807 30 39 29  1  0  0
66  3 119836 2850072 2281888 182448856    0    0 306384 204464 270277 1424466 32 37 29  2  0  0
92  0 119836 2848564 2281888 182449732    0    0 276288 171332 255287 1415877 30 40 28  1  0  0
74  4 119836 2848220 2281888 182450272    0    0 285424 184176 257801 1416411 31 40 28  1  0  0
114  4 119836 2847260 2281888 182451068    0    0 278224 179460 260541 1421052 30 40 28  1  0  0
47  4 119836 2843136 2281888 182451736    0    0 266832 173244 253734 1423001 30 41 29  1  0  0
procs -----------memory---------- ---swap-- -----io---- -system-- -------cpu-------
 r  b   swpd   free   buff  cache   si   so    bi    bo   in   cs us sy id wa st gu
58  9 119836 2844144 2281888 182452524    0    0 297968 193124 262952 1437966 32 39 28  1  0  0
177  3 119836 2844152 2281888 182453272    0    0 273200 172040 258900 1427141 31 40 28  1  0  0
27  0 119836 2844944 2281888 182453856    0    0 276192 175216 258793 1440937 31 40 28  1  0  0
92  0 119836 2845320 2281888 182454732    0    0 316160 209876 266954 1408255 31 39 28  2  0  0
68  4 119836 2843524 2281888 182455560    0    0 275920 169888 260772 1432278 31 39 29  1  0  0
120  2 119836 2842520 2281888 182456140    0    0 284736 188368 253488 1397896 30 40 29  2  0  0
80  5 119836 2839576 2281888 182456964    0    0 286656 177128 260033 1428937 31 39 28  1  0  0
82  3 119836 2840648 2281888 182457764    0    0 267600 175020 263638 1429691 31 38 29  1  0  0
86  7 119836 2838980 2281888 182458336    0    0 265696 180524 261297 1442628 31 40 28  1  0  0
135  9 119836 2838828 2281888 182459080    0    0 287152 187016 271867 1444954 32 39 28  1  0  0
61  4 119836 2839372 2281888 182459696    0    0 274688 163500 254612 1443803 31 41 27  1  0  0
14  1 119836 2834760 2281888 182460456    0    0 284800 185916 266004 1438665 32 39 28  1  0  0
115  1 119836 2833872 2281888 182461264    0    0 270464 187084 270201 1450585 32 39 28  1  0  0
43  0 119836 2835392 2281888 182461892    0    0 299472 194508 267590 1434117 31 39 29  2  0  0
14  0 119836 2833496 2281888 182462704    0    0 292000 184868 266097 1430416 31 39 29  1  0  0
57  1 119836 2831692 2281888 182463480    0    0 293136 203088 267563 1431870 31 38 29  2  0  0
77  7 119836 2829300 2281888 182464160    0    0 266304 182360 262856 1440296 31 38 29  1  0  0
 8  0 119836 2829452 2281888 182464880    0    0 275888 159764 255933 1432197 31 40 28  1  0  0
69  5 119836 2828192 2281888 182465668    0    0 266016 170808 257374 1426700 31 40 28  1  0  0
70  5 119836 2827716 2281888 182466228    0    0 248304 154720 254168 1437784 31 41 27  1  0  0
41  3 119836 2822664 2281888 182467004    0    0 267760 164780 253495 1435515 30 41 28  1  0  0
procs -----------memory---------- ---swap-- -----io---- -system-- -------cpu-------
 r  b   swpd   free   buff  cache   si   so    bi    bo   in   cs us sy id wa st gu
 5  0 119836 2822696 2281888 182467556    0    0 277152 188096 273512 1459965 32 39 28  1  0  0
36  2 119836 2820568 2281888 182468292    0    0 277312 173924 257697 1422941 30 41 28  1  0  0
87  0 119836 2820372 2281888 182469052    0    0 277040 176152 257652 1424340 30 40 28  1  0  0
38  1 119836 2818564 2281888 182469676    0    0 280656 189824 265512 1429587 31 39 29  2  0  0
61  1 119836 2818324 2281888 182470484    0    0 269248 172000 268542 1455404 31 40 27  1  0  0
 7  5 119836 2814104 2281888 182471232    0    0 272160 175952 255219 1413544 30 40 29  1  0  0
90  1 119836 2815120 2281888 182471776    0    0 260544 159936 252618 1435078 30 41 28  1  0  0
59  5 119836 2818492 2281888 182472564    0    0 274800 168096 256206 1417302 30 39 29  1  0  0
42  2 119836 2818396 2281888 182473296    0    0 296288 183448 263617 1434465 31 39 28  2  0  0
79  3 119836 2820120 2281888 182473976    0    0 294800 191972 270488 1446122 32 39 28  2  0  0
88  3 119836 2817536 2281888 182474832    0    0 299728 202712 268073 1437644 31 38 29  2  0  0
29  1 119836 2817648 2281888 182475440    0    0 268608 178824 256060 1418330 30 39 29  1  0  0
233 18 119836 2813648 2281888 182476208    0    0 280784 184284 267550 1442232 32 39 28  1  0  0
19  0 119836 2814408 2281888 182476968    0    0 285488 193872 267373 1447616 33 39 27  1  0  0
89  8 119836 2814072 2281888 182477624    0    0 270240 182844 258678 1427963 31 40 28  1  0  0
45  2 119836 2812308 2281888 182478408    0    0 266592 160244 255620 1425537 31 39 28  1  0  0
104 10 119836 2813780 2281888 182479172    0    0 287520 193064 259572 1422975 30 39 29  1  0  0
93  2 119836 2813380 2281892 182479780    0    0 274640 163884 256476 1419504 31 40 28  1  0  0
68  0 119836 2814820 2281892 182480568    0    0 292672 187896 265146 1431912 32 38 29  1  0  0
14  0 119836 2811264 2281892 182481332    0    0 270384 190660 260390 1432743 31 39 29  1  0  0
109  8 119836 2812528 2281892 182481996    0    0 283952 196136 269176 1443111 32 38 29  2  0  0
procs -----------memory---------- ---swap-- -----io---- -system-- -------cpu-------
 r  b   swpd   free   buff  cache   si   so    bi    bo   in   cs us sy id wa st gu
14 25 119836 2806724 2281892 182482748    0    0 266640 177896 265222 1442396 31 41 27  1  0  0
31  0 119836 2807504 2281892 182483324    0    0 268400 175744 265485 1434697 30 39 29  1  0  0
48  6 119836 2811160 2281892 182484136    0    0 279696 187580 273508 1454462 31 40 27  1  0  0
145  0 119836 2806180 2281892 182484864    0    0 268112 179612 267995 1452566 32 40 28  1  0  0
 7  2 119836 2809456 2281892 182485428    0    0 290208 180768 262046 1434634 32 39 28  1  0  0
40  1 119836 2804240 2281892 182486324    0    0 281184 176232 264375 1424973 31 39 29  1  0  0
88  0 119836 2807120 2281892 182487060    0    0 272144 180608 264698 1436251 31 40 28  1  0  0
40  2 119836 2804968 2281892 182487632    0    0 254032 163492 252869 1434946 30 41 29  1  0  0
169  1 119836 2801884 2281892 182488380    0    0 272960 184012 256714 1411963 30 41 28  1  0  0
52  3 119836 2800624 2281892 182489208    0    0 300592 181768 273865 1459491 31 40 28  2  0  0
26  4 119836 2801624 2281892 182489776    0    0 282528 191992 277580 1459369 31 39 28  2  0  0
 4  0 119836 2799580 2281892 182490660    0    0 257696 175276 264094 1431826 31 39 29  1  0  0
36  3 119836 2799892 2281892 182491232    0    0 292272 208500 271244 1428358 32 38 29  1  0  0
57  0 119836 2799768 2281892 182492064    0    0 304656 177632 260409 1436378 30 40 28  2  0  0
56  0 119836 2798776 2281892 182492892    0    0 274480 176828 259841 1428528 31 40 27  1  0  0
125  3 119836 2799572 2281892 182493472    0    0 278048 178056 263281 1432909 31 40 28  1  0  0
95  4 119836 2801152 2281892 182494240    0    0 276704 191556 274668 1443326 32 39 29  1  0  0
 1  0 119836 2800612 2281892 182495056    0    0 282784 175560 274684 1462980 32 39 27  1  0  0
91  5 119836 2800424 2281892 182495688    0    0 257744 175464 273210 1441559 31 39 29  1  0  0
 4  1 119836 2798152 2281892 182496404    0    0 291760 184152 260482 1429902 31 39 28  2  0  0
20  3 119836 2793864 2281892 182497208    0    0 274224 173580 262397 1442040 32 40 27  1  0  0
procs -----------memory---------- ---swap-- -----io---- -system-- -------cpu-------
 r  b   swpd   free   buff  cache   si   so    bi    bo   in   cs us sy id wa st gu
57  3 119836 2790116 2281892 182497748    0    0 282944 196868 267959 1424597 31 39 28  2  0  0
51  1 119836 2790324 2281892 182498608    0    0 281264 183588 265309 1438615 32 39 28  1  0  0
59  5 119836 2792676 2281892 182499224    0    0 274848 186364 258561 1425189 30 40 29  1  0  0
99  6 119836 2791908 2281892 182500004    0    0 292544 179340 264728 1442339 32 40 27  1  0  0
76  2 119836 2791128 2281892 182500792    0    0 290400 182804 260731 1440158 31 40 28  2  0  0
67  0 119836 2789672 2281892 182501400    0    0 264368 171524 267966 1456720 32 39 28  1  0  0
44  5 119836 2787604 2281892 182502156    0    0 300992 202620 266774 1400117 31 38 29  2  0  0
78  0 119836 2788688 2281892 182503032    0    0 279744 186328 264437 1410961 31 39 29  1  0  0
19  1 119836 2787092 2281892 182503580    0    0 265952 173504 267298 1454040 32 39 27  1  0  0
47  0 119836 2786180 2281892 182504376    0    0 281088 188552 266303 1434547 31 39 28  1  0  0
44  0 119836 2783224 2281892 182504972    0    0 260736 166844 260402 1445040 31 41 27  1  0  0
 1  1 119836 2782212 2281892 182505736    0    0 290592 195896 264483 1420893 31 39 28  2  0  0
30  4 119836 2781248 2281892 182506512    0    0 292944 190248 261963 1423704 31 39 29  2  0  0
37  2 119836 2780644 2281892 182507200    0    0 306256 191184 272645 1444108 31 39 28  2  0  0
61  4 119836 2778412 2281892 182508048    0    0 277984 189532 268980 1441157 32 39 28  1  0  0
110  0 119836 2773348 2281892 182508796    0    0 271024 173792 258280 1419875 31 39 29  1  0  0
46  7 119836 2774104 2281892 182509348    0    0 267360 176332 250096 1407394 30 40 29  1  0  0
72  3 119836 2772664 2281892 182510120    0    0 266816 162228 258694 1428109 30 41 27  1  0  0
79  6 119836 2766836 2281892 182510848    0    0 261344 160384 255475 1421360 31 41 27  1  0  0
70  3 119836 2765952 2281892 182511456    0    0 274176 178172 260837 1420748 30 41 29  1  0  0
77  1 119836 2768964 2281892 182512208    0    0 278176 172368 269364 1449131 30 41 27  1  0  0
procs -----------memory---------- ---swap-- -----io---- -system-- -------cpu-------
 r  b   swpd   free   buff  cache   si   so    bi    bo   in   cs us sy id wa st gu
98  9 119836 2767620 2281892 182512852    0    0 281872 191768 276928 1455407 31 39 28  2  0  0
30  1 119836 2769184 2281892 182513584    0    0 283968 188116 264499 1416447 31 37 30  1  0  0
65 11 119836 2770444 2281892 182514488    0    0 287648 184020 258999 1421082 31 39 29  1  0  0
102  8 119836 2854320 2281892 182415052    0    0 272176 194928 252509 1392144 30 40 30  1  0  0
15  1 119836 2855404 2281892 182415832    0    0 300400 176140 262358 1426387 31 39 28  2  0  0
92  2 119836 2855680 2281892 182416628    0    0 277184 183660 261630 1430686 31 39 28  1  0  0
58  0 119836 2853980 2281892 182417228    0    0 265008 174428 262899 1435068 31 40 28  1  0  0
20  1 119836 2849524 2281892 182417976    0    0 273584 182312 258365 1411898 30 40 29  1  0  0
40  2 119836 2849780 2281892 182418736    0    0 266160 180252 272111 1454111 31 40 27  1  0  0
129  2 119836 2848368 2281892 182419428    0    0 290464 187628 261400 1428177 31 39 28  1  0  0
72  4 119836 2847488 2281892 182420224    0    0 295712 190576 268085 1434334 32 39 28  1  0  0
27  0 119836 2843824 2281892 182420748    0    0 282208 184360 261053 1427079 31 40 29  1  0  0
 9  4 119836 2840568 2281892 182421604    0    0 289568 188740 264018 1412544 31 39 29  2  0  0
35  8 119836 2841508 2281892 182422376    0    0 262336 175840 254847 1415151 30 39 30  1  0  0
132 15 119836 2838992 2281892 182422952    0    0 258000 164196 256659 1424662 31 40 29  1  0  0
17  0 119836 2838592 2281892 182423708    0    0 283552 179704 268041 1445946 31 39 28  1  0  0
96  9 119836 2837080 2281892 182424512    0    0 279936 171640 264735 1447306 31 40 28  1  0  0
28 26 119836 2839932 2281892 182425092    0    0 325040 213444 267590 1410260 32 37 29  2  0  0
58  0 119836 2839736 2281892 182426016    0    0 280640 187956 259377 1422648 31 39 29  1  0  0
55  2 119836 2839724 2281892 182426772    0    0 291680 186180 263180 1423162 31 40 28  1  0  0
70  0 119836 2837760 2281892 182427360    0    0 265856 179128 264321 1440697 32 39 28  1  0  0
procs -----------memory---------- ---swap-- -----io---- -system-- -------cpu-------
 r  b   swpd   free   buff  cache   si   so    bi    bo   in   cs us sy id wa st gu
146 12 119836 2837540 2281892 182428104    0    0 268640 181728 264069 1448753 31 39 28  1  0  0
74  0 119836 2835140 2281892 182428680    0    0 276720 191100 283705 1474419 33 38 28  1  0  0
59  1 119836 2835504 2281892 182429536    0    0 280768 184740 267201 1430732 31 38 29  1  0  0
72  1 119836 2836868 2281892 182430304    0    0 270864 183912 263505 1434191 31 39 29  1  0  0
107  6 119836 2835872 2281892 182430872    0    0 275264 165776 253901 1436027 30 41 28  1  0  0
135  6 119836 2836276 2281892 182431684    0    0 275632 177584 261516 1447818 31 40 28  1  0  0
 6  1 119836 2832468 2281892 182432464    0    0 278112 194360 271075 1459713 32 38 28  1  0  0
39  1 119836 2833892 2281892 182433044    0    0 270752 174600 258067 1425523 30 42 28  1  0  0
111  8 119836 2832528 2281892 182433948    0    0 276560 173184 254518 1420779 30 40 28  1  0  0
62  1 119836 2832728 2281892 182434704    0    0 282784 180612 257332 1425098 31 39 28  1  0  0
32 27 119836 2829988 2281892 182435356    0    0 278192 188264 273599 1464100 33 39 27  1  0  0
90  0 119836 2829916 2281892 182436092    0    0 271664 185192 256060 1417758 30 39 29  2  0  0
37  1 119836 2832288 2281892 182436672    0    0 278368 166092 253359 1416355 29 41 28  1  0  0
37  0 119836 2827140 2281892 182437448    0    0 258032 174568 251647 1424261 30 41 28  1  0  0
111  0 119836 2826476 2281892 182438160    0    0 259232 153892 252511 1443569 31 41 27  1  0  0
78  0 119836 2824240 2281892 182438720    0    0 253520 155756 253278 1439709 30 43 27  1  0  0
28  0 119836 2822336 2281892 182439444    0    0 270688 161424 255397 1439348 30 42 27  1  0  0
29  0 119836 2821456 2281892 182440224    0    0 286608 186628 268887 1441376 31 40 28  2  0  0
103  2 119836 2821468 2281892 182440840    0    0 264912 174420 265484 1445532 31 39 29  1  0  0
54 10 119836 2821200 2281892 182441688    0    0 291424 190388 278545 1457521 33 38 28  1  0  0
19  6 119836 2820536 2281892 182442320    0    0 277216 175408 263122 1440442 31 40 28  1  0  0
procs -----------memory---------- ---swap-- -----io---- -system-- -------cpu-------
 r  b   swpd   free   buff  cache   si   so    bi    bo   in   cs us sy id wa st gu
92  1 119836 2823284 2281892 182443016    0    0 274288 198044 271176 1428107 32 38 30  1  0  0
95  7 119836 2821332 2281892 182443828    0    0 267568 185660 253960 1409808 30 40 29  1  0  0
101  1 119836 2824184 2281892 182444396    0    0 322976 187424 272803 1448220 32 39 27  2  0  0
87  5 119836 2821492 2281892 182445256    0    0 265856 181696 259194 1427194 31 40 28  1  0  0
150  0 119836 2820196 2281892 182446048    0    0 287264 204496 264003 1414916 30 39 29  2  0  0
48  1 119836 2820460 2281892 182446600    0    0 253920 160316 250740 1419520 30 40 29  1  0  0
69  0 119836 2819796 2281892 182447364    0    0 263216 172460 269987 1459530 31 40 28  1  0  0
82  4 119836 2818656 2281892 182448164    0    0 272352 162092 253321 1428295 30 41 28  1  0  0
98  8 119836 2816152 2281892 182448708    0    0 279184 190408 258592 1438788 31 40 28  1  0  0
70  0 119836 2814240 2281892 182449564    0    0 281216 181256 256040 1417631 30 40 29  1  0  0
102  6 119836 2813564 2281892 182450112    0    0 275392 175008 257145 1424409 31 40 28  1  0  0
28  1 119836 2812684 2281892 182450996    0    0 293936 197172 270371 1444251 32 40 27  2  0  0
28  0 119836 2809012 2281892 182451820    0    0 269392 184940 275985 1456502 32 39 28  1  0  0
49 22 119836 2799688 2281892 182452532    0    0 277696 187540 274358 1450617 31 39 29  1  0  0
27  0 119836 2799576 2281892 182453364    0    0 263344 166156 265193 1432670 30 40 28  1  0  0
64  3 119836 2795888 2281892 182454112    0    0 276736 169608 252703 1422873 30 40 28  1  0  0
157  0 119836 2795904 2281892 182454800    0    0 283408 175540 255971 1429380 30 40 28  1  0  0
53  0 119836 2792616 2281892 182455500    0    0 269424 172616 264048 1441770 32 39 28  1  0  0
61  5 119836 2794116 2281892 182456324    0    0 283456 187848 258797 1410309 30 40 29  1  0  0
55  0 119836 2794556 2281892 182456880    0    0 274240 188848 267027 1437741 32 39 28  1  0  0
34  4 119836 2793924 2281892 182457776    0    0 305360 179392 264517 1426692 32 39 28  1  0  0
procs -----------memory---------- ---swap-- -----io---- -system-- -------cpu-------
 r  b   swpd   free   buff  cache   si   so    bi    bo   in   cs us sy id wa st gu
71  6 119836 2793692 2281892 182458296    0    0 277632 197380 261371 1407868 31 39 29  1  0  0
23  1 119836 2792616 2281892 182459100    0    0 272496 171532 255042 1408829 30 40 29  1  0  0
58  1 119836 2791892 2281892 182459908    0    0 267632 186112 267845 1447332 32 39 28  1  0  0
88  0 119836 2791184 2281892 182460496    0    0 287264 192240 267766 1430567 32 38 29  1  0  0
72  3 119836 2790276 2281892 182461320    0    0 273568 174044 260191 1441137 30 40 28  1  0  0
29  0 119836 2791248 2281892 182462096    0    0 274512 178360 260598 1433507 31 40 28  1  0  0
30  0 119836 2791760 2281892 182462708    0    0 265232 168096 259773 1440599 31 40 28  1  0  0
63  6 119836 2791332 2281892 182463492    0    0 277168 179588 265133 1446379 31 39 28  1  0  0
33  2 119836 2789264 2281892 182464336    0    0 282000 182312 265168 1446302 31 39 29  1  0  0
30  0 119836 2788280 2281892 182464928    0    0 285920 196088 281289 1467298 32 38 28  1  0  0
88  8 119836 2784220 2281892 182465860    0    0 286848 185140 271079 1444852 32 38 29  1  0  0
52  3 119836 2786016 2281892 182466448    0    0 276944 192584 271324 1449306 32 38 29  1  0  0
32  0 119836 2780820 2281892 182467276    0    0 277008 174048 254845 1438179 30 40 29  1  0  0
51  3 119836 2782276 2281892 182468000    0    0 279968 185952 256385 1428330 31 39 28  2  0  0
91  1 119836 2781572 2281892 182468616    0    0 300224 189880 265361 1450992 32 38 28  2  0  0
91  0 119836 2781156 2281892 182469528    0    0 283744 177592 258525 1439622 32 39 28  1  0  0
34  1 119836 2779708 2281896 182470308    0    0 275664 202968 263208 1428169 31 38 29  1  0  0
52  1 119836 2777324 2281896 182470912    0    0 275888 189244 266606 1442736 31 39 29  1  0  0
68  6 119836 2776128 2281896 182471660    0    0 257184 161024 254923 1419608 29 42 28  1  0  0
 8  0 119836 2774792 2281896 182472496    0    0 268864 168628 259943 1437984 32 39 28  1  0  0
127  0 119836 2773816 2281896 182473040    0    0 275376 178272 255086 1424420 31 40 28  1  0  0
procs -----------memory---------- ---swap-- -----io---- -system-- -------cpu-------
 r  b   swpd   free   buff  cache   si   so    bi    bo   in   cs us sy id wa st gu
82  0 119836 2774668 2281896 182473892    0    0 295808 204856 264876 1434510 31 38 29  1  0  0
106  9 119836 2772668 2281896 182474464    0    0 253328 170144 266368 1455930 32 40 28  1  0  0
35  1 119836 2774012 2281896 182475216    0    0 284304 185984 257432 1428038 30 40 28  2  0  0
87  7 119836 2773824 2281896 182476016    0    0 261648 166588 257029 1446439 30 41 28  1  0  0
15  2 119836 2775616 2281896 182476612    0    0 281536 177504 266300 1451059 30 41 28  1  0  0
113 11 119836 2774668 2281896 182477580    0    0 307136 184104 264087 1434993 32 38 29  2  0  0
35  2 119836 2772856 2281896 182478420    0    0 287696 203624 257225 1404607 30 39 29  2  0  0
125  7 119836 2769968 2281896 182479040    0    0 272000 171244 257118 1432527 31 39 29  1  0  0
42  0 119836 2772448 2281896 182479852    0    0 277040 173196 257070 1430803 30 41 27  1  0  0
51  0 119836 2773180 2281896 182480640    0    0 272576 186288 267882 1444654 31 40 28  1  0  0
73  1 119836 2773924 2281896 182481196    0    0 274512 180432 269727 1452218 31 40 28  1  0  0
12  0 119836 2771812 2281896 182482060    0    0 296736 183496 269587 1438365 31 39 28  1  0  0
70  1 119836 2771556 2281896 182482696    0    0 275760 191144 257012 1431440 31 40 28  1  0  0
32  2 119836 2769468 2281896 182483460    0    0 285536 202120 262968 1423832 31 39 28  2  0  0
142  0 119836 2769996 2281896 182484264    0    0 250960 170928 267558 1462062 32 40 27  1  0  0
77  9 119836 2771344 2281896 182484760    0    0 274528 159836 255840 1431750 30 41 28  1  0  0
25  3 119836 2773748 2281896 182485520    0    0 261808 184920 258738 1425972 30 40 28  1  0  0
55  6 119836 2772416 2281896 182486332    0    0 273616 168688 260805 1443220 31 41 28  1  0  0
81  0 119836 2770960 2281896 182486968    0    0 267440 179192 263776 1451282 31 40 27  1  0  0
36  0 119836 2772596 2281896 182487792    0    0 297536 187924 266291 1439948 32 39 28  1  0  0
41  1 119836 2768908 2281896 182488504    0    0 252784 176108 260050 1433727 30 40 28  1  0  0
procs -----------memory---------- ---swap-- -----io---- -system-- -------cpu-------
 r  b   swpd   free   buff  cache   si   so    bi    bo   in   cs us sy id wa st gu
56  0 119836 2762968 2281896 182489172    0    0 272000 171380 254100 1416834 30 40 29  1  0  0
48  0 119836 2766112 2281896 182489880    0    0 251840 164228 260468 1449573 31 41 27  1  0  0
88  0 119836 2763556 2281896 182490484    0    0 269920 162916 255373 1437435 30 42 27  1  0  0
14  1 119836 2760820 2281896 182491272    0    0 269696 177032 263121 1446599 31 40 27  1  0  0
55  4 119836 2760012 2281896 182492072    0    0 260224 177740 257726 1434736 30 40 28  1  0  0
128  2 119836 2759812 2281896 182492676    0    0 282080 175388 266860 1441470 31 40 28  1  0  0
92  7 119836 2755456 2281896 182493408    0    0 262064 189720 263890 1444584 31 40 28  1  0  0
69  6 119836 2850536 2281896 182401376    0    0 296496 183144 261053 1427941 32 38 28  1  0  0
96  1 119836 2849116 2281896 182402024    0    0 279904 183244 263915 1433199 31 39 28  1  0  0
116  1 119836 2846984 2281896 182402772    0    0 262816 183080 259669 1429289 30 39 30  1  0  0
87 14 119836 2844872 2281896 182403344    0    0 246976 146892 251612 1426402 29 42 28  1  0  0
99  8 119836 2843032 2281896 182404024    0    0 257232 143724 252070 1438591 30 41 28  1  0  0
39  2 119836 2843528 2281896 182404848    0    0 283888 179268 272318 1458600 32 39 28  1  0  0
94  2 119836 2827032 2281896 182405444    0    0 270896 203300 274473 1459476 31 40 28  1  0  0
127  8 119836 2817904 2281896 182406244    0    0 299520 172740 271241 1434992 32 38 29  1  0  0
110 12 119836 2817388 2281896 182407128    0    0 287712 209692 272660 1445980 32 39 28  2  0  0
73  6 119836 2817752 2281896 182407764    0    0 280928 203664 267748 1443705 31 38 29  1  0  0
71  8 119836 2818976 2281896 182408540    0    0 257712 145652 249727 1420794 29 41 29  1  0  0
46  4 119836 2817192 2281896 182409340    0    0 285536 189404 265553 1443129 31 40 28  1  0  0
93  0 119836 2814724 2281900 182409916    0    0 265888 155068 262526 1447904 31 39 29  1  0  0
40  0 119836 2815600 2281900 182410692    0    0 294480 205624 253418 1411565 30 39 29  2  0  0
procs -----------memory---------- ---swap-- -----io---- -system-- -------cpu-------
 r  b   swpd   free   buff  cache   si   so    bi    bo   in   cs us sy id wa st gu
85  0 119836 2816424 2281900 182411380    0    0 284064 179376 256502 1424825 30 39 29  1  0  0
24  1 119836 2815216 2281900 182412164    0    0 256336 167764 251365 1433549 29 42 28  1  0  0
115  3 119836 2818108 2281900 182413004    0    0 291120 181328 261563 1429013 30 40 28  2  0  0
116 10 119836 2813716 2281900 182413608    0    0 285472 189156 265589 1430875 32 40 28  1  0  0
43  0 119836 2813664 2281900 182414424    0    0 295248 194876 266927 1422250 31 38 29  1  0  0
26  0 119836 2814720 2281900 182415256    0    0 271216 180652 257586 1420847 31 39 29  1  0  0
102  4 119836 2814768 2281900 182415860    0    0 295968 188288 273872 1434201 32 38 29  1  0  0
56  3 119836 2813104 2281900 182416636    0    0 266768 155572 263001 1450617 30 41 28  1  0  0
63  0 119836 2811148 2281900 182417468    0    0 296816 183636 272061 1423565 31 39 29  1  0  0
13  1 119836 2816276 2281900 182418124    0    0 285312 214824 276311 1454454 33 38 28  2  0  0
67  1 119836 2815804 2281900 182418968    0    0 290832 189620 261868 1414035 32 38 29  1  0  0
78  4 119836 2814544 2281900 182419556    0    0 264736 158800 259990 1448021 31 40 28  1  0  0
67  3 119836 2813568 2281900 182420336    0    0 284656 189132 259358 1448035 31 39 28  1  0  0
90  1 119836 2810916 2281900 182421208    0    0 293792 205208 270619 1435807 31 38 29  2  0  0
70  4 119836 2812960 2281900 182421792    0    0 274784 198052 269329 1466199 31 41 27  1  0  0
58  1 119836 2810700 2281900 182422564    0    0 261136 137444 258092 1448714 29 41 28  1  0  0
12  0 119836 2809992 2281900 182423400    0    0 292992 196936 264954 1444856 31 40 27  2  0  0
51 10 119836 2809792 2281900 182424048    0    0 280288 188048 256937 1431718 31 40 28  1  0  0
130  3 119836 2808848 2281900 182424784    0    0 271568 166756 251053 1425572 30 40 28  1  0  0
28  0 119836 2808332 2281900 182425572    0    0 272592 169596 261669 1453946 31 40 28  1  0  0
64  0 119836 2808360 2281900 182426244    0    0 283776 203160 263589 1451336 31 41 27  1  0  0
procs -----------memory---------- ---swap-- -----io---- -system-- -------cpu-------
 r  b   swpd   free   buff  cache   si   so    bi    bo   in   cs us sy id wa st gu
49  0 119836 2803296 2281900 182427056    0    0 289920 175044 270737 1453027 31 39 28  2  0  0
72 11 119836 2804104 2281900 182427696    0    0 289552 204472 275010 1454789 32 39 28  2  0  0
38  6 119836 2803808 2281900 182428560    0    0 267328 168312 262660 1428986 31 40 28  1  0  0
80 12 119836 2802516 2281900 182429392    0    0 276672 189640 257273 1432085 30 41 28  1  0  0
103  0 119836 2803696 2281900 182429996    0    0 271680 167816 248684 1413607 29 41 29  1  0  0
87  4 119836 2803232 2281900 182430672    0    0 246784 147360 249738 1442094 30 42 27  1  0  0
39  0 119836 2806648 2281900 182431488    0    0 281792 169292 253535 1434502 30 42 27  1  0  0
88 15 119836 2800896 2281900 182432084    0    0 270512 152528 256403 1433082 31 40 28  1  0  0
41  0 119836 2803808 2281900 182432916    0    0 271200 201952 267386 1440055 31 40 28  1  0  0
53  0 119836 2803948 2281900 182433620    0    0 260928 177444 271762 1471437 32 40 28  1  0  0
53  4 119836 2802732 2281900 182434248    0    0 279536 173936 277382 1470879 32 39 28  1  0  0
97  4 119836 2801536 2281900 182435028    0    0 262496 176140 268639 1450726 31 40 28  1  0  0
86  4 119836 2802356 2281900 182435608    0    0 275152 171704 271569 1466052 31 40 28  1  0  0
56  5 119836 2798616 2281900 182436428    0    0 289200 217352 274682 1460358 33 38 28  2  0  0
34  2 119836 2797148 2281900 182437240    0    0 269232 177948 261294 1433065 31 39 29  1  0  0
37  1 119836 2797428 2281900 182437872    0    0 270032 170616 259209 1440152 30 40 28  1  0  0
80  4 119836 2798060 2281900 182438652    0    0 299536 177720 263723 1431600 31 39 28  2  0  0
45  1 119836 2794440 2281900 182439532    0    0 283136 209808 262938 1429948 31 39 28  2  0  0
69  2 119836 2795552 2281900 182440176    0    0 281936 189776 266650 1437274 32 38 28  1  0  0
43  1 119836 2796516 2281900 182440920    0    0 268512 170484 265416 1450097 31 41 27  1  0  0
52  1 119836 2796644 2281900 182441692    0    0 266000 161200 259900 1437493 32 39 28  1  0  0
procs -----------memory---------- ---swap-- -----io---- -system-- -------cpu-------
 r  b   swpd   free   buff  cache   si   so    bi    bo   in   cs us sy id wa st gu
136  6 119836 2797416 2281900 182442328    0    0 302480 207004 275278 1440406 32 38 28  2  0  0
94 11 119836 2795572 2281900 182443128    0    0 268992 172412 256903 1424376 30 40 28  1  0  0
88  6 119836 2792688 2281900 182443772    0    0 298448 194424 263895 1420938 31 39 29  2  0  0
94  2 119836 2792940 2281900 182444628    0    0 283312 187256 258393 1425289 30 40 28  2  0  0
59  9 119836 2791412 2281900 182445400    0    0 264528 162524 255440 1427653 30 41 28  1  0  0
32  1 119836 2792040 2281900 182445976    0    0 272912 168492 260081 1442227 31 40 28  1  0  0
52  5 119836 2791784 2281900 182446816    0    0 280752 180136 264643 1431657 31 39 29  1  0  0
65  0 119836 2792580 2281900 182447556    0    0 269040 172368 264609 1443942 30 41 28  1  0  0
100  2 119836 2792928 2281900 182448172    0    0 259040 188216 260114 1449057 31 40 28  1  0  0
109  2 119836 2793404 2281900 182448928    0    0 273104 163384 271152 1451255 32 39 29  1  0  0
62  2 119836 2790832 2281900 182449676    0    0 257712 164416 253379 1433948 29 42 28  1  0  0
53 11 119836 2789824 2281900 182450304    0    0 285968 188448 270118 1456579 32 39 28  1  0  0
107  2 119836 2787324 2281900 182451132    0    0 273632 156768 260206 1428802 31 39 29  1  0  0
30  0 119836 2787356 2281900 182451704    0    0 283488 212044 262129 1431969 31 39 29  1  0  0
87  0 119836 2786392 2281900 182452544    0    0 287168 183148 275086 1439781 32 39 28  2  0  0
118  9 119836 2786112 2281900 182453356    0    0 266048 185412 268408 1464346 31 40 28  1  0  0
42  0 119836 2783864 2281904 182453988    0    0 280096 184904 261086 1431779 31 40 28  1  0  0
142  5 119836 2783352 2281904 182454792    0    0 286416 167932 252385 1407000 30 39 29  2  0  0
92  3 119836 2780068 2281904 182455552    0    0 267264 171228 258590 1428411 31 40 28  1  0  0
63  1 119836 2782388 2281904 182456172    0    0 289936 182180 262400 1428549 31 39 28  1  0  0
36  5 119836 2779564 2281904 182457052    0    0 284144 198108 265129 1431011 31 38 29  1  0  0
procs -----------memory---------- ---swap-- -----io---- -system-- -------cpu-------
 r  b   swpd   free   buff  cache   si   so    bi    bo   in   cs us sy id wa st gu
104  1 119836 2780856 2281904 182457720    0    0 291056 186920 266924 1432028 30 39 29  1  0  0
68  5 119836 2781108 2281904 182458524    0    0 302960 176084 257275 1416013 30 39 29  2  0  0
43  0 119836 2779408 2281904 182459308    0    0 274240 201572 268168 1435257 31 39 28  1  0  0
66  2 119836 2781676 2281904 182459936    0    0 262848 183492 263303 1444315 32 39 28  1  0  0
77  6 119836 2785296 2281904 182460712    0    0 288512 190148 267452 1421205 31 39 29  1  0  0
29  9 119836 2784276 2281904 182461456    0    0 252752 154780 253657 1430184 30 41 28  1  0  0
47  4 119836 2785892 2281904 182462056    0    0 275424 162092 255419 1440141 31 39 29  1  0  0
21  0 119836 2783368 2281904 182462880    0    0 289824 179968 263436 1437298 31 40 28  2  0  0
 8 30 119836 2782376 2281904 182463656    0    0 274080 184488 282861 1477668 32 40 27  1  0  0
38  7 119836 2782844 2281904 182464280    0    0 270512 191796 281906 1475106 31 40 27  2  0  0
12  7 119836 2782780 2281904 182465056    0    0 282448 187816 273117 1454357 31 39 28  1  0  0
123  3 119836 2777500 2281904 182465684    0    0 290000 203764 266429 1440974 31 40 28  2  0  0
39  0 119836 2780180 2281904 182466584    0    0 290832 173244 263080 1439089 31 40 28  1  0  0
106  1 119836 2774888 2281904 182467400    0    0 262112 184832 263270 1436087 31 41 27  1  0  0
60  1 119836 2775792 2281904 182468020    0    0 269456 148752 260098 1441778 31 40 28  1  0  0
37  1 119836 2776600 2281904 182468776    0    0 273024 180268 259199 1424635 31 40 28  1  0  0
 3  0 119836 2777908 2281904 182469536    0    0 273504 188268 262464 1425180 31 39 29  1  0  0
13  0 119836 2776136 2281904 182470160    0    0 284704 184928 262839 1434922 31 40 28  1  0  0
57  4 119836 2776288 2281904 182470964    0    0 264848 151204 260984 1451526 30 41 28  1  0  0
122  3 119836 2776376 2281904 182471720    0    0 281184 194384 266540 1428461 31 39 29  1  0  0
31  0 119836 2776372 2281904 182472436    0    0 269520 177056 259009 1435656 31 40 28  1  0  0
procs -----------memory---------- ---swap-- -----io---- -system-- -------cpu-------
 r  b   swpd   free   buff  cache   si   so    bi    bo   in   cs us sy id wa st gu
42  1 119836 2776696 2281904 182473212    0    0 268848 157044 257456 1429656 30 40 28  1  0  0
 7 25 119836 2777588 2281904 182473788    0    0 279696 177440 268560 1447235 32 40 27  1  0  0
11  0 119836 2775976 2281904 182474612    0    0 281856 192024 263735 1416953 31 39 29  1  0  0
 8 11 119836 2775388 2281904 182475380    0    0 274176 176028 255159 1420427 30 39 29  1  0  0
27 25 119836 2775208 2281904 182476040    0    0 282288 174680 254091 1421030 30 39 29  1  0  0
60  2 119836 2772728 2281904 182476820    0    0 269312 179028 270263 1462801 32 39 28  1  0  0
89  2 119836 2772532 2281904 182477580    0    0 276192 180644 270989 1457533 31 40 28  1  0  0
46  0 119836 2773296 2281904 182478252    0    0 280000 196720 275928 1447877 32 38 29  1  0  0
124  0 119836 2768100 2281904 182479020    0    0 277152 163616 268458 1445144 32 40 27  1  0  0
25  1 119836 2766564 2281904 182479844    0    0 291328 207724 268473 1425794 31 38 30  2  0  0
 1  0 119836 2765268 2281904 182480544    0    0 285232 176100 262440 1422601 31 39 28  1  0  0
82  9 119836 2762932 2281904 182481296    0    0 272224 179276 259060 1427542 31 39 29  1  0  0
52  0 119836 2763976 2281904 182481912    0    0 279664 180776 271130 1459151 33 38 27  1  0  0
53  0 119836 2764484 2281904 182482684    0    0 271152 183136 275648 1455548 32 39 28  1  0  0
75  2 119836 2763660 2281904 182483476    0    0 287344 189148 264007 1426683 31 39 29  2  0  0
29 21 119836 2763032 2281904 182484208    0    0 294608 187796 274303 1452248 31 39 28  1  0  0
22 19 119836 2762716 2281904 182485032    0    0 290320 188560 272272 1447101 31 40 28  1  0  0
21 22 119836 2762548 2281904 182485756    0    0 282176 183752 267301 1437682 32 39 28  1  0  0
 4  0 119836 2759036 2281904 182486404    0    0 269040 176032 261778 1439618 31 40 28  1  0  0
81 15 119836 2760424 2281904 182487212    0    0 271760 186644 258603 1415542 31 39 30  1  0  0
39  0 119836 2758452 2281904 182487956    0    0 283056 154476 259849 1444427 31 40 28  1  0  0
procs -----------memory---------- ---swap-- -----io---- -system-- -------cpu-------
 r  b   swpd   free   buff  cache   si   so    bi    bo   in   cs us sy id wa st gu
79  6 119836 2758800 2281904 182488604    0    0 263200 176152 263198 1452906 31 40 28  1  0  0
26  0 119836 2758372 2281904 182489412    0    0 289072 195912 269604 1441225 32 39 28  2  0  0
82  2 119836 2757116 2281904 182490020    0    0 269584 181984 261151 1430015 30 40 29  1  0  0
39  0 119836 2753664 2281904 182490808    0    0 268480 167368 266512 1442708 30 42 27  1  0  0
30  0 119836 2756624 2281904 182491588    0    0 283568 176280 264743 1436008 31 39 28  1  0  0
27  1 119836 2755208 2281904 182492264    0    0 281760 176228 260032 1435888 31 39 29  1  0  0
 2  0 119836 2850684 2281904 182393056    0    0 264176 194732 259690 1430928 30 41 28  1  0  0
 2  1 119836 2850284 2281904 182393764    0    0 282304 177912 257449 1415006 31 40 29  1  0  0
74  1 119836 2849780 2281904 182394456    0    0 277488 168532 256231 1431404 30 41 28  1  0  0
121  0 119836 2850896 2281904 182395220    0    0 275648 188376 263460 1428089 30 40 28  1  0  0
150  4 119836 2847056 2281904 182395936    0    0 273536 181784 265948 1435055 31 39 28  1  0  0
 5  3 119836 2844808 2281904 182396744    0    0 289360 189412 278087 1451730 32 38 28  1  0  0
207 10 119836 2844660 2281904 182397500    0    0 292784 192064 276957 1461567 31 39 28  2  0  0
117  1 119836 2844180 2281904 182398160    0    0 272832 188728 264995 1438400 32 39 28  1  0  0
68 13 119836 2843488 2281904 182398960    0    0 288720 185588 266731 1421810 31 39 28  1  0  0
27  2 119836 2842744 2281904 182399692    0    0 284592 188404 262669 1436418 30 40 28  1  0  0
74  9 119836 2844000 2281904 182400416    0    0 275696 169124 264127 1450400 32 39 28  1  0  0
21  0 119836 2839068 2281904 182401136    0    0 267888 183856 269483 1449354 32 40 28  1  0  0
37  0 119836 2837356 2281904 182401812    0    0 266112 174896 266984 1456505 32 40 27  1  0  0
71  1 119836 2835928 2281904 182402488    0    0 270880 179780 271578 1451711 31 40 28  1  0  0
46  0 119836 2836160 2281904 182403212    0    0 258240 154592 259744 1452096 30 41 27  1  0  0
procs -----------memory---------- ---swap-- -----io---- -system-- -------cpu-------
 r  b   swpd   free   buff  cache   si   so    bi    bo   in   cs us sy id wa st gu
100  0 119836 2835160 2281904 182403992    0    0 299104 195604 264708 1413920 32 39 28  2  0  0
81  3 119836 2835164 2281908 182404756    0    0 291536 190236 260631 1422607 31 39 28  1  0  0
57  3 119836 2835228 2281908 182405452    0    0 262720 175368 262246 1433240 31 40 28  1  0  0
87  1 119836 2832588 2281908 182406156    0    0 284848 178672 260222 1429220 31 39 29  1  0  0
12  2 119836 2832624 2281908 182406888    0    0 267344 168708 261728 1448097 31 40 27  1  0  0
30  0 119836 2831892 2281908 182407588    0    0 267536 179012 255472 1424780 31 40 28  1  0  0
21  1 119836 2830644 2281908 182408288    0    0 267264 159352 256605 1440277 30 42 27  1  0  0
70  0 119836 2829084 2281908 182409044    0    0 293424 180088 263268 1433382 31 40 28  2  0  0
80  3 119836 2829264 2281908 182409820    0    0 282624 201880 272550 1433498 32 38 28  1  0  0
91  5 119836 2829908 2281908 182410544    0    0 274288 188168 266123 1437211 31 39 29  1  0  0
132  8 119836 2829416 2281908 182411292    0    0 272288 171100 263694 1445577 31 40 28  1  0  0
57  1 119836 2829108 2281908 182411992    0    0 297216 187872 268646 1427704 32 38 28  1  0  0
93  1 119836 2827412 2281908 182412744    0    0 286640 188712 267461 1437463 31 38 29  1  0  0
63  1 119836 2829132 2281908 182413476    0    0 263904 175632 261560 1431373 30 40 29  1  0  0
25 22 119836 2828444 2281908 182414208    0    0 294384 174692 260178 1424924 31 40 27  1  0  0
96  3 119836 2826756 2281908 182415004    0    0 294064 202232 265720 1413511 31 39 28  2  0  0
80  8 119836 2827876 2281908 182415768    0    0 300144 198764 254840 1396917 30 38 31  2  0  0
72  1 119836 2827768 2281908 182416560    0    0 267456 163320 253322 1419960 30 41 28  1  0  0
207  2 119836 2828440 2281908 182417288    0    0 275248 173708 255040 1421856 31 39 28  1  0  0
24 23 119836 2827792 2281908 182418068    0    0 310768 183652 263822 1429712 32 38 28  2  0  0
36  1 119836 2829028 2281908 182418808    0    0 272784 218532 277625 1423836 31 38 30  1  0  0
procs -----------memory---------- ---swap-- -----io---- -system-- -------cpu-------
 r  b   swpd   free   buff  cache   si   so    bi    bo   in   cs us sy id wa st gu
 2  3 119836 2827676 2281908 182419536    0    0 271360 171684 268747 1441372 31 39 28  1  0  0
 2  3 119836 2822412 2281908 182420316    0    0 289952 171944 260025 1421651 31 38 29  1  0  0
56  1 119836 2820480 2281908 182421028    0    0 278512 183412 258657 1426847 31 39 29  1  0  0
89  0 119836 2819076 2281908 182421760    0    0 274400 191308 273021 1453629 32 38 28  1  0  0
68  0 119836 2817844 2281908 182422468    0    0 275488 182092 261837 1425207 31 39 28  1  0  0
60  0 119836 2819236 2281908 182423268    0    0 307376 195040 276778 1463892 33 39 27  2  0  0
47 17 119836 2819484 2281908 182424028    0    0 278768 182284 255255 1419226 31 39 29  1  0  0
42  5 119836 2816544 2281908 182424764    0    0 293040 202300 274018 1440632 32 38 28  2  0  0
100  1 119836 2814264 2281908 182425472    0    0 261440 181796 263167 1441726 31 40 28  1  0  0
 4  3 119836 2812608 2281908 182426172    0    0 276688 164560 251326 1412925 30 40 29  1  0  0
57 13 119836 2812024 2281912 182426920    0    0 279104 169448 264327 1429170 32 39 28  1  0  0
127  3 119836 2811604 2281912 182427636    0    0 271312 178800 253932 1432872 30 41 27  1  0  0
56  7 119836 2810176 2281912 182428376    0    0 281072 201580 261918 1410360 31 39 29  1  0  0
 3  0 119836 2809680 2281912 182429148    0    0 283984 185184 271326 1449748 32 39 28  1  0  0
 2  4 119836 2810164 2281912 182429908    0    0 294144 188444 270907 1439748 31 39 28  1  0  0
52  5 119836 2810368 2281912 182430608    0    0 271472 178768 261227 1429758 30 39 29  1  0  0
81  0 119836 2811660 2281912 182431328    0    0 272944 170876 266235 1446537 32 39 28  1  0  0
131  1 119836 2812444 2281912 182432084    0    0 284352 179240 266603 1434680 31 40 28  1  0  0
103  3 119836 2810428 2281912 182432812    0    0 268944 175156 258771 1432641 31 39 29  1  0  0
58  2 119836 2809728 2281912 182433512    0    0 269568 180532 265445 1436031 31 39 29  1  0  0
116  0 119836 2770504 2281912 182434248    0    0 269120 160512 258741 1433231 31 39 29  1  0  0
procs -----------memory---------- ---swap-- -----io---- -system-- -------cpu-------
 r  b   swpd   free   buff  cache   si   so    bi    bo   in   cs us sy id wa st gu
81  7 119836 2767168 2281912 182434964    0    0 279392 186692 254285 1414043 30 40 29  1  0  0
29  4 119836 2765660 2281912 182435664    0    0 267616 166916 259914 1449737 30 40 29  1  0  0
159  0 119836 2764512 2281912 182436408    0    0 295568 188884 272708 1449820 32 39 28  1  0  0
58  7 119836 2761192 2281912 182437140    0    0 264240 170528 264759 1443360 31 40 28  1  0  0
24  0 119836 2764312 2281912 182437828    0    0 267168 176144 256030 1432396 30 41 28  1  0  0
 2  2 119836 2756872 2281912 182438536    0    0 264272 162416 259444 1441891 31 40 28  1  0  0
26 13 119836 2755988 2281912 182439316    0    0 290416 176896 259847 1425821 31 39 29  1  0  0
67  3 119836 2756496 2281912 182440040    0    0 286608 194176 263324 1420490 30 40 28  2  0  0
 2  1 119836 2754344 2281912 182440792    0    0 288800 194400 264138 1418276 31 39 29  1  0  0
65  6 119836 2756060 2281912 182441516    0    0 278704 175368 276949 1473517 32 39 28  1  0  0
 2  0 119836 2756124 2281912 182442232    0    0 269968 195196 277382 1470693 32 38 29  1  0  0
70 23 119836 2757508 2281912 182442904    0    0 258560 162792 265885 1432680 30 41 28  1  0  0
75  5 119836 2758844 2281912 182443692    0    0 297840 187128 266319 1442731 32 39 28  2  0  0
57  3 119836 2758496 2281912 182444524    0    0 295920 183716 256030 1417343 30 40 28  2  0  0
117 12 119836 2854692 2281912 182352072    0    0 263360 171656 251131 1414085 30 40 29  1  0  0
142  0 119836 2853540 2281912 182352788    0    0 280224 171096 253021 1424635 30 40 28  2  0  0
71 11 119836 2911664 2281916 182353476    0    0 268688 174344 263951 1453860 31 40 28  1  0  0
70 13 119836 2912212 2281916 182354156    0    0 270672 181896 262287 1437212 31 39 29  1  0  0
 5  2 119836 2913352 2281916 182354912    0    0 292400 186272 261657 1436501 31 39 29  2  0  0
 5  0 119836 2909980 2281916 182355644    0    0 274144 187812 271822 1452526 31 40 28  1  0  0
27  0 119836 2910928 2281916 182356344    0    0 263136 166380 265712 1451588 31 40 29  1  0  0
procs -----------memory---------- ---swap-- -----io---- -system-- -------cpu-------
 r  b   swpd   free   buff  cache   si   so    bi    bo   in   cs us sy id wa st gu
123  0 119836 2912332 2281916 182357056    0    0 271072 179260 275402 1468598 31 40 28  1  0  0
13  1 119836 2908820 2281916 182357792    0    0 268224 164116 258466 1441116 30 41 28  1  0  0
43  0 119836 2903788 2281916 182358508    0    0 268960 180108 265892 1445696 31 40 28  1  0  0
72  2 119836 2903268 2281916 182359212    0    0 272576 175564 267596 1443693 32 40 27  1  0  0
21  3 119836 2902324 2281920 182359936    0    0 284096 182440 264638 1433503 31 40 28  1  0  0
113  2 119836 2898112 2281920 182360672    0    0 288880 199692 269794 1429158 31 38 29  2  0  0
73  6 119836 2898260 2281920 182361364    0    0 278512 181356 261785 1440814 31 39 28  1  0  0
44  0 119836 2894892 2281920 182362148    0    0 270880 190908 271881 1451313 31 40 28  1  0  0
 2  2 119836 2893064 2281920 182362896    0    0 276496 184120 269569 1454781 31 40 28  1  0  0
102  1 119836 2891084 2281920 182363568    0    0 270848 170456 253859 1428130 31 40 28  1  0  0
82  9 119836 2889804 2281920 182364312    0    0 273520 167908 255023 1415285 30 41 28  1  0  0
49  8 119836 2888812 2281920 182365088    0    0 288912 181656 257165 1419153 31 39 28  2  0  0
28  0 119836 2890796 2281920 182365832    0    0 291984 198900 263571 1417356 31 39 29  2  0  0
43  0 119836 2891128 2281920 182366592    0    0 293040 187472 266247 1423777 31 38 29  2  0  0
59  1 119836 2889644 2281924 182367392    0    0 290144 202372 269643 1421652 31 38 29  1  0  0
23  7 119836 2893756 2281924 182368148    0    0 290784 185500 273106 1443958 32 38 29  1  0  0
120  0 119836 2893820 2281924 182368892    0    0 266352 187940 266298 1446171 31 40 28  1  0  0
67  3 119836 2891752 2281924 182369564    0    0 259152 153840 255510 1450225 30 42 27  1  0  0
68  0 119836 2892384 2281924 182370292    0    0 275280 176420 255268 1415235 30 40 29  1  0  0
70  0 119836 2892588 2281924 182370956    0    0 254208 160080 257937 1449987 31 41 28  1  0  0
66  3 119836 2891928 2281924 182371648    0    0 276384 170132 257329 1430468 31 40 28  1  0  0
procs -----------memory---------- ---swap-- -----io---- -system-- -------cpu-------
 r  b   swpd   free   buff  cache   si   so    bi    bo   in   cs us sy id wa st gu
 8 10 119836 2889284 2281924 182372356    0    0 265568 175948 256860 1431086 31 40 28  1  0  0
124  0 119836 2889568 2281924 182373084    0    0 285232 180236 267590 1446999 32 40 27  1  0  0
59  7 119836 2887608 2281924 182373852    0    0 284032 178920 264308 1427387 30 41 28  1  0  0
 0  1 119836 2886208 2281924 182374580    0    0 261680 183920 253115 1404132 30 39 30  1  0  0
92  0 119836 2885552 2281924 182375344    0    0 295328 186144 264346 1426657 31 38 29  2  0  0
62  2 119836 2884828 2281924 182376104    0    0 299568 202092 268713 1429577 32 38 29  1  0  0
31  0 119836 2886352 2281924 182376876    0    0 280448 195036 270621 1441998 31 38 29  1  0  0
 3  2 119836 2887912 2281924 182377584    0    0 265632 164964 255700 1431039 30 41 28  1  0  0
58  4 119836 2886268 2281924 182378316    0    0 284256 188848 264685 1438950 31 39 28  1  0  0
17  0 119836 2882412 2281924 182379072    0    0 276624 187536 278051 1467262 32 39 28  1  0  0
90  0 119836 2882844 2281924 182379724    0    0 254944 160376 256530 1440326 31 40 28  1  0  0
38  0 119836 2879980 2281924 182380480    0    0 284544 186144 266576 1437558 31 38 29  2  0  0
39  6 119836 2879760 2281924 182381216    0    0 290432 191416 268850 1432787 32 39 28  1  0  0
31  2 119836 2876732 2281924 182381928    0    0 263728 178224 259280 1430830 31 39 29  1  0  0
86 14 119836 2875352 2281924 182382648    0    0 287280 174588 260606 1445344 31 40 28  1  0  0
44  1 119836 2875784 2281924 182383376    0    0 262592 173656 270613 1457499 31 41 27  1  0  0
157  0 119836 2872964 2281924 182384124    0    0 275248 191640 270315 1445831 30 39 29  1  0  0
23  0 119836 2872616 2281924 182384876    0    0 289392 175376 272296 1456398 31 40 28  1  0  0
100  1 119836 2872256 2281924 182385584    0    0 271600 186420 274187 1449253 31 39 29  1  0  0
94 11 119836 2872312 2281924 182386316    0    0 293264 185740 269145 1437918 30 39 29  1  0  0
75  3 119836 2871608 2281924 182387080    0    0 273136 185672 265388 1442816 31 39 29  1  0  0
procs -----------memory---------- ---swap-- -----io---- -system-- -------cpu-------
 r  b   swpd   free   buff  cache   si   so    bi    bo   in   cs us sy id wa st gu
117  0 119836 2867084 2281924 182387836    0    0 280528 179924 264229 1440012 32 39 28  1  0  0
 2  1 119836 2864388 2281924 182388600    0    0 276528 182588 254295 1415386 30 39 29  1  0  0
26 32 119836 2862836 2281924 182389244    0    0 267936 158476 264665 1448441 31 40 28  1  0  0
69  0 119836 2860332 2281924 182390024    0    0 296176 194820 257315 1404547 30 39 29  2  0  0
93  1 119836 2858820 2281924 182390748    0    0 276848 192144 271949 1451840 32 40 27  1  0  0
 0  4 119836 2861776 2281924 182391484    0    0 273392 177876 264866 1443914 31 40 28  1  0  0
68  1 119836 2860240 2281924 182392228    0    0 277632 176208 255659 1417312 31 39 29  1  0  0
51  1 119836 2858992 2281924 182393000    0    0 304736 194480 264798 1429041 31 39 28  2  0  0
71  4 119836 2858448 2281924 182393756    0    0 287728 186916 261496 1431592 30 39 29  1  0  0
48  6 119836 2860088 2281924 182394464    0    0 282688 193044 262748 1416522 31 39 29  1  0  0
83  1 119836 2860452 2281924 182395260    0    0 299808 189316 263149 1416495 31 38 29  2  0  0
54  2 119836 2856476 2281924 182395992    0    0 246288 153428 252144 1415955 30 41 28  1  0  0
62  2 119836 2859204 2281924 182396668    0    0 275904 178472 270575 1446040 32 38 29  1  0  0
70  8 119836 2861212 2281924 182397480    0    0 305104 194472 278376 1446345 32 38 28  2  0  0
 3  0 119836 2860140 2281924 182398224    0    0 281104 199520 270527 1446681 32 38 29  1  0  0
75  4 119836 2860032 2281924 182398944    0    0 263984 170328 251048 1398000 29 39 30  1  0  0
34  7 119836 2859360 2281924 182399712    0    0 294272 170432 258429 1435922 32 38 28  1  0  0
42  2 119836 2858388 2281924 182400384    0    0 273632 181124 257604 1429024 30 40 29  1  0  0
61  7 119836 2858540 2281924 182401128    0    0 273696 170316 257127 1431113 30 40 29  1  0  0
119  2 119836 2856376 2281924 182401812    0    0 270176 186696 262771 1425047 31 40 29  1  0  0
36  0 119836 2853816 2281924 182402488    0    0 263040 164896 266656 1463765 31 40 28  1  0  0
procs -----------memory---------- ---swap-- -----io---- -system-- -------cpu-------
 r  b   swpd   free   buff  cache   si   so    bi    bo   in   cs us sy id wa st gu
98  1 119836 2854056 2281924 182403216    0    0 269216 197628 270775 1457755 32 39 27  1  0  0
24  1 119836 2852852 2281924 182403940    0    0 270048 179924 263059 1436241 30 40 28  1  0  0
121  0 119836 2853424 2281924 182404756    0    0 279984 179052 258185 1421020 31 39 29  1  0  0
67  6 119836 2853144 2281924 182405376    0    0 257488 161292 255033 1445164 31 40 28  1  0  0
 9  7 119836 2853492 2281924 182406124    0    0 285472 184448 265541 1444269 31 40 27  2  0  0
11 15 119836 2851572 2281924 182406876    0    0 305616 188464 262018 1431926 30 40 28  2  0  0
104  0 119836 2852460 2281924 182407676    0    0 287792 198932 261374 1413699 31 39 29  1  0  0
46  0 119836 2853360 2281924 182408428    0    0 278880 180672 257712 1412266 31 39 29  1  0  0
64  1 119836 2846648 2281924 182409140    0    0 276704 175708 261800 1427465 32 39 28  1  0  0
23  0 119836 2846720 2281924 182409840    0    0 268784 175000 259453 1424980 31 39 29  1  0  0
 4  2 119836 2845780 2281924 182410588    0    0 279568 191472 268137 1444590 31 40 28  1  0  0
62  0 119836 2845520 2281924 182411388    0    0 281280 173224 262252 1435923 32 39 28  1  0  0
65  1 119836 2845112 2281924 182412072    0    0 264320 170408 251546 1429807 30 41 28  1  0  0
81  1 119836 2846648 2281924 182412876    0    0 302304 202964 264866 1424791 32 37 29  2  0  0
35  0 119836 2845512 2281924 182413636    0    0 288432 189244 276658 1461853 32 39 27  2  0  0
105  1 119836 2846164 2281924 182414396    0    0 283424 187420 267937 1435599 31 39 29  1  0  0
100  1 119836 2846452 2281924 182415112    0    0 261536 166404 253278 1432276 30 41 28  1  0  0
 1  3 119836 2846356 2281924 182415772    0    0 259904 162216 252383 1419145 30 40 28  1  0  0
64  0 119836 2846632 2281924 182416548    0    0 280464 171276 258973 1439261 30 41 28  1  0  0
83  1 119836 2845852 2281924 182417240    0    0 287344 190596 272138 1455630 33 38 28  1  0  0
16  0 119836 2843872 2281924 182417972    0    0 271440 184180 268947 1449867 31 40 28  1  0  0
procs -----------memory---------- ---swap-- -----io---- -system-- -------cpu-------
 r  b   swpd   free   buff  cache   si   so    bi    bo   in   cs us sy id wa st gu
132  0 119836 2843204 2281924 182418680    0    0 264112 181208 266825 1451400 30 41 28  1  0  0
125  1 119836 2842656 2281924 182419376    0    0 270768 177700 261281 1446259 31 40 28  1  0  0
 4  1 119836 2843088 2281924 182420160    0    0 297376 184912 265014 1428997 32 38 29  2  0  0
69  2 119836 2843432 2281924 182420900    0    0 268480 170144 257625 1424955 30 41 28  1  0  0
32  2 119836 2836632 2281924 182421636    0    0 298816 193720 265380 1424743 32 38 29  2  0  0
115  2 119836 2835680 2281924 182422416    0    0 283504 183368 263463 1430863 31 40 29  1  0  0
36  7 119836 2834996 2281924 182423072    0    0 277520 186520 260834 1421429 31 39 29  1  0  0
152  0 119836 2834356 2281924 182423856    0    0 286304 192856 272546 1447157 32 39 28  1  0  0
120  0 119836 2827776 2281924 182424576    0    0 266944 169084 263680 1429929 30 40 29  1  0  0
77 14 119836 2825788 2281924 182425284    0    0 268512 168368 256266 1424314 31 39 28  1  0  0
43 18 119836 2823044 2281924 182426124    0    0 299632 191564 263513 1425765 32 38 29  2  0  0
83  2 119836 2821704 2281924 182426816    0    0 273856 179592 261350 1427616 31 40 28  1  0  0
56 12 119836 2822208 2281924 182427552    0    0 287104 185376 258169 1401292 30 39 30  1  0  0
49  5 119836 2825172 2281924 182428292    0    0 271760 182272 268861 1449622 32 40 27  1  0  0
72  6 119836 2820496 2281924 182429084    0    0 299632 187176 264513 1427665 31 39 29  2  0  0
63  8 119836 2820592 2281924 182429772    0    0 271472 185932 273337 1451986 31 38 29  1  0  0
13  2 119836 2819252 2281924 182430512    0    0 272832 177628 266415 1458382 30 41 27  1  0  0
58  2 119836 2819136 2281924 182431188    0    0 274176 174220 263404 1429116 30 39 29  1  0  0
132  1 119836 2820112 2281924 182431980    0    0 301488 197944 261643 1409025 31 37 29  2  0  0
83  1 119836 2820444 2281924 182432724    0    0 267268 170324 252957 1417576 30 41 28  1  0  0
80  1 119836 2819824 2281924 182433444    0    0 275504 166120 252541 1430776 30 41 28  1  0  0
procs -----------memory---------- ---swap-- -----io---- -system-- -------cpu-------
 r  b   swpd   free   buff  cache   si   so    bi    bo   in   cs us sy id wa st gu
83  6 119836 2818580 2281924 182434204    0    0 270208 169960 256221 1434911 31 40 28  1  0  0
46  0 119836 2825960 2281924 182434900    0    0 284544 194164 261538 1423209 31 39 28  2  0  0
66  0 119836 2823480 2281924 182435624    0    0 266640 180576 268519 1450995 32 39 28  1  0  0
104  1 119836 2822048 2281924 182436340    0    0 267248 172240 264954 1433344 30 40 29  1  0  0
127  0 119836 2820064 2281928 182437096    0    0 274096 185280 259025 1438257 31 39 28  1  0  0
64  1 119836 2821132 2281928 182437804    0    0 279968 181132 257740 1421996 31 39 28  1  0  0
62  2 119836 2820168 2281928 182438536    0    0 281920 179888 259844 1435552 31 39 28  2  0  0
42  1 119836 2819188 2281928 182439252    0    0 274112 172868 260296 1436399 31 40 28  1  0  0
 8  0 119836 2819928 2281928 182439964    0    0 295328 192056 262287 1419112 31 38 29  2  0  0
33  0 119836 2816588 2281928 182440748    0    0 267824 181240 269985 1443669 31 39 28  1  0  0
 2  0 119836 2815196 2281928 182441448    0    0 261104 161516 263192 1430631 30 41 28  1  0  0
81  0 119836 2815628 2281928 182442188    0    0 296272 189136 270541 1444128 31 39 28  2  0  0
48  4 119836 2814908 2281928 182442924    0    0 278720 187348 272968 1455430 32 39 28  1  0  0
81  3 119836 2814804 2281928 182443660    0    0 274976 184584 262349 1430773 31 39 29  1  0  0
81  1 119836 2815532 2281928 182444388    0    0 276912 176908 266602 1457069 31 40 28  1  0  0
 5  0 119836 2814972 2281928 182445140    0    0 278640 173236 258716 1429371 31 39 28  1  0  0
91  3 119836 2813836 2281928 182445904    0    0 295376 198388 264778 1418342 31 38 30  2  0  0
37  1 119836 2815920 2281928 182446640    0    0 289648 192888 269191 1439491 31 39 28  2  0  0
128  1 119836 2816132 2281928 182447332    0    0 250704 172452 257094 1432108 30 40 29  1  0  0
84  0 119836 2814212 2281928 182447976    0    0 264240 163176 266912 1438181 30 41 28  1  0  0
 6  1 119836 2808184 2281928 182448724    0    0 281616 188956 273609 1453014 32 38 29  1  0  0
procs -----------memory---------- ---swap-- -----io---- -system-- -------cpu-------
 r  b   swpd   free   buff  cache   si   so    bi    bo   in   cs us sy id wa st gu
89 10 119836 2809572 2281928 182449468    0    0 280752 183712 261853 1440542 31 40 27  1  0  0
113  2 119836 2806604 2281928 182450264    0    0 276464 168140 264192 1430092 32 38 29  1  0  0
16 25 119836 2803636 2281928 182450988    0    0 309792 205832 264849 1415311 31 38 29  2  0  0
12  6 119836 2803692 2281928 182451756    0    0 265632 180188 265775 1437396 31 40 28  1  0  0
 2  1 119836 2801540 2281928 182452464    0    0 277792 182456 252383 1401590 30 38 30  1  0  0
66  3 119836 2801968 2281928 182453244    0    0 295248 176616 263767 1429243 30 40 28  1  0  0
14  0 119836 2803416 2281928 182454024    0    0 295760 190016 274299 1445319 32 39 28  1  0  0
 2  0 119836 2802492 2281928 182454696    0    0 256432 173964 259802 1424069 30 41 28  1  0  0
 2  1 119836 2801520 2281928 182455516    0    0 277264 178272 261733 1443832 32 40 27  1  0  0
42  0 119836 2800824 2281928 182456164    0    0 250144 155000 253300 1420522 30 41 28  1  0  0
140  7 119836 2801028 2281928 182456896    0    0 278400 180564 263127 1433481 31 40 28  1  0  0
85  6 119836 2802260 2281928 182457644    0    0 283648 182416 265678 1434907 31 40 28  1  0  0
57  3 119836 2804380 2281928 182458376    0    0 291744 194192 267619 1436681 32 39 28  1  0  0
43  1 119836 2803068 2281928 182459100    0    0 261904 170184 260329 1440153 31 40 28  1  0  0
42  3 119836 2801760 2281928 182459824    0    0 276208 180924 267907 1453092 31 39 29  1  0  0
41  2 119836 2796976 2281928 182460588    0    0 283552 181512 259605 1433171 31 40 28  1  0  0
 2  2 119836 2799740 2281928 182461304    0    0 278528 172556 262783 1440795 32 40 28  1  0  0
77  0 119836 2799032 2281928 182462004    0    0 271056 184096 266869 1441193 31 39 28  1  0  0
45  2 119836 2797216 2281928 182462780    0    0 287744 190420 267820 1436820 31 39 28  1  0  0
82  6 119836 2794752 2281928 182463544    0    0 288192 194368 278029 1469565 33 38 28  1  0  0
147  3 119836 2792296 2281928 182464236    0    0 283376 174580 266199 1449828 30 40 28  2  0  0
procs -----------memory---------- ---swap-- -----io---- -system-- -------cpu-------
 r  b   swpd   free   buff  cache   si   so    bi    bo   in   cs us sy id wa st gu
47  0 119836 2790812 2281928 182464968    0    0 264608 180340 269410 1439096 31 39 29  1  0  0
31 19 119836 2787276 2281928 182465676    0    0 261984 163184 268205 1441668 31 40 28  1  0  0
59  7 119836 2787736 2281928 182466428    0    0 280608 179320 258161 1435636 30 40 29  1  0  0
60  7 119836 2789464 2281928 182467164    0    0 271664 177720 261584 1442346 30 40 28  1  0  0
60 13 119836 2790228 2281928 182467864    0    0 282928 170400 254054 1440687 30 41 28  1  0  0
68  1 119836 2788808 2281928 182468564    0    0 257600 170076 261073 1454131 31 40 28  1  0  0
 7  0 119836 2788584 2281928 182469236    0    0 259584 186268 259264 1449618 31 40 28  1  0  0
30  0 119836 2788300 2281928 182469932    0    0 273936 165872 255956 1441772 31 40 28  1  0  0
172 13 119836 2785956 2281928 182470716    0    0 292880 200792 270351 1441471 30 40 28  2  0  0
71  2 119836 2781060 2281928 182471400    0    0 279024 178384 268641 1446354 31 39 28  1  0  0
41  1 119836 2779072 2281928 182472208    0    0 287408 196760 267702 1432906 32 38 29  1  0  0
74  3 119836 2780056 2281928 182472916    0    0 272080 182788 266966 1457131 32 39 28  1  0  0
69 13 119836 2779656 2281928 182473616    0    0 274048 173020 258079 1426610 31 39 29  1  0  0
77  9 119836 2779680 2281928 182474364    0    0 275536 174544 257733 1431884 30 41 28  1  0  0
52  6 119836 2776772 2281928 182475060    0    0 262352 172304 271955 1464982 32 40 27  1  0  0
94  9 119836 2775540 2281928 182475800    0    0 294560 186544 257738 1435060 31 40 28  2  0  0
75  0 119836 2774580 2281928 182476596    0    0 274208 181936 264564 1446137 31 39 29  1  0  0
18  0 119836 2775324 2281928 182477380    0    0 298352 190424 272740 1439524 31 39 28  2  0  0
35 14 119836 2775692 2281928 182478036    0    0 254112 163420 253929 1417100 30 41 29  1  0  0
113  4 119836 2773784 2281928 182478688    0    0 252640 160184 251412 1417499 29 41 29  1  0  0
76  8 119836 2771404 2281928 182479420    0    0 289936 176612 256119 1424420 30 39 29  2  0  0
procs -----------memory---------- ---swap-- -----io---- -system-- -------cpu-------
 r  b   swpd   free   buff  cache   si   so    bi    bo   in   cs us sy id wa st gu
 4  0 119836 2770256 2281928 182480196    0    0 279616 169940 261861 1452209 32 40 27  1  0  0
50  0 119836 2771292 2281928 182480956    0    0 279808 182904 261670 1432636 31 40 27  2  0  0
64  1 119836 2771348 2281928 182481644    0    0 282336 178788 258674 1432401 30 40 29  1  0  0
52  2 119836 2769804 2281928 182482416    0    0 264464 186000 262446 1431006 31 39 29  1  0  0
41  1 119836 2770548 2281928 182483140    0    0 293520 189388 273554 1453318 32 38 28  2  0  0
137  1 119836 2766456 2281928 182483808    0    0 268480 177816 252694 1394120 29 39 30  1  0  0
62  5 119836 2763716 2281928 182484568    0    0 291216 177140 266553 1429010 32 39 28  2  0  0
129  2 119836 2763208 2281928 182485320    0    0 269472 184612 270292 1443283 32 39 28  1  0  0
13  5 119836 2762424 2281928 182486048    0    0 271280 177560 258032 1433918 30 41 27  1  0  0
16 22 119836 2760420 2281928 182486844    0    0 299200 186496 263248 1421394 31 39 29  2  0  0
97  4 119836 2757140 2281928 182487536    0    0 273200 184464 264280 1431365 31 40 28  1  0  0
28 22 119836 2758592 2281928 182488276    0    0 301760 195100 272582 1446750 32 38 28  2  0  0
79  0 119836 2757560 2281928 182489124    0    0 280288 172208 259906 1415547 31 40 28  1  0  0
22 27 119836 2756348 2281928 182489860    0    0 292928 190784 261549 1420650 31 37 30  1  0  0
67  4 119836 2757024 2281928 182490544    0    0 281056 202724 266803 1429641 31 39 28  1  0  0
49  1 119836 2757380 2281928 182491184    0    0 248848 149704 250699 1420945 29 41 29  1  0  0
14  1 119836 2757180 2281928 182491856    0    0 248256 156296 253469 1436352 30 42 28  1  0  0
94  2 119836 2757080 2281928 182492568    0    0 293904 185168 272548 1446718 32 39 28  2  0  0
90  0 119836 2851656 2281928 182391000    0    0 286512 177460 265627 1440291 30 40 28  1  0  0
107  8 119836 2848196 2281928 182391796    0    0 275952 181828 260749 1424185 31 39 29  1  0  0
96  7 119836 2846216 2281928 182392456    0    0 252640 163564 255335 1435427 31 41 28  1  0  0
procs -----------memory---------- ---swap-- -----io---- -system-- -------cpu-------
 r  b   swpd   free   buff  cache   si   so    bi    bo   in   cs us sy id wa st gu
 3  0 119836 2841484 2281928 182393180    0    0 279664 172944 255430 1420565 31 39 29  2  0  0
70  5 119836 2843208 2281928 182393832    0    0 244192 150068 251296 1430304 29 42 28  1  0  0
58  2 119836 2843860 2281928 182394560    0    0 268320 166792 251936 1428847 30 41 28  1  0  0
41  1 119836 2842544 2281928 182395264    0    0 278336 177192 260708 1437828 31 40 27  1  0  0
42  3 119836 2840920 2281928 182395944    0    0 273136 183892 266819 1438570 32 39 28  1  0  0
14  0 119836 2837752 2281928 182396764    0    0 286896 186976 278201 1471804 32 40 27  2  0  0
 5  2 119836 2840440 2281928 182397500    0    0 269520 181732 262367 1428354 31 40 28  1  0  0
 9  0 119836 2842000 2281928 182398212    0    0 272208 169308 257400 1433660 30 41 27  1  0  0
67 10 119836 2841388 2281928 182398964    0    0 286704 184360 269906 1450322 32 39 28  2  0  0
75  6 119836 2842792 2281928 182399712    0    0 287424 179028 256984 1422234 30 40 29  1  0  0
39  1 119836 2840864 2281928 182400420    0    0 288272 178284 259536 1423739 30 40 28  1  0  0
109  3 119836 2843160 2281928 182401184    0    0 266848 188172 268098 1447428 31 39 29  1  0  0
44 20 119836 2841696 2281928 182401908    0    0 281760 184920 267458 1440937 30 40 28  2  0  0
62  7 119836 2840200 2281928 182402708    0    0 279888 172496 263321 1445744 31 39 28  1  0  0
71 11 119836 2840828 2281928 182403368    0    0 266448 184608 273103 1452724 32 39 28  1  0  0
40  9 119836 2839492 2281928 182404092    0    0 296448 182496 259427 1423951 31 39 28  2  0  0
99  0 119836 2837940 2281928 182404860    0    0 270160 171068 260386 1432952 31 40 28  1  0  0
124  1 119836 2838432 2281928 182405556    0    0 275824 178756 258795 1432247 30 40 28  2  0  0
33 12 119836 2835444 2281928 182406264    0    0 269568 178960 262527 1443500 31 40 28  1  0  0
87  0 119836 2834744 2281928 182406952    0    0 269696 172392 258604 1439810 31 40 28  1  0  0
49 11 119836 2834412 2281928 182407684    0    0 273584 182352 274495 1460423 32 39 28  1  0  0
procs -----------memory---------- ---swap-- -----io---- -system-- -------cpu-------
 r  b   swpd   free   buff  cache   si   so    bi    bo   in   cs us sy id wa st gu
43  1 119836 2834300 2281928 182408432    0    0 287952 184004 273991 1450969 31 39 28  1  0  0
151  3 119836 2834508 2281928 182409132    0    0 283056 179032 259492 1427384 30 40 29  1  0  0
 4  2 119836 2833004 2281928 182409936    0    0 272672 173024 253567 1422271 30 41 28  2  0  0
71  5 119836 2832836 2281928 182410656    0    0 281968 180552 267055 1430578 31 39 28  1  0  0
56  4 119836 2829544 2281928 182411340    0    0 256560 165600 258446 1433907 32 39 28  1  0  0
88  7 119836 2829852 2281928 182412016    0    0 270672 175868 258654 1437736 31 40 28  1  0  0
140  0 119836 2828424 2281928 182412788    0    0 288544 184924 257575 1426310 30 39 29  2  0  0
24  3 119836 2826200 2281928 182413560    0    0 301328 187312 265396 1428462 31 40 27  2  0  0
92 11 119836 2827012 2281928 182414332    0    0 288592 190792 258161 1408619 30 38 30  2  0  0
47  1 119836 2826736 2281928 182415104    0    0 280496 200328 267827 1432237 32 38 29  1  0  0
59  6 119836 2827952 2281928 182415804    0    0 273520 175428 262088 1429290 30 41 28  1  0  0
81  1 119836 2824416 2281928 182416472    0    0 263264 165260 264125 1439538 31 40 28  1  0  0
68  0 119836 2823564 2281928 182417212    0    0 300288 181208 257104 1419081 31 39 29  2  0  0
32  0 119836 2824120 2281928 182418008    0    0 282432 186544 255015 1398058 30 40 29  1  0  0
76  0 119836 2821248 2281928 182418800    0    0 281696 170364 255848 1411321 30 39 29  1  0  0
77  1 119836 2821168 2281928 182419484    0    0 295328 196212 257368 1404785 30 39 30  2  0  0
31  0 119836 2820932 2281928 182420244    0    0 283584 175464 259072 1413693 31 38 30  2  0  0
35  1 119836 2821452 2281928 182420964    0    0 249648 164872 260922 1444086 31 40 28  1  0  0
142  0 119836 2820576 2281928 182421624    0    0 268880 169884 255847 1431700 31 40 28  1  0  0
59  7 119836 2820652 2281928 182422344    0    0 272624 162408 257622 1439182 31 40 27  1  0  0
28  3 119836 2821280 2281928 182423072    0    0 281232 191328 263167 1428616 32 38 29  2  0  0
procs -----------memory---------- ---swap-- -----io---- -system-- -------cpu-------
 r  b   swpd   free   buff  cache   si   so    bi    bo   in   cs us sy id wa st gu
 4  0 119836 2819116 2281928 182423824    0    0 287024 195952 269226 1436951 32 38 29  2  0  0
54  2 119836 2818512 2281928 182424564    0    0 270736 174732 252739 1405045 30 39 30  1  0  0
48  2 119836 2817060 2281928 182425300    0    0 284480 176396 260906 1437820 31 39 29  1  0  0
98  1 119836 2806624 2281928 182426060    0    0 286128 185244 261748 1415872 31 39 29  1  0  0
133  0 119836 2805932 2281928 182426812    0    0 281744 181028 263019 1438732 31 40 28  1  0  0
82  6 119836 2800736 2281928 182427520    0    0 270416 191080 274457 1458749 32 40 27  1  0  0
64  6 119836 2802968 2281928 182428252    0    0 279136 184604 269448 1443599 32 40 27  1  0  0
30  0 119836 2800308 2281928 182428960    0    0 282016 184800 268871 1440889 32 38 28  1  0  0
