procs -----------memory---------- ---swap-- -----io---- -system-- -------cpu-------
 r  b   swpd   free   buff  cache   si   so    bi    bo   in   cs us sy id wa st gu
 6  0 119836 77937052 2277376 73971628   49   77 276857 341900 147435   38 35  4 58  3  0  0
66  0 119836 77883724 2277448 73971704    0    0    72 317556 97446 42699 79  1 20  0  0  0
34  0 119836 77862436 2277448 73971740    0    0     0 324460 110704 37427 70  1 29  0  0  0
57  1 119836 77650040 2277448 73976000    0    0     0 421424 273314 800469 50 12 38  0  0  0
44  6 119836 77661140 2277448 73988872    0    0     0 571264 212517 1364172 62 20 18  0  0  0
42  7 119836 77606860 2277448 74001512    0    0     0 503280 244698 1343253 59 19 21  1  0  0
37  6 119836 77606260 2277448 74014016    0    0     0 482620 194408 1237187 54 17 28  1  0  0
14  9 119836 77626744 2277452 74026032    0    0     0 509164 211179 1351782 59 18 22  1  0  0
11  3 119836 77624916 2277452 74038680    0    0     0 527916 202192 1346052 59 18 22  1  0  0
 9  3 119836 77619312 2277452 74051044    0    0     0 502640 197000 1322060 57 18 24  1  0  0
20  2 119836 77607488 2277452 74063504    0    0     0 493424 192500 1306384 57 18 25  1  0  0
103  0 119836 77591232 2277452 74075804    0    0     0 473980 197289 1328838 57 18 24  1  0  0
15  5 119836 77586860 2277452 74088036    0    0     0 481068 194491 1287016 58 18 23  1  0  0
83  2 119836 77573480 2277452 74100084    0    0     0 475360 196280 1260722 58 18 23  1  0  0
 5  5 119836 77564288 2277452 74111868    0    0     0 477104 197177 1265730 59 18 22  1  0  0
 7  4 119836 77558236 2277452 74123940    0    0     0 472044 198995 1279903 59 19 21  1  0  0
12  2 119836 77547332 2277452 74135872    0    0     0 477612 199219 1284188 59 19 21  1  0  0
 7  5 119836 77532636 2277452 74148080    0    0     0 477804 200828 1285631 60 19 21  1  0  0
10  4 119836 77522612 2277452 74159856    0    0     0 471604 197669 1260852 58 19 23  1  0  0
12  3 119836 77512988 2277452 74171952    0    0     0 477592 199108 1281187 59 19 21  1  0  0
18  7 119836 77500148 2277452 74183892    0    0     0 471220 198807 1279565 59 19 21  1  0  0
procs -----------memory---------- ---swap-- -----io---- -system-- -------cpu-------
 r  b   swpd   free   buff  cache   si   so    bi    bo   in   cs us sy id wa st gu
 1  9 119836 77491312 2277452 74195976    0    0     0 477876 197661 1272976 59 19 22  1  0  0
 7  5 119836 77477960 2277452 74207820    0    0     0 474844 197110 1266636 59 18 22  1  0  0
 8  4 119836 77463528 2277456 74219644    0    0     0 475112 197111 1252813 58 18 23  1  0  0
21  3 119836 77451744 2277456 74231356    0    0     0 473896 195889 1249636 58 18 24  1  0  0
10  2 119836 77444560 2277456 74243328    0    0     0 483760 197851 1271130 59 19 22  1  0  0
 6  6 119836 77434264 2277456 74255300    0    0     0 471196 198113 1272854 59 19 22  1  0  0
47  4 119836 77423308 2277456 74266932    0    0     0 479640 195979 1241737 57 18 24  1  0  0
 8  4 119836 77409672 2277456 74278520    0    0     0 487932 196076 1241583 57 18 24  1  0  0
10  1 119836 77401492 2277456 74290272    0    0     0 471728 194280 1225819 56 18 25  1  0  0
12  3 119836 77388240 2277456 74301776    0    0     0 472552 196388 1248623 58 18 24  1  0  0
 8  5 119836 77377296 2277456 74313788    0    0     0 491936 198489 1266913 58 19 22  1  0  0
87  4 119836 77365948 2277456 74325600    0    0     0 484064 197308 1263669 59 18 23  1  0  0
66  6 119836 77354284 2277456 74337404    0    0     0 485888 197447 1262386 58 18 23  1  0  0
69  2 119836 77343292 2277456 74349292    0    0     0 462928 193053 1239791 57 18 24  1  0  0
49  3 119836 77306476 2277456 74360584    0    0     0 468556 190834 1222639 56 18 26  1  0  0
29  5 119836 77296872 2277456 74372332    0    0     0 471292 192061 1235034 57 18 25  1  0  0
16  5 119836 77281068 2277456 74384052    0    0     0 483868 195430 1249082 57 18 24  1  0  0
 5  9 119836 77271672 2277460 74395780    0    0     0 484432 197422 1253954 58 18 23  1  0  0
 9  3 119836 77260132 2277460 74407688    0    0     0 483472 197885 1262162 58 18 23  1  0  0
54  8 119836 77247916 2277460 74419332    0    0     0 491540 197330 1252903 58 18 23  1  0  0
 3  7 119836 77240068 2277460 74431148    0    0     0 520376 199268 1260457 58 18 23  1  0  0
procs -----------memory---------- ---swap-- -----io---- -system-- -------cpu-------
 r  b   swpd   free   buff  cache   si   so    bi    bo   in   cs us sy id wa st gu
31  7 119836 77227668 2277460 74443068    0    0     0 533088 200865 1265060 58 19 22  1  0  0
16  2 119836 77213488 2277460 74454596    0    0     0 514852 198353 1247838 57 18 24  1  0  0
11  1 119836 77198644 2277460 74466280    0    0     0 515316 198416 1241167 57 18 24  1  0  0
49  4 119836 77187252 2277460 74477948    0    0     0 508064 197031 1240267 57 18 24  1  0  0
54  7 119836 77178196 2277460 74489588    0    0     0 506988 197634 1241747 57 18 24  1  0  0
 7  2 119836 77166240 2277460 74500812    0    0     0 530304 195051 1206310 55 18 27  1  0  0
16  6 119836 77153064 2277460 74512372    0    0     0 517280 200856 1231982 57 18 25  1  0  0
 7  5 119836 77145600 2277460 74524008    0    0     0 523060 198004 1242687 57 18 24  1  0  0
 2  6 119836 77130068 2277460 74535664    0    0     0 513012 198628 1254485 58 18 23  1  0  0
54  8 119836 77120720 2277460 74546924    0    0     0 527548 195422 1205960 55 17 26  1  0  0
16  4 119836 77069600 2277460 74557676    0    0     0 515784 190970 1162084 52 17 30  1  0  0
16  6 119836 77118900 2277460 74569552    0    0     0 526668 199969 1253744 58 18 23  1  0  0
87  1 119836 77109504 2277460 74581340    0    0     0 522732 200566 1267262 58 18 23  1  0  0
 3  9 119836 77096184 2277460 74593172    0    0     0 531848 199448 1255283 58 18 23  1  0  0
 2  8 119836 77085740 2277460 74604952    0    0     0 530032 199297 1259601 58 18 23  1  0  0
 8  7 119836 77073024 2277460 74616680    0    0     0 505284 194947 1244614 57 18 24  1  0  0
69  1 119836 77063668 2277460 74628188    0    0     0 492412 190388 1229617 56 18 25  1  0  0
 7  6 119836 77052328 2277460 74639600    0    0     0 524380 193967 1223333 56 18 25  1  0  0
56  3 119836 77043792 2277460 74651320    0    0     0 527664 197977 1251345 58 18 24  1  0  0
 2  8 119836 77028284 2277460 74663224    0    0     0 527928 199640 1260779 58 19 23  1  0  0
72  7 119836 77015884 2277460 74674908    0    0     0 529840 199630 1259599 58 18 23  1  0  0
procs -----------memory---------- ---swap-- -----io---- -system-- -------cpu-------
 r  b   swpd   free   buff  cache   si   so    bi    bo   in   cs us sy id wa st gu
10  7 119836 77003328 2277460 74686732    0    0     0 547888 200571 1263363 58 19 23  1  0  0
 9  2 119836 76992124 2277460 74698572    0    0     0 535272 200376 1262220 58 18 23  1  0  0
22  3 119836 76981780 2277460 74710412    0    0     0 544788 200013 1265877 58 18 23  1  0  0
 6  5 119836 76974428 2277460 74722196    0    0     0 519184 198484 1263221 58 18 23  1  0  0
 9  2 119836 76961676 2277460 74733940    0    0     0 543756 199899 1256679 57 18 24  1  0  0
84  2 119836 76949000 2277460 74745560    0    0     0 540452 198920 1246491 57 18 24  1  0  0
10  3 119836 76936056 2277460 74757120    0    0     0 489336 195628 1231144 57 18 24  1  0  0
 9  6 119836 76925676 2277460 74768432    0    0     0 540060 194775 1211069 56 17 26  1  0  0
 5  4 119836 76917672 2277460 74779900    0    0     0 533648 191900 1221813 56 17 26  1  0  0
15  3 119836 76898756 2277460 74791196    0    0     0 528404 192850 1209846 56 17 26  1  0  0
 3  5 119836 76891176 2277460 74802308    0    0     0 515256 189040 1189057 55 17 27  1  0  0
 2  6 119836 76882444 2277460 74813496    0    0     0 542924 191086 1186909 54 17 28  1  0  0
69  4 119836 76869008 2277460 74824816    0    0     0 530856 190571 1205887 55 17 27  1  0  0
 2 10 119836 76839048 2277460 74835852    0    0     0 536616 191829 1186940 53 17 29  1  0  0
74  3 119836 76827348 2277460 74847256    0    0     0 527400 193052 1222149 56 18 26  1  0  0
 6  3 119836 76815964 2277460 74858456    0    0     0 533084 192905 1200317 55 17 27  1  0  0
28  2 119836 76802756 2277460 74869672    0    0     0 526700 188151 1190289 54 17 28  1  0  0
17  4 119836 76791976 2277460 74880776    0    0     0 533584 189126 1201087 55 17 27  1  0  0
69  4 119836 76783524 2277460 74892236    0    0     0 544584 192885 1220321 56 17 26  1  0  0
 1  8 119836 76745744 2277460 74903620    0    0     0 531532 194354 1219339 56 18 26  1  0  0
12  0 119836 76736288 2277460 74915020    0    0     0 537776 193694 1218068 56 18 26  1  0  0
procs -----------memory---------- ---swap-- -----io---- -system-- -------cpu-------
 r  b   swpd   free   buff  cache   si   so    bi    bo   in   cs us sy id wa st gu
72  5 119836 76722500 2277460 74926416    0    0     0 546068 194581 1217790 56 18 26  1  0  0
 2  8 119836 76710576 2277460 74937888    0    0     0 563112 195925 1233651 57 18 25  1  0  0
 7  4 119836 76699088 2277460 74949448    0    0     0 540124 195177 1230447 57 18 25  1  0  0
 5  4 119836 76690532 2277460 74960984    0    0     0 549416 194574 1223142 56 18 26  1  0  0
 4 10 119836 76678948 2277460 74972384    0    0     0 533220 196114 1231849 57 18 25  1  0  0
 4  5 119836 76668496 2277460 74984092    0    0     0 546440 195855 1237400 57 18 25  1  0  0
 6  5 119836 76656484 2277460 74995212    0    0     0 539384 192226 1201371 55 17 27  1  0  0
 7  2 119836 76643080 2277460 75006484    0    0     0 556912 194933 1219048 56 17 26  1  0  0
 7  5 119836 76632928 2277460 75018108    0    0     0 566088 197108 1230881 56 18 26  1  0  0
51  7 119836 76621344 2277460 75029500    0    0     0 561428 196928 1245590 56 18 25  1  0  0
69  4 119836 76614992 2277460 75040900    0    0     0 527236 193736 1203022 55 17 26  1  0  0
 4  8 119836 76610560 2277460 75052332    0    0     0 587024 200033 1232168 56 18 25  1  0  0
24  9 119836 76597884 2277460 75064072    0    0     0 561072 200617 1266523 58 18 23  1  0  0
 0  9 119836 76585384 2277460 75075796    0    0     0 567280 200104 1260902 57 18 24  1  0  0
67  9 119836 76567824 2277464 75087496    0    0     0 552784 199691 1251151 57 18 24  1  0  0
71  5 119836 76515444 2277464 75098320    0    0     0 536188 191972 1158731 53 16 30  1  0  0
 5  5 119836 76558196 2277464 75109448    0    0     0 541960 190869 1181150 54 17 28  1  0  0
13  3 119836 76550660 2277464 75120512    0    0     0 587692 195483 1202267 55 18 27  1  0  0
 1  5 119836 76537752 2277464 75131832    0    0     0 598016 197494 1214103 56 18 26  1  0  0
 4  5 119836 76522496 2277464 75143420    0    0     0 588792 199100 1234177 56 18 25  1  0  0
 5  5 119836 76516792 2277464 75154888    0    0     0 601156 199750 1241449 57 18 24  1  0  0
procs -----------memory---------- ---swap-- -----io---- -system-- -------cpu-------
 r  b   swpd   free   buff  cache   si   so    bi    bo   in   cs us sy id wa st gu
 6  4 119836 76507604 2277464 75166500    0    0     0 594828 199685 1233999 56 18 25  1  0  0
17  4 119836 76497804 2277464 75177748    0    0     0 590940 198135 1225539 56 18 26  1  0  0
 8  3 119836 76484588 2277464 75189268    0    0     0 566552 199063 1238457 57 18 24  1  0  0
11  8 119836 76473428 2277464 75200904    0    0     0 590772 200078 1233726 56 18 25  1  0  0
 2  7 119836 76464772 2277464 75212248    0    0     0 591592 201011 1233285 56 18 25  1  0  0
22  3 119836 76454504 2277464 75223196    0    0     0 668424 199831 1191896 54 17 28  1  0  0
 8  5 119836 76444740 2277464 75234696    0    0     0 637048 202962 1243248 57 18 24  1  0  0
 8  2 119836 76434672 2277464 75246088    0    0     0 608200 200980 1231672 56 18 25  1  0  0
 5  5 119836 76421988 2277464 75257484    0    0     0 593812 198551 1223695 55 17 26  1  0  0
66  5 119836 76412380 2277464 75268936    0    0     0 640168 201890 1232313 56 18 25  1  0  0
 5  5 119836 76401340 2277464 75280504    0    0     0 612488 202995 1252319 57 18 24  1  0  0
81  3 119836 76387072 2277464 75292112    0    0     0 612668 202102 1251046 57 18 24  1  0  0
 6  6 119836 76375188 2277464 75303748    0    0     0 613448 201394 1244306 57 18 24  1  0  0
12  4 119836 76368676 2277464 75315252    0    0     0 567788 196940 1228847 57 18 25  1  0  0
10  3 119836 76353896 2277464 75326404    0    0     0 600636 197342 1212804 55 18 26  1  0  0
75  5 119836 76345464 2277464 75337956    0    0     0 604116 200007 1232502 56 18 25  1  0  0
84  2 119836 76334476 2277464 75349596    0    0     0 594836 201279 1247038 57 18 24  1  0  0
35  4 119836 76320372 2277464 75361172    0    0     0 591716 201570 1249061 57 18 24  1  0  0
10  3 119836 76306652 2277464 75372628    0    0     0 616460 200907 1227935 56 18 26  1  0  0
68  7 119836 76293840 2277464 75384248    0    0     0 591444 201772 1253939 58 18 23  1  0  0
71  8 119836 76283416 2277464 75395996    0    0     0 598468 201172 1245313 57 18 24  1  0  0
procs -----------memory---------- ---swap-- -----io---- -system-- -------cpu-------
 r  b   swpd   free   buff  cache   si   so    bi    bo   in   cs us sy id wa st gu
76 10 119836 76274836 2277464 75407540    0    0     0 585552 201173 1246364 57 18 24  1  0  0
21  4 119836 76265332 2277464 75419108    0    0     0 613344 203035 1258639 57 19 24  1  0  0
12  1 119836 76251740 2277464 75430676    0    0     0 526388 197744 1221697 57 18 25  1  0  0
79  2 119836 76215824 2277464 75441920    0    0     0 615776 199547 1218064 55 18 26  1  0  0
67  8 119836 76207400 2277464 75453528    0    0     0 585056 200718 1246062 57 18 24  1  0  0
 3  6 119836 76191896 2277464 75464988    0    0     0 592672 199264 1232114 56 18 25  1  0  0
16  2 119836 76181152 2277464 75476292    0    0     0 578964 197824 1209933 55 17 26  1  0  0
79  6 119836 76167596 2277464 75487760    0    0     0 626840 201080 1232477 56 18 25  1  0  0
 4  3 119836 76155656 2277464 75499232    0    0     0 596164 200296 1245566 57 18 24  1  0  0
 7  5 119836 76143296 2277464 75510860    0    0     0 597704 199567 1239253 56 18 25  1  0  0
80  6 119836 76135436 2277468 75522188    0    0     0 543464 195956 1220467 56 17 25  1  0  0
 1  4 119836 76125112 2277468 75533456    0    0     0 561056 195454 1200812 55 17 26  1  0  0
 1  7 119836 76114272 2277468 75544624    0    0     0 625388 197428 1208868 55 17 27  1  0  0
 1  9 119836 76104768 2277468 75556288    0    0     0 598544 201450 1250516 57 18 24  1  0  0
23  8 119836 76091540 2277468 75567960    0    0     0 589492 202000 1260157 58 18 24  1  0  0
30  1 119836 76076236 2277468 75579684    0    0     0 584648 199878 1259050 57 18 24  1  0  0
12  4 119836 76062788 2277468 75591304    0    0     0 612288 201937 1251380 57 18 24  1  0  0
12  3 119836 76055752 2277468 75602976    0    0     0 588652 201891 1259764 58 18 23  1  0  0
 2  6 119836 76040744 2277468 75614624    0    0     0 587976 200614 1243382 57 18 24  1  0  0
20  2 119836 76031808 2277468 75626244    0    0     0 559072 199709 1242482 57 18 24  1  0  0
76  6 119836 75977244 2277468 75637120    0    0     0 578860 194439 1162732 52 17 30  1  0  0
procs -----------memory---------- ---swap-- -----io---- -system-- -------cpu-------
 r  b   swpd   free   buff  cache   si   so    bi    bo   in   cs us sy id wa st gu
57  3 119836 76021284 2277468 75648652    0    0     0 533684 197027 1232042 56 18 25  1  0  0
69  8 119836 76010480 2277468 75659724    0    0     0 625320 198265 1198541 54 17 27  1  0  0
69  8 119836 75997144 2277468 75671176    0    0     0 613496 198897 1225542 56 18 25  1  0  0
 4  7 119836 75986912 2277468 75682508    0    0     0 586932 199583 1238871 57 18 24  1  0  0
 7  4 119836 75975624 2277468 75693928    0    0     0 547216 195417 1209035 55 18 26  1  0  0
 7  7 119836 75963600 2277468 75705244    0    0     0 622048 200376 1224869 56 18 25  1  0  0
 7  4 119836 75953376 2277468 75716720    0    0     0 586232 198057 1222553 56 18 26  1  0  0
 7  3 119836 75944672 2277468 75728184    0    0     0 596560 199100 1240001 57 18 25  1  0  0
72  8 119836 75935488 2277468 75739760    0    0     0 536236 193659 1225741 56 18 26  1  0  0
10  4 119836 75924636 2277468 75751028    0    0     0 572972 193627 1199354 54 18 27  1  0  0
 8  6 119836 75912588 2277468 75762216    0    0     0 622116 197717 1217056 55 17 26  1  0  0
13  2 119836 75900044 2277468 75773808    0    0     0 571260 198297 1242542 57 18 24  1  0  0
 9  3 119836 75891160 2277468 75785220    0    0     0 584268 199649 1235321 56 18 25  1  0  0
13  2 119836 75881188 2277468 75796812    0    0     0 568132 199576 1243460 57 18 24  1  0  0
 5  5 119836 75873996 2277468 75808440    0    0     0 603904 201598 1248552 57 18 24  1  0  0
10  3 119836 75861956 2277468 75820148    0    0     0 572852 202068 1257659 58 18 23  1  0  0
 9  2 119836 75847160 2277468 75831880    0    0     0 589856 202080 1262824 58 19 23  1  0  0
 4  7 119836 75837916 2277468 75843464    0    0     0 562884 200011 1242659 57 18 24  1  0  0
 5  4 119836 75825672 2277468 75855216    0    0     0 601068 201534 1250037 58 18 23  1  0  0
74  4 119836 75818756 2277468 75866852    0    0     0 506280 197680 1233746 57 18 24  1  0  0
15  8 119836 75809636 2277468 75878048    0    0     0 599512 198817 1216846 55 18 26  1  0  0
procs -----------memory---------- ---swap-- -----io---- -system-- -------cpu-------
 r  b   swpd   free   buff  cache   si   so    bi    bo   in   cs us sy id wa st gu
10  3 119836 75793568 2277468 75889536    0    0     0 597604 200422 1250561 57 18 24  1  0  0
65  7 119836 75785792 2277468 75901388    0    0     0 572456 200648 1248341 57 18 24  1  0  0
 8  5 119836 75773372 2277468 75912588    0    0     0 538576 195926 1206401 55 18 27  1  0  0
74  3 119836 75765640 2277468 75923936    0    0     0 609316 199249 1223504 56 18 25  1  0  0
 3  5 119836 75749988 2277468 75935660    0    0     0 581880 199778 1243756 57 18 24  1  0  0
 2  5 119836 75738784 2277468 75947152    0    0     0 550944 199644 1241659 57 18 24  1  0  0
73  3 119836 75728092 2277468 75958636    0    0     0 548236 195439 1219183 56 18 25  1  0  0
10  2 119836 75712768 2277468 75970028    0    0     0 552708 195626 1219309 56 18 26  1  0  0
10  4 119836 75672924 2277468 75981284    0    0     0 583164 196398 1203739 55 17 27  1  0  0
13  0 119836 75657432 2277468 75992784    0    0     0 604120 200806 1238605 57 18 24  1  0  0
 9  2 119836 75646460 2277468 76004372    0    0     0 574928 200999 1258551 58 18 23  1  0  0
81  2 119836 75632304 2277468 76016096    0    0     0 565308 199869 1262233 57 18 24  1  0  0
64  6 119836 75621936 2277468 76027808    0    0     0 581304 201106 1258834 57 18 24  1  0  0
 7  4 119836 75608840 2277468 76039540    0    0     0 586084 202188 1262193 58 18 23  1  0  0
22  5 119836 75599968 2277468 76051212    0    0     0 585220 201574 1255512 58 18 23  1  0  0
10  3 119836 75591988 2277468 76062988    0    0     0 563036 199882 1245659 57 18 24  1  0  0
 8  4 119836 75579960 2277468 76074604    0    0     0 569140 201032 1249210 57 18 24  1  0  0
 0 10 119836 75569164 2277468 76086316    0    0     0 585156 202418 1267944 58 18 23  1  0  0
21  3 119836 75559060 2277468 76098072    0    0     0 483672 196007 1240454 57 18 24  1  0  0
 6  5 119836 75546752 2277468 76109236    0    0     0 605980 198886 1210338 55 17 26  1  0  0
79  8 119836 75536744 2277468 76120640    0    0     0 585508 198749 1220289 56 18 26  1  0  0
procs -----------memory---------- ---swap-- -----io---- -system-- -------cpu-------
 r  b   swpd   free   buff  cache   si   so    bi    bo   in   cs us sy id wa st gu
 9  9 119836 75521700 2277468 76132092    0    0     0 599940 201821 1246020 57 18 24  1  0  0
 2  5 119836 75514032 2277468 76143776    0    0     0 524044 196988 1236977 57 18 25  1  0  0
 3  3 119836 75502140 2277468 76155148    0    0     0 618716 201121 1226073 56 18 25  1  0  0
 1  8 119836 75487552 2277468 76166800    0    0     0 587116 201401 1247792 57 18 24  1  0  0
80  2 119836 75433580 2277468 76177672    0    0     0 538500 192590 1181391 53 17 29  1  0  0
 5  5 119836 75473832 2277468 76189260    0    0     0 546624 195399 1222666 56 18 25  1  0  0
10  2 119836 75464680 2277468 76200608    0    0     0 548212 195437 1224950 56 17 26  1  0  0
 7  2 119836 75451520 2277468 76212040    0    0     0 615308 200469 1231135 56 17 25  1  0  0
55  1 119836 75439752 2277468 76223696    0    0     0 577048 201410 1266114 58 18 23  1  0  0
74  1 119836 75426500 2277468 76235392    0    0     0 571304 201083 1260352 58 18 23  1  0  0
77  0 119836 75415800 2277472 76247196    0    0     0 576412 201469 1243920 57 18 24  1  0  0
70  0 119836 75403392 2277472 76258732    0    0     0 575136 199909 1240375 57 18 24  1  0  0
68  1 119836 75392044 2277472 76270500    0    0     0 575448 201155 1265604 58 18 23  1  0  0
73  0 119836 75380296 2277472 76282120    0    0     0 573976 200519 1247964 57 18 24  1  0  0
83  2 119836 75371004 2277472 76293824    0    0     0 577252 201226 1251446 58 18 23  1  0  0
27  0 119836 75360884 2277472 76305492    0    0     0 578936 200434 1255983 58 18 24  1  0  0
 6  4 119836 75352516 2277472 76317232    0    0     0 513828 195288 1212922 56 17 26  1  0  0
21  2 119836 75340476 2277472 76328284    0    0     0 570344 198087 1219354 56 18 26  1  0  0
74  0 119836 75329268 2277472 76339640    0    0     0 622360 201330 1234534 56 18 25  1  0  0
68  0 119836 75315396 2277472 76351208    0    0     0 574240 201129 1247262 57 18 24  1  0  0
77  4 119836 75310736 2277472 76362992    0    0     0 542620 197690 1231677 57 18 25  1  0  0
procs -----------memory---------- ---swap-- -----io---- -system-- -------cpu-------
 r  b   swpd   free   buff  cache   si   so    bi    bo   in   cs us sy id wa st gu
82  3 119836 75295488 2277472 76374312    0    0     0 586164 198477 1230600 56 18 26  1  0  0
69  0 119836 75287128 2277472 76385776    0    0     0 599024 201596 1254216 57 18 24  1  0  0
64  1 119836 75274444 2277472 76397420    0    0     0 587188 200285 1251589 57 18 24  1  0  0
 7  5 119836 75264104 2277472 76409128    0    0     0 564296 195717 1244976 57 18 25  1  0  0
80  1 119836 75256192 2277472 76420568    0    0     0 569912 195093 1213212 55 17 26  1  0  0
74  0 119836 75245700 2277472 76431980    0    0     0 592888 200610 1244110 57 18 24  1  0  0
58  1 119836 75233520 2277472 76443648    0    0     0 588504 200300 1257555 57 18 24  1  0  0
52  2 119836 75222744 2277472 76455032    0    0     0 576284 197942 1221846 56 18 26  1  0  0
47  1 119836 75206372 2277472 76466700    0    0     0 584528 199735 1242335 57 18 24  1  0  0
68  0 119836 75199060 2277472 76478292    0    0     0 585340 199633 1240585 57 18 25  1  0  0
70  1 119836 75186624 2277472 76489844    0    0     0 586384 200402 1265226 57 18 24  1  0  0
70  0 119836 75178760 2277472 76501488    0    0     0 581980 200075 1248645 57 18 24  1  0  0
68  0 119836 75143344 2277472 76513096    0    0     0 579804 200085 1248457 57 18 24  1  0  0
64  0 119836 75134172 2277472 76524656    0    0     0 577620 200490 1254926 57 18 24  1  0  0
70  1 119836 75122624 2277472 76536376    0    0     0 579024 200608 1252674 57 18 24  1  0  0
 9  1 119836 75111428 2277472 76548120    0    0     0 545700 197287 1221654 56 18 25  1  0  0
20  0 119836 75100288 2277472 76559400    0    0     0 598688 199156 1220069 56 17 26  1  0  0
62  1 119836 75087668 2277472 76570736    0    0     0 578640 200076 1243740 57 18 25  1  0  0
65  2 119836 75073928 2277472 76582396    0    0     0 575668 199483 1242493 57 18 24  1  0  0
 5  2 119836 75065172 2277472 76594088    0    0     0 570960 197199 1223243 56 18 25  1  0  0
67  0 119836 75050172 2277472 76605372    0    0     0 578896 198912 1235326 57 18 25  1  0  0
procs -----------memory---------- ---swap-- -----io---- -system-- -------cpu-------
 r  b   swpd   free   buff  cache   si   so    bi    bo   in   cs us sy id wa st gu
45  1 119836 75035904 2277472 76616924    0    0     0 583552 201241 1268875 57 18 23  1  0  0
42  0 119836 75029588 2277472 76628468    0    0     0 576104 199255 1246727 57 18 24  1  0  0
81  1 119836 75012640 2277472 76640140    0    0     0 559032 193560 1202859 55 17 27  1  0  0
 6  1 119836 75004092 2277472 76651372    0    0     0 562900 195210 1212357 55 17 26  1  0  0
68  0 119836 74996312 2277472 76662612    0    0     0 575684 199730 1239518 57 18 25  1  0  0
69  0 119836 74979312 2277472 76674300    0    0     0 581920 200257 1265567 58 18 24  1  0  0
61  1 119836 74971348 2277472 76686048    0    0     0 580448 200462 1252867 57 18 24  1  0  0
61  1 119836 74955328 2277472 76697644    0    0     0 580768 200712 1250823 58 18 24  1  0  0
66  0 119836 74946128 2277472 76709232    0    0     0 582984 201017 1266807 58 18 24  1  0  0
52  0 119836 74897596 2277472 76720076    0    0     0 556692 192570 1156503 53 16 30  1  0  0
63  0 119836 74938468 2277472 76731712    0    0     0 580724 200522 1261169 57 18 24  1  0  0
67  1 119836 74930064 2277472 76743504    0    0     0 578820 200435 1257617 57 18 24  1  0  0
75  0 119836 74916296 2277472 76755044    0    0     0 582320 201470 1255158 57 18 24  1  0  0
58  0 119836 74908148 2277472 76766828    0    0     0 577096 200527 1244594 57 18 24  1  0  0
 8  4 119836 74894364 2277472 76778416    0    0     0 567180 197458 1213618 56 17 26  1  0  0
71  0 119836 74882468 2277472 76789600    0    0     0 577872 197714 1206470 55 17 27  1  0  0
64  1 119836 74875668 2277472 76801056    0    0     0 579340 200122 1231049 56 18 25  1  0  0
43  1 119836 74864580 2277472 76812384    0    0     0 578284 198549 1226836 56 18 25  1  0  0
68  0 119836 74852180 2277472 76823856    0    0     0 576804 198946 1219467 56 18 26  1  0  0
68  0 119836 74840860 2277472 76835196    0    0     0 579460 200933 1251384 57 18 24  1  0  0
53  0 119836 74831368 2277472 76846708    0    0     0 567280 196169 1220435 56 18 26  1  0  0
procs -----------memory---------- ---swap-- -----io---- -system-- -------cpu-------
 r  b   swpd   free   buff  cache   si   so    bi    bo   in   cs us sy id wa st gu
70  0 119836 74820820 2277472 76858116    0    0     0 556552 193501 1193673 55 17 27  1  0  0
56  0 119836 74808432 2277472 76869248    0    0     0 568016 197313 1224245 56 18 25  1  0  0
55  0 119836 74795904 2277472 76880788    0    0     0 578008 199437 1233828 57 18 25  1  0  0
61  0 119836 74783248 2277472 76892292    0    0     0 574056 198638 1228975 56 18 25  1  0  0
60  1 119836 74772896 2277472 76903864    0    0     0 583372 201124 1249070 58 18 24  1  0  0
71  0 119836 74761012 2277472 76915428    0    0     0 581028 200907 1241165 57 18 24  1  0  0
67  0 119836 74750472 2277472 76927028    0    0     0 582896 200100 1248966 57 18 24  1  0  0
67  2 119836 74734260 2277472 76938412    0    0     0 576072 197771 1231336 56 18 26  1  0  0
59  0 119836 74725592 2277472 76949980    0    0     0 582992 200766 1247135 57 18 24  1  0  0
58  0 119836 74713692 2277472 76961656    0    0     0 581372 200985 1247039 57 18 24  1  0  0
70  0 119836 74698804 2277472 76973244    0    0     0 578268 198808 1227998 57 18 25  1  0  0
63  1 119836 74691112 2277472 76984636    0    0     0 578164 200702 1234846 57 18 24  1  0  0
74  3 119836 74675572 2277472 76995888    0    0     0 536236 190724 1148787 52 17 30  1  0  0
64  1 119836 74649860 2277472 77006684    0    0     0 592860 199388 1198965 56 17 26  1  0  0
68  0 119836 74642952 2277472 77018148    0    0     0 579960 199784 1245101 57 18 24  1  0  0
60  0 119836 74631808 2277476 77029684    0    0     0 583340 200096 1249605 57 18 24  1  0  0
62  3 119836 74617712 2277476 77041292    0    0     0 576472 199407 1229390 56 18 25  1  0  0
59  2 119836 74585068 2277476 77052880    0    0     0 573256 197795 1208946 55 18 26  1  0  0
56  1 119836 74571392 2277476 77064124    0    0     0 581392 199504 1244848 57 18 25  1  0  0
63  1 119836 74559680 2277476 77075532    0    0     0 560020 195690 1214646 56 18 26  1  0  0
69  1 119836 74546648 2277476 77086920    0    0     0 561328 194389 1194616 55 17 27  1  0  0
procs -----------memory---------- ---swap-- -----io---- -system-- -------cpu-------
 r  b   swpd   free   buff  cache   si   so    bi    bo   in   cs us sy id wa st gu
62  0 119836 74542320 2277476 77098220    0    0     0 577652 200885 1249966 57 18 24  1  0  0
65  1 119836 74531048 2277476 77109852    0    0     0 581024 200320 1246744 57 19 24  1  0  0
66  1 119836 74520720 2277476 77121424    0    0     0 581192 200827 1244692 57 18 24  1  0  0
65  1 119836 74507940 2277476 77133104    0    0     0 583868 201045 1253467 57 18 24  1  0  0
67  1 119836 74495524 2277476 77144800    0    0     0 585480 201069 1250974 57 18 24  1  0  0
65  1 119836 74485012 2277476 77156272    0    0     0 579668 199031 1230994 56 18 25  1  0  0
66  0 119836 74475432 2277476 77167848    0    0     0 583848 200604 1244269 57 18 24  1  0  0
52  2 119836 74462180 2277476 77179308    0    0     0 583512 199997 1245508 57 18 24  1  0  0
66  1 119836 74450136 2277476 77191040    0    0     0 578788 198435 1217778 56 18 26  1  0  0
65  0 119836 74435592 2277476 77202308    0    0     0 581492 200242 1242164 57 18 24  1  0  0
47  1 119836 74425280 2277476 77213808    0    0     0 567848 195389 1177450 54 17 28  1  0  0
66  0 119836 74415136 2277476 77224808    0    0     0 577584 200210 1238800 56 18 25  1  0  0
43  0 119836 74401796 2277476 77236292    0    0     0 584088 201560 1253886 57 18 24  1  0  0
66  0 119836 74393452 2277476 77247816    0    0     0 584700 200660 1253150 57 18 24  1  0  0
69  0 119836 74343060 2277476 77258764    0    0     0 569168 195430 1171711 53 17 30  1  0  0
65  0 119836 74385944 2277476 77270296    0    0     0 580240 197407 1212179 55 18 27  1  0  0
67  1 119836 74380512 2277476 77281600    0    0     0 587924 197272 1220500 56 18 26  1  0  0
69  1 119836 74369060 2277476 77292916    0    0     0 576616 194996 1219493 56 18 26  1  0  0
61  1 119836 74357268 2277476 77304068    0    0     0 565628 192993 1193141 54 17 28  1  0  0
67  2 119836 74350752 2277476 77315396    0    0     0 584088 195570 1228419 56 18 25  1  0  0
62  0 119836 74334880 2277476 77326820    0    0     0 591296 206100 1241279 56 18 25  1  0  0
procs -----------memory---------- ---swap-- -----io---- -system-- -------cpu-------
 r  b   swpd   free   buff  cache   si   so    bi    bo   in   cs us sy id wa st gu
74  1 119836 74328200 2277476 77338316    0    0     0 590280 199225 1242196 57 18 25  1  0  0
60  1 119836 74320452 2277476 77349880    0    0     0 586324 199266 1248445 57 18 24  1  0  0
66  2 119836 74303440 2277476 77361660    0    0     0 582596 200090 1256104 58 18 23  1  0  0
65  0 119836 74294432 2277476 77373232    0    0     0 578124 199476 1253888 57 18 24  1  0  0
69  0 119836 74280912 2277476 77384956    0    0     0 581540 200478 1246253 57 18 24  1  0  0
71  0 119836 74275580 2277476 77396596    0    0     0 582320 200413 1246671 57 18 24  1  0  0
57  1 119836 74262564 2277476 77408096    0    0     0 581028 200663 1253593 58 18 24  1  0  0
61  1 119836 74252572 2277476 77419752    0    0     0 580672 200438 1243292 57 18 24  1  0  0
70  0 119836 74243980 2277476 77431248    0    0     0 580356 199954 1233285 57 18 24  1  0  0
58  0 119836 74226544 2277476 77442876    0    0     0 571332 196149 1199836 55 17 27  1  0  0
60  0 119836 74218288 2277476 77454080    0    0     0 567612 195579 1234716 57 18 25  1  0  0
63  1 119836 74200740 2277476 77465560    0    0     0 565564 196190 1229898 56 18 25  1  0  0
72  0 119836 74195696 2277476 77477016    0    0     0 578260 199033 1247953 57 18 25  1  0  0
53  1 119836 74183812 2277476 77488580    0    0     0 578456 199966 1237682 57 18 25  1  0  0
63  1 119836 74173384 2277476 77500168    0    0     0 577500 198496 1224742 56 18 25  1  0  0
70  1 119836 74159872 2277476 77511584    0    0     0 576388 198576 1243948 56 17 25  1  0  0
53  1 119836 74145892 2277476 77522976    0    0     0 560124 195177 1212005 55 17 26  1  0  0
66  1 119836 74119408 2277476 77534144    0    0     0 555132 191545 1178090 54 16 29  1  0  0
68  2 119836 74110152 2277476 77545312    0    0     0 577668 198940 1230303 56 18 25  1  0  0
50  0 119836 74097928 2277476 77556772    0    0     0 576628 199110 1231467 56 18 25  1  0  0
60  1 119836 74085816 2277476 77568248    0    0     0 579164 200827 1240130 57 18 24  1  0  0
procs -----------memory---------- ---swap-- -----io---- -system-- -------cpu-------
 r  b   swpd   free   buff  cache   si   so    bi    bo   in   cs us sy id wa st gu
55  2 119836 74075696 2277476 77579880    0    0     0 587348 200315 1257285 57 18 24  1  0  0
63  1 119836 74064420 2277476 77591500    0    0     0 584196 199877 1239004 57 18 25  1  0  0
58  0 119836 74028480 2277476 77602936    0    0     0 578536 198667 1224874 56 18 26  1  0  0
65  1 119836 74020548 2277476 77614392    0    0     0 587640 200560 1247317 57 18 24  1  0  0
59  1 119836 74007372 2277476 77625980    0    0     0 581836 198858 1222465 56 18 25  1  0  0
72  0 119836 73995396 2277476 77637444    0    0     0 581400 198616 1224555 56 17 26  1  0  0
69  0 119836 73986604 2277476 77648840    0    0     0 580976 200424 1235336 56 18 25  1  0  0
57  2 119836 73973408 2277476 77660224    0    0     0 579376 198082 1228768 56 18 25  1  0  0
53  1 119836 73963288 2277476 77671408    0    0     0 562292 193650 1207049 55 18 27  1  0  0
60  2 119836 73954300 2277476 77682716    0    0     0 565804 196489 1225594 56 18 25  1  0  0
63  1 119836 73939956 2277476 77694336    0    0     0 580332 199959 1241823 57 18 24  1  0  0
62  1 119836 73935156 2277476 77705828    0    0     0 580640 200301 1247211 58 18 24  1  0  0
65  1 119836 73923368 2277476 77717364    0    0     0 575988 199956 1235806 57 18 24  1  0  0
61  0 119836 73908988 2277480 77728992    0    0     0 557792 192959 1192523 55 17 27  1  0  0
73  0 119836 73896196 2277480 77740124    0    0     0 561144 194508 1216464 56 17 26  1  0  0
66  1 119836 73884288 2277480 77751488    0    0     0 580128 200476 1243883 57 18 24  1  0  0
51  0 119836 73872104 2277480 77763100    0    0     0 579496 199970 1256458 57 18 24  1  0  0
73  1 119836 73859196 2277480 77774772    0    0     0 576580 199763 1230410 57 18 25  1  0  0
54  1 119836 73847836 2277480 77786324    0    0     0 577976 201040 1263042 58 18 23  1  0  0
65  0 119836 73790056 2277480 77797296    0    0     0 559800 194480 1187756 53 17 29  1  0  0
67  0 119836 73835408 2277484 77808876    0    0     0 579740 200415 1233759 57 18 25  1  0  0
procs -----------memory---------- ---swap-- -----io---- -system-- -------cpu-------
 r  b   swpd   free   buff  cache   si   so    bi    bo   in   cs us sy id wa st gu
55  0 119836 73825212 2277484 77820584    0    0     0 585248 198252 1247926 57 18 25  1  0  0
63  1 119836 73808372 2277484 77832024    0    0     0 585732 199677 1243600 57 18 24  1  0  0
59  1 119836 73801832 2277484 77843624    0    0     0 588648 200396 1246190 57 18 24  1  0  0
63  0 119836 73792588 2277484 77855172    0    0     0 583672 198642 1242137 57 18 24  1  0  0
56  0 119836 73782276 2277484 77866732    0    0     0 582484 197691 1227931 56 18 25  1  0  0
64  1 119836 73771572 2277484 77878028    0    0     0 581560 197351 1221455 55 18 26  1  0  0
51  1 119836 73759380 2277484 77889416    0    0     0 557924 190344 1168663 53 17 29  1  0  0
58  1 119836 73751528 2277484 77900388    0    0     0 556292 195153 1222146 56 18 26  1  0  0
69  0 119836 73741588 2277484 77911796    0    0     0 570304 199526 1244631 57 18 24  1  0  0
57  1 119836 73726852 2277484 77923548    0    0     0 575908 200579 1250471 57 18 24  1  0  0
66  1 119836 73716608 2277484 77935084    0    0     0 573864 200849 1253749 58 18 24  1  0  0
66  1 119836 73704008 2277484 77946724    0    0     0 568012 196762 1214305 55 17 26  1  0  0
61  0 119836 73691448 2277484 77958028    0    0     0 555180 195105 1223718 56 18 26  1  0  0
75  0 119836 73684672 2277484 77969408    0    0     0 558708 195676 1227179 56 18 25  1  0  0
69  0 119836 73669544 2277484 77980964    0    0     0 575952 200354 1248740 57 18 24  1  0  0
65  0 119836 73660200 2277484 77992664    0    0     0 575816 199357 1248474 57 18 24  1  0  0
66  0 119836 73648864 2277484 78004304    0    0     0 579496 200930 1253790 57 18 24  1  0  0
60  1 119836 73636408 2277484 78015944    0    0     0 580572 201552 1265896 58 18 23  1  0  0
68  0 119836 73625808 2277484 78027648    0    0     0 572196 199750 1245199 57 18 24  1  0  0
73  0 119836 73618064 2277484 78039244    0    0     0 573232 200488 1243571 57 18 24  1  0  0
63  1 119836 73605520 2277484 78050936    0    0     0 575488 200344 1258744 57 18 24  1  0  0
procs -----------memory---------- ---swap-- -----io---- -system-- -------cpu-------
 r  b   swpd   free   buff  cache   si   so    bi    bo   in   cs us sy id wa st gu
56  1 119836 73595604 2277484 78062532    0    0     0 576848 200275 1253767 57 18 24  1  0  0
58  1 119836 73584276 2277484 78073924    0    0     0 570560 197754 1232866 56 18 26  1  0  0
70  1 119836 73573020 2277484 78085592    0    0     0 574812 200061 1253804 58 18 24  1  0  0
61  0 119836 73561652 2277484 78097300    0    0     0 580012 200835 1259763 57 18 24  1  0  0
68  0 119836 73553048 2277484 78108920    0    0     0 569880 197514 1214021 55 18 26  1  0  0
60  0 119836 73542040 2277484 78120220    0    0     0 560212 194250 1206279 56 17 26  1  0  0
62  0 119836 73530004 2277484 78131556    0    0     0 562832 196048 1224771 56 18 25  1  0  0
63  2 119836 73493160 2277484 78142924    0    0     0 575948 198568 1241059 56 18 25  1  0  0
68  1 119836 73483052 2277484 78154500    0    0     0 582712 200348 1257160 57 18 24  1  0  0
63  1 119836 73471240 2277484 78166244    0    0     0 578764 200561 1249814 57 18 24  1  0  0
59  0 119836 73457180 2277484 78177812    0    0     0 552136 192403 1180840 54 17 28  1  0  0
63  0 119836 73447224 2277484 78188776    0    0     0 564372 194543 1226028 56 17 26  1  0  0
68  0 119836 73433936 2277484 78200276    0    0     0 579452 200741 1250531 57 18 24  1  0  0
68  0 119836 73419764 2277484 78211912    0    0     0 576288 200381 1247758 57 18 24  1  0  0
71  0 119836 73404248 2277484 78223420    0    0     0 577700 199100 1241076 57 18 24  1  0  0
71  1 119836 73392396 2277484 78235080    0    0     0 579560 201170 1260239 58 18 23  1  0  0
52  1 119836 73386020 2277484 78246828    0    0     0 577188 200703 1247983 57 18 24  1  0  0
65  0 119836 73375624 2277484 78258348    0    0     0 579808 200251 1254071 57 18 24  1  0  0
72  1 119836 73361832 2277484 78270004    0    0     0 577608 200423 1240054 57 18 24  1  0  0
68  0 119836 73350940 2277484 78281504    0    0     0 575252 199599 1229927 56 18 25  1  0  0
65  1 119836 73338576 2277484 78293176    0    0     0 579144 200128 1238795 57 18 25  1  0  0
procs -----------memory---------- ---swap-- -----io---- -system-- -------cpu-------
 r  b   swpd   free   buff  cache   si   so    bi    bo   in   cs us sy id wa st gu
59  1 119836 73329092 2277484 78304664    0    0     0 578788 200118 1244792 57 18 24  1  0  0
56  1 119836 73319024 2277484 78316216    0    0     0 575272 198993 1222885 56 18 25  1  0  0
67  2 119836 73306648 2277484 78327520    0    0     0 573076 198366 1228030 56 18 25  1  0  0
60  0 119836 73252000 2277484 78338208    0    0     0 532892 184038 1096426 49 16 34  1  0  0
60  0 119836 73297540 2277484 78349044    0    0     0 563028 192803 1205853 54 17 27  1  0  0
55  1 119836 73284472 2277488 78360380    0    0     0 587528 197870 1232917 56 18 25  1  0  0
63  2 119836 73272392 2277488 78371848    0    0     0 584272 197947 1220065 56 18 26  1  0  0
51  1 119836 73263108 2277488 78383264    0    0     0 581580 197140 1210128 55 18 26  1  0  0
70  1 119836 73249536 2277488 78394488    0    0     0 574004 195005 1183116 54 17 28  1  0  0
61  2 119836 73236928 2277488 78405492    0    0     0 561772 188984 1157376 53 16 30  1  0  0
66  0 119836 73228032 2277488 78416272    0    0     0 575948 194201 1220934 55 17 27  1  0  0
69  0 119836 73218212 2277488 78427628    0    0     0 587088 198951 1241277 56 18 25  1  0  0
57  1 119836 73203692 2277488 78439240    0    0     0 579044 200001 1241330 57 18 24  1  0  0
71  0 119836 73199136 2277488 78450740    0    0     0 579992 201115 1244539 57 18 24  1  0  0
69  0 119836 73189660 2277488 78462300    0    0     0 580560 201384 1257007 58 18 23  1  0  0
59  2 119836 73165296 2277488 78474092    0    0     0 575056 200425 1232931 57 18 25  1  0  0
56  1 119836 73158348 2277488 78485660    0    0     0 586228 201453 1254579 58 18 23  1  0  0
56  0 119836 73144916 2277488 78497456    0    0     0 579716 201060 1243018 57 18 24  1  0  0
69  0 119836 73135536 2277488 78509068    0    0     0 577444 200650 1238850 57 18 24  1  0  0
71  0 119836 73123528 2277488 78520676    0    0     0 577592 200882 1246744 57 18 24  1  0  0
53  1 119836 73114436 2277488 78532212    0    0     0 581248 200882 1250411 57 18 24  1  0  0
procs -----------memory---------- ---swap-- -----io---- -system-- -------cpu-------
 r  b   swpd   free   buff  cache   si   so    bi    bo   in   cs us sy id wa st gu
66  1 119836 73100156 2277488 78543784    0    0     0 575972 200348 1233167 57 18 24  1  0  0
71  0 119836 73091344 2277488 78555336    0    0     0 568296 196853 1209780 55 17 26  1  0  0
74  0 119836 73079456 2277488 78566700    0    0     0 559636 194128 1210001 55 17 26  1  0  0
71  0 119836 73067576 2277488 78577832    0    0     0 563076 195663 1222639 56 18 26  1  0  0
70  2 119836 73054636 2277488 78589264    0    0     0 580836 200740 1238520 57 18 24  1  0  0
65  1 119836 73047764 2277488 78600840    0    0     0 581860 200153 1246174 57 18 24  1  0  0
56  0 119836 73036320 2277488 78612048    0    0     0 556340 192377 1189563 54 17 28  1  0  0
52  0 119836 73028056 2277488 78623400    0    0     0 556496 193184 1189038 54 17 27  1  0  0
66  1 119836 73014280 2277488 78634700    0    0     0 575792 198171 1218130 56 18 26  1  0  0
66  1 119836 73005008 2277488 78646048    0    0     0 578824 200377 1239900 57 18 24  1  0  0
59  0 119836 72991644 2277488 78657536    0    0     0 576256 198993 1231316 57 18 25  1  0  0
71  1 119836 72983076 2277488 78669088    0    0     0 577248 199752 1236486 57 18 24  1  0  0
53  0 119836 72937816 2277488 78680500    0    0     0 573720 198427 1231864 57 18 25  1  0  0
59  0 119836 72923124 2277488 78692156    0    0     0 578132 199635 1243647 57 18 24  1  0  0
57  0 119836 72916548 2277488 78703748    0    0     0 580908 201353 1257913 58 18 24  1  0  0
69  0 119836 72902884 2277488 78715360    0    0     0 580072 199778 1251588 57 18 24  1  0  0
73  1 119836 72891132 2277488 78726928    0    0     0 577752 199969 1232544 56 18 25  1  0  0
67  1 119836 72876804 2277488 78738552    0    0     0 579724 198934 1235151 56 18 25  1  0  0
56  0 119836 72870248 2277488 78749992    0    0     0 580844 199306 1253004 57 18 24  1  0  0
56  0 119836 72859456 2277488 78761520    0    0     0 582300 199970 1238609 57 18 25  1  0  0
60  2 119836 72846976 2277488 78773088    0    0     0 580228 199066 1232123 56 18 25  1  0  0
procs -----------memory---------- ---swap-- -----io---- -system-- -------cpu-------
 r  b   swpd   free   buff  cache   si   so    bi    bo   in   cs us sy id wa st gu
61  0 119836 72836796 2277488 78784640    0    0     0 562264 192221 1183055 54 17 28  1  0  0
72  1 119836 72823616 2277488 78795576    0    0     0 569820 194962 1209844 55 17 26  1  0  0
63  2 119836 72813076 2277488 78806900    0    0     0 586376 201139 1245012 57 18 24  1  0  0
74  0 119836 72801964 2277488 78818472    0    0     0 589564 200204 1254512 57 18 24  1  0  0
61  1 119836 72793140 2277488 78830192    0    0     0 579612 196452 1231563 56 18 26  1  0  0
56  1 119836 72777788 2277488 78841396    0    0     0 569488 195756 1222137 56 17 26  1  0  0
67  0 119836 72770260 2277488 78852956    0    0     0 561548 192590 1180121 54 17 28  1  0  0
57  1 119836 72754172 2277488 78863888    0    0     0 581188 200021 1241990 57 18 24  1  0  0
69  0 119836 72696852 2277488 78875388    0    0     0 566212 194068 1168202 52 17 30  1  0  0
64  1 119836 72743556 2277488 78886244    0    0     0 581600 198163 1228766 56 18 26  1  0  0
64  0 119836 72734292 2277488 78897672    0    0     0 590412 199766 1239020 56 18 24  1  0  0
59  1 119836 72724460 2277488 78909148    0    0     0 588936 198755 1240586 57 18 25  1  0  0
65  2 119836 72709992 2277488 78920596    0    0     0 590116 200732 1239105 56 18 25  1  0  0
64  1 119836 72697916 2277488 78932272    0    0     0 591060 198864 1244488 57 18 24  1  0  0
66  1 119836 72686756 2277488 78943808    0    0     0 591516 200142 1252254 57 18 24  1  0  0
60  1 119836 72677468 2277488 78955380    0    0     0 588280 198956 1234146 56 17 25  1  0  0
65  1 119836 72661052 2277488 78966864    0    0     0 587192 198527 1226954 56 18 25  1  0  0
66  1 119836 72652380 2277488 78978288    0    0     0 576868 200607 1245079 57 18 24  1  0  0
66  0 119836 72643680 2277488 78989960    0    0     0 574812 199572 1252062 57 18 24  1  0  0
68  0 119836 72631996 2277488 79001656    0    0     0 558904 193236 1205454 54 17 27  1  0  0
61  0 119836 72621212 2277488 79012736    0    0     0 562148 195481 1221539 56 17 26  1  0  0
procs -----------memory---------- ---swap-- -----io---- -system-- -------cpu-------
 r  b   swpd   free   buff  cache   si   so    bi    bo   in   cs us sy id wa st gu
70  1 119836 72609972 2277488 79024040    0    0     0 574312 199662 1238987 56 18 25  1  0  0
63  1 119836 72596704 2277488 79035672    0    0     0 575792 201228 1247933 57 18 24  1  0  0
68  0 119836 72593004 2277488 79047248    0    0     0 573568 199381 1245235 56 18 25  1  0  0
61  0 119836 72583728 2277488 79058712    0    0     0 558208 194017 1209946 55 17 27  1  0  0
71  1 119836 72575468 2277488 79070136    0    0     0 562512 196058 1212610 56 18 26  1  0  0
68  1 119836 72563792 2277488 79081504    0    0     0 571224 197634 1207870 55 17 26  1  0  0
54  0 119836 72554200 2277488 79092676    0    0     0 575472 199808 1238342 57 18 25  1  0  0
60  1 119836 72539688 2277488 79104136    0    0     0 574972 199902 1232708 57 18 25  1  0  0
58  0 119836 72530176 2277488 79115808    0    0     0 577040 200031 1244575 57 18 24  1  0  0
64  1 119836 72517216 2277488 79127280    0    0     0 570568 199935 1231309 57 18 25  1  0  0
68  0 119836 72509884 2277488 79138848    0    0     0 578092 202377 1266731 58 18 23  1  0  0
67  1 119836 72495144 2277488 79150580    0    0     0 568632 197593 1217608 56 17 26  1  0  0
67  0 119836 72480628 2277488 79162052    0    0     0 579124 202662 1263947 58 18 23  1  0  0
60  2 119836 72467792 2277488 79173784    0    0     0 574952 200627 1248023 57 18 24  1  0  0
47  1 119836 72456820 2277488 79185376    0    0     0 572904 200318 1235399 57 18 24  1  0  0
51  0 119836 72446384 2277488 79196844    0    0     0 574580 199306 1238647 56 18 25  1  0  0
56  0 119836 72435516 2277488 79208440    0    0     0 570432 199692 1233134 57 18 25  1  0  0
74  1 119836 72398772 2277492 79219812    0    0     0 564860 195717 1190813 54 17 28  1  0  0
62  0 119836 72387340 2277492 79230944    0    0     0 557624 194776 1208122 55 17 26  1  0  0
67  1 119836 72377820 2277492 79242308    0    0     0 562488 195997 1226898 57 18 25  1  0  0
67  0 119836 72367304 2277492 79253700    0    0     0 575428 200514 1251614 57 18 24  1  0  0
procs -----------memory---------- ---swap-- -----io---- -system-- -------cpu-------
 r  b   swpd   free   buff  cache   si   so    bi    bo   in   cs us sy id wa st gu
69  0 119836 72355396 2277492 79265324    0    0     0 569728 199552 1246520 57 18 24  1  0  0
63  0 119836 72347540 2277492 79276996    0    0     0 556672 195846 1227849 56 18 26  1  0  0
67  0 119836 72337360 2277492 79288404    0    0     0 560104 196361 1227647 56 18 25  1  0  0
57  0 119836 72329092 2277492 79299808    0    0     0 575796 200480 1237763 57 18 24  1  0  0
74  0 119836 72317348 2277492 79311384    0    0     0 568000 196969 1203485 55 17 27  1  0  0
58  1 119836 72303368 2277492 79322536    0    0     0 577728 200344 1239411 56 18 25  1  0  0
69  1 119836 72287980 2277492 79334128    0    0     0 578056 200256 1239104 57 18 24  1  0  0
66  1 119836 72280596 2277492 79345712    0    0     0 575668 199655 1238414 56 18 25  1  0  0
66  0 119836 72270048 2277492 79357164    0    0     0 579592 201340 1254587 58 18 23  1  0  0
63  0 119836 72255420 2277492 79368876    0    0     0 580436 202057 1249350 58 18 24  1  0  0
69  1 119836 72243236 2277492 79380472    0    0     0 577896 201465 1256229 57 18 24  1  0  0
68  0 119836 72229688 2277492 79392176    0    0     0 578648 201877 1249773 58 18 23  1  0  0
59  0 119836 72217728 2277492 79403940    0    0     0 577464 200355 1245983 57 18 24  1  0  0
61  1 119836 72157712 2277492 79415392    0    0     0 561876 193052 1162009 52 16 31  1  0  0
67  1 119836 72205124 2277496 79426172    0    0     0 576192 197592 1219599 55 17 27  1  0  0
41  0 119836 72198676 2277496 79437564    0    0     0 585160 198229 1233144 56 18 25  1  0  0
62  0 119836 72185232 2277496 79448940    0    0     0 561800 190019 1167828 53 17 29  1  0  0
60  0 119836 72173656 2277496 79459792    0    0     0 569220 194296 1211560 55 17 27  1  0  0
47  0 119836 72163708 2277496 79471100    0    0     0 586216 200262 1241387 57 18 24  1  0  0
65  1 119836 72149652 2277496 79482712    0    0     0 583664 198667 1231962 56 18 25  1  0  0
60  1 119836 72141804 2277496 79494124    0    0     0 572668 194468 1213300 55 17 27  1  0  0
procs -----------memory---------- ---swap-- -----io---- -system-- -------cpu-------
 r  b   swpd   free   buff  cache   si   so    bi    bo   in   cs us sy id wa st gu
59  1 119836 72132480 2277496 79505412    0    0     0 574940 194868 1222673 56 18 26  1  0  0
69  0 119836 72124644 2277496 79517004    0    0     0 578992 201247 1257545 57 18 23  1  0  0
66  1 119836 72112236 2277496 79528528    0    0     0 574872 199222 1234174 56 18 25  1  0  0
70  1 119836 72103112 2277496 79540136    0    0     0 572948 196856 1212797 55 17 26  1  0  0
63  0 119836 72092744 2277496 79551324    0    0     0 579148 200064 1237282 57 18 25  1  0  0
63  1 119836 72094248 2277496 79562752    0    0     0 566036 195812 1205675 55 17 27  1  0  0
62  2 119836 72083000 2277496 79574120    0    0     0 560376 195819 1215761 56 18 26  1  0  0
71  0 119836 72072896 2277496 79585508    0    0     0 559596 196891 1221830 56 18 25  1  0  0
71  0 119836 72060120 2277496 79596876    0    0     0 564824 196920 1227886 57 18 25  1  0  0
67  1 119836 72048956 2277500 79608464    0    0     0 562300 195359 1225641 56 18 25  1  0  0
58  2 119836 72039768 2277500 79619900    0    0     0 563752 195458 1215257 56 17 26  1  0  0
66  0 119836 72023952 2277500 79631168    0    0     0 553784 193286 1217301 55 18 26  1  0  0
57  1 119836 72007796 2277500 79642508    0    0     0 559256 194036 1204964 55 17 27  1  0  0
55  0 119836 72001488 2277500 79653788    0    0     0 558784 195147 1223874 56 18 26  1  0  0
64  1 119836 71985424 2277500 79665152    0    0     0 552184 194622 1211397 56 18 26  1  0  0
70  0 119836 71979124 2277500 79676464    0    0     0 541292 188501 1167676 53 17 29  1  0  0
66  2 119836 71967856 2277500 79687372    0    0     0 540576 188509 1185114 54 17 28  1  0  0
57  0 119836 71958372 2277500 79698372    0    0     0 556304 194039 1214668 56 17 26  1  0  0
57  2 119836 71944072 2277500 79709672    0    0     0 560952 194763 1221082 56 17 26  1  0  0
68  1 119836 71931568 2277500 79721112    0    0     0 550808 192039 1199473 55 17 27  1  0  0
69  1 119836 71925012 2277500 79732400    0    0     0 563504 195207 1217950 56 18 26  1  0  0
procs -----------memory---------- ---swap-- -----io---- -system-- -------cpu-------
 r  b   swpd   free   buff  cache   si   so    bi    bo   in   cs us sy id wa st gu
71  0 119836 71910928 2277500 79743568    0    0     0 554344 192869 1208346 55 18 26  1  0  0
51  1 119836 71873036 2277500 79755036    0    0     0 550808 190820 1167134 53 17 29  1  0  0
61  0 119836 71864476 2277500 79765852    0    0     0 556448 192182 1217743 55 17 27  1  0  0
58  0 119836 71854388 2277500 79777116    0    0     0 559788 193986 1213800 55 18 26  1  0  0
66  2 119836 71840300 2277500 79788484    0    0     0 564684 195144 1209220 55 17 26  1  0  0
54  1 119836 71829780 2277500 79799808    0    0     0 573400 197605 1240300 56 18 25  1  0  0
68  1 119836 71818008 2277500 79811312    0    0     0 574612 198580 1237106 57 18 25  1  0  0
61  0 119836 71803916 2277500 79822916    0    0     0 569828 197576 1228936 56 18 25  1  0  0
64  1 119836 71794880 2277500 79834276    0    0     0 569472 197037 1218730 56 18 25  1  0  0
64  0 119836 71782020 2277500 79845740    0    0     0 569660 197772 1228053 56 18 25  1  0  0
67  0 119836 71769500 2277500 79857244    0    0     0 559092 194407 1209270 55 17 26  1  0  0
63  1 119836 71755868 2277500 79868412    0    0     0 554220 192719 1191352 54 17 27  1  0  0
63  0 119836 71746484 2277500 79879620    0    0     0 576800 199882 1248202 57 18 24  1  0  0
56  0 119836 71730956 2277500 79891344    0    0     0 565768 195339 1227890 56 18 26  1  0  0
59  0 119836 71724920 2277500 79902812    8    0     8 562112 195433 1216040 56 17 26  1  0  0
79  1 119836 71711664 2277500 79914144    0    0     0 575176 199585 1245869 57 18 24  1  0  0
69  1 119836 71694408 2277500 79925616    0    0     0 580120 201444 1262637 58 18 24  1  0  0
61  1 119836 71685352 2277500 79937296    0    0     0 580356 200561 1239393 57 18 24  1  0  0
76  0 119836 71675576 2277500 79948940    0    0     0 584712 203295 1254753 58 18 23  1  0  0
67  1 119836 71624872 2277500 79959832    0    0     0 566204 194833 1177981 53 17 29  1  0  0
57  1 119836 71673448 2277500 79971532    0    0     0 590612 200466 1234439 57 18 25  1  0  0
procs -----------memory---------- ---swap-- -----io---- -system-- -------cpu-------
 r  b   swpd   free   buff  cache   si   so    bi    bo   in   cs us sy id wa st gu
64  0 119836 71663552 2277500 79983052    0    0     0 585772 196641 1202907 55 17 27  1  0  0
56  0 119836 71655660 2277500 79994204    0    0     0 590716 199875 1225044 56 18 25  1  0  0
70  1 119836 71641460 2277500 80005620    0    0     0 590736 198352 1226151 56 18 25  1  0  0
62  1 119836 71633128 2277500 80017044    0    0     0 595128 201219 1240017 57 18 24  1  0  0
59  0 119836 71622212 2277500 80028612    0    0     0 589768 199713 1232398 57 18 25  1  0  0
67  0 119836 71609068 2277500 80040028    0    0     0 594296 201546 1255913 58 18 23  1  0  0
55  2 119836 71599560 2277500 80051752    0    0     0 587576 201034 1257046 57 18 24  1  0  0
70  1 119836 71587876 2277500 80063408    0    0     0 584680 201669 1254584 57 18 24  1  0  0
64  0 119836 71573952 2277500 80075084    0    0     0 583696 201615 1244289 57 18 24  1  0  0
61  0 119836 71557892 2277500 80086684    0    0     0 576756 199239 1238526 57 18 25  1  0  0
67  0 119836 71551320 2277500 80098276    0    0     0 578332 199572 1230753 56 18 26  1  0  0
67  0 119836 71539668 2277500 80109708    0    0     0 576396 198858 1230376 57 18 25  1  0  0
52  3 119836 71527452 2277500 80121016    0    0     0 561116 194959 1213544 56 17 26  1  0  0
63  0 119836 71515780 2277500 80132388    0    0     0 567900 197599 1235495 56 18 25  1  0  0
80  0 119836 71508480 2277500 80143784    0    0     0 581400 201579 1248294 57 18 24  1  0  0
75  0 119836 71495408 2277500 80155520    0    0     0 578328 200456 1242787 57 18 24  1  0  0
64  2 119836 71484868 2277500 80167000    0    0     0 581236 201399 1254474 57 18 23  1  0  0
63  0 119836 71475748 2277500 80178776    0    0     0 577964 200596 1248303 57 18 24  1  0  0
61  0 119836 71461964 2277500 80190380    0    0     0 579328 201013 1250508 57 18 24  1  0  0
63  1 119836 71452900 2277500 80201976    0    0     0 576012 199781 1230076 56 18 25  1  0  0
66  0 119836 71440196 2277500 80213356    0    0     0 568652 196145 1191612 54 17 27  1  0  0
procs -----------memory---------- ---swap-- -----io---- -system-- -------cpu-------
 r  b   swpd   free   buff  cache   si   so    bi    bo   in   cs us sy id wa st gu
69  0 119836 71430344 2277500 80224560    0    0     0 565720 196615 1204684 55 17 27  1  0  0
68  1 119836 71412980 2277500 80235696    0    0     0 579320 201647 1257503 58 18 24  1  0  0
68  0 119836 71404344 2277500 80247348    0    0     0 581000 202037 1259470 58 18 23  1  0  0
57  1 119836 71392208 2277500 80259236    0    0     0 580496 201105 1264914 58 18 23  1  0  0
54  0 119836 71381860 2277500 80270896    0    0     0 579396 201995 1255860 58 18 23  1  0  0
61  0 119836 71366624 2277500 80282724    0    0     0 580152 202333 1262129 58 18 23  1  0  0
70  0 119836 71333064 2277500 80294368    0    0     0 573180 200359 1246985 57 18 24  1  0  0
69  1 119836 71318036 2277500 80306024    0    0     0 573804 199730 1245191 57 18 24  1  0  0
55  0 119836 71306580 2277500 80317604    0    0     0 575884 200350 1241809 57 18 24  1  0  0
68  2 119836 71295456 2277500 80329288    0    0     0 561420 196062 1224686 56 18 26  1  0  0
63  0 119836 71286168 2277500 80340624    0    0     0 561280 196651 1230642 56 18 25  1  0  0
71  0 119836 71273240 2277500 80352068    0    0     0 567476 196078 1209491 55 18 26  1  0  0
59  1 119836 71260144 2277500 80363384    0    0     0 579252 201802 1257019 57 18 23  1  0  0
64  1 119836 71248076 2277500 80375108    0    0     0 575332 199603 1231500 57 18 25  1  0  0
55  1 119836 71233120 2277500 80386604    0    0     0 578748 200648 1255856 57 18 24  1  0  0
59  0 119836 71222060 2277500 80398304    0    0     0 581708 201987 1261782 58 18 23  1  0  0
71  1 119836 71209976 2277500 80410044    0    0     0 574720 199068 1232044 57 18 25  1  0  0
73  1 119836 71198956 2277504 80421424    0    0     0 575520 200736 1243186 57 18 24  1  0  0
62  1 119836 71187560 2277504 80433120    0    0     0 571676 198374 1223119 56 17 26  1  0  0
68  0 119836 71177064 2277504 80444444    0    0     0 571172 197618 1205578 55 17 27  1  0  0
57  0 119836 71164668 2277504 80455720    0    0     0 577396 199335 1238723 57 18 25  1  0  0
procs -----------memory---------- ---swap-- -----io---- -system-- -------cpu-------
 r  b   swpd   free   buff  cache   si   so    bi    bo   in   cs us sy id wa st gu
69  0 119836 71153056 2277504 80467152    0    0     0 578348 200726 1245077 57 18 24  1  0  0
59  2 119836 71145352 2277508 80478752    0    0     0 579388 199933 1248112 57 18 24  1  0  0
70  1 119836 71092880 2277508 80490384    0    0     0 562276 194543 1189964 54 17 29  1  0  0
62  0 119836 71137320 2277512 80501500    0    0     0 578336 201126 1252699 57 18 24  1  0  0
69  3 119836 71127472 2277512 80513116    0    0     0 570320 201278 1245522 57 19 24  1  0  0
63  0 119836 71115596 2277512 80524604    0    0     0 570136 200571 1246214 57 18 24  1  0  0
70  2 119836 71104212 2277512 80536312    0    0     0 567900 200321 1241824 57 18 24  1  0  0
57  1 119836 71097528 2277512 80548104    0    0     0 559912 196886 1216448 55 18 26  1  0  0
56  1 119836 71087448 2277512 80559316    0    0     0 554836 195754 1220293 56 18 25  1  0  0
61  0 119836 71076748 2277512 80570720    0    0     0 554604 195623 1214269 55 18 26  1  0  0
60  0 119836 71063936 2277512 80582116    0    0     0 567076 199785 1231956 56 18 25  1  0  0
60  0 119836 71055124 2277512 80593616    0    0     0 579752 198866 1231516 57 18 25  1  0  0
57  0 119836 71039528 2277512 80605164    0    0     0 587240 198976 1248504 57 18 25  1  0  0
69  1 119836 71027468 2277512 80616604    0    0     0 586236 198299 1236546 56 18 25  1  0  0
63  1 119836 71023448 2277512 80628096    0    0     0 585276 198437 1242475 56 18 25  1  0  0
65  2 119836 71012244 2277512 80639524    0    0     0 581064 197484 1224933 55 17 26  1  0  0
69  0 119836 71002252 2277512 80651000    0    0     0 587200 198247 1235015 56 18 25  1  0  0
60  1 119836 70988208 2277512 80662456    0    0     0 582076 194931 1196847 54 17 28  1  0  0
65  1 119836 70978840 2277512 80673436    0    0     0 581708 196986 1212447 55 17 27  1  0  0
60  0 119836 70959824 2277512 80684820    0    0     0 585356 198006 1228000 56 18 25  1  0  0
60  1 119836 70955312 2277512 80696260    0    0     0 585768 198265 1231104 56 18 25  1  0  0
procs -----------memory---------- ---swap-- -----io---- -system-- -------cpu-------
 r  b   swpd   free   buff  cache   si   so    bi    bo   in   cs us sy id wa st gu
65  1 119836 70943676 2277512 80707816    0    0     0 586024 198785 1231921 57 18 25  1  0  0
58  1 119836 70933816 2277512 80719168    0    0     0 586268 198305 1237514 57 18 25  1  0  0
69  1 119836 70920536 2277512 80730760    0    0     0 580312 200758 1256926 57 18 24  1  0  0
72  2 119836 70906332 2277512 80742512    0    0     0 576832 199986 1244790 57 18 24  1  0  0
61  2 119836 70895348 2277512 80754020    0    0     0 577072 199466 1238918 57 18 25  1  0  0
68  0 119836 70886840 2277512 80765552    0    0     0 564008 195760 1179301 54 17 28  1  0  0
65  0 119836 70876096 2277512 80776552    0    0     0 560904 195177 1217891 56 17 26  1  0  0
71  1 119836 70867448 2277512 80787940    0    0     0 565488 195546 1224517 56 18 26  1  0  0
69  0 119836 70853988 2277512 80799324    0    0     0 578784 199571 1231922 57 18 25  1  0  0
65  1 119836 70844428 2277512 80810856    0    0     0 574268 198937 1223791 56 18 25  1  0  0
53  0 119836 70831864 2277516 80822320    0    0     0 581688 201555 1264734 57 19 23  1  0  0
66  0 119836 70793240 2277516 80834040    0    0     0 571432 198982 1221606 56 18 26  1  0  0
59  1 119836 70783452 2277516 80845340    0    0     0 580340 200460 1244866 57 18 24  1  0  0
71  0 119836 70772008 2277516 80857000    0    0     0 577528 199880 1233234 56 18 25  1  0  0
56  1 119836 70760612 2277516 80868484    0    0     0 580696 200176 1232828 57 18 25  1  0  0
70  0 119836 70747896 2277516 80879932    0    0     0 570540 197953 1194013 54 17 27  1  0  0
67  0 119836 70732936 2277516 80891000    0    0     0 574016 198688 1222107 56 17 26  1  0  0
61  1 119836 70726256 2277516 80902576    0    0     0 581332 200711 1247752 58 18 24  1  0  0
69  0 119836 70711016 2277516 80914072    0    0     0 580272 200758 1240198 57 18 24  1  0  0
51  0 119836 70704796 2277516 80925696    0    0     0 578720 200063 1255921 57 18 24  1  0  0
69  0 119836 70687820 2277516 80937412    0    0     0 581044 202374 1263142 58 18 23  1  0  0
procs -----------memory---------- ---swap-- -----io---- -system-- -------cpu-------
 r  b   swpd   free   buff  cache   si   so    bi    bo   in   cs us sy id wa st gu
63  1 119836 70675248 2277516 80949104    0    0     0 586632 202155 1272893 58 18 23  1  0  0
59  0 119836 70661512 2277516 80960832    0    0     0 585356 200659 1253422 57 18 24  1  0  0
71  0 119836 70645060 2277516 80972524    0    0     0 579784 199916 1243892 57 18 24  1  0  0
48  2 119836 70638336 2277516 80984036    0    0     0 566372 195057 1223775 55 18 26  1  0  0
58  1 119836 70628032 2277516 80995580    0    0     0 571904 197147 1235399 56 18 26  1  0  0
64  0 119836 70617260 2277516 81006960    0    0     0 584028 200776 1253751 57 18 24  1  0  0
68  0 119836 70605168 2277516 81018652    0    0     0 580972 200889 1250634 57 18 24  1  0  0
64  0 119836 70556788 2277516 81030360    0    0     0 554512 190728 1134450 51 16 32  1  0  0
58  0 119836 70598120 2277516 81040948    0    0     0 578920 200271 1247754 56 18 25  1  0  0
58  1 119836 70587384 2277516 81052420    0    0     0 584228 201839 1261881 58 18 23  1  0  0
51  1 119836 70578988 2277516 81064168    0    0     0 581296 200368 1261215 57 18 23  1  0  0
54  0 119836 70566496 2277516 81075976    0    0     0 580164 200079 1244615 57 18 24  1  0  0
65  0 119836 70553928 2277516 81087492    0    0     0 581640 200313 1258441 58 18 24  1  0  0
69  1 119836 70543164 2277516 81099104    0    0     0 579664 199566 1223559 56 18 25  1  0  0
68  0 119836 70531144 2277516 81110448    0    0     0 571792 197000 1199995 55 17 27  1  0  0
61  0 119836 70515668 2277516 81121744    0    0     0 582724 200510 1246913 57 18 24  1  0  0
72  0 119836 70505860 2277516 81133268    0    0     0 583768 199929 1246665 57 18 24  1  0  0
72  0 119836 70495480 2277516 81145068    0    0     0 585452 200832 1239642 57 18 24  1  0  0
58  2 119836 70485996 2277516 81156468    0    0     0 588840 202019 1265109 58 18 23  1  0  0
69  0 119836 70472084 2277516 81168376    0    0     0 588944 201238 1257798 58 18 23  1  0  0
71  0 119836 70461412 2277516 81179812    0    0     0 580112 200028 1230190 57 18 25  1  0  0
procs -----------memory---------- ---swap-- -----io---- -system-- -------cpu-------
 r  b   swpd   free   buff  cache   si   so    bi    bo   in   cs us sy id wa st gu
69  1 119836 70448276 2277516 81191500    0    0     0 585844 202153 1249413 58 18 23  1  0  0
64  0 119836 70439784 2277516 81203232    0    0     0 574292 197446 1215331 56 18 26  1  0  0
65  2 119836 70425984 2277516 81214380    0    0     0 569156 196315 1221652 56 18 25  1  0  0
68  0 119836 70419240 2277516 81225976    0    0     0 587584 200913 1248912 57 18 24  1  0  0
63  0 119836 70405388 2277516 81237576    0    0     0 586316 202282 1252393 57 18 24  1  0  0
71  0 119836 70393212 2277516 81249288    0    0     0 583668 200730 1245882 57 18 24  1  0  0
67  0 119836 70383740 2277516 81260788    0    0     0 579624 198533 1211912 55 18 26  1  0  0
46  1 119836 70375576 2277516 81272084    0    0     0 585284 201176 1243675 57 18 24  1  0  0
70  0 119836 70365632 2277516 81283704    0    0     0 582760 201244 1255355 58 18 23  1  0  0
65  0 119836 70353044 2277516 81295416    0    0     0 586724 200678 1248352 57 18 24  1  0  0
67  0 119836 70344264 2277516 81307012    0    0     0 584904 201013 1242769 57 18 24  1  0  0
70  0 119836 70332508 2277516 81318524    0    0     0 575584 197915 1219774 55 18 26  1  0  0
62  2 119836 70323572 2277516 81329856    0    0     0 580168 199383 1220489 56 18 25  1  0  0
59  0 119836 70313176 2277516 81341224    0    0     0 581752 200636 1250568 57 18 24  1  0  0
54  1 119836 70298056 2277516 81352964    0    0     0 574640 198380 1223596 56 18 25  1  0  0
70  0 119836 70285948 2277516 81364308    0    0     0 573472 198142 1230711 56 18 25  1  0  0
66  1 119836 70252104 2277516 81375744    0    0     0 577028 198971 1234345 56 18 25  1  0  0
64  1 119836 70240956 2277516 81387268    0    0     0 586932 202397 1275624 58 19 22  1  0  0
66  2 119836 70225908 2277516 81399060    0    0     0 581388 227712 1250625 57 18 24  1  0  0
67  1 119836 70209928 2277516 81410572    0    0     0 578040 205762 1240134 57 18 24  1  0  0
59  1 119836 70203004 2277516 81422188    0    0     0 575868 199039 1232189 56 18 25  1  0  0
procs -----------memory---------- ---swap-- -----io---- -system-- -------cpu-------
 r  b   swpd   free   buff  cache   si   so    bi    bo   in   cs us sy id wa st gu
70  0 119836 70193756 2277516 81433700    0    0     0 576520 198248 1232210 56 18 25  1  0  0
68  1 119836 70182144 2277516 81445100    0    0     0 574820 198831 1236522 57 18 25  1  0  0
49  1 119836 70173712 2277520 81456572    0    0     0 577388 198322 1233002 57 18 25  1  0  0
65  1 119836 70157272 2277520 81468124    0    0     0 574100 197708 1233432 56 18 25  1  0  0
65  0 119836 70146776 2277520 81479596    0    0     0 570392 196895 1218955 56 18 26  1  0  0
51  1 119836 70135168 2277520 81490996    0    0     0 571296 197001 1225797 56 18 26  1  0  0
64  0 119836 70117920 2277520 81502356    0    0     0 574200 198640 1237027 57 18 25  1  0  0
69  0 119836 70108424 2277520 81513812    0    0     0 572792 199240 1245721 57 18 24  1  0  0
54  0 119836 70098192 2277520 81525404    0    0     0 572416 197732 1236043 56 18 25  1  0  0
56  2 119836 70084392 2277520 81536884    0    0     0 575644 200454 1242905 57 18 24  1  0  0
58  0 119836 70073044 2277520 81548524    0    0     0 573648 199197 1227888 56 18 25  1  0  0
56  1 119836 70063504 2277520 81559916    0    0     0 577240 199395 1232686 56 18 25  1  0  0
53  0 119836 70007936 2277520 81571344    0    0     0 566508 195236 1178532 53 17 29  1  0  0
71  0 119836 70056876 2277524 81582296    0    0     0 578172 199157 1231812 56 18 25  1  0  0
58  0 119836 70044204 2277524 81593756    0    0     0 588864 198773 1238670 57 18 25  1  0  0
61  1 119836 70033172 2277524 81605280    0    0     0 588672 199533 1245323 57 18 24  1  0  0
66  1 119836 70025296 2277524 81616760    0    0     0 581568 197149 1224816 56 18 25  1  0  0
61  0 119836 70013084 2277524 81628392    0    0     0 582724 197870 1232196 56 18 25  1  0  0
60  1 119836 70002256 2277524 81639732    0    0     0 583336 197969 1229612 56 18 25  1  0  0
62  0 119836 69992508 2277524 81651232    0    0     0 581244 196894 1222772 56 18 26  1  0  0
57  0 119836 69984632 2277524 81662624    0    0     0 580840 196849 1219948 55 18 26  1  0  0
procs -----------memory---------- ---swap-- -----io---- -system-- -------cpu-------
 r  b   swpd   free   buff  cache   si   so    bi    bo   in   cs us sy id wa st gu
61  1 119836 69972688 2277524 81673940    0    0     0 576376 198242 1242436 57 18 25  1  0  0
59  0 119836 69963564 2277524 81685460    0    0     0 577748 198006 1247166 57 18 24  1  0  0
64  1 119836 69949524 2277524 81697168    0    0     0 570160 196023 1223237 56 17 26  1  0  0
71  1 119836 69939668 2277524 81708544    0    0     0 570404 197367 1230213 56 18 25  1  0  0
67  1 119836 69926920 2277524 81719852    0    0     0 573008 198312 1235185 56 18 25  1  0  0
66  1 119836 69919252 2277524 81731440    0    0     0 577596 199319 1241416 57 18 24  1  0  0
54  2 119836 69903944 2277524 81743024    0    0     0 578480 198721 1246626 57 18 24  1  0  0
56  0 119836 69896864 2277524 81754676    0    0     0 573432 198704 1245430 57 18 25  1  0  0
64  2 119836 69879276 2277524 81766168    0    0     0 583532 200932 1250371 58 18 24  1  0  0
58  1 119836 69870512 2277524 81777828    0    0     0 577048 198718 1221652 56 18 26  1  0  0
67  1 119836 69860240 2277524 81789188    0    0     0 581284 199677 1238690 57 18 24  1  0  0
72  2 119836 69848308 2277528 81800664    0    0     0 578080 198712 1235902 57 18 25  1  0  0
65  2 119836 69837920 2277528 81812248    0    0     0 574056 198301 1231477 56 18 25  1  0  0
64  1 119836 69827348 2277528 81823784    0    0     0 579176 200270 1244256 57 18 24  1  0  0
69  0 119836 69819008 2277528 81835360    0    0     0 577368 198859 1236085 57 18 25  1  0  0
68  2 119836 69807776 2277528 81846928    0    0     0 576556 199282 1239190 57 18 25  1  0  0
66  2 119836 69793448 2277528 81858428    0    0     0 578816 198561 1240971 57 18 24  1  0  0
52  0 119836 69780816 2277528 81870040    0    0     0 572596 198562 1225560 56 18 25  1  0  0
61  0 119836 69767776 2277528 81881464    0    0     0 574256 198243 1227337 56 18 25  1  0  0
60  0 119836 69755332 2277528 81892840    0    0     0 577508 199697 1244849 57 18 24  1  0  0
55  1 119836 69747356 2277528 81904468    0    0     0 578852 199819 1240489 57 18 24  1  0  0
procs -----------memory---------- ---swap-- -----io---- -system-- -------cpu-------
 r  b   swpd   free   buff  cache   si   so    bi    bo   in   cs us sy id wa st gu
52  0 119836 69711884 2277528 81916036    0    0     0 577000 198826 1228948 56 18 25  1  0  0
61  0 119836 69699056 2277528 81927664    0    0     0 569612 196182 1214847 55 18 26  1  0  0
64  1 119836 69686752 2277528 81938880    0    0     0 574172 199336 1243031 57 18 24  1  0  0
60  0 119836 69675504 2277528 81950408    0    0     0 581068 199291 1251105 57 18 24  1  0  0
57  1 119836 69663352 2277532 81962148    0    0     0 580012 199622 1250822 57 18 24  1  0  0
67  1 119836 69655592 2277532 81973732    0    0     0 585232 200046 1257767 57 18 24  1  0  0
64  2 119836 69644292 2277532 81985344    0    0     0 583676 202067 1252439 58 18 24  1  0  0
68  0 119836 69629572 2277532 81996988    0    0     0 571064 196477 1202673 55 17 27  1  0  0
65  0 119836 69616716 2277532 82008164    0    0     0 574668 198876 1226007 56 18 25  1  0  0
61  0 119836 69605340 2277532 82019588    0    0     0 578756 197979 1234654 57 18 25  1  0  0
67  1 119836 69588568 2277532 82031200    0    0     0 576112 198079 1228508 56 18 25  1  0  0
61  1 119836 69573688 2277532 82042580    0    0     0 576152 197259 1225793 56 18 26  1  0  0
59  0 119836 69569076 2277532 82053960    0    0     0 578096 199286 1239867 57 18 24  1  0  0
57  0 119836 69558144 2277532 82065476    0    0     0 580324 200253 1244667 57 18 24  1  0  0
63  1 119836 69545684 2277532 82077164    0    0     0 580388 199768 1246855 57 18 24  1  0  0
59  1 119836 69534040 2277532 82088800    0    0     0 576588 199294 1237043 57 18 24  1  0  0
74  0 119836 69522756 2277532 82100400    0    0     0 580684 197995 1225414 56 18 25  1  0  0
64  0 119836 69471152 2277532 82111720    0    0     0 563176 192038 1156993 52 17 30  1  0  0
67  1 119836 69516576 2277536 82122456    0    0     0 571460 197790 1222215 56 18 26  1  0  0
73  1 119836 69507512 2277536 82134044    0    0     0 586636 200786 1254784 58 18 23  1  0  0
57  1 119836 69497528 2277536 82145644    0    0     0 581880 198855 1234768 56 18 26  1  0  0
procs -----------memory---------- ---swap-- -----io---- -system-- -------cpu-------
 r  b   swpd   free   buff  cache   si   so    bi    bo   in   cs us sy id wa st gu
76  0 119836 69485668 2277536 82157112    0    0     0 585524 200635 1247128 57 18 24  1  0  0
57  1 119836 69473668 2277536 82168656    0    0     0 586416 201846 1249308 57 18 24  1  0  0
63  0 119836 69465968 2277536 82180348    0    0     0 587352 201565 1259275 58 18 23  1  0  0
73  1 119836 69455556 2277536 82191872    0    0     0 575708 197570 1222860 56 18 26  1  0  0
54  0 119836 69445472 2277536 82203448    0    0     0 580348 199148 1249034 57 18 24  1  0  0
67  2 119836 69430848 2277536 82215036    0    0     0 572060 195882 1213214 55 18 26  1  0  0
62  0 119836 69420408 2277536 82226304    0    0     0 574132 196206 1207176 55 17 27  1  0  0
67  0 119836 69408912 2277536 82237536    0    0     0 583652 199375 1248266 57 18 24  1  0  0
70  0 119836 69395976 2277536 82249124    0    0     0 581272 199211 1240083 57 18 25  1  0  0
68  0 119836 69387788 2277536 82260504    0    0     0 574568 197371 1229264 56 18 26  1  0  0
64  1 119836 69374560 2277536 82272040    0    0     0 579616 199615 1238411 57 18 24  1  0  0
54  1 119836 69367200 2277536 82283520    0    0     0 576152 198546 1237082 57 18 25  1  0  0
63  1 119836 69356524 2277536 82295108    0    0     0 580132 199500 1235003 57 18 24  1  0  0
69  0 119836 69344336 2277536 82306732    0    0     0 572360 196846 1238418 57 17 25  1  0  0
67  1 119836 69335752 2277536 82318124    0    0     0 566056 193879 1216678 56 18 26  1  0  0
58  0 119836 69324120 2277536 82329536    0    0     0 567808 196000 1217469 56 18 26  1  0  0
55  1 119836 69308124 2277536 82340924    0    0     0 590992 202545 1260016 57 18 24  1  0  0
74  1 119836 69300912 2277536 82352512    0    0     0 590380 200835 1245327 57 18 24  1  0  0
60  2 119836 69287796 2277540 82364160    0    0     0 590152 200669 1241005 56 18 24  1  0  0
67  1 119836 69277376 2277540 82375660    0    0     0 583248 199636 1231345 56 18 25  1  0  0
65  2 119836 69268412 2277540 82387100    0    0     0 586448 199192 1238959 56 18 25  1  0  0
procs -----------memory---------- ---swap-- -----io---- -system-- -------cpu-------
 r  b   swpd   free   buff  cache   si   so    bi    bo   in   cs us sy id wa st gu
53  2 119836 69256708 2277540 82398628    0    0     0 581688 198907 1234995 57 18 25  1  0  0
67  3 119836 69243760 2277540 82410116    0    0     0 585096 198941 1250697 57 18 24  1  0  0
68  1 119836 69234296 2277540 82421760    0    0     0 584100 200054 1241645 57 18 24  1  0  0
73  0 119836 69222144 2277540 82433392    0    0     0 584716 200209 1249275 58 18 23  1  0  0
68  0 119836 69207832 2277540 82444988    0    0     0 573564 195309 1189162 54 17 28  1  0  0
61  2 119836 69171424 2277540 82456060    0    0     0 577980 197054 1211628 55 17 26  1  0  0
72  0 119836 69162268 2277540 82467388    0    0     0 582612 198693 1231542 56 18 25  1  0  0
52  0 119836 69151456 2277544 82478680    0    0     0 576260 196733 1216864 56 18 26  1  0  0
64  0 119836 69132364 2277544 82490144    0    0     0 577616 197304 1233064 57 18 25  1  0  0
53  1 119836 69124500 2277544 82501744    0    0     0 580852 198616 1236493 56 18 25  1  0  0
63  2 119836 69110260 2277544 82513252    0    0     0 578196 199187 1240068 57 18 24  1  0  0
68  0 119836 69097844 2277544 82524768    0    0     0 571048 196840 1225250 56 18 25  1  0  0
58  1 119836 69084464 2277544 82536184    0    0     0 563060 193064 1209378 55 18 27  1  0  0
61  1 119836 69077856 2277544 82547440    0    0     0 568132 194755 1213416 55 17 26  1  0  0
74  0 119836 69067256 2277544 82558868    0    0     0 582152 198883 1238209 56 18 25  1  0  0
61  1 119836 69053820 2277544 82570348    0    0     0 586964 201029 1255674 58 18 24  1  0  0
49  2 119836 69042832 2277544 82581996    0    0     0 572288 194517 1196212 54 17 27  1  0  0
57  0 119836 69030444 2277544 82593200    0    0     0 578548 196728 1210821 55 17 26  1  0  0
65  0 119836 69017992 2277544 82604456    0    0     0 577488 198423 1238361 57 18 25  1  0  0
70  0 119836 69005804 2277544 82616064    0    0     0 582156 197725 1241594 57 18 25  1  0  0
62  0 119836 68993068 2277544 82627528    0    0     0 582412 199177 1244520 57 18 24  1  0  0
procs -----------memory---------- ---swap-- -----io---- -system-- -------cpu-------
 r  b   swpd   free   buff  cache   si   so    bi    bo   in   cs us sy id wa st gu
61  0 119836 68978064 2277544 82639228    0    0     0 584596 199439 1239289 57 18 24  1  0  0
70  0 119836 68931428 2277544 82650760    0    0     0 567588 192274 1162405 52 17 31  1  0  0
67  1 119836 68977480 2277548 82661556    0    0     0 576652 196611 1213869 56 17 26  1  0  0
51  2 119836 68967932 2277548 82672840    0    0     0 573528 191722 1179513 53 17 29  1  0  0
68  0 119836 68957032 2277548 82683908    0    0     0 583776 195321 1212118 55 18 27  1  0  0
64  1 119836 68948592 2277548 82695108    0    0     0 591292 199395 1235417 56 18 25  1  0  0
71  1 119836 68932444 2277548 82706540    0    0     0 595288 199253 1239421 57 18 25  1  0  0
70  0 119836 68924704 2277548 82718144    0    0     0 596004 199018 1247186 57 18 25  1  0  0
57  0 119836 68911888 2277548 82729744    0    0     0 597600 199733 1252671 57 18 24  1  0  0
46  0 119836 68900768 2277548 82741320    0    0     0 586812 197117 1232202 56 18 25  1  0  0
63  1 119836 68890428 2277548 82752772    0    0     0 568720 195345 1223620 56 17 26  1  0  0
60  0 119836 68881832 2277548 82764120    0    0     0 572836 195708 1227212 56 18 25  1  0  0
64  0 119836 68870572 2277548 82775596    0    0     0 578128 197357 1228577 56 18 25  1  0  0
68  1 119836 68854176 2277548 82787128    0    0     0 581396 199622 1243608 57 18 24  1  0  0
70  1 119836 68849796 2277548 82798752    0    0     0 577240 198712 1233207 56 18 26  1  0  0
56  0 119836 68837288 2277548 82810144    0    0     0 576220 196939 1215983 56 17 26  1  0  0
64  0 119836 68829540 2277548 82821456    0    0     0 581752 199034 1239496 57 18 25  1  0  0
60  1 119836 68817532 2277548 82832908    0    0     0 575612 197416 1220192 56 18 26  1  0  0
58  1 119836 68809324 2277548 82844284    0    0     0 578120 197342 1250696 57 18 24  1  0  0
66  1 119836 68800720 2277548 82855992    0    0     0 576076 197432 1222191 56 18 25  1  0  0
63  1 119836 68784704 2277548 82867256    0    0     0 575948 198712 1245899 57 18 24  1  0  0
procs -----------memory---------- ---swap-- -----io---- -system-- -------cpu-------
 r  b   swpd   free   buff  cache   si   so    bi    bo   in   cs us sy id wa st gu
63  1 119836 68769052 2277548 82878964    0    0     0 569636 195103 1202903 55 17 27  1  0  0
63  1 119836 68758096 2277548 82890192    0    0     0 567668 194644 1201240 55 17 27  1  0  0
64  0 119836 68745160 2277548 82901396    0    0     0 574224 197358 1220115 56 17 26  1  0  0
53  0 119836 68735924 2277548 82912624    0    0     0 582204 198913 1238449 57 18 25  1  0  0
63  0 119836 68725124 2277548 82924152    0    0     0 577352 198306 1224622 55 18 26  1  0  0
48  0 119836 68710592 2277548 82935428    0    0     0 588620 201520 1262835 58 18 23  1  0  0
58  0 119836 68704660 2277548 82947144    0    0     0 589736 200772 1263787 57 18 24  1  0  0
67  0 119836 68691768 2277548 82958908    0    0     0 581092 198635 1246815 57 18 24  1  0  0
70  1 119836 68678056 2277548 82970476    0    0     0 555732 190341 1205281 55 17 27  1  0  0
65  0 119836 68671296 2277548 82981692    0    0     0 571188 196444 1226460 56 18 25  1  0  0
64  0 119836 68634588 2277548 82993404    0    0     0 579272 197574 1229605 56 18 25  1  0  0
65  0 119836 68623608 2277548 83004564    0    0     0 577524 197489 1229279 56 18 25  1  0  0
69  0 119836 68612504 2277548 83016044    0    0     0 578208 198378 1238698 57 18 24  1  0  0
65  1 119836 68600920 2277548 83028284    0    0     0 574244 196490 1220357 55 18 26  1  0  0
58  0 119836 68589028 2277548 83038892    0    0     0 575724 193960 1194860 54 17 28  1  0  0
68  0 119836 68577360 2277552 83049940    0    0     0 583572 199490 1229309 57 18 25  1  0  0
64  1 119836 68564472 2277552 83061492    0    0     0 582956 199036 1246764 57 18 24  1  0  0
63  1 119836 68554488 2277552 83073072    0    0     0 583508 199686 1252907 58 18 24  1  0  0
66  1 119836 68542832 2277552 83084836    0    0     0 580968 199827 1234835 57 18 24  1  0  0
69  0 119836 68535580 2277552 83096240    0    0     0 587856 200847 1247962 58 18 24  1  0  0
66  1 119836 68525208 2277552 83107904    0    0     0 571728 194929 1183171 54 17 27  1  0  0
procs -----------memory---------- ---swap-- -----io---- -system-- -------cpu-------
 r  b   swpd   free   buff  cache   si   so    bi    bo   in   cs us sy id wa st gu
53  2 119836 68510660 2277552 83119548    0    0     0 581700 198222 1218594 56 18 25  1  0  0
65  1 119836 68501904 2277552 83130320    0    0     0 586484 200768 1246490 57 18 24  1  0  0
70  0 119836 68484592 2277552 83141916    0    0     0 590008 201388 1251126 57 18 24  1  0  0
74  1 119836 68470788 2277552 83154488    0    0     0 589420 200685 1246882 57 18 24  1  0  0
60  2 119836 68459924 2277552 83165104    0    0     0 590148 201775 1251212 57 18 24  1  0  0
70  0 119836 68447112 2277552 83177108    0    0     0 577188 198761 1240209 57 18 25  1  0  0
69  0 119836 68396608 2277552 83189448    0    0     0 557212 190069 1153030 52 16 31  1  0  0
63  1 119836 68437148 2277556 83199024    0    0     0 576284 196881 1231766 56 18 26  1  0  0
66  0 119836 68427544 2277556 83211020    0    0     0 580040 200869 1243685 57 18 24  1  0  0
64  1 119836 68413052 2277556 83221960    0    0     0 579572 201602 1240096 57 18 24  1  0  0
69  2 119836 68398924 2277556 83233476    0    0     0 577928 201951 1253008 58 18 23  1  0  0
55  2 119836 68389916 2277556 83246200    0    0     0 576760 200784 1248161 57 18 24  1  0  0
68  0 119836 68383188 2277556 83256836    0    0     0 573308 198262 1207805 55 18 26  1  0  0
60  2 119836 68372684 2277556 83268248    0    0     0 577584 201281 1246089 57 18 24  1  0  0
69  1 119836 68358068 2277556 83281124    0    0     0 581144 200951 1257146 58 18 23  1  0  0
56  1 119836 68351428 2277556 83291128    0    0     0 593460 199438 1227690 56 18 25  1  0  0
64  0 119836 68337772 2277556 83303404    0    0     0 599752 199998 1231643 57 18 25  1  0  0
54  0 119836 68324316 2277556 83315900    0    0     0 599424 198936 1236577 56 18 25  1  0  0
60  0 119836 68315688 2277556 83325604    0    0     0 595784 197560 1217426 56 18 26  1  0  0
60  0 119836 68302496 2277556 83337872    0    0     0 591308 196416 1197742 54 17 27  1  0  0
67  2 119836 68291592 2277556 83348168    0    0     0 592172 197541 1215675 56 18 26  1  0  0
procs -----------memory---------- ---swap-- -----io---- -system-- -------cpu-------
 r  b   swpd   free   buff  cache   si   so    bi    bo   in   cs us sy id wa st gu
62  1 119836 68283036 2277556 83359668    0    0     0 593576 198201 1216140 55 17 26  1  0  0
59  2 119836 68269216 2277556 83371880    0    0     0 594412 198709 1221929 56 18 25  1  0  0
66  0 119836 68260780 2277556 83382140    0    0     0 597156 198973 1231089 57 18 25  1  0  0
64  1 119836 68248792 2277556 83394124    0    0     0 583212 195582 1203825 55 17 27  1  0  0
60  0 119836 68238356 2277556 83406428    0    0     0 578208 192177 1185390 54 17 28  1  0  0
62  1 119836 68230812 2277556 83415736    0    0     0 581132 193802 1199532 55 17 27  1  0  0
71  1 119836 68223640 2277556 83427956    0    0     0 588412 200753 1249264 57 18 24  1  0  0
54  1 119836 68212560 2277556 83440456    0    0     0 587524 199034 1222853 56 18 26  1  0  0
70  1 119836 68198424 2277556 83450072    0    0     0 589108 200141 1236247 57 18 25  1  0  0
62  1 119836 68187524 2277556 83462628    0    0     0 573052 192518 1168798 53 17 29  1  0  0
68  0 119836 68178388 2277556 83471920    0    0     0 580936 197425 1207295 54 17 27  1  0  0
64  0 119836 68167076 2277556 83484024    0    0     0 591632 201483 1249540 57 18 24  1  0  0
66  0 119836 68157892 2277556 83496808    0    0     0 589232 201118 1235950 57 18 24  1  0  0
69  1 119836 68144844 2277560 83506620    0    0     0 592080 201475 1250025 58 18 24  1  0  0
67  1 119836 68131620 2277560 83519176    0    0     0 593696 200674 1246774 57 18 24  1  0  0
51  0 119836 68090612 2277560 83531592    0    0     0 587448 199853 1232929 56 18 25  1  0  0
57  1 119836 68078032 2277560 83541584    0    0     0 591512 200637 1251447 57 18 24  1  0  0
66  1 119836 68070860 2277560 83554184    0    0     0 588368 198592 1226594 56 18 26  1  0  0
59  2 119836 68060444 2277560 83566712    0    0     0 590728 200116 1237526 57 18 24  1  0  0
58  0 119836 68051840 2277560 83576436    0    0     0 587668 200356 1236791 57 18 25  1  0  0
68  0 119836 68036904 2277560 83589152    0    0     0 592596 199955 1242718 57 18 25  1  0  0
procs -----------memory---------- ---swap-- -----io---- -system-- -------cpu-------
 r  b   swpd   free   buff  cache   si   so    bi    bo   in   cs us sy id wa st gu
53  1 119836 68025356 2277560 83598848    0    0     0 585084 199236 1236299 56 18 25  1  0  0
67  1 119836 68013148 2277560 83611328    0    0     0 578956 198081 1231280 57 18 25  1  0  0
59  1 119836 68006160 2277560 83623884    0    0     0 579292 197344 1225336 57 18 25  1  0  0
52  1 119836 67997112 2277560 83633512    0    0     0 585692 199220 1228815 57 18 25  1  0  0
70  1 119836 67982888 2277560 83646244    0    0     0 591536 200163 1245810 57 18 24  1  0  0
62  0 119836 67966992 2277560 83658884    0    0     0 590976 200132 1244529 57 18 24  1  0  0
61  1 119836 67955828 2277560 83668548    0    0     0 589672 201148 1250542 57 18 24  1  0  0
46  1 119836 67939800 2277564 83681356    0    0     0 585924 197783 1201747 55 17 26  1  0  0
67  1 119836 67926460 2277564 83693468    0    0     0 588128 200722 1226474 56 18 25  1  0  0
64  0 119836 67920268 2277564 83702976    0    0     0 588152 201124 1235158 57 18 25  1  0  0
56  2 119836 67906664 2277564 83715744    0    0     0 592380 200983 1236923 57 18 24  1  0  0
57  0 119836 67896132 2277564 83725968    0    0     0 593160 202235 1246458 57 18 24  1  0  0
70  1 119836 67843788 2277564 83737664    0    0     0 570004 192199 1155391 52 16 31  1  0  0
71  0 119836 67894248 2277564 83750000    0    0     0 589336 200581 1230050 56 18 25  1  0  0
72  0 119836 67881672 2277564 83759684    0    0     0 585160 199593 1233607 56 18 25  1  0  0
66  0 119836 67872120 2277564 83772236    0    0     0 585928 198348 1220921 56 17 26  1  0  0
60  1 119836 67860004 2277564 83784612    0    0     0 586512 200140 1224513 56 18 25  1  0  0
68  1 119836 67845468 2277564 83794188    0    0     0 586856 199723 1239451 57 18 25  1  0  0
60  1 119836 67838816 2277564 83806464    0    0     0 589604 199897 1227901 56 18 25  1  0  0
68  0 119836 67824436 2277564 83819188    0    0     0 583928 199491 1236142 57 18 24  1  0  0
67  1 119836 67808504 2277564 83828836    0    0     0 572324 196667 1211471 56 18 26  1  0  0
procs -----------memory---------- ---swap-- -----io---- -system-- -------cpu-------
 r  b   swpd   free   buff  cache   si   so    bi    bo   in   cs us sy id wa st gu
68  0 119836 67799632 2277564 83841500    0    0     0 574208 196900 1208209 56 18 26  1  0  0
67  0 119836 67789444 2277564 83853756    0    0     0 586860 200701 1239087 57 18 24  1  0  0
66  1 119836 67783244 2277568 83863516    0    0     0 591236 200794 1240851 57 18 24  1  0  0
62  0 119836 67770896 2277568 83876144    0    0     0 583056 198942 1215307 56 18 26  1  0  0
60  0 119836 67762604 2277568 83885400    0    0     0 587096 200604 1234422 57 18 24  1  0  0
64  0 119836 67749636 2277568 83898044    0    0     0 580692 197230 1196032 54 17 27  1  0  0
68  0 119836 67736116 2277568 83910284    0    0     0 587092 200797 1237580 57 18 24  1  0  0
72  0 119836 67726628 2277568 83919976    0    0     0 591956 202470 1255793 58 18 23  1  0  0
66  0 119836 67713212 2277568 83932788    0    0     0 592864 202624 1255503 58 18 23  1  0  0
69  0 119836 67703560 2277568 83945424    0    0     0 587808 201712 1240439 57 18 24  1  0  0
65  0 119836 67691224 2277568 83955520    0    0     0 591072 201344 1248446 57 18 24  1  0  0
61  0 119836 67677768 2277568 83968048    0    0     0 592244 202586 1246319 57 18 24  1  0  0
73  1 119836 67667636 2277568 83981012    0    0     0 591036 200104 1238477 56 18 25  1  0  0
58  0 119836 67653928 2277568 83990368    0    0     0 582552 199201 1211969 56 17 26  1  0  0
66  1 119836 67645828 2277568 84002980    0    0     0 591448 199859 1248278 57 18 25  1  0  0
62  1 119836 67626640 2277568 84012596    0    0     0 580996 198708 1207398 55 17 28  1  0  0
71  0 119836 67615904 2277568 84024840    0    0     0 589960 201558 1254260 57 18 24  1  0  0
50  0 119836 67607804 2277568 84037784    0    0     0 576480 198225 1228030 56 18 25  1  0  0
57  1 119836 67596812 2277568 84047364    0    0     0 572012 193604 1221392 56 18 26  1  0  0
56  0 119836 67584816 2277568 84059816    0    0     0 576116 195491 1231436 56 18 26  1  0  0
72  0 119836 67550668 2277568 84072400    0    0     0 583868 198035 1231117 56 18 25  1  0  0
procs -----------memory---------- ---swap-- -----io---- -system-- -------cpu-------
 r  b   swpd   free   buff  cache   si   so    bi    bo   in   cs us sy id wa st gu
60  1 119836 67540232 2277568 84081868    0    0     0 583984 198613 1224536 56 18 26  1  0  0
65  0 119836 67525184 2277568 84094352    0    0     0 582328 197970 1227877 56 18 25  1  0  0
61  0 119836 67511640 2277568 84107120    0    0     0 582564 197656 1227842 56 18 25  1  0  0
61  0 119836 67501400 2277568 84116428    0    0     0 583648 197625 1228247 56 18 25  1  0  0
69  1 119836 67484688 2277568 84128960    0    0     0 581840 196127 1214292 55 18 27  1  0  0
59  1 119836 67470608 2277568 84138540    0    0     0 585832 198720 1243505 57 18 24  1  0  0
66  0 119836 67463296 2277568 84151264    0    0     0 586388 198201 1230553 56 18 26  1  0  0
54  0 119836 67447624 2277568 84163972    0    0     0 586480 200238 1247015 57 18 24  1  0  0
66  1 119836 67443400 2277568 84173564    0    0     0 585920 198557 1229165 56 18 25  1  0  0
66  0 119836 67427400 2277568 84185980    0    0     0 587952 202933 1235355 56 18 25  1  0  0
62  1 119836 67415520 2277568 84198448    0    0     0 577548 196291 1203380 55 17 27  1  0  0
66  1 119836 67407360 2277568 84208040    0    0     0 584328 198076 1228998 56 18 26  1  0  0
54  1 119836 67399044 2277568 84220120    0    0     0 582608 198215 1238669 56 18 25  1  0  0
61  0 119836 67383068 2277568 84233276    0    0     0 585172 199107 1232082 57 18 25  1  0  0
62  1 119836 67375176 2277568 84242904    0    0     0 586440 199185 1238974 57 17 25  1  0  0
59  1 119836 67359872 2277568 84255332    0    0     0 576268 194699 1228837 56 17 26  1  0  0
73  0 119836 67351432 2277572 84264692    0    0     0 573308 195309 1241588 57 18 25  1  0  0
65  0 119836 67298872 2277572 84277236    0    0     0 560308 189262 1142067 52 16 31  1  0  0
72  0 119836 67334960 2277572 84289356    0    0     0 576368 200643 1221239 56 18 26  1  0  0
64  0 119836 67333280 2277572 84298612    0    0     0 577108 198747 1231392 56 18 25  1  0  0
