procs -----------memory---------- ---swap-- -----io---- -system-- -------cpu-------
 r  b   swpd   free   buff  cache   si   so    bi    bo   in   cs us sy id wa st gu
 4  0 119836 2979020 2280664 172832916   49   77 275971 342352 147482   38 35  4 58  3  0  0
26  0 119836 2929880 2280664 172832972    0    0     0 314944 99696 38002 40  1 60  0  0  0
16 19 119836 2844324 2280664 172834868    0    0 592016 389440 167257 466565 18  4 67 11  0  0
16 17 119836 2836568 2280664 172839596    0    0 823872 537156 214687 664946 18  6 61 16  0  0
24 10 119836 2834712 2280664 172843108    0    0 825248 549176 215677 668772 18  6 61 16  0  0
 9  1 119836 2833812 2280664 172847672    0    0 863424 604112 224489 703847 19  6 61 15  0  0
21 14 119836 2831488 2280664 172851312    0    0 831200 641960 221839 675671 18  6 62 14  0  0
23 12 119836 2829852 2280664 172855964    0    0 839552 630504 222527 681734 18  6 62 14  0  0
22 12 119836 2825960 2280664 172860508    0    0 848176 615272 222948 690683 18  6 61 14  0  0
14  7 119836 2822944 2280664 172864276    0    0 839696 644856 223634 684824 18  6 62 14  0  0
21 12 119836 2820992 2280664 172868556    0    0 834096 629368 222048 683443 18  6 62 14  0  0
25 11 119836 2819664 2280664 172873128    0    0 840736 627808 222613 686693 18  6 62 14  0  0
26 10 119836 2817644 2280664 172876604    0    0 836240 631024 223431 688781 18  6 62 14  0  0
33  8 119836 2814840 2280664 172881220    0    0 837648 632440 222700 691732 18  6 62 14  0  0
26 13 119836 2809092 2280664 172885600    0    0 837712 628336 221446 676718 18  6 62 14  0  0
27 10 119836 2804364 2280664 172889252    0    0 842320 626548 220576 679829 18  6 62 14  0  0
22 16 119836 2803652 2280664 172893864    0    0 835792 632880 220596 676460 18  6 62 14  0  0
18 16 119836 2800436 2280664 172897384    0    0 836032 626940 218742 672751 18  6 62 14  0  0
18 17 119836 2795400 2280664 172901640    0    0 790880 611936 212303 638145 17  6 63 15  0  0
18 16 119836 2790556 2280664 172905944    0    0 783792 606172 211067 630491 17  5 63 15  0  0
 5  1 119836 2788184 2280664 172909064    0    0 788624 620608 212410 636238 17  5 62 15  0  0
procs -----------memory---------- ---swap-- -----io---- -system-- -------cpu-------
 r  b   swpd   free   buff  cache   si   so    bi    bo   in   cs us sy id wa st gu
17  6 119836 2781200 2280664 172913452    0    0 784400 631384 213844 635616 17  6 62 15  0  0
21 14 119836 2776984 2280664 172917744    0    0 803536 643432 217003 656271 17  6 63 14  0  0
22 13 119836 2773656 2280664 172921144    0    0 821280 660608 219670 666654 18  6 62 14  0  0
15  3 119836 2768700 2280664 172925732    0    0 821168 667408 219631 667787 18  6 62 14  0  0
22 11 119836 2869748 2280664 172837472    0    0 827696 659732 220571 671575 18  6 62 14  0  0
22 11 119836 2867008 2280664 172841032    0    0 816864 674676 220922 667648 18  6 63 14  0  0
 4  2 119836 2857792 2280664 172845500    0    0 810848 669840 220632 663253 17  6 63 14  0  0
25 11 119836 2857320 2280664 172848684    0    0 821216 661336 220366 667072 18  6 63 14  0  0
20  2 119836 2853164 2280664 172853164    0    0 821424 661200 220787 667754 18  6 62 14  0  0
28 10 119836 2846568 2280664 172857584    0    0 827952 648940 221141 673682 18  6 62 14  0  0
 5  4 119836 2841084 2280664 172861212    0    0 812848 670644 219786 660423 17  6 63 14  0  0
23 13 119836 2839180 2280664 172865532    0    0 831632 661700 221581 675126 18  6 62 14  0  0
25 10 119836 2834740 2280664 172869820    0    0 822784 650764 218709 662687 18  6 63 14  0  0
10  3 119836 2831416 2280664 172873064    0    0 783632 630820 213072 635487 17  6 63 15  0  0
 3  2 119836 2827460 2280664 172877392    0    0 790512 610340 211392 632558 17  6 63 15  0  0
33 15 119836 2823756 2280664 172881564    0    0 799744 634860 214157 644277 17  6 63 14  0  0
26  9 119836 2822100 2280664 172885084    0    0 795888 620968 213060 640682 17  6 62 15  0  0
22 13 119836 2818388 2280664 172889224    0    0 778384 625616 211507 630185 17  5 63 15  0  0
 8  1 119836 2814400 2280664 172892768    0    0 803376 645532 217819 656623 17  6 63 14  0  0
26  8 119836 2809172 2280664 172897312    0    0 818464 642824 218697 661278 18  6 63 14  0  0
18 16 119836 2806368 2280664 172901368    0    0 811712 654340 217889 659109 18  6 63 14  0  0
procs -----------memory---------- ---swap-- -----io---- -system-- -------cpu-------
 r  b   swpd   free   buff  cache   si   so    bi    bo   in   cs us sy id wa st gu
21 14 119836 2802360 2280664 172905056    0    0 819952 648160 218242 660321 17  6 63 14  0  0
 6  2 119836 2796604 2280664 172909432    0    0 815584 658052 219394 660312 18  6 63 14  0  0
20 16 119836 2791640 2280664 172913576    0    0 817248 655084 219469 663871 17  6 63 14  0  0
27  8 119836 2786060 2280664 172917376    0    0 818768 650996 218932 660574 17  6 63 14  0  0
23 13 119836 2781232 2280664 172921760    0    0 814368 652540 219478 665128 17  6 63 14  0  0
18 16 119836 2780232 2280664 172925320    0    0 811040 657576 218776 660394 17  6 63 14  0  0
23 13 119836 2774276 2280664 172929672    0    0 823744 658096 220883 667302 17  6 63 14  0  0
 2  3 119836 2771140 2280664 172933892    0    0 817856 657176 218887 663479 18  6 63 14  0  0
 7  1 119836 3028492 2280664 172688600    0    0 810352 657452 217707 656380 18  6 63 14  0  0
 9  3 119836 3022772 2280664 172692156    0    0 779712 630684 211687 629114 17  5 63 15  0  0
21 12 119836 3019152 2280664 172695980    0    0 757888 622944 210307 619474 16  5 64 14  0  0
14 16 119836 3014188 2280664 172699512    0    0 791472 660336 216917 647468 17  6 63 14  0  0
24 12 119836 3008664 2280664 172703736    0    0 781152 628596 211776 631641 17  6 63 15  0  0
21 13 119836 3005000 2280664 172707420    0    0 764208 629248 209301 619423 16  5 64 15  0  0
 2  4 119836 2999260 2280664 172711244    0    0 808304 657952 218629 655745 18  6 63 14  0  0
26  9 119836 2995472 2280664 172715384    0    0 810896 667680 218465 661250 17  6 63 14  0  0
27  9 119836 2992096 2280664 172718836    0    0 808400 667796 218450 658061 18  6 63 14  0  0
 7  2 119836 2986104 2280664 172723420    0    0 808880 672636 219082 660650 17  6 63 14  0  0
 5  5 119836 2982576 2280664 172727392    0    0 810576 677136 219084 658178 17  6 63 14  0  0
21 16 119836 2978920 2280664 172731036    0    0 814112 666036 219427 661170 17  6 63 14  0  0
23 14 119836 2970560 2280664 172735452    0    0 802720 668180 218559 657075 17  6 63 14  0  0
procs -----------memory---------- ---swap-- -----io---- -system-- -------cpu-------
 r  b   swpd   free   buff  cache   si   so    bi    bo   in   cs us sy id wa st gu
 8  7 119836 2964512 2280664 172739432    0    0 820272 669956 220894 666187 18  6 62 14  0  0
16 20 119836 2963672 2280664 172743400    0    0 824272 677564 221520 670028 18  6 62 14  0  0
25 13 119836 2960580 2280664 172747744    0    0 824656 674640 221246 670434 18  6 63 14  0  0
10 22 119836 2955368 2280664 172751656    0    0 802544 663508 217592 651793 17  6 63 14  0  0
20 14 119836 2953828 2280664 172755468    0    0 778112 636292 212859 631065 17  5 63 15  0  0
21 14 119836 2924220 2280664 172759428    0    0 783104 631844 212290 635160 17  6 63 15  0  0
27  9 119836 2918580 2280664 172763108    0    0 815312 680096 219949 662418 17  6 63 14  0  0
16 18 119836 2914708 2280664 172767408    0    0 794560 641208 215130 644664 17  6 63 15  0  0
19 15 119836 2911784 2280664 172771280    0    0 791744 647432 215128 640702 17  6 63 15  0  0
19 14 119836 2909080 2280664 172775048    0    0 808736 651020 217474 655728 17  6 62 15  0  0
19 15 119836 2902988 2280664 172779364    0    0 821712 677852 221865 666620 18  6 63 14  0  0
 4  0 119836 2898232 2280664 172783488    0    0 822512 676968 220931 672739 18  6 62 14  0  0
 5  2 119836 2894564 2280664 172787528    0    0 832272 674056 221368 674549 18  6 62 14  0  0
27  8 119836 2890596 2280664 172791744    0    0 821904 672296 220176 666474 18  6 63 14  0  0
24  7 119836 2890040 2280664 172795776    0    0 821600 668772 220432 667729 17  6 63 14  0  0
 6  4 119836 2883432 2280664 172799832    0    0 823424 677608 221588 667404 18  6 63 14  0  0
24 15 119836 2878864 2280664 172803968    0    0 821616 669092 219804 667916 18  6 63 14  0  0
28 10 119836 2875408 2280664 172807940    0    0 824608 669928 221007 671599 18  6 62 14  0  0
25 13 119836 2874276 2280664 172812200    0    0 813488 669960 217784 657713 17  6 63 14  0  0
26  9 119836 2868756 2280664 172816256    0    0 822320 670064 218999 666172 18  6 62 15  0  0
23 11 119836 2866356 2280664 172820124    0    0 788352 635032 212996 637640 17  6 63 15  0  0
procs -----------memory---------- ---swap-- -----io---- -system-- -------cpu-------
 r  b   swpd   free   buff  cache   si   so    bi    bo   in   cs us sy id wa st gu
19 12 119836 2864988 2280664 172824108    0    0 785488 640904 212865 638075 17  6 63 15  0  0
22 13 119836 2859168 2280664 172828164    0    0 813008 675016 219924 662633 17  6 63 14  0  0
22 13 119836 2858208 2280664 172832128    0    0 795344 661356 217357 653133 17  6 63 14  0  0
29  8 119836 2853352 2280664 172836052    0    0 795440 635124 213675 640041 17  5 63 15  0  0
19 16 119836 2850180 2280664 172840016    0    0 773264 649660 211669 626656 17  6 63 15  0  0
20 15 119836 2843936 2280664 172843956    0    0 830272 661444 220315 669921 18  6 62 14  0  0
17 15 119836 2838436 2280664 172848092    0    0 816016 677520 220656 664006 17  6 63 14  0  0
17 16 119836 2836096 2280664 172852044    0    0 826032 680764 222348 669887 18  6 62 14  0  0
 7  0 119836 2831296 2280664 172856344    0    0 834736 679136 221614 677814 18  6 62 14  0  0
23 12 119836 2823624 2280664 172860380    0    0 817616 683784 220354 664396 17  6 63 14  0  0
19 15 119836 2820020 2280664 172864380    0    0 821440 681476 221011 666786 18  6 63 14  0  0
 8 14 119836 2813064 2280664 172868532    0    0 815408 686588 221128 663722 17  6 63 14  0  0
26 16 119836 2804760 2280664 172872580    0    0 816944 673000 219970 666338 17  6 63 14  0  0
19 17 119836 2802288 2280664 172876692    0    0 826240 673424 221698 674398 18  6 63 14  0  0
20 17 119836 2798952 2280664 172880720    0    0 806608 667220 218711 653378 17  6 63 14  0  0
29 11 119836 2795284 2280664 172884624    0    0 781184 649528 213449 631688 17  6 63 15  0  0
27 11 119836 2792564 2280664 172888532    0    0 785840 643288 213510 639522 17  6 63 15  0  0
 5  3 119836 2787516 2280664 172892452    0    0 809040 657988 219699 660255 17  6 63 14  0  0
26  8 119836 2783908 2280664 172896552    0    0 801728 675872 218509 656813 17  6 63 14  0  0
28  9 119836 2779076 2280664 172900456    0    0 786320 639940 213441 632659 17  5 63 15  0  0
11  3 119836 2776064 2280664 172904296    0    0 773264 638680 212264 628591 16  6 63 15  0  0
procs -----------memory---------- ---swap-- -----io---- -system-- -------cpu-------
 r  b   swpd   free   buff  cache   si   so    bi    bo   in   cs us sy id wa st gu
23 14 119836 2770324 2280664 172908312    0    0 825584 673580 221981 670989 18  6 62 14  0  0
26  9 119836 3031548 2280664 172662892    0    0 824048 687900 221554 669114 18  6 62 14  0  0
27  9 119836 3026316 2280664 172666864    0    0 819104 668140 219785 666953 18  6 63 14  0  0
14 20 119836 3021776 2280664 172670960    0    0 821664 676036 220391 666124 17  6 63 14  0  0
27  8 119836 3012652 2280664 172675060    0    0 825312 673776 221604 672152 18  6 62 14  0  0
25  9 119836 3009828 2280664 172679048    0    0 824272 676652 221699 672998 18  6 63 14  0  0
20 15 119836 3004392 2280664 172683120    0    0 816688 675588 220697 666099 17  6 63 14  0  0
19 16 119836 3001696 2280664 172687244    0    0 823040 671220 221113 670508 18  6 63 14  0  0
23 12 119836 2996560 2280664 172691232    0    0 818096 676980 220564 665876 18  6 63 14  0  0
20 16 119836 2991688 2280664 172695308    0    0 819632 669816 220576 663889 17  6 63 14  0  0
26 13 119836 2988824 2280664 172699208    0    0 800352 635320 213354 641756 17  6 62 15  0  0
 5  6 119836 2984280 2280664 172703116    0    0 781008 637768 211552 628046 17  6 63 14  0  0
18  2 119836 2974064 2280664 172707056    0    0 817456 663008 219146 660788 17  6 63 14  0  0
23 12 119836 2928632 2280664 172710840    0    0 743664 639004 209497 604009 16  5 67 12  0  0
25 13 119836 2930552 2280664 172714844    0    0 802096 653164 219146 660169 18  5 62 15  0  0
 3  4 119836 2921044 2280664 172718728    0    0 779536 652892 215838 644208 17  5 63 15  0  0
26  8 119836 2975540 2280664 172722644    0    0 798176 657404 216992 652582 17  6 63 14  0  0
20 12 119836 2974960 2280664 172726668    0    0 818672 668376 219259 663882 18  6 63 14  0  0
24 10 119836 2966268 2280664 172730672    0    0 812512 681344 219827 656066 17  6 63 14  0  0
14 22 119836 2958852 2280664 172734788    0    0 825984 683924 222435 669969 18  6 62 14  0  0
19 14 119836 2960432 2280664 172738904    0    0 824832 675968 220493 665572 18  6 63 14  0  0
procs -----------memory---------- ---swap-- -----io---- -system-- -------cpu-------
 r  b   swpd   free   buff  cache   si   so    bi    bo   in   cs us sy id wa st gu
21 12 119836 2957344 2280664 172742948    0    0 824592 683844 221458 673470 17  6 63 14  0  0
 4  2 119836 2947932 2280664 172747032    0    0 823232 674120 220857 670117 17  6 62 14  0  0
 6  1 119836 2940524 2280664 172751144    0    0 817984 678920 220252 665432 17  6 63 14  0  0
26 14 119836 2932296 2280664 172755176    0    0 816640 678516 220981 664799 17  6 63 14  0  0
23 12 119836 2931080 2280664 172759320    0    0 831376 661808 220016 672244 17  6 63 14  0  0
18 15 119836 2924800 2280664 172763224    0    0 773328 646312 212463 626288 17  5 63 14  0  0
21 13 119836 2921688 2280664 172767144    0    0 792256 638860 213853 637254 17  6 63 15  0  0
12  3 119836 2917532 2280664 172771120    0    0 803312 667320 218337 653055 17  6 63 14  0  0
19 15 119836 2913028 2280664 172775204    0    0 830128 674916 221101 671553 18  6 62 14  0  0
17 17 119836 2912628 2280664 172779196    0    0 797744 660176 215373 647616 17  6 63 14  0  0
16 18 119836 2909344 2280664 172783120    0    0 779696 646184 213349 633415 17  5 63 15  0  0
29  7 119836 2906656 2280664 172786960    0    0 797776 644448 216227 646471 17  6 63 15  0  0
17 16 119836 2896100 2280664 172790984    0    0 816080 677080 219877 658882 17  6 63 14  0  0
25  9 119836 2891968 2280664 172795092    0    0 828208 670896 221554 672382 18  6 62 14  0  0
17 19 119836 2887004 2280664 172799184    0    0 821088 689848 220543 665168 17  6 63 14  0  0
19 15 119836 2885636 2280664 172803332    0    0 829936 675588 220320 671291 18  6 62 14  0  0
 2  8 119836 2879012 2280664 172807464    0    0 828400 670044 220894 672499 18  6 63 14  0  0
 8  2 119836 2875276 2280664 172811556    0    0 821104 679440 220396 664959 17  6 63 14  0  0
25 11 119836 2872300 2280664 172815628    0    0 828416 673996 220899 669339 17  6 63 14  0  0
 6  5 119836 2867424 2280664 172819632    0    0 818960 678188 220526 666897 18  6 63 14  0  0
23 15 119836 2867188 2280664 172823828    0    0 821088 674608 221902 674770 17  6 63 14  0  0
procs -----------memory---------- ---swap-- -----io---- -system-- -------cpu-------
 r  b   swpd   free   buff  cache   si   so    bi    bo   in   cs us sy id wa st gu
10  6 119836 2863068 2280664 172827752    0    0 792688 652612 215486 639910 17  6 63 15  0  0
20 17 119836 2858532 2280664 172831728    0    0 785344 648924 213074 633307 17  5 63 15  0  0
 7  1 119836 2854844 2280664 172835640    0    0 810560 654404 217633 654625 17  6 63 15  0  0
 6  1 119836 2851596 2280664 172839756    0    0 825776 676996 221492 667887 18  6 62 14  0  0
 9  1 119836 2849516 2280664 172843776    0    0 815456 674084 220007 661715 17  6 63 14  0  0
20 13 119836 2845660 2280664 172847648    0    0 776704 643888 211197 623757 17  5 63 15  0  0
27  8 119836 2842356 2280664 172851572    0    0 775520 630764 211375 627820 17  5 63 15  0  0
 6  6 119836 2839412 2280664 172855528    0    0 816768 664528 219915 662207 18  6 63 14  0  0
18 18 119836 2834628 2280664 172859648    0    0 825952 671312 220458 670134 17  6 63 14  0  0
23  5 119836 2830436 2280664 172863756    0    0 828720 679332 221948 671052 18  6 62 14  0  0
22 13 119836 2826192 2280664 172867804    0    0 817232 677860 221198 667097 18  6 63 14  0  0
18 16 119836 2822720 2280664 172871796    0    0 815488 674832 219337 661422 17  6 63 14  0  0
20 14 119836 2819268 2280664 172875900    0    0 822608 684208 221596 669409 17  6 63 14  0  0
28 10 119836 2814408 2280664 172879952    0    0 820640 674320 221346 671229 18  6 63 14  0  0
23 13 119836 2807004 2280664 172884156    0    0 827744 677316 221456 671993 17  6 63 14  0  0
26  9 119836 2805532 2280664 172888112    0    0 819072 679428 220578 663680 17  6 63 14  0  0
21 17 119836 2803768 2280664 172892100    0    0 792864 657252 215267 642074 17  6 63 14  0  0
25 14 119836 2800964 2280664 172896112    0    0 788864 642700 211854 631038 17  6 63 15  0  0
21 13 119836 2796724 2280664 172900020    0    0 815696 670084 218265 658267 17  6 63 14  0  0
19 16 119836 2793120 2280664 172904156    0    0 814016 665616 219404 664296 17  6 63 14  0  0
17 16 119836 2789252 2280664 172908200    0    0 818800 677712 221091 663047 17  6 63 14  0  0
procs -----------memory---------- ---swap-- -----io---- -system-- -------cpu-------
 r  b   swpd   free   buff  cache   si   so    bi    bo   in   cs us sy id wa st gu
25 10 119836 2782452 2280664 172912192    0    0 787568 649400 214322 641375 17  5 63 15  0  0
 9 22 119836 2780224 2280664 172916060    0    0 779104 653112 211800 626018 17  5 63 15  0  0
15 18 119836 2777428 2280664 172920072    0    0 819792 660488 218918 660191 18  6 62 14  0  0
20 15 119836 2772092 2280664 172924144    0    0 824944 675200 221279 667736 18  6 63 14  0  0
19 13 119836 3032524 2280664 172678716    0    0 819168 681388 221887 670440 17  6 63 14  0  0
24 12 119836 3027444 2280664 172682620    0    0 813680 668932 219863 660581 17  6 63 14  0  0
22 14 119836 3022640 2280664 172686684    0    0 823600 675704 222043 673950 17  6 62 14  0  0
21 11 119836 3018004 2280664 172690700    0    0 816032 687752 222043 665806 17  6 63 14  0  0
22 13 119836 3012404 2280664 172694760    0    0 827136 674584 220991 667712 18  6 62 14  0  0
23  9 119836 3003444 2280664 172698812    0    0 816880 676228 220822 668675 18  6 63 14  0  0
22 16 119836 3001992 2280664 172702868    0    0 811856 667432 219168 656489 17  6 63 14  0  0
25 12 119836 2997468 2280664 172706716    0    0 782736 646604 215090 638630 17  5 63 15  0  0
25 12 119836 2993952 2280664 172710608    0    0 778192 641056 212936 633348 17  6 63 15  0  0
26 13 119836 2989836 2280664 172714512    0    0 814256 661456 218313 662605 17  6 63 14  0  0
29 10 119836 2985064 2280664 172718604    0    0 820016 680628 221229 667457 17  6 63 14  0  0
20 14 119836 2979456 2280664 172722652    0    0 820848 677200 221772 668360 18  6 63 14  0  0
19 15 119836 2973556 2280664 172726632    0    0 797616 660988 217204 650136 17  6 62 15  0  0
20 15 119836 2973176 2280664 172730584    0    0 782768 645644 213430 630147 17  5 63 15  0  0
20 14 119836 2965768 2280664 172734428    0    0 805760 640972 215901 645659 17  6 63 15  0  0
20 14 119836 2962860 2280664 172738360    0    0 798976 671700 218707 648853 17  6 64 14  0  0
23 11 119836 2958808 2280664 172742388    0    0 821840 674184 221163 666038 18  6 63 14  0  0
procs -----------memory---------- ---swap-- -----io---- -system-- -------cpu-------
 r  b   swpd   free   buff  cache   si   so    bi    bo   in   cs us sy id wa st gu
22 13 119836 2952700 2280664 172746488    0    0 824272 673404 221723 666863 17  6 63 14  0  0
19 15 119836 2949592 2280664 172750528    0    0 819552 678212 220740 663064 18  6 63 14  0  0
26  7 119836 2945488 2280664 172754616    0    0 822640 673240 220212 668421 18  6 63 14  0  0
23 12 119836 2942472 2280664 172758732    0    0 825552 679460 222161 669747 18  6 63 14  0  0
21 13 119836 2933560 2280664 172762724    0    0 817152 675904 219831 662748 17  6 63 14  0  0
18 16 119836 2931804 2280664 172766804    0    0 808304 670636 218242 653043 17  6 63 14  0  0
20 12 119836 2927760 2280664 172770688    0    0 789024 643960 214898 637924 17  5 63 15  0  0
19 14 119836 2926848 2280664 172774592    0    0 775840 645864 211519 627453 17  6 63 15  0  0
15 18 119836 2921360 2280664 172778592    0    0 821568 664452 220825 666496 17  6 63 14  0  0
23 12 119836 2915936 2280664 172782644    0    0 816080 668708 220122 661151 17  6 63 14  0  0
12 21 119836 2910536 2280664 172786680    0    0 817184 675536 220827 662406 17  6 63 14  0  0
17 20 119836 2902020 2280664 172790696    0    0 803104 659960 216047 648179 17  6 63 14  0  0
24 11 119836 2899620 2280664 172794632    0    0 799056 644400 214849 643938 17  6 62 15  0  0
24 10 119836 2891168 2280664 172798532    0    0 781696 641944 212133 629730 17  6 63 15  0  0
26 11 119836 2885788 2280664 172802512    0    0 819440 669536 220268 665020 17  6 63 14  0  0
25 11 119836 2866408 2280664 172806560    0    0 811120 679092 220517 661582 17  6 63 14  0  0
19 15 119836 2858512 2280664 172810660    0    0 824624 681896 221651 667665 17  6 63 14  0  0
20 15 119836 2859192 2280668 172814828    0    0 833408 679744 221942 674835 18  6 62 14  0  0
25 11 119836 2852324 2280668 172818880    0    0 827088 679820 220774 669430 18  6 62 14  0  0
23 12 119836 2851496 2280668 172822972    0    0 822976 684864 221644 670229 18  6 63 14  0  0
22 15 119836 2843176 2280668 172827100    0    0 827904 683648 220414 665865 18  6 63 14  0  0
procs -----------memory---------- ---swap-- -----io---- -system-- -------cpu-------
 r  b   swpd   free   buff  cache   si   so    bi    bo   in   cs us sy id wa st gu
18 19 119836 2840232 2280668 172831204    0    0 823920 674448 220410 666419 18  6 62 14  0  0
21 14 119836 2837112 2280668 172835116    0    0 788272 646048 214663 640113 17  6 63 15  0  0
 6 15 119836 2834888 2280668 172839080    0    0 791584 663056 215945 645753 17  6 63 15  0  0
28 12 119836 2828436 2280668 172843080    0    0 832032 670832 223315 681820 17  6 62 15  0  0
31  9 119836 2824144 2280668 172847168    0    0 822224 689268 223723 681840 17  6 62 14  0  0
25 11 119836 2820272 2280668 172851276    0    0 822432 686608 223377 677688 17  6 63 14  0  0
25 10 119836 2815496 2280668 172855424    0    0 822272 676404 219615 664686 17  6 62 14  0  0
19 12 119836 2813520 2280668 172859396    0    0 776288 636796 211728 626720 17  5 63 15  0  0
15 19 119836 2808656 2280668 172863244    0    0 780976 637556 212698 628602 17  5 63 15  0  0
19 15 119836 2803820 2280668 172867040    0    0 776992 626848 210813 627827 17  5 63 15  0  0
19 15 119836 2802316 2280668 172870972    0    0 786656 647180 212750 634123 17  6 63 15  0  0
22 13 119836 2799136 2280668 172874888    0    0 789072 642920 213105 637233 17  6 63 15  0  0
19 16 119836 2792088 2280668 172878884    0    0 787184 640900 211672 634546 17  5 63 15  0  0
22 13 119836 2790336 2280668 172882776    0    0 796576 645888 215088 645088 17  6 62 15  0  0
24 11 119836 2784804 2280668 172886624    0    0 786496 661528 216736 647139 17  6 63 15  0  0
18 17 119836 2780176 2280668 172890620    0    0 794112 650624 216348 648184 17  6 63 15  0  0
 6  1 119836 2771848 2280668 172894600    0    0 794000 653608 217296 650566 17  5 63 15  0  0
 5  3 119836 2770692 2280668 172898532    0    0 778992 640040 213362 633941 17  5 63 15  0  0
16 20 119836 3030816 2280668 172652884    0    0 758688 645816 211813 621840 16  5 63 15  0  0
15 16 119836 3024400 2280668 172656560    0    0 775456 633992 213234 633072 17  5 62 16  0  0
21 13 119836 3022204 2280668 172660432    0    0 790960 666676 217550 649955 17  6 63 15  0  0
procs -----------memory---------- ---swap-- -----io---- -system-- -------cpu-------
 r  b   swpd   free   buff  cache   si   so    bi    bo   in   cs us sy id wa st gu
25 14 119836 3018456 2280668 172664440    0    0 815840 680720 223942 675343 17  6 62 15  0  0
17 18 119836 3013828 2280668 172668440    0    0 817584 669592 221942 665747 17  6 63 14  0  0
26 10 119836 3007912 2280668 172672428    0    0 802128 667056 219107 657407 17  6 63 14  0  0
22 12 119836 3002116 2280668 172676344    0    0 801024 679444 221267 657455 17  6 63 14  0  0
12  9 119836 2997304 2280668 172680336    0    0 796928 672356 218795 655576 17  5 63 14  0  0
26 10 119836 2992584 2280668 172684228    0    0 809200 662876 219399 658403 17  6 63 14  0  0
21 12 119836 2984904 2280668 172688180    0    0 806432 672512 220494 657330 17  6 62 14  0  0
22 12 119836 2984172 2280668 172692240    0    0 812592 665352 220416 662400 17  6 62 15  0  0
22 11 119836 2980068 2280668 172696320    0    0 814608 674104 220671 660867 17  6 63 15  0  0
19 15 119836 2975892 2280668 172700272    0    0 812816 668232 220129 662548 17  6 63 14  0  0
23 12 119836 2970364 2280668 172704300    0    0 823312 658784 219326 661696 17  6 63 14  0  0
26 10 119836 2962728 2280668 172708316    0    0 794992 671648 217103 642774 17  6 63 14  0  0
18 14 119836 2961392 2280668 172712332    0    0 801824 659848 217042 652253 17  6 63 15  0  0
17 13 119836 2956132 2280668 172716252    0    0 771776 639752 212512 628159 16  6 63 15  0  0
20 16 119836 2952036 2280668 172719948    0    0 781472 632464 211992 630430 17  6 63 15  0  0
20 15 119836 2945264 2280672 172723948    0    0 793168 655896 215633 644980 17  6 62 15  0  0
24 11 119836 2941928 2280672 172727876    0    0 780544 643148 214603 635693 17  5 63 15  0  0
21 15 119836 2936084 2280672 172731796    0    0 798896 667024 218851 654646 17  6 63 15  0  0
24 11 119836 2931640 2280672 172735824    0    0 819136 679468 223621 673124 17  6 62 15  0  0
20 14 119836 2928300 2280672 172739896    0    0 816544 680648 222950 672788 18  5 62 14  0  0
21 14 119836 2924568 2280676 172743944    0    0 808560 679836 220206 662210 17  6 62 15  0  0
procs -----------memory---------- ---swap-- -----io---- -system-- -------cpu-------
 r  b   swpd   free   buff  cache   si   so    bi    bo   in   cs us sy id wa st gu
24 11 119836 2922256 2280676 172747980    0    0 802544 666948 219629 656080 17  6 63 14  0  0
23 10 119836 2916432 2280676 172751900    0    0 804160 677600 220946 660441 17  6 63 14  0  0
18 11 119836 2873584 2280676 172755588    0    0 746528 626620 210493 615712 16  5 65 13  0  0
29  7 119836 2867980 2280676 172759628    0    0 811632 680636 223228 668205 17  6 63 14  0  0
26  9 119836 2869996 2280676 172763652    0    0 804256 677688 221273 659590 17  6 63 14  0  0
12  2 119836 2925124 2280676 172767548    0    0 791936 637836 216466 649850 17  5 63 15  0  0
18 13 119836 2918108 2280676 172771476    0    0 774800 649132 212333 629505 17  5 64 14  0  0
14 12 119836 2913304 2280676 172775344    0    0 781792 644232 213520 633712 17  6 63 14  0  0
18 15 119836 2910616 2280676 172779220    0    0 775728 627112 211385 627127 17  5 63 15  0  0
15 18 119836 2906020 2280676 172783088    0    0 781648 634456 212155 635239 17  6 63 15  0  0
20 15 119836 2908796 2280676 172787020    0    0 800336 648312 215724 648496 17  6 63 15  0  0
18 16 119836 2905052 2280676 172790972    0    0 804576 666348 218035 652972 17  6 63 14  0  0
15 19 119836 2898600 2280676 172794952    0    0 812832 662492 218843 663535 17  6 63 14  0  0
20 11 119836 2890232 2280676 172798996    0    0 808368 667856 219513 657560 17  6 63 14  0  0
27 10 119836 2886264 2280676 172803080    0    0 809600 659296 218117 658653 17  6 63 14  0  0
23 13 119836 2879848 2280676 172807032    0    0 796704 661896 217612 652705 17  6 63 14  0  0
16 18 119836 2878032 2280676 172811040    0    0 802544 643072 216914 653004 17  6 63 15  0  0
 5  6 119836 2871712 2280676 172814944    0    0 775232 636268 211876 630405 17  5 63 15  0  0
 8  4 119836 2866380 2280676 172818856    0    0 789488 666100 216606 645196 17  6 63 14  0  0
17 20 119836 2864388 2280680 172822756    0    0 797472 660464 218114 648827 17  6 63 14  0  0
24 13 119836 2860936 2280680 172826724    0    0 792576 657432 215684 643265 17  6 63 14  0  0
procs -----------memory---------- ---swap-- -----io---- -system-- -------cpu-------
 r  b   swpd   free   buff  cache   si   so    bi    bo   in   cs us sy id wa st gu
25 10 119836 2855332 2280680 172830668    0    0 800896 660928 218109 656398 17  6 63 14  0  0
20 15 119836 2849388 2280680 172834636    0    0 797824 651384 216372 647671 17  6 63 14  0  0
15 23 119836 2841880 2280680 172838568    0    0 800720 662056 218533 653494 17  6 63 14  0  0
18 16 119836 2841236 2280680 172842524    0    0 770800 631188 211775 629571 17  6 63 15  0  0
 8  3 119836 2838292 2280680 172846328    0    0 770288 623084 210503 626459 17  5 63 15  0  0
11 25 119836 2833496 2280680 172850168    0    0 773472 644436 212917 628147 16  5 63 15  0  0
 5  0 119836 2827212 2280680 172854080    0    0 806016 645820 217642 653697 17  6 63 14  0  0
18 15 119836 2824716 2280680 172857988    0    0 792960 667772 218174 648440 17  6 63 14  0  0
20 15 119836 2820040 2280684 172862032    0    0 800560 660596 218332 654738 17  6 63 15  0  0
 9  2 119836 2817132 2280684 172866004    0    0 799600 647716 215455 649798 17  6 63 14  0  0
10  1 119836 2812412 2280684 172869976    0    0 802336 657800 218293 655588 17  6 63 14  0  0
30  7 119836 2810304 2280684 172874020    0    0 798304 663992 217162 648009 17  6 63 14  0  0
 8  7 119836 2804368 2280684 172877944    0    0 799040 655680 218151 653011 17  6 63 14  0  0
18 17 119836 2798468 2280684 172881924    0    0 797104 675896 218322 652555 17  6 63 14  0  0
16 18 119836 2795540 2280684 172885960    0    0 806144 662996 218569 654076 17  6 63 14  0  0
22 14 119836 2793084 2280684 172889940    0    0 805616 660640 218350 658582 17  6 63 14  0  0
20 15 119836 2791224 2280684 172894024    0    0 806528 661128 218652 663898 17  6 63 14  0  0
 6  5 119836 2785644 2280684 172898008    0    0 795568 654176 217838 650349 17  6 63 14  0  0
23 12 119836 2780064 2280684 172901964    0    0 809120 668212 220560 664723 17  6 63 14  0  0
24 16 119836 2780208 2280684 172906000    0    0 793024 655812 216247 648198 17  6 63 14  0  0
23 13 119836 2776860 2280684 172909884    0    0 778400 636072 213414 636384 17  6 63 15  0  0
procs -----------memory---------- ---swap-- -----io---- -system-- -------cpu-------
 r  b   swpd   free   buff  cache   si   so    bi    bo   in   cs us sy id wa st gu
 6  0 119836 2770768 2280684 172913656    0    0 777360 625552 211508 629586 17  6 63 15  0  0
21 12 119836 3029884 2280684 172670896    0    0 796720 660440 217949 650240 17  6 63 14  0  0
22 13 119836 3022004 2280684 172674764    0    0 796880 666696 218032 654888 17  6 63 14  0  0
 8  5 119836 3018224 2280684 172678660    0    0 804864 668124 218771 656154 17  6 63 14  0  0
20 14 119836 3012668 2280684 172682476    0    0 805024 660572 218276 655276 17  6 63 14  0  0
13  8 119836 3000664 2280684 172686372    0    0 805328 659048 218725 657939 17  6 63 14  0  0
21 13 119836 2997756 2280684 172690304    0    0 808928 663556 219784 660770 17  6 63 14  0  0
15 15 119836 2994372 2280684 172694188    0    0 802656 664620 219597 657751 17  6 63 14  0  0
28 10 119836 2988980 2280684 172698092    0    0 802816 649352 217766 653009 17  6 62 15  0  0
18 16 119836 2981032 2280684 172701920    0    0 796720 677548 219004 655580 17  6 63 14  0  0
28  8 119836 2978812 2280684 172705776    0    0 803072 667068 219615 659319 17  6 63 14  0  0
22 14 119836 2970840 2280684 172709716    0    0 805920 665088 219878 660124 17  6 63 14  0  0
17 16 119836 2965888 2280684 172713672    0    0 808416 667560 218835 657633 17  6 63 14  0  0
18 17 119836 2969604 2280684 172717540    0    0 806976 669504 218640 661853 17  6 63 14  0  0
17 16 119836 2961680 2280684 172721504    0    0 789072 644648 214273 639639 17  5 63 15  0  0
19 16 119836 2959040 2280684 172725220    0    0 768944 624432 209973 622624 16  5 63 15  0  0
11 23 119836 2956428 2280684 172728892    0    0 792000 650564 216328 643654 17  6 63 15  0  0
12  5 119836 2952896 2280684 172732948    0    0 798288 661748 217372 658229 17  6 63 14  0  0
21 13 119836 2949756 2280684 172736708    0    0 806096 665532 219038 657812 17  6 63 14  0  0
24 10 119836 2946496 2280684 172740676    0    0 812864 650092 218636 662871 17  6 63 14  0  0
25 14 119836 2941536 2280684 172744556    0    0 793168 680384 218685 647251 17  6 63 14  0  0
procs -----------memory---------- ---swap-- -----io---- -system-- -------cpu-------
 r  b   swpd   free   buff  cache   si   so    bi    bo   in   cs us sy id wa st gu
12  1 119836 2938908 2280684 172748372    0    0 814416 649696 218927 664789 18  6 62 14  0  0
 8  3 119836 2936936 2280684 172752248    0    0 793616 673344 216326 645736 17  6 63 14  0  0
26 14 119836 2934492 2280684 172756088    0    0 804800 660968 219048 657165 17  6 63 14  0  0
22 15 119836 2926456 2280684 172759976    0    0 803984 648248 218093 654914 17  6 63 14  0  0
25 12 119836 2923128 2280684 172764008    0    0 805344 665588 219181 657253 17  6 63 14  0  0
26  8 119836 2918928 2280684 172767780    0    0 798720 654924 216670 649116 17  6 63 14  0  0
20 13 119836 2914924 2280684 172771676    0    0 801344 669532 218834 657425 17  6 63 14  0  0
17 16 119836 2910668 2280684 172775652    0    0 815808 670688 220842 666063 18  6 62 14  0  0
21 11 119836 2903772 2280684 172779488    0    0 801568 662036 218158 654692 17  6 63 14  0  0
24 15 119836 2899552 2280684 172783336    0    0 774592 648732 214673 640708 17  5 64 14  0  0
17 17 119836 2897076 2280684 172787192    0    0 773808 635236 212137 629240 17  5 63 15  0  0
27  9 119836 2890940 2280684 172791020    0    0 772592 634616 210434 625434 17  5 63 15  0  0
22 12 119836 2887968 2280684 172794836    0    0 799296 662964 216877 654604 17  6 63 14  0  0
22 14 119836 2882484 2280684 172798864    0    0 792208 657356 216212 649309 17  6 63 15  0  0
20 16 119836 2876028 2280684 172802684    0    0 785632 640244 213211 639182 17  6 63 15  0  0
26  8 119836 2872580 2280684 172806580    0    0 783856 638960 213051 639263 17  6 63 14  0  0
23 15 119836 2867836 2280684 172810448    0    0 807280 661772 217744 659854 17  6 63 14  0  0
18 16 119836 2864136 2280684 172814460    0    0 801712 658532 217081 652670 17  6 63 14  0  0
20 14 119836 2857912 2280684 172818332    0    0 794512 657548 216532 646246 17  6 63 14  0  0
19 15 119836 2852232 2280684 172822460    0    0 795840 653860 217440 650616 17  6 63 14  0  0
16 14 119836 2848900 2280688 172826356    0    0 805904 661520 218594 654750 17  6 63 14  0  0
procs -----------memory---------- ---swap-- -----io---- -system-- -------cpu-------
 r  b   swpd   free   buff  cache   si   so    bi    bo   in   cs us sy id wa st gu
22 11 119836 2845708 2280688 172830336    0    0 799904 658036 217998 649867 17  6 63 14  0  0
22 13 119836 2839484 2280688 172834236    0    0 798624 660016 217616 654488 17  6 63 14  0  0
22 12 119836 2837052 2280688 172838256    0    0 807360 661140 217290 655570 17  6 63 14  0  0
18 17 119836 2831228 2280688 172842248    0    0 795216 656636 216150 645361 17  6 63 14  0  0
22 16 119836 2822128 2280688 172846256    0    0 805968 660116 218921 656747 17  6 63 14  0  0
18 15 119836 2804036 2280688 172850072    0    0 765552 624328 210279 619344 16  5 63 15  0  0
12 17 119836 2802452 2280688 172853948    0    0 771904 629032 210212 626423 17  5 63 15  0  0
21 14 119836 2795280 2280688 172857800    0    0 795792 650564 215921 647426 17  6 63 14  0  0
23 14 119836 2792596 2280688 172861688    0    0 794272 659068 217998 650906 17  6 63 14  0  0
20 15 119836 2788120 2280688 172865640    0    0 780336 639840 211859 632839 17  5 63 15  0  0
 7  3 119836 2784160 2280688 172869620    0    0 791328 645028 215029 641900 17  5 63 15  0  0
 7  2 119836 2780088 2280688 172873516    0    0 792000 646984 216351 648439 17  5 63 14  0  0
 8  6 119836 2776580 2280688 172877492    0    0 802256 664548 218797 656659 17  6 63 14  0  0
24  8 119836 2772996 2280688 172881340    0    0 800128 649448 217507 652986 17  6 63 14  0  0
24 11 119836 2769780 2280688 172885416    0    0 803680 662216 218816 658935 17  6 63 14  0  0
 3  3 119836 2870900 2280688 172795688    0    0 799824 662336 217352 655029 17  6 63 14  0  0
30  6 119836 2865840 2280688 172798568    0    0 805536 656560 218099 658712 17  6 63 14  0  0
 5  2 119836 2860572 2280688 172802516    0    0 793808 669276 217830 650921 17  6 63 14  0  0
 6  4 119836 2858040 2280688 172806484    0    0 811024 668920 219250 659459 17  6 63 14  0  0
23 10 119836 2850008 2280688 172810432    0    0 799824 665828 218022 656391 17  6 63 14  0  0
 7  0 119836 2845652 2280688 172814392    0    0 810160 658992 218506 660346 17  6 63 14  0  0
procs -----------memory---------- ---swap-- -----io---- -system-- -------cpu-------
 r  b   swpd   free   buff  cache   si   so    bi    bo   in   cs us sy id wa st gu
 5  3 119836 2843668 2280688 172818312    0    0 785856 649676 214231 636088 17  6 63 15  0  0
11 15 119836 2841128 2280688 172822220    0    0 769440 637292 212818 627600 17  5 63 15  0  0
 5  0 119836 2834900 2280688 172826076    0    0 791280 638948 214735 647127 17  6 62 15  0  0
 5  3 119836 2828220 2280688 172830000    0    0 792176 667580 217438 649465 17  6 63 14  0  0
21 12 119836 2821164 2280688 172833948    0    0 798176 663688 218198 652789 17  6 63 14  0  0
 3  5 119836 2820076 2280688 172837948    0    0 812512 662172 219537 663399 17  6 63 14  0  0
23 11 119836 2814300 2280688 172842024    0    0 802864 668916 218497 655770 17  6 63 14  0  0
17  6 119836 2808464 2280688 172846008    0    0 810480 670796 219544 664327 17  6 63 14  0  0
20 13 119836 2803980 2280688 172850024    0    0 802144 657652 217818 656458 17  6 63 14  0  0
 6  2 119836 2800040 2280688 172853924    0    0 810064 664120 218741 663023 17  6 63 14  0  0
20 15 119836 2795744 2280688 172857976    0    0 799984 639452 216883 651326 17  6 63 15  0  0
21 14 119836 2792136 2280688 172861856    0    0 790928 671216 217910 649802 17  6 63 14  0  0
10  1 119836 2787736 2280688 172865900    0    0 803616 657936 219318 660938 17  6 63 15  0  0
 5  4 119836 2783704 2280688 172869932    0    0 798848 664160 218454 657601 17  6 63 14  0  0
 4  2 119836 2779228 2280688 172873784    0    0 812992 663328 219541 659329 17  6 63 14  0  0
 4  3 119836 2772044 2280688 172877896    0    0 802912 676512 219266 659433 17  6 63 14  0  0
10  3 119836 2770552 2280688 172881856    0    0 781744 627196 211842 635281 16  6 63 15  0  0
21 19 119836 3025008 2280688 172638188    0    0 762656 613400 208717 617346 16  5 63 16  0  0
21 13 119836 3023380 2280688 172641296    0    0 756576 615744 207474 616211 16  5 63 15  0  0
20 13 119836 3018852 2280688 172645024    0    0 792704 665424 216259 646892 17  6 64 14  0  0
23 12 119836 3011620 2280688 172649064    0    0 803392 664008 218532 655846 17  6 63 14  0  0
procs -----------memory---------- ---swap-- -----io---- -system-- -------cpu-------
 r  b   swpd   free   buff  cache   si   so    bi    bo   in   cs us sy id wa st gu
14 22 119836 3009456 2280688 172652876    0    0 803936 668224 219203 661731 17  6 63 14  0  0
 3  3 119836 3004508 2280688 172656704    0    0 810176 654620 219451 658817 17  6 63 14  0  0
 8  2 119836 3002600 2280688 172660724    0    0 801232 677580 219365 656335 17  6 63 14  0  0
17  0 119836 2998736 2280688 172664628    0    0 808592 671700 219167 661678 17  6 63 14  0  0
17 15 119836 2993524 2280688 172668544    0    0 807616 658308 217356 656917 17  6 63 14  0  0
 7  1 119836 2991744 2280688 172672432    0    0 794000 657056 216556 647875 17  6 63 14  0  0
 6  1 119836 2984516 2280688 172676232    0    0 804800 649408 217407 655779 17  6 63 14  0  0
14  8 119836 2980056 2280692 172680120    0    0 800512 670476 219009 653732 17  6 63 14  0  0
24 13 119836 2977396 2280692 172683992    0    0 808256 649876 218360 656521 17  6 63 14  0  0
 4  1 119836 2973860 2280692 172687860    0    0 809440 674540 220661 658352 17  6 63 14  0  0
 6  1 119836 2966116 2280692 172691852    0    0 801872 662852 218225 656116 17  6 63 14  0  0
10  3 119836 2968160 2280692 172695692    0    0 803024 664052 217929 653006 17  6 63 14  0  0
 7  5 119836 2963812 2280692 172699488    0    0 766272 630776 210748 625168 17  5 63 14  0  0
10  2 119836 2960312 2280692 172703244    0    0 778576 632732 212608 633952 17  6 63 15  0  0
 6  0 119836 2915728 2280692 172706884    0    0 749168 622184 209356 612571 16  5 65 13  0  0
 7  3 119836 2908260 2280692 172710888    0    0 803152 658384 217755 654911 17  6 63 14  0  0
17 20 119836 2963296 2280692 172714776    0    0 792112 669908 218087 649385 17  6 63 14  0  0
 6  0 119836 2959164 2280692 172718804    0    0 810400 657420 218691 662318 17  6 63 14  0  0
 7  2 119836 2953248 2280692 172722756    0    0 797984 658968 216963 652125 17  6 63 14  0  0
 9  0 119836 2947472 2280692 172726632    0    0 804224 661104 218271 654096 17  6 63 14  0  0
26 12 119836 2942980 2280692 172730640    0    0 800144 661476 217900 650046 17  6 63 14  0  0
procs -----------memory---------- ---swap-- -----io---- -system-- -------cpu-------
 r  b   swpd   free   buff  cache   si   so    bi    bo   in   cs us sy id wa st gu
21 12 119836 2936916 2280692 172734572    0    0 807712 662420 219008 659951 17  6 63 14  0  0
20 15 119836 2935976 2280692 172738556    0    0 794992 654728 216515 649322 17  6 63 14  0  0
17 17 119836 2924860 2280692 172742532    0    0 800528 672940 218215 649975 17  6 63 14  0  0
21 13 119836 2916604 2280692 172746424    0    0 805280 649296 217756 656547 17  6 63 14  0  0
 7  1 119836 2913516 2280692 172750484    0    0 805808 667424 219038 662874 17  6 63 14  0  0
 7  1 119836 2907400 2280692 172754576    0    0 811072 668372 220121 660554 17  6 63 14  0  0
 8  1 119836 2902820 2280692 172758548    0    0 804448 670436 218775 658040 17  6 63 14  0  0
 1  6 119836 2901936 2280692 172762596    0    0 777744 634692 212669 634265 16  6 63 15  0  0
 5  2 119836 2900428 2280692 172766396    0    0 776400 632512 212038 630365 17  5 63 15  0  0
17 16 119836 2895372 2280692 172770296    0    0 797056 656512 216287 652633 17  6 63 14  0  0
19 15 119836 2894396 2280692 172774256    0    0 803424 662732 217974 655433 17  6 63 14  0  0
22 13 119836 2886900 2280692 172778276    0    0 804384 670128 219512 658369 17  6 63 14  0  0
23 12 119836 2882704 2280692 172782208    0    0 803840 661668 217475 652017 17  6 63 14  0  0
 6  2 119836 2879808 2280692 172786204    0    0 802800 660604 217952 655636 17  6 63 14  0  0
23 11 119836 2872224 2280692 172790288    0    0 806320 668984 218166 656001 17  6 63 14  0  0
 4  2 119836 2873212 2280692 172794300    0    0 804160 666436 218399 657228 17  6 63 14  0  0
19 15 119836 2870260 2280696 172798324    0    0 811248 672876 219284 665083 17  6 63 14  0  0
22 12 119836 2862996 2280696 172802272    0    0 803760 666412 218410 658041 18  6 63 14  0  0
25 10 119836 2858356 2280696 172806336    0    0 809648 669320 218857 662758 17  6 63 14  0  0
23 13 119836 2855936 2280696 172810328    0    0 813296 675596 219577 659284 17  6 63 14  0  0
20 13 119836 2851704 2280696 172814332    0    0 807968 672936 220023 662890 17  6 63 14  0  0
procs -----------memory---------- ---swap-- -----io---- -system-- -------cpu-------
 r  b   swpd   free   buff  cache   si   so    bi    bo   in   cs us sy id wa st gu
24 12 119836 2849076 2280696 172818320    0    0 809984 668440 220418 662656 17  6 63 14  0  0
28 10 119836 2844552 2280696 172822448    0    0 819744 673228 222058 669879 17  6 63 14  0  0
19 16 119836 2841848 2280696 172826320    0    0 785040 643764 213786 637140 16  6 63 15  0  0
20 13 119836 2841360 2280696 172830236    0    0 780288 642188 213311 634298 17  5 63 15  0  0
18 18 119836 2836132 2280696 172834108    0    0 813392 670472 220778 662152 17  6 63 14  0  0
 7  1 119836 2832960 2280696 172838288    0    0 809376 670168 219379 663700 17  6 63 14  0  0
29  8 119836 2827536 2280696 172842188    0    0 810960 672528 220011 659318 17  6 63 14  0  0
23 13 119836 2822968 2280696 172846244    0    0 819232 676984 221512 664986 18  6 62 14  0  0
 6  2 119836 2811096 2280696 172850280    0    0 796736 668628 218324 651105 17  6 64 13  0  0
23 12 119836 2806100 2280696 172854256    0    0 816432 662684 221072 666606 17  6 63 14  0  0
28  7 119836 2804720 2280696 172858344    0    0 815008 675008 220731 663248 17  6 63 14  0  0
21 15 119836 2797428 2280696 172862368    0    0 818160 669072 220624 663819 18  6 63 14  0  0
25 10 119836 2795192 2280696 172866396    0    0 800560 669272 219059 655987 18  5 63 14  0  0
19 13 119836 2791176 2280696 172870336    0    0 804832 665416 218090 653886 17  6 63 14  0  0
19 16 119836 2786880 2280696 172874416    0    0 810016 666104 218971 658771 17  6 63 14  0  0
23 14 119836 2781712 2280696 172878432    0    0 807616 667688 218642 656918 17  6 63 14  0  0
22 14 119836 2776440 2280696 172882408    0    0 807264 664232 218232 656125 18  6 63 14  0  0
23 13 119836 2772748 2280696 172886432    0    0 800224 666356 217540 653710 17  6 63 14  0  0
19 16 119836 2771108 2280696 172890336    0    0 778352 634892 212314 631826 17  6 63 15  0  0
22 12 119836 2866696 2280696 172806368    0    0 786544 639116 214142 637742 17  5 63 15  0  0
19 15 119836 2864152 2280696 172810268    0    0 813520 677476 221390 663926 17  6 63 14  0  0
procs -----------memory---------- ---swap-- -----io---- -system-- -------cpu-------
 r  b   swpd   free   buff  cache   si   so    bi    bo   in   cs us sy id wa st gu
19 13 119836 2860912 2280696 172814224    0    0 804384 675968 219583 655160 17  6 63 14  0  0
23 13 119836 2853932 2280696 172818132    0    0 811728 674052 220769 667024 17  6 63 14  0  0
17 15 119836 2847656 2280696 172822016    0    0 813296 670212 220720 664683 17  6 63 14  0  0
24 11 119836 2849124 2280696 172825972    0    0 810832 663340 218083 655104 17  6 63 13  0  0
20 12 119836 2844032 2280696 172829800    0    0 805184 677708 220153 658209 17  6 63 14  0  0
19 15 119836 2840060 2280696 172833836    0    0 820144 672304 220919 665998 17  6 63 14  0  0
18 16 119836 2837036 2280696 172837736    0    0 811168 665860 220421 660273 18  6 63 14  0  0
18 17 119836 2834680 2280696 172841656    0    0 811120 668892 219585 660041 17  6 63 14  0  0
22 14 119836 2828176 2280696 172845712    0    0 814688 674384 220883 663644 17  6 63 14  0  0
24 10 119836 2822616 2280696 172849620    0    0 810336 673600 219463 657167 17  6 64 14  0  0
22 12 119836 2820860 2280696 172853412    0    0 808704 664148 218984 658809 17  6 63 14  0  0
20 14 119836 2815160 2280696 172857464    0    0 813312 679748 221014 666087 17  6 63 14  0  0
22 14 119836 2806472 2280696 172861512    0    0 815568 668188 220300 663470 17  6 62 14  0  0
19 15 119836 2804388 2280696 172865388    0    0 784736 635600 212231 635303 17  6 63 15  0  0
23 11 119836 2798320 2280696 172869288    0    0 787312 646040 214653 640510 17  6 63 15  0  0
19 16 119836 2795124 2280696 172873288    0    0 812704 675268 220091 664436 17  6 63 14  0  0
24 12 119836 2791576 2280696 172877272    0    0 818320 671916 221198 666197 17  6 63 14  0  0
18 16 119836 2787568 2280696 172881268    0    0 801584 672740 217588 656014 17  6 63 14  0  0
15 19 119836 2780944 2280696 172885216    0    0 817008 675028 220541 664957 17  6 63 14  0  0
23 10 119836 2776184 2280696 172889308    0    0 810192 668476 218840 658885 17  6 63 14  0  0
20 15 119836 2771908 2280696 172893312    0    0 799072 654400 216658 649719 17  6 64 13  0  0
procs -----------memory---------- ---swap-- -----io---- -system-- -------cpu-------
 r  b   swpd   free   buff  cache   si   so    bi    bo   in   cs us sy id wa st gu
28  8 119836 2867880 2280696 172804628    0    0 809584 667488 219094 660988 17  6 63 14  0  0
27 10 119836 2864020 2280696 172808576    0    0 811248 666932 219464 664999 17  6 63 14  0  0
24 10 119836 2860232 2280696 172812408    0    0 805760 667640 219861 660366 17  6 63 14  0  0
25 10 119836 2854672 2280696 172816340    0    0 793728 665064 217054 645550 17  6 64 14  0  0
17 17 119836 2850052 2280696 172820252    0    0 808432 669840 219080 658761 17  6 63 14  0  0
20 14 119836 2847888 2280696 172824224    0    0 811264 674016 219354 658664 17  6 63 14  0  0
26  9 119836 2843852 2280696 172828296    0    0 817072 677980 220893 664694 18  6 63 14  0  0
17 15 119836 2834568 2280696 172832212    0    0 803760 669068 219377 657356 17  6 63 14  0  0
16 17 119836 2832604 2280696 172836188    0    0 785696 644252 213719 635179 17  5 63 15  0  0
22 13 119836 2829224 2280696 172839944    0    0 776976 636216 211799 628642 17  6 63 14  0  0
26  9 119836 2826368 2280696 172843812    0    0 803344 666812 217576 648864 17  6 63 14  0  0
30  6 119836 2821680 2280696 172847848    0    0 804864 669436 220036 653916 17  6 63 14  0  0
22 12 119836 2816284 2280696 172851700    0    0 804160 670100 218151 652159 17  6 63 14  0  0
22 12 119836 2816212 2280696 172855672    0    0 808576 670032 219873 662989 17  6 63 14  0  0
17 17 119836 2810552 2280696 172859764    0    0 814272 663752 219358 659053 18  6 63 14  0  0
25 10 119836 2787948 2280696 172863752    0    0 805536 673516 218561 655877 17  6 63 14  0  0
26 11 119836 2781440 2280696 172867824    0    0 817808 675776 221299 664986 18  6 63 14  0  0
25 16 119836 2777516 2280696 172871924    0    0 814176 672808 219855 665017 18  6 63 14  0  0
17 14 119836 2770380 2280696 172875876    0    0 812592 673000 218254 657079 17  6 63 14  0  0
22 11 119836 3125500 2280696 172534660    0    0 803520 674136 218861 654585 17  6 63 14  0  0
19 14 119836 3122072 2280696 172537896    0    0 814448 670340 220404 664021 17  6 63 14  0  0
procs -----------memory---------- ---swap-- -----io---- -system-- -------cpu-------
 r  b   swpd   free   buff  cache   si   so    bi    bo   in   cs us sy id wa st gu
24 11 119836 3116760 2280696 172541832    0    0 802736 665936 218356 654929 17  6 64 14  0  0
24 11 119836 3112620 2280696 172545816    0    0 808720 673148 220344 661864 18  6 63 14  0  0
 8 11 119836 3103792 2280696 172549772    0    0 799008 667484 218257 649343 17  6 64 13  0  0
11  7 119836 3099104 2280696 172553592    0    0 777664 637224 212824 625594 17  6 63 15  0  0
18 20 119836 3097388 2280696 172557448    0    0 789040 631540 214496 639084 17  6 63 15  0  0
27  8 119836 3091932 2280696 172561320    0    0 798800 671888 219005 652839 17  6 63 14  0  0
 5 16 119836 3088792 2280696 172565260    0    0 808848 663268 219275 655384 17  6 63 14  0  0
22 13 119836 3079888 2280696 172569252    0    0 804240 672604 219469 654245 17  6 63 14  0  0
 4 12 119836 3076324 2280696 172573204    0    0 811728 661636 219425 656204 17  6 63 14  0  0
 7  6 119836 3070732 2280696 172577304    0    0 807664 677116 220064 660042 17  6 63 14  0  0
23 17 119836 3070000 2280696 172581248    0    0 811216 660756 219549 662521 17  6 63 14  0  0
17  4 119836 3067480 2280696 172585280    0    0 803104 680144 220335 657997 17  6 63 14  0  0
18 20 119836 3061480 2280696 172589244    0    0 812720 662208 218654 659287 17  6 63 14  0  0
22 17 119836 3059004 2280696 172593248    0    0 807072 673312 220635 660897 17  6 63 14  0  0
 6 23 119836 3052996 2280696 172597288    0    0 801872 657772 216758 654567 17  6 63 14  0  0
11  9 119836 3047336 2280696 172601272    0    0 803040 680504 218790 652867 17  6 63 14  0  0
15 15 119836 3041356 2280696 172605236    0    0 807792 668068 219860 660046 17  6 63 14  0  0
18 14 119836 3033104 2280696 172609276    0    0 799760 668040 218083 652828 17  6 63 14  0  0
18 17 119836 3031912 2280696 172613264    0    0 810144 673160 219440 659831 17  6 63 14  0  0
17 21 119836 3024452 2280696 172617200    0    0 788768 630056 212573 634275 17  6 63 15  0  0
27 15 119836 3023344 2280696 172621160    0    0 780256 645108 212941 630189 17  5 63 15  0  0
procs -----------memory---------- ---swap-- -----io---- -system-- -------cpu-------
 r  b   swpd   free   buff  cache   si   so    bi    bo   in   cs us sy id wa st gu
25 12 119836 3019924 2280696 172624916    0    0 797824 668496 217141 644181 17  6 63 14  0  0
 4 13 119836 3014912 2280696 172628936    0    0 805312 668492 217751 650853 17  6 63 14  0  0
 7  9 119836 3011092 2280696 172633024    0    0 803280 657904 217970 656976 17  6 63 14  0  0
11 11 119836 3007096 2280696 172636964    0    0 803648 672572 219235 657831 17  6 63 14  0  0
22 19 119836 2998696 2280696 172640896    0    0 821760 661320 220283 669975 18  6 63 14  0  0
11 17 119836 2996000 2280696 172644996    0    0 804112 675008 219418 657594 17  6 63 14  0  0
14  9 119836 2992552 2280696 172649080    0    0 812976 665108 220247 660015 17  6 63 14  0  0
13 17 119836 2986908 2280696 172653088    0    0 811056 673224 219374 656495 17  6 63 14  0  0
18 16 119836 2982016 2280696 172657076    0    0 812592 666052 219601 660750 17  6 63 14  0  0
 4  7 119836 2978820 2280696 172661156    0    0 810400 668240 219208 657621 17  6 63 14  0  0
19 17 119836 2978204 2280696 172665132    0    0 807536 664232 219164 658039 17  6 63 14  0  0
20 19 119836 2968968 2280696 172669128    0    0 810016 651860 217668 656564 17  6 63 14  0  0
18 17 119836 2964996 2280700 172673220    0    0 812688 678284 222261 666290 17  6 63 14  0  0
11 26 119836 2961744 2280700 172677168    0    0 800960 658016 217849 654303 17  6 63 14  0  0
16 24 119836 2953672 2280700 172681136    0    0 775808 639356 212378 625977 17  6 63 15  0  0
21 15 119836 2953904 2280700 172685000    0    0 781680 627576 210876 627748 17  5 63 15  0  0
15 18 119836 2950944 2280700 172688856    0    0 812544 669684 219504 659621 17  6 63 14  0  0
29 21 119836 2946448 2280700 172692952    0    0 805488 676204 220440 658267 17  6 63 14  0  0
32  9 119836 2939732 2280700 172696932    0    0 808640 654100 218297 657343 17  6 63 14  0  0
18 21 119836 2937640 2280700 172700976    0    0 801536 655320 217268 652935 17  6 63 14  0  0
30 16 119836 2934420 2280700 172704920    0    0 805632 658680 217419 652624 17  6 64 13  0  0
procs -----------memory---------- ---swap-- -----io---- -system-- -------cpu-------
 r  b   swpd   free   buff  cache   si   so    bi    bo   in   cs us sy id wa st gu
19 20 119836 2932196 2280700 172708896    0    0 811680 662560 218842 661340 17  6 63 14  0  0
21 16 119836 2925088 2280700 172712968    0    0 812496 672960 219345 658569 17  6 63 14  0  0
31 18 119836 2919424 2280700 172716992    0    0 810224 677372 220595 663117 17  6 63 14  0  0
23 15 119836 2875020 2280700 172720812    0    0 756432 637156 212370 620050 16  5 65 13  0  0
14 22 119836 2870092 2280700 172724828    0    0 809216 671792 220932 658963 18  6 63 14  0  0
17 20 119836 2869532 2280700 172728816    0    0 809696 659288 218737 660317 17  6 63 14  0  0
22 16 119836 2925544 2280700 172732840    0    0 810752 663552 219660 659285 17  6 63 14  0  0
20 17 119836 2921444 2280700 172736924    0    0 814368 676420 220844 664795 18  6 63 14  0  0
21 16 119836 2914148 2280700 172740892    0    0 816576 665836 220397 662852 17  6 63 14  0  0
25 15 119836 2904376 2280700 172744828    0    0 777840 652200 212790 630830 17  5 63 15  0  0
 6 27 119836 2905612 2280700 172748736    0    0 781392 624800 212010 631004 17  6 63 15  0  0
24 16 119836 2903052 2280700 172752676    0    0 798560 658048 217154 651742 17  6 63 14  0  0
10 25 119836 2899192 2280700 172756672    0    0 810144 654440 216670 656672 17  6 63 14  0  0
21 17 119836 2893976 2280700 172760624    0    0 802288 665620 217608 654251 17  6 63 14  0  0
20 18 119836 2890756 2280700 172764680    0    0 814464 668268 219908 659983 17  6 63 14  0  0
20 19 119836 2882252 2280700 172768696    0    0 808800 670092 219340 657292 17  6 63 14  0  0
19 17 119836 2882228 2280700 172772688    0    0 806080 684260 219512 657103 17  6 63 14  0  0
22 16 119836 2875844 2280700 172776724    0    0 812672 660516 217684 656020 17  6 63 14  0  0
22 15 119836 2870796 2280700 172780808    0    0 816800 675992 221505 666089 17  6 63 14  0  0
18 20 119836 2868532 2280700 172784836    0    0 814528 675764 218754 660876 17  6 63 14  0  0
24 15 119836 2862384 2280700 172788824    0    0 809936 675100 219358 660176 17  6 63 14  0  0
procs -----------memory---------- ---swap-- -----io---- -system-- -------cpu-------
 r  b   swpd   free   buff  cache   si   so    bi    bo   in   cs us sy id wa st gu
30  9 119836 2860000 2280700 172792888    0    0 811104 676840 219827 662688 17  6 63 14  0  0
20 13 119836 2855320 2280700 172796844    0    0 801376 657920 218221 651358 17  6 63 14  0  0
15 23 119836 2852084 2280700 172800872    0    0 817392 668504 218723 663074 18  6 63 14  0  0
14 22 119836 2847648 2280700 172804908    0    0 810048 687772 220311 660887 17  6 63 14  0  0
16 18 119836 2846620 2280700 172808880    0    0 779664 641820 212346 634048 17  5 63 15  0  0
23 16 119836 2839292 2280700 172812804    0    0 777936 627600 211910 627753 17  5 64 14  0  0
19 18 119836 2836680 2280700 172816688    0    0 813344 669704 219429 662822 17  6 63 14  0  0
19 22 119836 2834100 2280700 172820680    0    0 813184 674804 220074 661045 17  6 63 14  0  0
25 14 119836 2830496 2280700 172824728    0    0 807952 652004 217728 657588 17  6 64 14  0  0
19 13 119836 2828960 2280700 172828792    0    0 806676 675384 219511 657987 17  6 63 14  0  0
19 18 119836 2826932 2280700 172832832    0    0 813472 665184 220330 662037 17  6 63 14  0  0
21 18 119836 2822136 2280700 172836868    0    0 810432 675908 219418 659428 17  6 63 14  0  0
25 13 119836 2817692 2280700 172840868    0    0 806992 667216 219473 658702 17  6 63 14  0  0
17 18 119836 2815340 2280700 172844944    0    0 813360 662576 218821 660441 17  6 63 14  0  0
17 20 119836 2809976 2280700 172848976    0    0 805312 684476 219184 655951 17  6 63 14  0  0
18 20 119836 2804036 2280700 172853056    0    0 813200 655376 220042 660685 17  6 63 14  0  0
38 11 119836 2801300 2280700 172856980    0    0 812720 675204 221230 660814 18  6 63 14  0  0
15 21 119836 2798744 2280700 172860928    0    0 803584 688420 220720 656290 17  6 63 14  0  0
18 16 119836 2792596 2280700 172865024    0    0 801200 667728 218049 652162 17  6 63 14  0  0
19 18 119836 2788396 2280700 172868988    0    0 819216 668868 220935 666317 18  6 63 14  0  0
26 13 119836 2782836 2280700 172873000    0    0 784128 656280 214871 635409 17  5 63 14  0  0
procs -----------memory---------- ---swap-- -----io---- -system-- -------cpu-------
 r  b   swpd   free   buff  cache   si   so    bi    bo   in   cs us sy id wa st gu
17 25 119836 2776056 2280700 172876908    0    0 777248 636628 211894 630285 17  5 63 15  0  0
23 14 119836 2775780 2280700 172880728    0    0 794960 663628 216859 645730 17  6 63 14  0  0
19 19 119836 2773644 2280700 172884724    0    0 809328 652584 217806 653128 17  6 64 14  0  0
11 26 119836 2768860 2280700 172888768    0    0 808384 674008 218744 656353 17  6 63 14  0  0
12 25 119836 2872176 2280700 172801812    0    0 813872 660652 218953 661905 17  6 63 14  0  0
18 19 119836 2865096 2280700 172805696    0    0 812832 684744 222498 664845 17  6 63 14  0  0
15 20 119836 2861196 2280700 172809788    0    0 812016 659084 218760 661780 17  6 63 14  0  0
24 12 119836 2858132 2280700 172813680    0    0 816848 672784 222230 667027 18  6 63 14  0  0
25 11 119836 2854744 2280700 172817744    0    0 807104 686848 220412 661289 17  6 63 14  0  0
20 18 119836 2849148 2280700 172821728    0    0 810768 659012 218471 660928 17  6 63 14  0  0
21 15 119836 2845204 2280700 172825692    0    0 811088 688604 220890 663457 17  6 63 14  0  0
23 14 119836 2840720 2280700 172829668    0    0 813248 660276 219259 658604 17  6 63 14  0  0
17 21 119836 2836636 2280700 172833744    0    0 806240 674296 218876 656245 17  6 63 14  0  0
24 15 119836 2832368 2280700 172837740    0    0 808000 659064 217925 653433 17  6 63 14  0  0
16 22 119836 2829244 2280700 172841712    0    0 810432 677516 219879 659116 18  6 63 14  0  0
11 26 119836 2824800 2280700 172845700    0    0 788496 653332 214838 638211 17  6 63 14  0  0
19 21 119836 2818332 2280700 172849504    0    0 779824 642736 212492 632525 17  5 63 15  0  0
23 16 119836 2815712 2280700 172853536    0    0 803168 651008 217995 653442 17  6 63 14  0  0
 5 30 119836 2811632 2280700 172857384    0    0 802528 681872 219591 652827 17  6 63 14  0  0
16 16 119836 2807248 2280700 172861480    0    0 807920 654472 218609 654783 17  6 63 14  0  0
29 11 119836 2804100 2280700 172865592    0    0 802224 669340 217753 655691 17  6 63 14  0  0
procs -----------memory---------- ---swap-- -----io---- -system-- -------cpu-------
 r  b   swpd   free   buff  cache   si   so    bi    bo   in   cs us sy id wa st gu
27 14 119836 2798848 2280700 172869516    0    0 810592 664488 219346 661368 17  6 63 14  0  0
10 22 119836 2795344 2280700 172873504    0    0 808576 679308 218967 658934 17  6 63 14  0  0
21 20 119836 2791548 2280700 172877572    0    0 811328 662476 218134 654290 18  6 63 14  0  0
19 20 119836 2785256 2280700 172881580    0    0 815200 670316 219370 660173 18  6 63 14  0  0
18 18 119836 2783544 2280700 172885588    0    0 813104 666056 220216 663028 18  6 63 14  0  0
18 20 119836 2780428 2280700 172889684    0    0 814880 677464 220295 662006 17  6 63 14  0  0
24 17 119836 2776188 2280700 172893764    0    0 812688 666140 219298 664176 18  6 63 14  0  0
19 17 119836 3029224 2280700 172649784    0    0 811552 672464 219838 661461 17  6 63 14  0  0
20 21 119836 3028468 2280700 172653016    0    0 806544 664168 218529 655528 17  6 64 14  0  0
12 25 119836 3007324 2280700 172656796    0    0 779104 658572 215461 637333 17  6 64 13  0  0
24 19 119836 3001952 2280700 172660664    0    0 798112 649628 216669 649204 17  6 63 14  0  0
 8 26 119836 2995208 2280700 172664440    0    0 782528 629540 211895 630461 17  6 63 14  0  0
17 20 119836 2990516 2280704 172668196    0    0 786208 636328 214974 637633 17  5 63 14  0  0
22 16 119836 2984804 2280704 172672176    0    0 801824 663484 218405 656340 17  6 64 13  0  0
21 16 119836 2980656 2280704 172676044    0    0 811280 672824 219896 660674 17  6 63 14  0  0
19 18 119836 2980116 2280704 172679992    0    0 807840 673828 220047 660264 17  6 63 14  0  0
19 17 119836 2974336 2280704 172683876    0    0 804496 663536 217794 650403 17  6 63 14  0  0
18 19 119836 2972316 2280704 172687736    0    0 812736 660724 218315 653681 17  6 63 14  0  0
23 16 119836 2967856 2280704 172691668    0    0 810768 659708 219091 659896 17  6 63 14  0  0
22 14 119836 2959652 2280704 172695692    0    0 815488 674476 221523 664464 17  6 63 14  0  0
17 17 119836 2951656 2280704 172699708    0    0 811808 689940 220536 661781 18  6 63 14  0  0
procs -----------memory---------- ---swap-- -----io---- -system-- -------cpu-------
 r  b   swpd   free   buff  cache   si   so    bi    bo   in   cs us sy id wa st gu
13 24 119836 2946680 2280704 172703624    0    0 804880 661828 217297 652508 17  6 64 13  0  0
21 17 119836 2943404 2280708 172707600    0    0 806752 661268 218416 660624 17  6 63 14  0  0
19  9 119836 2932912 2280708 172711580    0    0 813232 652832 218837 659481 17  6 63 14  0  0
28 13 119836 2934612 2280708 172715540    0    0 784272 652016 214650 633377 17  6 63 14  0  0
18 16 119836 2927000 2280708 172719384    0    0 780032 619132 210979 625034 17  5 63 15  0  0
 4  9 119836 2899004 2280708 172723236    0    0 766512 625180 209486 620961 17  5 63 15  0  0
13 17 119836 2895480 2280708 172727020    0    0 749424 623840 207542 608488 16  5 64 15  0  0
 6  4 119836 2891528 2280708 172730752    0    0 753808 612136 206359 607123 16  5 63 15  0  0
 3  2 119836 2890540 2280708 172734588    0    0 774256 631956 211967 629197 17  5 63 15  0  0
 3  2 119836 2887520 2280708 172738392    0    0 771120 643420 211736 621726 16  5 64 15  0  0
23 12 119836 2878052 2280708 172742164    0    0 787136 627348 212780 635424 17  6 63 15  0  0
 4  2 119836 2874136 2280708 172746020    0    0 774496 651340 212155 624662 16  6 63 15  0  0
18 16 119836 2869932 2280708 172749872    0    0 775904 629412 211192 623867 17  5 63 15  0  0
 9 11 119836 2868112 2280708 172753732    0    0 774640 645128 213429 632638 17  5 63 15  0  0
29  5 119836 2866648 2280708 172757728    0    0 817984 657316 219067 665523 17  6 63 14  0  0
20 15 119836 2866056 2280708 172761696    0    0 804464 678792 219980 657974 17  6 63 14  0  0
22 13 119836 2861584 2280708 172765800    0    0 815472 661344 219633 658690 18  6 63 14  0  0
19 15 119836 2854376 2280708 172769772    0    0 816928 667856 220215 665002 18  6 63 14  0  0
24 10 119836 2847024 2280708 172773772    0    0 814432 676044 219916 660146 17  6 63 14  0  0
 8  2 119836 2840384 2280708 172777804    0    0 801968 657000 217244 653806 17  6 63 14  0  0
18 16 119836 2839148 2280708 172781672    0    0 772416 640520 212707 629941 16  5 63 15  0  0
procs -----------memory---------- ---swap-- -----io---- -system-- -------cpu-------
 r  b   swpd   free   buff  cache   si   so    bi    bo   in   cs us sy id wa st gu
19 16 119836 2835016 2280712 172785588    0    0 777952 636660 212176 632973 17  5 63 15  0  0
22 13 119836 2836060 2280712 172789504    0    0 799648 646148 215919 645721 17  6 63 15  0  0
24 12 119836 2827340 2280712 172793420    0    0 772688 634620 211060 623849 17  5 64 14  0  0
31  6 119836 2825748 2280712 172797228    0    0 805520 650268 217004 651321 17  6 63 14  0  0
25 10 119836 2823824 2280712 172801376    0    0 809184 676520 219335 654980 17  6 63 14  0  0
 6  1 119836 2819180 2280712 172805328    0    0 814880 663920 219449 661530 18  6 63 14  0  0
23 15 119836 2815256 2280712 172809376    0    0 800368 672432 218709 654628 17  6 63 14  0  0
11  1 119836 2811388 2280712 172813352    0    0 812256 661440 219619 662194 17  6 63 14  0  0
18 15 119836 2803756 2280712 172817400    0    0 812512 673488 220513 659268 17  6 63 14  0  0
 7  1 119836 2798668 2280712 172821400    0    0 810832 665884 218747 656432 17  6 63 14  0  0
22 10 119836 2796580 2280712 172825420    0    0 808256 669000 218921 658912 17  6 63 14  0  0
21 14 119836 2794540 2280712 172829520    0    0 812336 673380 220318 659822 17  6 63 14  0  0
33  6 119836 2789228 2280712 172833520    0    0 823984 663240 221271 663210 17  6 63 14  0  0
21 15 119836 2786464 2280712 172837472    0    0 805936 676564 219747 657259 17  6 63 14  0  0
31  6 119836 2779508 2280712 172841568    0    0 800544 655092 217734 653249 17  6 63 14  0  0
 4  2 119836 2775844 2280712 172845412    0    0 767792 638676 211037 626836 16  5 64 14  0  0
20 14 119836 2771060 2280712 172849392    0    0 780448 634676 212884 634443 17  5 63 15  0  0
 7  2 119836 3024420 2280712 172604904    0    0 807136 655412 216958 649932 17  6 63 14  0  0
23 13 119836 3024152 2280712 172608228    0    0 773568 644284 212121 630114 17  5 63 15  0  0
25 12 119836 3021872 2280712 172611968    0    0 788400 651792 214401 637878 17  6 63 14  0  0
22 11 119836 3018172 2280712 172615916    0    0 817168 656448 219636 667663 18  6 63 14  0  0
procs -----------memory---------- ---swap-- -----io---- -system-- -------cpu-------
 r  b   swpd   free   buff  cache   si   so    bi    bo   in   cs us sy id wa st gu
24 11 119836 3014220 2280712 172619780    0    0 809104 677796 219844 658894 17  6 63 14  0  0
 9  6 119836 3008764 2280712 172623804    0    0 802784 675368 218119 650558 17  6 64 14  0  0
17 18 119836 3004628 2280712 172627680    0    0 813616 669148 219819 661888 17  6 63 14  0  0
19  2 119836 3003048 2280712 172631644    0    0 818432 665340 220001 666187 18  6 62 14  0  0
29 11 119836 2994076 2280712 172635640    0    0 818080 677984 220685 666475 17  6 63 14  0  0
32  7 119836 2992276 2280712 172639612    0    0 810960 673084 219867 660443 17  6 63 14  0  0
20 15 119836 2987344 2280712 172643564    0    0 808416 672220 218935 660414 17  6 63 14  0  0
22 13 119836 2979568 2280712 172647536    0    0 809392 668992 220195 661139 17  6 63 14  0  0
20 14 119836 2978904 2280712 172651476    0    0 806640 667664 218572 655518 17  6 64 13  0  0
22 11 119836 2973936 2280712 172655460    0    0 805136 672208 219353 656971 17  6 63 14  0  0
23 14 119836 2965252 2280712 172659376    0    0 790608 635752 214049 640897 17  6 63 15  0  0
20 14 119836 2957472 2280712 172663204    0    0 774640 637692 212670 628226 17  5 63 15  0  0
20 13 119836 2953908 2280712 172667000    0    0 772320 633176 210530 626816 16  5 63 15  0  0
24 13 119836 2910264 2280712 172670792    0    0 723632 604916 204081 589277 16  5 65 14  0  0
23 14 119836 2908032 2280712 172674520    0    0 798800 650920 216614 650141 17  6 63 14  0  0
 2  1 119836 2897952 2280712 172678516    0    0 812864 677152 220113 661914 18  6 63 14  0  0
21 15 119836 2955476 2280712 172682556    0    0 804944 659648 217333 653555 17  6 63 14  0  0
22 13 119836 2950080 2280712 172686472    0    0 777792 631000 211781 630893 17  6 63 15  0  0
14 21 119836 2949244 2280712 172690268    0    0 763664 638056 210689 621419 17  5 63 15  0  0
26  6 119836 2944372 2280712 172694052    0    0 777184 621952 210456 628513 17  5 63 15  0  0
27  7 119836 2942800 2280712 172697956    0    0 777072 646084 213338 632943 17  5 63 15  0  0
procs -----------memory---------- ---swap-- -----io---- -system-- -------cpu-------
 r  b   swpd   free   buff  cache   si   so    bi    bo   in   cs us sy id wa st gu
17 18 119836 2933088 2280712 172701816    0    0 776224 637944 211721 629416 17  6 63 15  0  0
23 13 119836 2931680 2280712 172705684    0    0 770816 624876 210793 624944 17  5 63 15  0  0
 7  3 119836 2925780 2280712 172709604    0    0 774256 637188 212406 628953 17  5 63 14  0  0
 6  2 119836 2929840 2280712 172713348    0    0 784272 628480 212911 631556 17  6 63 15  0  0
22 14 119836 2925616 2280712 172717304    0    0 778656 643488 213362 631850 17  6 63 15  0  0
23 14 119836 2923592 2280712 172721180    0    0 774448 637912 211696 628376 17  5 63 15  0  0
19 15 119836 2914540 2280712 172724920    0    0 749888 601576 205265 604767 16  5 63 15  0  0
23 13 119836 2914628 2280712 172728612    0    0 747760 603920 205453 602138 16  5 63 15  0  0
27 10 119836 2905984 2280712 172732368    0    0 769616 640028 210473 622853 16  5 64 15  0  0
 9  2 119836 2908420 2280712 172736164    0    0 782080 641252 212535 632465 16  5 64 15  0  0
 7  0 119836 2905280 2280712 172740052    0    0 776768 631252 211980 628428 17  6 63 15  0  0
 9  2 119836 2900972 2280712 172743908    0    0 776816 642760 212089 628612 17  6 64 14  0  0
24 14 119836 2898972 2280712 172747860    0    0 781136 632136 213137 633110 17  6 63 15  0  0
21 15 119836 2895812 2280712 172751660    0    0 778448 637432 211815 629954 17  5 63 15  0  0
23 13 119836 2889612 2280712 172755568    0    0 789984 654132 215020 640226 17  6 63 14  0  0
26  9 119836 2886944 2280712 172759564    0    0 802880 642000 215552 648727 17  6 63 14  0  0
19 15 119836 2882792 2280712 172763432    0    0 789472 658612 215432 639812 17  6 64 14  0  0
19 16 119836 2879312 2280712 172767424    0    0 806864 648260 217088 653953 17  6 63 14  0  0
11  0 119836 2875912 2280712 172771472    0    0 801168 655540 216003 651020 17  6 63 14  0  0
23 12 119836 2867208 2280712 172775332    0    0 794384 666556 216583 645311 17  6 63 14  0  0
16 18 119836 2860676 2280712 172779300    0    0 788080 661412 215758 639949 17  6 63 14  0  0
procs -----------memory---------- ---swap-- -----io---- -system-- -------cpu-------
 r  b   swpd   free   buff  cache   si   so    bi    bo   in   cs us sy id wa st gu
19 16 119836 2859232 2280712 172783128    0    0 789488 635784 213642 637710 17  6 63 15  0  0
20 16 119836 2855944 2280712 172787016    0    0 758400 620320 207978 615235 16  5 63 15  0  0
14 17 119836 2851536 2280712 172790756    0    0 760784 622452 208722 611981 16  5 63 15  0  0
21 13 119836 2848780 2280712 172794588    0    0 791200 638760 214840 640557 17  5 63 15  0  0
23 14 119836 2842820 2280712 172798572    0    0 799456 654904 215755 647772 17  6 63 14  0  0
19 14 119836 2840220 2280712 172802496    0    0 802848 664900 217528 653061 17  6 63 14  0  0
 6  2 119836 2839104 2280712 172806412    0    0 796784 660372 217111 650210 17  6 63 14  0  0
 6  1 119836 2835148 2280712 172810512    0    0 805984 645344 216911 648979 17  6 63 14  0  0
 6  1 119836 2831452 2280712 172814460    0    0 786560 653536 215117 639997 17  6 64 14  0  0
 4  0 119836 2825440 2280712 172818416    0    0 799376 655412 216901 650080 17  6 63 14  0  0
23  9 119836 2819760 2280712 172822300    0    0 792016 651260 215769 645709 17  6 63 14  0  0
22 10 119836 2817692 2280712 172826228    0    0 795536 664708 216781 644986 17  6 63 14  0  0
22 12 119836 2813680 2280712 172830252    0    0 806976 656980 218368 656855 17  6 63 14  0  0
18 17 119836 2811336 2280712 172834284    0    0 804528 651508 216459 649607 17  6 63 14  0  0
 3  4 119836 2810096 2280712 172838252    0    0 803136 663828 217030 650231 17  6 63 14  0  0
22 12 119836 2806252 2280712 172842260    0    0 794624 656476 217522 646305 17  6 63 14  0  0
12  5 119836 2798488 2280712 172846232    0    0 808400 657480 218684 659850 17  6 62 15  0  0
20 15 119836 2800516 2280712 172850160    0    0 762416 634388 210508 618197 16  5 63 15  0  0
25 11 119836 2797456 2280712 172853840    0    0 746368 610704 206191 602124 16  5 64 15  0  0
19 16 119836 2792936 2280712 172857640    0    0 767168 638044 210954 620994 16  5 63 15  0  0
22 13 119836 2785448 2280712 172861576    0    0 808112 643848 217239 655608 17  6 63 15  0  0
procs -----------memory---------- ---swap-- -----io---- -system-- -------cpu-------
 r  b   swpd   free   buff  cache   si   so    bi    bo   in   cs us sy id wa st gu
20 14 119836 2782952 2280712 172865484    0    0 791568 657672 215914 642184 17  6 63 14  0  0
 6  0 119836 2778060 2280712 172869472    0    0 793728 660008 217411 645268 17  6 63 14  0  0
23 12 119836 2773368 2280712 172873388    0    0 804000 667840 218670 651346 17  6 63 14  0  0
19 16 119836 2771004 2280712 172877360    0    0 789840 647472 214760 639695 17  6 63 14  0  0
 4  2 119836 3028408 2280712 172632844    0    0 799888 670736 217996 652211 17  6 63 14  0  0
22 15 119836 3027132 2280712 172636296    0    0 797872 651864 215781 641770 17  6 63 14  0  0
23 13 119836 3022200 2280712 172640140    0    0 812176 653584 218184 654889 17  6 63 14  0  0
 3  3 119836 3014980 2280712 172644052    0    0 795472 660836 216496 648852 17  6 63 14  0  0
26 10 119836 3014060 2280712 172647932    0    0 790416 672316 217576 643049 17  6 64 14  0  0
18 17 119836 3009040 2280712 172651832    0    0 809760 655332 218274 656899 17  6 63 14  0  0
 3  3 119836 3003572 2280712 172655660    0    0 796944 671944 217275 650692 17  6 63 14  0  0
18 16 119836 3001368 2280716 172659684    0    0 805760 657384 217945 652987 17  6 63 14  0  0
21 15 119836 2997456 2280716 172663532    0    0 800480 659764 218550 650726 17  6 63 14  0  0
16 18 119836 2987864 2280716 172667360    0    0 771808 637520 212101 626036 17  6 63 15  0  0
19 16 119836 2985380 2280716 172671156    0    0 778544 635712 212354 636423 17  6 63 15  0  0
24 15 119836 2977576 2280716 172675048    0    0 785840 658780 216038 640122 17  6 63 14  0  0
25 12 119836 2975340 2280716 172678944    0    0 804592 669372 219793 658388 17  6 63 14  0  0
20 16 119836 2970052 2280716 172682968    0    0 804768 670912 219491 655480 17  6 63 14  0  0
22 12 119836 2966716 2280716 172686932    0    0 809456 657216 217869 656725 17  6 63 14  0  0
25  9 119836 2963664 2280716 172690900    0    0 808064 651440 218908 655164 17  6 63 14  0  0
 3  3 119836 2958736 2280716 172694896    0    0 801824 663120 217840 651813 17  6 63 14  0  0
procs -----------memory---------- ---swap-- -----io---- -system-- -------cpu-------
 r  b   swpd   free   buff  cache   si   so    bi    bo   in   cs us sy id wa st gu
26 10 119836 2955540 2280716 172698812    0    0 776400 643128 213703 631918 17  6 64 14  0  0
 7  1 119836 2953720 2280716 172702624    0    0 790336 660088 216412 642489 17  6 64 14  0  0
23 11 119836 2948664 2280716 172706600    0    0 808800 655064 217834 655568 17  6 63 14  0  0
17 17 119836 2943656 2280716 172710516    0    0 793328 668856 217706 647424 17  6 63 14  0  0
24 11 119836 2939828 2280716 172714584    0    0 812640 660448 218212 660731 17  6 63 14  0  0
20 14 119836 2934736 2280716 172718568    0    0 788048 657400 215555 641375 17  6 63 14  0  0
16 18 119836 2927920 2280716 172722436    0    0 799200 640912 216068 644101 17  6 63 14  0  0
19 15 119836 2926100 2280716 172726404    0    0 795136 658184 217580 649216 17  6 63 14  0  0
24 11 119836 2919916 2280716 172730408    0    0 790912 659852 215592 640726 17  6 63 14  0  0
 5  1 119836 2913244 2280716 172734204    0    0 770448 641408 210848 620884 17  5 64 14  0  0
26 11 119836 2904620 2280716 172738012    0    0 786448 639964 214609 640002 17  5 63 15  0  0
17 14 119836 2905200 2280716 172742000    0    0 802400 672960 217789 653289 17  6 64 14  0  0
21 11 119836 2896132 2280716 172746036    0    0 813392 666964 218010 658264 18  6 63 14  0  0
22 12 119836 2892308 2280716 172750068    0    0 818224 670644 220170 661748 17  6 63 14  0  0
19 13 119836 2891404 2280716 172754132    0    0 814128 677608 218934 659549 17  6 63 14  0  0
22 12 119836 2886096 2280716 172758140    0    0 813744 667676 220608 664931 17  6 63 14  0  0
 7  2 119836 2882876 2280716 172762192    0    0 809456 684728 220866 658213 17  6 63 14  0  0
20 12 119836 2855200 2280716 172766168    0    0 805152 656160 217434 655207 17  6 63 14  0  0
26  9 119836 2852744 2280716 172770192    0    0 803952 671008 218268 654727 17  6 63 14  0  0
10  2 119836 2853892 2280716 172774200    0    0 813984 659196 219120 662040 18  6 63 14  0  0
28  8 119836 2848744 2280716 172778196    0    0 811344 670180 220115 660329 17  6 63 14  0  0
procs -----------memory---------- ---swap-- -----io---- -system-- -------cpu-------
 r  b   swpd   free   buff  cache   si   so    bi    bo   in   cs us sy id wa st gu
26 10 119836 2847724 2280716 172782232    0    0 819360 674024 220228 666384 18  6 63 14  0  0
20 15 119836 2844460 2280716 172786372    0    0 810528 683548 220323 658294 18  6 63 14  0  0
27 14 119836 2838816 2280716 172790328    0    0 811360 671000 220328 661564 17  6 63 14  0  0
 7 27 119836 2836044 2280716 172794376    0    0 801120 674204 218489 652708 17  6 63 14  0  0
22 10 119836 2829600 2280716 172798204    0    0 787648 627800 212718 637858 17  6 63 15  0  0
20 14 119836 2829144 2280716 172802220    0    0 781904 664244 216049 635178 17  5 63 15  0  0
27  7 119836 2818180 2280716 172806176    0    0 815104 681500 223394 669193 17  6 63 14  0  0
30  7 119836 2817216 2280716 172810172    0    0 823440 667796 220329 667052 18  6 63 14  0  0
18 16 119836 2814916 2280716 172814308    0    0 823296 680024 221442 670079 17  6 63 14  0  0
21  0 119836 2811392 2280720 172818424    0    0 811280 682432 220871 668317 18  6 63 14  0  0
20 14 119836 2803472 2280720 172822516    0    0 825904 668252 222253 673017 17  6 63 14  0  0
25  9 119836 2802008 2280720 172826604    0    0 809728 677436 221517 662390 17  6 63 14  0  0
20 17 119836 2800880 2280720 172830596    0    0 823616 671344 220043 665256 17  6 63 14  0  0
24 11 119836 2797952 2280720 172834752    0    0 812656 680796 220246 663112 17  6 63 14  0  0
21 13 119836 2791416 2280720 172838820    0    0 830848 671916 221473 674846 18  6 62 14  0  0
22 11 119836 2786352 2280720 172842920    0    0 813936 675752 219650 660973 18  6 63 14  0  0
27 10 119836 2783792 2280720 172846976    0    0 830048 680268 221708 675019 18  6 62 14  0  0
23 13 119836 2777880 2280720 172851100    0    0 822288 672080 220278 664015 17  6 63 14  0  0
26  9 119836 2772572 2280720 172855128    0    0 807008 681832 220285 662020 17  6 63 14  0  0
26 12 119836 3029536 2280720 172610648    0    0 815872 670820 219535 664856 17  6 63 14  0  0
25 13 119836 3029316 2280720 172614048    0    0 788864 645140 213969 636160 17  5 63 15  0  0
procs -----------memory---------- ---swap-- -----io---- -system-- -------cpu-------
 r  b   swpd   free   buff  cache   si   so    bi    bo   in   cs us sy id wa st gu
22 13 119836 3021152 2280720 172617848    0    0 788928 644376 214733 638175 17  6 63 15  0  0
21 16 119836 3019132 2280720 172621740    0    0 799824 661824 215794 645407 17  6 63 14  0  0
19 14 119836 3017496 2280720 172625708    0    0 821536 677956 221140 666046 18  6 63 14  0  0
10  0 119836 3013156 2280720 172629640    0    0 819392 686560 223004 670501 18  6 62 14  0  0
 5  6 119836 3006788 2280720 172633664    0    0 825808 675576 222746 670940 18  6 62 14  0  0
25 13 119836 3000204 2280720 172637552    0    0 818656 675372 221819 665661 17  6 63 14  0  0
13  0 119836 2994792 2280720 172641780    0    0 818896 676940 220740 668509 18  6 63 14  0  0
22 13 119836 2990380 2280720 172645656    0    0 811456 673500 220683 658301 17  6 63 14  0  0
15 20 119836 2982496 2280724 172649608    0    0 815760 675536 220715 662398 17  6 63 14  0  0
22 11 119836 2976256 2280724 172653608    0    0 820160 678772 221514 668208 18  6 63 14  0  0
21 13 119836 2967504 2280724 172657700    0    0 819792 677412 221176 662639 17  6 63 14  0  0
26  9 119836 2970128 2280724 172661740    0    0 821664 672792 221282 668409 18  6 63 14  0  0
24 11 119836 2965704 2280724 172665712    0    0 823120 676416 221623 668595 18  6 63 14  0  0
 6  5 119836 2957648 2280724 172669792    0    0 826832 683564 222540 669946 17  6 62 14  0  0
22 12 119836 2957856 2280724 172673820    0    0 817328 667440 220154 663166 17  6 63 14  0  0
21 13 119836 2950712 2280724 172677904    0    0 789984 663536 216227 641721 17  6 63 15  0  0
16 17 119836 2941644 2280724 172681784    0    0 781824 638536 213297 634509 17  6 63 15  0  0
25 10 119836 2937100 2280724 172685604    0    0 793792 645688 215418 642611 17  6 63 14  0  0
21 16 119836 2933024 2280724 172689660    0    0 823936 677460 221327 667931 17  6 63 14  0  0
 6  2 119836 2929556 2280724 172693668    0    0 823568 691836 222520 665894 18  6 62 14  0  0
 7  2 119836 2928252 2280724 172697748    0    0 822912 668404 221111 665960 18  6 62 14  0  0
procs -----------memory---------- ---swap-- -----io---- -system-- -------cpu-------
 r  b   swpd   free   buff  cache   si   so    bi    bo   in   cs us sy id wa st gu
17 16 119836 2923748 2280724 172701952    0    0 821184 680812 222583 670409 17  6 63 14  0  0
27 10 119836 2916320 2280724 172705972    0    0 824048 672288 220861 667786 17  6 63 14  0  0
21 12 119836 2911844 2280724 172710044    0    0 812480 676640 219043 662830 17  6 63 14  0  0
22 12 119836 2908100 2280724 172714120    0    0 828112 676140 222600 673497 18  6 62 14  0  0
21 13 119836 2904588 2280724 172718060    0    0 783440 643052 213424 629185 17  5 65 13  0  0
22  1 119836 2898344 2280724 172722092    0    0 816592 692764 221638 665521 17  6 63 14  0  0
 7  5 119836 2923664 2280724 172726024    0    0 823824 669376 220320 668235 18  6 63 14  0  0
 7  3 119836 2917212 2280724 172730228    0    0 814864 678588 220488 663595 17  6 63 14  0  0
 2  4 119836 2916096 2280724 172734272    0    0 824896 675600 221439 668545 18  6 62 14  0  0
23 14 119836 2911232 2280724 172738368    0    0 822608 689520 222015 666547 17  6 63 14  0  0
28  7 119836 2904488 2280724 172742468    0    0 800320 659724 216599 651209 17  6 63 14  0  0
20 16 119836 2896528 2280724 172746324    0    0 790656 629748 213061 635455 17  5 63 15  0  0
19 14 119836 2891268 2280724 172750208    0    0 783536 661000 214971 637410 17  6 63 14  0  0
 8  0 119836 2887524 2280724 172754272    0    0 824048 667036 221360 666434 17  6 63 14  0  0
23  9 119836 2885720 2280724 172758296    0    0 816128 685784 222242 666772 17  6 63 14  0  0
22 14 119836 2882304 2280724 172762364    0    0 825216 675744 223580 672220 17  6 62 14  0  0
22 13 119836 2878436 2280724 172766396    0    0 817040 680548 221332 665981 17  6 63 14  0  0
18 18 119836 2877396 2280724 172770464    0    0 817344 671684 221266 660923 17  6 63 14  0  0
23 12 119836 2873860 2280724 172774460    0    0 826160 678628 221495 668617 17  6 62 14  0  0
20 14 119836 2870364 2280724 172778604    0    0 809376 682240 219075 656486 17  6 63 14  0  0
21 16 119836 2864372 2280724 172782628    0    0 816096 678472 222074 664277 17  6 63 14  0  0
procs -----------memory---------- ---swap-- -----io---- -system-- -------cpu-------
 r  b   swpd   free   buff  cache   si   so    bi    bo   in   cs us sy id wa st gu
25 14 119836 2858616 2280724 172786604    0    0 816208 679760 220728 661340 17  6 63 14  0  0
24 11 119836 2856200 2280724 172790696    0    0 817824 676244 221701 665452 17  6 63 14  0  0
21 13 119836 2851692 2280724 172794740    0    0 822640 677088 221668 666487 17  6 63 14  0  0
18 20 119836 2849020 2280724 172798844    0    0 814960 679672 221292 664019 17  6 63 14  0  0
 9  5 119836 2842260 2280724 172802940    0    0 824816 677012 221814 669657 18  6 62 14  0  0
23 13 119836 2839956 2280724 172806944    0    0 811152 668792 219924 659665 17  6 63 14  0  0
11 24 119836 2835088 2280724 172811000    0    0 786176 641504 214153 638241 17  5 63 15  0  0
23 12 119836 2827120 2280724 172814928    0    0 782960 638696 213014 632446 17  6 63 15  0  0
17  4 119836 2825924 2280724 172818836    0    0 809920 678628 219949 660005 17  6 63 14  0  0
 8  2 119836 2823860 2280724 172822800    0    0 819024 665844 220179 664072 17  6 63 14  0  0
18 16 119836 2822896 2280724 172826876    0    0 813664 681160 220640 665605 18  6 63 14  0  0
29  8 119836 2817696 2280724 172831012    0    0 824960 674840 221415 675634 18  6 62 14  0  0
28  8 119836 2812224 2280724 172835144    0    0 819888 677604 220143 666227 18  6 63 14  0  0
27 12 119836 2807936 2280724 172839156    0    0 816816 665340 218952 664802 18  6 63 14  0  0
20 15 119836 2803996 2280724 172843220    0    0 815088 672992 220471 665681 17  6 63 14  0  0
22 11 119836 2797816 2280724 172847240    0    0 819744 670664 220575 664336 17  6 63 14  0  0
 5  1 119836 2795808 2280724 172851296    0    0 810032 685980 219577 656572 17  6 63 14  0  0
 3  5 119836 2789276 2280724 172855412    0    0 818464 676388 221247 665550 18  6 63 14  0  0
23 12 119836 2784876 2280724 172859480    0    0 813904 667016 219365 660557 17  6 63 14  0  0
23  5 119836 2779392 2280724 172863460    0    0 811488 681616 221106 665933 18  6 63 14  0  0
19 17 119836 2775512 2280724 172867560    0    0 823152 673804 222339 672073 18  6 62 14  0  0
procs -----------memory---------- ---swap-- -----io---- -system-- -------cpu-------
 r  b   swpd   free   buff  cache   si   so    bi    bo   in   cs us sy id wa st gu
25 12 119836 2772480 2280724 172871644    0    0 805696 665428 217466 651703 17  6 62 15  0  0
20 14 119836 3029744 2280724 172627128    0    0 795776 638924 213677 637285 17  6 62 15  0  0
20 15 119836 3029408 2280724 172630236    0    0 782672 663212 215380 638507 17  6 63 14  0  0
21 15 119836 3021408 2280724 172634136    0    0 820608 663616 220401 666410 17  6 63 14  0  0
19  3 119836 3017212 2280724 172638000    0    0 827904 679872 220935 669002 18  6 62 14  0  0
25 12 119836 3000340 2280724 172642116    0    0 818704 680792 220695 666303 17  6 63 14  0  0
22 16 119836 2994996 2280724 172646216    0    0 821616 681056 221445 668059 17  6 63 14  0  0
20 14 119836 2989952 2280724 172650200    0    0 812464 673456 220051 664775 17  6 63 14  0  0
19 16 119836 2986748 2280724 172654144    0    0 815760 674500 221081 665080 17  6 63 14  0  0
26 11 119836 2985700 2280724 172658240    0    0 832528 674320 221546 673835 18  6 62 14  0  0
21 13 119836 2981004 2280724 172662224    0    0 813360 687696 221030 663423 17  6 63 14  0  0
26  6 119836 2977404 2280724 172666220    0    0 818784 676036 219977 665211 17  6 63 14  0  0
20 14 119836 2973124 2280724 172670284    0    0 819616 681168 222067 670698 18  6 63 14  0  0
20 15 119836 2966196 2280724 172674268    0    0 824016 674856 222261 673275 18  6 63 14  0  0
18 17 119836 2963168 2280724 172678408    0    0 826816 678584 222344 672389 18  6 62 14  0  0
25 11 119836 2941956 2280724 172682496    0    0 819248 678236 221956 667809 18  6 62 14  0  0
24 11 119836 2932728 2280724 172686436    0    0 788336 640260 214539 639195 17  6 62 15  0  0
 5  3 119836 2922536 2280724 172690268    0    0 782960 658644 214326 638088 17  6 63 15  0  0
26 12 119836 2925668 2280724 172694184    0    0 810016 658876 218165 656275 17  6 63 14  0  0
20 15 119836 2919708 2280724 172698176    0    0 808352 671968 218728 654776 17  6 63 14  0  0
 9  2 119836 2916408 2280724 172702152    0    0 814288 671376 219747 661529 17  6 63 14  0  0
procs -----------memory---------- ---swap-- -----io---- -system-- -------cpu-------
 r  b   swpd   free   buff  cache   si   so    bi    bo   in   cs us sy id wa st gu
23 14 119836 2913524 2280724 172706336    0    0 820448 672840 220765 670282 18  6 63 14  0  0
17 18 119836 2911964 2280724 172710440    0    0 804592 671804 218038 654516 17  6 63 14  0  0
25 13 119836 2909896 2280724 172714420    0    0 811952 677012 219821 663825 17  6 63 14  0  0
16 16 119836 2908300 2280724 172718392    0    0 816272 674472 221318 664678 17  6 63 14  0  0
 5  1 119836 2909320 2280724 172722512    0    0 816992 668932 220442 664729 17  6 63 14  0  0
21 13 119836 2895948 2280724 172726488    0    0 820480 674968 222287 669563 17  6 63 14  0  0
23 12 119836 2887972 2280724 172730540    0    0 813568 682392 220269 662931 18  6 63 14  0  0
 4  5 119836 2888716 2280724 172734708    0    0 820176 674700 221021 669087 18  6 63 14  0  0
21 12 119836 2884124 2280724 172738700    0    0 813408 668552 218894 661884 18  6 63 14  0  0
 6  2 119836 2881648 2280724 172742736    0    0 786368 667948 217343 643517 17  6 64 13  0  0
20 14 119836 2877156 2280724 172746640    0    0 818208 660008 220225 661037 17  6 63 14  0  0
 4  3 119836 2870872 2280724 172750624    0    0 780928 651372 214434 633462 17  5 63 15  0  0
13 18 119836 2872600 2280724 172754508    0    0 779616 645940 212788 632518 17  5 63 15  0  0
20  2 119836 2865416 2280724 172758472    0    0 824656 661384 220629 668087 17  6 62 14  0  0
24 14 119836 2859856 2280724 172762480    0    0 810320 689136 221861 661071 17  6 63 14  0  0
30  4 119836 2855636 2280724 172766584    0    0 837232 670136 222585 676792 18  6 62 14  0  0
25 11 119836 2854140 2280724 172770632    0    0 809872 673560 219408 659935 17  6 63 14  0  0
20 14 119836 2850824 2280724 172774728    0    0 810864 675236 219455 659877 18  6 63 14  0  0
22 14 119836 2846376 2280724 172778736    0    0 818768 681252 221133 664177 18  6 63 14  0  0
15 20 119836 2843748 2280724 172782776    0    0 818272 671752 219180 660280 17  6 63 14  0  0
20 16 119836 2837308 2280724 172786840    0    0 810400 674192 217839 657811 17  6 63 14  0  0
procs -----------memory---------- ---swap-- -----io---- -system-- -------cpu-------
 r  b   swpd   free   buff  cache   si   so    bi    bo   in   cs us sy id wa st gu
15 20 119836 2830992 2280724 172790880    0    0 819520 678328 220135 662405 17  6 63 14  0  0
23 13 119836 2827100 2280724 172794984    0    0 821984 669404 219667 662951 17  6 63 14  0  0
25 11 119836 2823672 2280724 172799012    0    0 821120 678636 220591 665544 18  6 63 14  0  0
22 13 119836 2821980 2280728 172803068    0    0 811696 674432 219647 657537 18  6 63 14  0  0
 3  1 119836 2816516 2280728 172807108    0    0 820512 670104 221264 665579 18  6 63 14  0  0
24  8 119836 2795360 2280728 172811208    0    0 820128 678208 221189 664515 17  6 63 14  0  0
26 11 119836 2795072 2280728 172815120    0    0 778160 651264 212538 629953 17  6 63 14  0  0
13 21 119836 2792232 2280728 172819084    0    0 781664 640008 212206 635406 17  6 63 15  0  0
 4  0 119836 2789516 2280728 172822992    0    0 808704 651360 216376 652278 17  6 63 14  0  0
12  9 119836 2782156 2280728 172826996    0    0 810976 693040 220526 659614 17  6 63 14  0  0
17 19 119836 2775116 2280728 172831084    0    0 831296 661828 220101 670989 18  6 62 14  0  0
10  0 119836 2774136 2280728 172835096    0    0 814736 689224 220240 660866 17  6 63 14  0  0
 6  3 119836 3028828 2280728 172590312    0    0 828880 673800 220203 667034 18  6 62 14  0  0
21 15 119836 3024176 2280728 172593568    0    0 810288 675164 219751 657495 17  6 63 14  0  0
23 13 119836 3019104 2280728 172597584    0    0 825520 674684 221016 668334 17  6 62 14  0  0
23 12 119836 3013964 2280728 172601592    0    0 824976 672132 220089 667151 18  6 63 14  0  0
 4  2 119836 3010608 2280728 172605604    0    0 808656 663720 217640 656097 17  6 63 14  0  0
 7  4 119836 3006384 2280728 172609604    0    0 781632 643576 212770 632394 17  6 63 15  0  0
26 10 119836 3002284 2280728 172613480    0    0 803616 639408 214601 644587 17  5 62 15  0  0
