procs -----------memory---------- ---swap-- -----io---- -system-- -------cpu-------
 r  b   swpd   free   buff  cache   si   so    bi    bo   in   cs us sy id wa st gu
 6  0 119836 5005540 2276392 142418376   49   77 276089 342406 147503   38 35  4 58  3  0  0
189  0 119836 4786996 2276392 142418472    0    0     0 279908 100766 74378 93  1  5  0  0  0
128  0 119836 4768116 2276392 142418512    0    0     0 263524 94292 42223 98  1  1  0  0  0
143  0 119836 4749820 2276392 142418564    0    0     0 220436 93478 34858 97  1  2  0  0  0
163  0 119836 4704016 2276392 142418616    0    0     0 341364 230939 50550 96  1  3  0  0  0
125  0 119836 4677868 2276396 142418652    0    0     0 295336 103219 44693 98  1  1  0  0  0
143  0 119836 4662900 2276396 142418704    0    0     0 307076 98238 45569 98  1  1  0  0  0
123  0 119836 4655708 2276396 142418760    0    0     0 291592 97725 47055 98  1  1  0  0  0
114  0 119836 4633332 2276396 142418812    0    0     0 309220 96663 46960 98  1  1  0  0  0
158  0 119836 4602100 2276396 142418856    0    0     0 282420 157832 45126 97  1  2  0  0  0
138  0 119836 4584408 2276396 142418896    0    0     0 253972 96360 41296 98  1  1  0  0  0
115  0 119836 4565920 2276396 142418944    0    0     0 258904 99276 38643 98  1  1  0  0  0
107  0 119836 4556476 2276396 142418996    0    0     0 253728 95385 38869 98  1  1  0  0  0
158  1 119836 4541236 2276396 142419052    0    0     0 299524 97029 44525 98  1  1  0  0  0
131  0 119836 4525480 2276396 142419092    0    0     0 296132 97501 46491 98  1  1  0  0  0
136  0 119836 4503888 2276396 142419144    0    0     0 282668 95120 42722 97  1  2  0  0  0
124  0 119836 4495916 2276396 142419180    0    0     0 268208 94654 41868 98  1  1  0  0  0
153  0 119836 4480036 2276396 142419228    0    0     0 275080 96109 40127 98  1  1  0  0  0
151  0 119836 4462476 2276400 142419276    0    0     0 261620 95203 41860 98  1  1  0  0  0
126  0 119836 4444080 2276400 142419324    0    0     0 262628 96131 42917 98  1  1  0  0  0
139  0 119836 4403040 2276400 142419368    0    0     0 259020 101657 42896 98  1  1  0  0  0
procs -----------memory---------- ---swap-- -----io---- -system-- -------cpu-------
 r  b   swpd   free   buff  cache   si   so    bi    bo   in   cs us sy id wa st gu
60  0 119836 4361460 2276400 142419424    0    0     0 303320 105719 48399 95  1  4  0  0  0
148  0 119836 3149972 2276400 142419536    0    0     0 453660 1268773 481252 31 63  6  0  0  0
380  0 119836 2864100 2276408 142427252    0    0     0 312056 234538 809637 75 21  4  0  0  0
162  0 119836 2861000 2276408 142325856    0    0     0 280876 204878 845420 77 21  2  0  0  0
462  0 119836 2830440 2276408 142256916    0    0     0 282296 151752 861150 77 22  2  0  0  0
222  0 119836 2777676 2276408 142272304    0    0     0 284596 215783 862543 76 22  2  0  0  0
456  0 119836 2861720 2276408 142189756    0    0     0 284944 150498 870925 77 21  2  0  0  0
483  0 119836 2868572 2276408 142205392    0    0     0 289476 155994 875545 76 22  2  0  0  0
274  1 119836 2894044 2276408 142221952    0    0     0 285448 141976 823340 71 20  9  0  0  0
334  0 119836 2884800 2276408 142236892    0    0     0 290924 136306 873106 76 21  3  0  0  0
157  0 119836 2884176 2276408 142253092    0    0     0 290496 136257 876617 75 21  4  0  0  0
206  0 119836 2879460 2276412 142268980    0    0     0 294664 137056 883531 75 21  3  0  0  0
200  1 119836 2875656 2276412 142284692    0    0     0 297340 132962 877209 76 21  3  0  0  0
358  0 119836 2866144 2276412 142300668    0    0     0 297092 136206 868498 77 21  2  0  0  0
256  0 119836 2864272 2276412 142315968    0    0     0 299508 132932 878708 76 22  3  0  0  0
288  0 119836 2865436 2276412 142332712    0    0     0 301896 135083 887392 76 21  3  0  0  0
161  0 119836 2859988 2276412 142347944    0    0     0 302832 136434 884387 75 21  3  0  0  0
462  0 119836 2858152 2276412 142364960    0    0     0 303724 136827 869450 76 21  3  0  0  0
196  0 119836 2845000 2276412 142381016    0    0     0 305808 133574 844669 77 21  2  0  0  0
167  0 119836 2836208 2276412 142396864    0    0     0 309908 135292 857108 74 21  5  0  0  0
168  0 119836 2816224 2276412 142412408    0    0     0 311284 133178 817848 74 21  4  0  0  0
procs -----------memory---------- ---swap-- -----io---- -system-- -------cpu-------
 r  b   swpd   free   buff  cache   si   so    bi    bo   in   cs us sy id wa st gu
170  0 119836 2800612 2276412 142427772    0    0     0 310256 133737 808532 76 22  2  0  0  0
181  0 119836 2791876 2276412 142441148    0    0     0 315888 134166 825296 77 22  2  0  0  0
218  0 119836 2785052 2276412 142457932    0    0     0 312136 133904 823784 76 21  3  0  0  0
267  0 119836 2770836 2276412 142471592    0    0     0 315640 134600 829252 76 22  2  0  0  0
78  0 119836 2858220 2276412 142380420    0    0     0 317840 135268 806122 74 21  4  0  0  0
210  0 119836 2841376 2276412 142395232    0    0     0 317100 131543 804191 75 21  4  0  0  0
317  0 119836 2830732 2276412 142410636    0    0     0 321704 133782 823325 76 22  2  0  0  0
203  0 119836 2813376 2276412 142425328    0    0     0 321000 134442 812218 77 22  1  0  0  0
388  0 119836 2805420 2276412 142440196    0    0     0 319380 133234 816360 77 22  1  0  0  0
354  0 119836 2772816 2276412 142455532    0    0     0 323396 133451 808165 74 21  4  0  0  0
209  0 119836 2867096 2276412 142365140    0    0     0 326532 134233 821907 77 22  1  0  0  0
254  0 119836 2853444 2276412 142380072    0    0     0 369404 138432 820346 77 22  1  0  0  0
252  0 119836 2841420 2276412 142394400    0    0     0 370536 135478 825383 75 21  3  0  0  0
239  0 119836 2824036 2276412 142410824    0    0     0 370048 138237 820969 76 22  2  0  0  0
87  0 119836 2807864 2276412 142425148    0    0     0 374040 137931 822540 77 22  1  0  0  0
385  0 119836 2801616 2276412 142440760    0    0     0 367956 134379 816163 74 21  5  0  0  0
380  0 119836 2785120 2276412 142455244    0    0     0 375760 136618 824850 77 22  1  0  0  0
396  0 119836 2775008 2276412 142470508    0    0     0 371712 137514 821896 73 22  5  0  0  0
269  0 119836 2865240 2276412 142379864    0    0     0 371052 150391 837964 73 21  6  0  0  0
125  0 119836 2855128 2276412 142394440    0    0     0 377280 138583 829625 75 22  3  0  0  0
367  0 119836 2840960 2276412 142411636    0    0     0 372468 136091 809972 75 22  3  0  0  0
procs -----------memory---------- ---swap-- -----io---- -system-- -------cpu-------
 r  b   swpd   free   buff  cache   si   so    bi    bo   in   cs us sy id wa st gu
346  0 119836 2828244 2276412 142424068    0    0     0 377628 136165 830468 74 21  4  0  0  0
380  0 119836 2776524 2276412 142439844    0    0     0 374436 134874 773518 70 20 10  0  0  0
76  0 119836 2825184 2276412 142452664    0    0     0 380472 142188 825960 76 22  3  0  0  0
106  0 119836 2803932 2276412 142468004    0    0     0 380936 135385 820625 75 22  3  0  0  0
215  0 119836 2789928 2276416 142483480    0    0     0 378840 135739 821426 75 22  3  0  0  0
427  0 119836 2780136 2276416 142497636    0    0     0 382996 138013 831062 76 22  2  0  0  0
410  0 119836 2865680 2276416 142412772    0    0     0 384872 132703 800039 76 21  3  0  0  0
164  0 119836 2842188 2276416 142428632    0    0     0 390708 137848 816859 76 22  3  0  0  0
302  0 119836 2822000 2276416 142442308    0    0     0 389904 136731 837399 77 22  2  0  0  0
188  0 119836 2804472 2276416 142458100    0    0     0 389800 134997 813922 77 22  1  0  0  0
331  0 119836 2781912 2276416 142474652    0    0     0 390172 135986 809509 76 21  3  0  0  0
268  0 119836 2773448 2276416 142487672    0    0     0 390452 138588 827304 76 22  2  0  0  0
33  1 119836 3002940 2276368 142254600    0    0     0 393904 144376 811302 76 22  2  0  0  0
271  0 119836 2967140 2276368 142270232    0    0     0 396904 138732 824082 76 22  1  0  0  0
104  0 119836 2951776 2276368 142283796    0    0     0 401632 137103 827305 76 22  2  0  0  0
89  0 119836 2939812 2276368 142299204    0    0     0 397400 136775 821575 77 22  1  0  0  0
297  0 119836 2925336 2276368 142314772    0    0     0 400548 142055 829398 76 22  2  0  0  0
99  0 119836 2916612 2276368 142329276    0    0     0 398192 143483 818006 74 21  4  0  0  0
423  0 119836 2901876 2276368 142345616    4    0     4 398680 141611 822579 74 22  4  0  0  0
240  0 119836 2869804 2276368 142358332    0    0     0 398916 139691 814191 73 21  6  0  0  0
228  0 119836 2862824 2276368 142372400    0    0     0 430924 140159 832884 75 22  3  0  0  0
procs -----------memory---------- ---swap-- -----io---- -system-- -------cpu-------
 r  b   swpd   free   buff  cache   si   so    bi    bo   in   cs us sy id wa st gu
335  0 119836 2849284 2276368 142389792    0    0     0 434308 136408 834200 76 21  3  0  0  0
230  0 119836 2834280 2276368 142402708    0    0     0 436880 140416 840113 77 22  1  0  0  0
285  0 119836 2821656 2276368 142418660    0    0     0 433960 140272 835764 77 22  1  0  0  0
363  0 119836 2787232 2276368 142435752    0    0     0 432924 137036 831749 76 22  2  0  0  0
239  0 119836 2770892 2276368 142447508    0    0     0 434496 137013 822463 76 22  2  0  0  0
187  0 119836 2859492 2276368 142362044    0    0     0 432784 137268 830320 76 22  2  0  0  0
338  0 119836 2837528 2276368 142379172    0    0     0 434988 136229 839934 76 22  2  0  0  0
471  0 119836 2822812 2276368 142393260    0    0     0 435784 138073 821777 77 22  1  0  0  0
146  0 119836 2808056 2276368 142406896    0    0     0 435072 137745 823023 77 22  2  0  0  0
352  1 119836 2793348 2276368 142426216    0    0     0 435076 138047 832801 77 22  2  0  0  0
127  0 119836 2785812 2276368 142438732    0    0     0 436620 137906 818191 75 21  3  0  0  0
357  0 119836 2865472 2276368 142354196    0    0     0 438156 138144 817806 75 22  3  0  0  0
248  0 119836 2858040 2276368 142363100    0    0     0 437500 139289 827510 76 22  2  0  0  0
105  0 119836 2844132 2276368 142375480    0    0     0 436460 137080 827722 76 22  2  0  0  0
245  0 119836 2822464 2276368 142391788    0    0     0 437924 140799 826269 77 22  1  0  0  0
434  0 119836 2809256 2276368 142409060    0    0     0 441300 141163 832851 77 22  1  0  0  0
 3  0 119836 2915324 2276368 142319528    0    0     0 432136 136408 749539 69 20 11  0  0  0
315  0 119836 2899000 2276368 142334832    0    0     0 440812 140729 829059 77 22  1  0  0  0
293  0 119836 2880788 2276372 142352416    0    0     0 437552 138348 817601 76 22  1  0  0  0
161  0 119836 2865300 2276372 142364920    0    0     0 439316 139466 829238 77 22  2  0  0  0
108  0 119836 2847992 2276372 142380728    0    0     0 439668 138459 827409 77 22  2  0  0  0
procs -----------memory---------- ---swap-- -----io---- -system-- -------cpu-------
 r  b   swpd   free   buff  cache   si   so    bi    bo   in   cs us sy id wa st gu
245  0 119836 2824784 2276372 142397604    0    0     0 438332 138070 826381 74 21  4  0  0  0
473  0 119836 2815204 2276372 142409684    0    0     0 441020 137432 827105 76 22  2  0  0  0
66  0 119836 2800528 2276372 142427136    0    0     0 441888 137411 814358 76 22  2  0  0  0
329  0 119836 2792784 2276372 142441964    0    0     0 495468 141157 829135 77 22  1  0  0  0
394  0 119836 2772612 2276372 142456232    0    0     0 553572 144880 817457 73 21  6  0  0  0
309  0 119836 2860004 2276372 142370372    0    0     0 591160 144020 846955 76 22  2  0  0  0
436  0 119836 2820676 2276376 142386228    0    0     0 580484 148631 836365 77 22  1  0  0  0
414  0 119836 2804348 2276376 142398984    0    0     0 569596 140855 820690 76 22  2  0  0  0
279  0 119836 2792968 2276376 142415468    0    0     0 587888 144218 841710 76 22  2  0  0  0
309  0 119836 2784400 2276376 142431392    0    0     0 581784 144449 838166 77 22  2  0  0  0
180  0 119836 2866748 2276376 142347964    0    0     0 575396 146212 843560 77 22  2  0  0  0
127  0 119836 2860308 2276376 142356356    0    0     0 568712 143824 837745 77 22  2  0  0  0
283  0 119836 2842352 2276376 142372580    0    0     0 557492 143015 835603 75 22  3  0  0  0
492  0 119836 2823056 2276376 142388924    0    0     0 553976 142534 818939 73 21  5  0  0  0
352  0 119836 2803828 2276376 142401360    0    0     0 551128 142734 844938 76 22  2  0  0  0
341  0 119836 2786360 2276376 142418012    0    0     0 545368 141843 840254 76 22  1  0  0  0
355  0 119836 2772536 2276376 142433828    0    0     0 541876 143343 857337 75 22  4  0  0  0
357  0 119836 2846212 2276376 142347436    0    0     0 540328 141715 830714 76 22  2  0  0  0
316  0 119836 2828624 2276376 142364064    0    0     0 540032 142709 844203 76 22  2  0  0  0
378  0 119836 2813072 2276376 142381232    0    0     0 534456 143118 823948 76 22  2  0  0  0
302  0 119836 2796340 2276376 142392976    0    0     0 533976 142946 837404 76 22  2  0  0  0
procs -----------memory---------- ---swap-- -----io---- -system-- -------cpu-------
 r  b   swpd   free   buff  cache   si   so    bi    bo   in   cs us sy id wa st gu
136  0 119836 2782640 2276376 142409740    0    0     0 530936 143463 847046 76 22  2  0  0  0
244  0 119836 2865400 2276376 142324088    0    0     0 525740 141652 826220 75 22  3  0  0  0
207  1 119836 3101656 2276376 142087636    0    0     0 525008 142632 833691 77 22  1  0  0  0
188  0 119836 3082584 2276376 142104184    0    0     0 524908 143005 833586 77 22  1  0  0  0
233  0 119836 3067732 2276376 142120952    0    0     0 524580 141708 829571 77 22  1  0  0  0
457  0 119836 3047640 2276376 142132832    0    0     0 521692 143821 838630 76 22  1  0  0  0
105  0 119836 3038688 2276376 142150040    0    0     0 514740 139030 813001 74 21  5  0  0  0
524  0 119836 3023644 2276376 142166596    0    0     0 513276 141519 829409 77 22  1  0  0  0
319  0 119836 3003852 2276376 142177656    0    0     0 513488 142841 835806 75 22  4  0  0  0
455  0 119836 2990360 2276376 142195616    0    0     0 508564 152670 836941 76 22  2  0  0  0
267  0 119836 2980944 2276376 142209952    0    0     0 499572 144538 770659 69 20 10  0  0  0
99  1 119836 2969864 2276380 142222680    0    0     0 503588 146053 843487 76 22  2  0  0  0
212  0 119836 2952096 2276380 142239888    0    0     0 502548 140181 830372 77 22  2  0  0  0
266  0 119836 2932840 2276380 142256088    0    0     0 501504 141827 837291 77 22  1  0  0  0
468  0 119836 2921192 2276380 142268100    0    0     0 499104 140214 836973 77 22  1  0  0  0
175  0 119836 2904188 2276380 142287184    0    0     0 498612 141151 840013 76 22  2  0  0  0
95  0 119836 2895864 2276380 142301904    0    0     0 494792 141699 830945 76 22  2  0  0  0
499  0 119836 2885708 2276380 142314984    0    0     0 517688 144644 840366 76 22  2  0  0  0
480  0 119836 2868696 2276380 142331744    0    0     0 512936 145134 850648 74 22  4  0  0  0
381  0 119836 2846320 2276380 142347512    0    0     0 513616 142155 826687 74 22  4  0  0  0
408  1 119836 2835960 2276384 142363252    0    0     0 516612 143300 848594 76 22  2  0  0  0
procs -----------memory---------- ---swap-- -----io---- -system-- -------cpu-------
 r  b   swpd   free   buff  cache   si   so    bi    bo   in   cs us sy id wa st gu
252  0 119836 2809884 2276384 142376116    0    0     0 516076 139262 820742 75 21  3  0  0  0
174  1 119836 2800472 2276384 142392320    0    0     0 518588 142136 833766 77 22  1  0  0  0
476  0 119836 2785020 2276384 142408600    0    0     0 517824 141254 845424 76 22  2  0  0  0
265  0 119836 2771068 2276384 142421992    0    0     0 511988 141464 820299 75 22  3  0  0  0
285  0 119836 2861216 2276384 142336972    0    0     0 514296 141824 829790 76 22  2  0  0  0
301  0 119836 2844312 2276384 142352484    0    0     0 510544 140880 824578 76 22  2  0  0  0
113  0 119836 2828736 2276384 142364948    0    0     0 508444 140546 823977 76 22  2  0  0  0
279  0 119836 2798016 2276384 142381460    0    0     0 504300 140092 812208 74 21  5  0  0  0
173  0 119836 2779568 2276384 142397604    0    0     0 507196 142459 830996 77 22  1  0  0  0
496  0 119836 2771824 2276384 142410984    0    0     0 502840 144963 845310 76 22  2  0  0  0
289  0 119836 2854140 2276384 142328832    0    0     0 501012 142760 837180 76 22  2  0  0  0
196  0 119836 2820772 2276384 142343128    0    0     0 500240 141368 813311 74 21  5  0  0  0
294  0 119836 2802660 2276384 142357284    0    0     0 501176 142249 842253 76 22  2  0  0  0
427  0 119836 2790924 2276384 142373000    0    0     0 494072 141042 818160 74 21  4  0  0  0
208  0 119836 2777044 2276388 142388112    0    0     0 493828 142865 830443 77 22  1  0  0  0
456  0 119836 3116752 2276388 142055936    0    0     0 493496 141278 824609 75 22  3  0  0  0
427  0 119836 3097452 2276388 142070156    0    0     0 492604 142166 844218 75 21  3  0  0  0
468  0 119836 3075620 2276388 142085892    0    0     0 492244 141051 827572 77 22  1  0  0  0
172  1 119836 3063648 2276388 142099824    0    0     0 492132 139999 822869 76 22  3  0  0  0
255  0 119836 3049780 2276388 142115660    0    0     0 489524 141256 826461 77 22  1  0  0  0
242  0 119836 3033284 2276388 142130556    0    0     0 488164 139683 813755 75 21  3  0  0  0
procs -----------memory---------- ---swap-- -----io---- -system-- -------cpu-------
 r  b   swpd   free   buff  cache   si   so    bi    bo   in   cs us sy id wa st gu
322  0 119836 3017052 2276388 142146064    0    0     0 486180 143017 836557 77 22  1  0  0  0
379  0 119836 2996944 2276388 142161292    0    0     0 487256 143341 836895 77 22  1  0  0  0
266  0 119836 2981128 2276392 142176124    0    0     0 485772 142576 833609 76 22  2  0  0  0
392  0 119836 2927588 2276392 142191108    0    0     0 480016 134834 768188 69 20 11  0  0  0
49  0 119836 2968360 2276392 142205276    0    0     0 481240 141080 827934 75 22  2  0  0  0
289  0 119836 2952248 2276396 142219848    0    0     0 489736 139285 828967 77 22  2  0  0  0
141  0 119836 2933428 2276396 142235084    0    0     0 487960 140924 841558 76 22  2  0  0  0
326  0 119836 2921104 2276396 142249404    0    0     0 484648 139744 809660 72 21  6  0  0  0
197  0 119836 2902248 2276396 142264840    0    0     0 487868 140959 836203 77 22  1  0  0  0
494  0 119836 2894008 2276396 142279376    0    0     0 481940 140402 823208 74 21  4  0  0  0
394  0 119836 2878476 2276396 142294020    0    0     0 481232 138991 814088 75 22  3  0  0  0
286  0 119836 2859388 2276396 142309944    0    0     0 485100 140918 833279 77 22  1  0  0  0
287  0 119836 2848076 2276396 142324388    0    0     0 481968 140356 829061 76 22  2  0  0  0
413  0 119836 2827360 2276396 142339388    0    0     0 476512 140876 821714 75 21  4  0  0  0
143  0 119836 2810332 2276396 142354308    0    0     0 481864 139651 827828 75 21  3  0  0  0
469  0 119836 2790792 2276396 142369392    0    0     0 481072 139605 832211 76 22  2  0  0  0
416  0 119836 2777224 2276396 142384520    0    0     0 482776 140439 829186 77 22  1  0  0  0
132  0 119836 2865712 2276396 142292244    0    0     0 481300 139907 830603 77 22  1  0  0  0
447  0 119836 2851972 2276396 142307004    0    0     0 481600 141737 844124 76 22  2  0  0  0
315  1 119836 2833896 2276396 142322564    0    0     0 481588 141592 837815 77 22  1  0  0  0
455  0 119836 2822588 2276396 142337588    0    0     0 479160 141374 826254 77 22  1  0  0  0
procs -----------memory---------- ---swap-- -----io---- -system-- -------cpu-------
 r  b   swpd   free   buff  cache   si   so    bi    bo   in   cs us sy id wa st gu
316  0 119836 2803148 2276396 142352596    0    0     0 482284 142412 841863 76 22  2  0  0  0
256  0 119836 2773912 2276396 142367368    0    0     0 476176 141099 812030 74 21  5  0  0  0
479  0 119836 2864960 2276396 142279724    0    0     0 477104 139520 823360 77 22  1  0  0  0
421  0 119836 2844688 2276396 142294216    0    0     0 481400 139805 828231 77 22  1  0  0  0
117  0 119836 2829672 2276396 142309216    0    0     0 475724 140606 818759 77 22  1  0  0  0
388  0 119836 2797016 2276396 142324080    0    0     0 479724 141389 817517 76 22  2  0  0  0
369  0 119836 2778276 2276396 142340152    0    0     0 493808 143491 833186 77 22  2  0  0  0
327  0 119836 2868592 2276396 142256920    0    0     0 502472 141274 827525 77 22  1  0  0  0
332  0 119836 2850520 2276396 142271348    0    0     0 506920 141690 833550 76 22  1  0  0  0
493  0 119836 2833340 2276400 142286524    0    0     0 505636 141623 843940 76 22  2  0  0  0
128  0 119836 2817000 2276400 142302020    0    0     0 504588 141279 815040 77 22  1  0  0  0
213  0 119836 2804408 2276400 142316980    0    0     0 501856 140020 821082 77 22  1  0  0  0
415  0 119836 2784392 2276400 142332332    0    0     0 500040 143419 827138 77 22  1  0  0  0
401  0 119836 2771096 2276400 142347440    0    0     0 497828 141972 839019 77 22  2  0  0  0
462  0 119836 2867560 2276400 142252416    0    0     0 495968 141718 831279 77 22  2  0  0  0
315  0 119836 2847916 2276400 142266456    0    0     0 493652 141129 835088 77 22  1  0  0  0
362  0 119836 2836936 2276400 142281408    0    0     0 493776 138909 823343 77 22  1  0  0  0
176  0 119836 2816588 2276400 142296700    0    0     0 493188 143847 830661 77 22  1  0  0  0
503  0 119836 2792360 2276400 142284808    0    0     0 484920 137721 767374 70 20 10  0  0  0
149  0 119836 2908284 2276404 142225700    0    0     0 488184 139368 810673 75 21  4  0  0  0
456  0 119836 2891924 2276404 142240852    0    0     0 486896 139891 824579 77 22  1  0  0  0
procs -----------memory---------- ---swap-- -----io---- -system-- -------cpu-------
 r  b   swpd   free   buff  cache   si   so    bi    bo   in   cs us sy id wa st gu
271  0 119836 2875360 2276404 142255968    0    0     0 489264 139323 842651 76 22  2  0  0  0
256  0 119836 2858052 2276404 142271232    0    0     0 488364 140837 827518 76 22  2  0  0  0
164  0 119836 2838264 2276404 142286388    0    0     0 487308 141675 825087 75 21  4  0  0  0
426  0 119836 2824948 2276404 142300616    0    0     0 488836 142176 831567 75 21  3  0  0  0
346  0 119836 2813164 2276404 142315876    0    0     0 487972 141355 832903 77 22  1  0  0  0
205  0 119836 2793180 2276404 142330864    0    0     0 489140 140732 823615 77 22  1  0  0  0
403  0 119836 2780432 2276404 142346888    0    0     0 489688 142046 839035 77 22  1  0  0  0
195  0 119836 2860880 2276404 142261368    0    0     0 489188 140349 827257 76 21  3  0  0  0
482  0 119836 2846608 2276404 142276268    0    0     0 494424 142200 845291 76 22  2  0  0  0
217  0 119836 2830740 2276404 142291180    0    0     0 495880 140340 827909 76 22  2  0  0  0
342  0 119836 2815976 2276404 142307032    0    0     0 499060 143162 830470 77 22  1  0  0  0
404  0 119836 2797992 2276404 142322608    0    0     0 497532 140370 828747 77 22  1  0  0  0
73  0 119836 2786220 2276404 142337164    0    0     0 499004 140645 830163 76 22  2  0  0  0
275  0 119836 2768428 2276404 142352256    0    0     0 501080 139722 837352 76 22  2  0  0  0
280  0 119836 2857692 2276404 142266244    0    0     0 496312 143322 834670 77 22  1  0  0  0
394  0 119836 2824992 2276404 142281468    0    0     0 497020 139520 806852 73 21  6  0  0  0
287  0 119836 2811420 2276404 142295892    0    0     0 493032 141457 826369 77 22  1  0  0  0
102  0 119836 2794644 2276404 142311268    0    0     0 495216 142934 836465 77 22  1  0  0  0
258  0 119836 2782588 2276404 142326364    0    0     0 493076 140909 827839 77 22  1  0  0  0
266  0 119836 2766520 2276404 142341784    0    0     0 495584 138402 835365 76 22  2  0  0  0
119  0 119836 2853764 2276404 142236272    0    0     0 494476 139782 820965 75 22  3  0  0  0
procs -----------memory---------- ---swap-- -----io---- -system-- -------cpu-------
 r  b   swpd   free   buff  cache   si   so    bi    bo   in   cs us sy id wa st gu
505  0 119836 2838412 2276404 142251072    0    0     0 494448 139508 825849 75 22  3  0  0  0
430  0 119836 2825520 2276404 142265676    0    0     0 494824 140307 825026 75 22  3  0  0  0
266  0 119836 2807576 2276404 142281336    0    0     0 500908 139707 824469 76 22  2  0  0  0
277  0 119836 2788308 2276404 142296464    0    0     0 501900 141290 837772 77 22  1  0  0  0
381  0 119836 2771200 2276404 142311392    0    0     0 502272 143632 847393 76 22  2  0  0  0
156  0 119836 2866276 2276404 142216180    0    0     0 501280 141846 828355 77 22  1  0  0  0
386  0 119836 2849588 2276404 142230912    0    0     0 501996 142687 841770 76 22  2  0  0  0
370  0 119836 2836632 2276404 142245784    0    0     0 502692 142903 838032 76 22  2  0  0  0
276  0 119836 2823712 2276404 142261076    0    0     0 505164 141670 841629 75 22  3  0  0  0
172  0 119836 2804376 2276404 142276108    0    0     0 504964 144201 843641 77 22  1  0  0  0
232  0 119836 2789828 2276404 142291476    0    0     0 503872 141410 823963 77 22  1  0  0  0
123  0 119836 2772412 2276404 142306496    0    0     0 505584 141301 845328 76 22  2  0  0  0
262  0 119836 2853012 2276404 142193500    0    0     0 499180 136674 761567 68 20 12  0  0  0
437  0 119836 2892428 2276408 142207936    0    0     0 503020 139883 818878 74 22  4  0  0  0
438  0 119836 2869136 2276408 142222736    0    0     0 503932 140932 840024 77 22  1  0  0  0
277  0 119836 2852696 2276408 142238576    0    0     0 503292 142668 821983 77 22  1  0  0  0
118  0 119836 2842148 2276408 142252928    0    0     0 501140 142511 839855 76 22  2  0  0  0
419  0 119836 2828932 2276408 142268432    0    0     0 499336 137848 821644 75 22  3  0  0  0
78  0 119836 2813512 2276408 142283296    0    0     0 501784 142547 846269 76 22  2  0  0  0
461  0 119836 2799272 2276408 142298204    0    0     0 500260 141495 829075 74 21  4  0  0  0
114  0 119836 2780912 2276408 142313012    0    0     0 502588 142030 831531 77 22  1  0  0  0
procs -----------memory---------- ---swap-- -----io---- -system-- -------cpu-------
 r  b   swpd   free   buff  cache   si   so    bi    bo   in   cs us sy id wa st gu
395  0 119836 2862396 2276408 142229272    0    0     0 501096 139989 825320 75 22  3  0  0  0
470  0 119836 2855372 2276408 142242392    0    0     0 504288 143337 817025 75 22  3  0  0  0
366  1 119836 2839676 2276408 142258040    0    0     0 510036 143070 836932 77 22  1  0  0  0
83  0 119836 2824928 2276408 142273492    0    0     0 507452 140669 817010 75 22  3  0  0  0
138  0 119836 2809644 2276408 142287772    0    0     0 507568 142384 844791 76 22  2  0  0  0
509  0 119836 2793312 2276408 142304124    0    0     0 504308 143096 847462 76 22  2  0  0  0
334  0 119836 2779564 2276408 142318164    0    0     0 502896 137130 813963 76 22  2  0  0  0
464  0 119836 2786476 2276408 142313420    0    0     0 507256 138600 833977 76 22  2  0  0  0
490  0 119836 3003964 2276408 142098052    0    0     0 507096 141431 837953 76 22  2  0  0  0
278  0 119836 2967380 2276408 142113080    0    0     0 502320 143502 813713 73 21  5  0  0  0
451  0 119836 2950040 2276408 142126868    0    0     0 501820 141191 834519 75 22  3  0  0  0
517  0 119836 2937680 2276408 142142436    0    0     0 504076 143580 844714 77 22  2  0  0  0
367  0 119836 2925176 2276408 142157872    0    0     0 502280 144890 835312 77 22  1  0  0  0
148  0 119836 2891624 2276408 142173016    0    0     0 502168 143322 835821 76 22  2  0  0  0
449  0 119836 2878328 2276408 142187500    0    0     0 503196 142338 840359 75 22  3  0  0  0
61  0 119836 2864840 2276408 142203136    0    0     0 498804 140932 828240 75 22  4  0  0  0
343  0 119836 2847116 2276408 142218148    0    0     0 499536 142153 824900 75 22  3  0  0  0
444  0 119836 2831024 2276408 142233416    0    0     0 498496 138584 840425 75 22  3  0  0  0
410  0 119836 2814612 2276408 142247168    0    0     0 499508 140875 827847 76 22  2  0  0  0
207  0 119836 2797764 2276408 142262300    0    0     0 496272 138989 839729 76 22  2  0  0  0
416  0 119836 2776652 2276408 142276948    0    0     0 498032 142437 842158 76 22  2  0  0  0
procs -----------memory---------- ---swap-- -----io---- -system-- -------cpu-------
 r  b   swpd   free   buff  cache   si   so    bi    bo   in   cs us sy id wa st gu
472  0 119836 2863728 2276408 142189804    0    0     0 499488 140608 831576 76 22  2  0  0  0
392  0 119836 2851720 2276408 142203852    0    0     0 495448 143400 839027 75 22  3  0  0  0
353  0 119836 2834268 2276408 142219096    0    0     0 500368 142821 840204 76 22  2  0  0  0
454  0 119836 2824448 2276408 142234200    0    0     0 499016 140794 831041 76 22  2  0  0  0
354  0 119836 2810592 2276408 142248968    0    0     0 498948 142246 832038 77 22  1  0  0  0
160  1 119836 2790148 2276408 142264296    0    0     0 496608 137365 822012 76 22  2  0  0  0
172  3 119836 2856476 2276408 142169092    0    0     0 509916 139150 777478 70 20  9  0  0  0
504  0 119836 2894412 2276412 142185104    0    0     0 491880 140944 833340 76 22  2  0  0  0
75  7 119836 2880624 2276412 142200508    0    0     0 531464 142549 836011 76 22  2  0  0  0
323  2 119836 2865088 2276412 142214224    0    0     0 499092 142703 830538 76 22  2  0  0  0
182  0 119836 2846480 2276412 142229796    0    0     0 492900 142774 834601 77 22  1  0  0  0
246  4 119836 2826468 2276412 142244988    0    0     0 523484 141151 831675 75 22  3  0  0  0
53  3 119836 2808828 2276412 142259448    0    0     0 524852 141948 825133 76 22  2  0  0  0
256  0 119836 2790128 2276412 142275428    0    0     0 504444 142007 831316 76 22  2  0  0  0
346  0 119836 2777700 2276412 142289680    0    0     0 514908 145007 843464 77 22  1  0  0  0
203  0 119836 2865516 2276412 142199396    0    0     0 512508 142278 814904 75 22  3  0  0  0
307  0 119836 2848520 2276412 142213064    0    0     0 502700 140987 833463 76 22  2  0  0  0
255  0 119836 2830728 2276412 142228068    0    0     0 517176 142459 841351 76 22  2  0  0  0
91  6 119836 2812272 2276412 142243536    0    0     0 493276 139970 823102 77 22  1  0  0  0
391  0 119836 2792956 2276412 142258364    0    0     0 505220 141730 835177 75 22  2  0  0  0
99  4 119836 2779356 2276412 142273384    0    0     0 523464 143916 837892 76 22  2  0  0  0
procs -----------memory---------- ---swap-- -----io---- -system-- -------cpu-------
 r  b   swpd   free   buff  cache   si   so    bi    bo   in   cs us sy id wa st gu
267  0 119836 2864816 2276412 142187880    0    0     0 501920 140135 829595 75 22  3  0  0  0
219  1 119836 2856180 2276412 142197540    0    0     0 490180 139843 823764 76 22  2  0  0  0
307  0 119836 2838724 2276412 142212928    0    0     0 485948 142521 826051 76 22  2  0  0  0
253  0 119836 2803752 2276412 142228480    0    0     0 524812 141717 818063 74 21  5  0  0  0
305  0 119836 2783348 2276412 142242596    0    0     0 479792 142444 842968 77 22  1  0  0  0
130  4 119836 2864204 2276412 142159572    0    0     0 514836 141782 839699 76 22  2  0  0  0
507  0 119836 2839588 2276412 142174628    0    0     0 472932 143165 832814 77 22  1  0  0  0
203  3 119836 2813740 2276412 142188696    0    0     0 512820 140739 823794 75 21  3  0  0  0
353  0 119836 2801664 2276412 142204540    0    0     0 472464 138279 821357 74 21  5  0  0  0
336  1 119836 2786080 2276412 142218524    0    0     0 523996 142795 839253 76 22  2  0  0  0
188  5 119836 2771336 2276412 142233924    0    0     0 490008 141281 833494 76 22  2  0  0  0
329  0 119836 2864476 2276412 142138668    0    0     0 489400 141400 830505 77 22  1  0  0  0
367  1 119836 2848992 2276412 142152232    0    0     0 483640 139595 827780 77 22  1  0  0  0
216  0 119836 2835368 2276412 142167084    0    0     0 498664 142423 834139 77 22  1  0  0  0
486  1 119836 2822636 2276412 142182624    0    0     0 522748 144259 834530 76 22  1  0  0  0
424  1 119836 2806260 2276412 142197484    0    0     0 490120 143042 832726 77 22  1  0  0  0
25  4 119836 2789732 2276412 142213348    0    0     0 530108 141657 833007 77 22  2  0  0  0
230  0 119836 2775912 2276412 142227824    0    0     0 471772 139982 826046 75 22  3  0  0  0
431  0 119836 2864000 2276412 142142776    0    0     0 491316 139260 830681 76 22  2  0  0  0
318  0 119836 2851716 2276412 142157208    0    0     0 468824 139510 830327 76 22  2  0  0  0
 8  3 119836 2816044 2276412 142171716    0    0     0 538824 141936 835044 75 22  3  0  0  0
procs -----------memory---------- ---swap-- -----io---- -system-- -------cpu-------
 r  b   swpd   free   buff  cache   si   so    bi    bo   in   cs us sy id wa st gu
286  0 119836 2841248 2276412 142185700    0    0     0 458496 136717 762258 69 20 11  0  0  0
428  1 119836 2825056 2276416 142200848    0    0     0 553312 142229 832579 76 22  2  0  0  0
292  0 119836 2803228 2276416 142215524    0    0     0 494172 140107 829064 76 22  2  0  0  0
371  1 119836 2787368 2276416 142230600    0    0     0 481680 140151 833616 76 22  2  0  0  0
279  0 119836 2773540 2276416 142245600    0    0     0 500460 142481 824952 76 22  2  0  0  0
182  0 119836 2860148 2276416 142161528    0    0     0 505376 141136 822292 75 22  3  0  0  0
496  0 119836 2836268 2276416 142176648    0    0     0 500840 140383 832196 77 22  1  0  0  0
190  1 119836 2824796 2276416 142191704    0    0     0 527340 140678 816857 74 21  4  0  0  0
 8  2 119836 2809652 2276416 142206204    0    0     0 500428 141025 822220 76 22  2  0  0  0
218  0 119836 2800332 2276416 142221248    0    0     0 456240 137721 823837 76 22  2  0  0  0
206  1 119836 2785284 2276416 142236512    0    0     0 559936 143096 832253 75 22  3  0  0  0
13  3 119836 2865848 2276416 142155072    0    0     0 468312 137996 815681 75 22  3  0  0  0
234  0 119836 2851968 2276416 142169244    0    0     0 470760 139713 821225 77 22  1  0  0  0
344  0 119836 2840700 2276416 142183812    0    0     0 496108 144509 821088 75 22  3  0  0  0
257  4 119836 2823580 2276416 142199552    0    0     0 544496 141555 828502 75 22  4  0  0  0
199  0 119836 2808344 2276416 142214896    0    0     0 495012 137442 825576 75 22  3  0  0  0
284  0 119836 2794212 2276416 142228904    0    0     0 477940 140515 833038 76 22  2  0  0  0
112  1 119836 2778048 2276416 142243184    0    0     0 501608 139862 817497 75 21  4  0  0  0
248  1 119836 2864660 2276416 142142640    0    0     0 508468 139962 803031 74 21  5  0  0  0
347  0 119836 2845020 2276416 142156836    0    0     0 486448 140830 835692 76 22  2  0  0  0
313  0 119836 2828488 2276416 142171728    0    0     0 526968 143245 846775 76 22  2  0  0  0
procs -----------memory---------- ---swap-- -----io---- -system-- -------cpu-------
 r  b   swpd   free   buff  cache   si   so    bi    bo   in   cs us sy id wa st gu
161  1 119836 2810792 2276416 142185908    0    0     0 498896 141355 828100 77 22  1  0  0  0
393  0 119836 2778204 2276416 142201108    0    0     0 512560 139805 816988 74 21  5  0  0  0
63  3 119836 2866204 2276416 142116804    0    0     0 459472 138491 825964 75 22  3  0  0  0
376  0 119836 2854480 2276416 142130752    0    0     0 529364 143557 844547 76 22  2  0  0  0
440  0 119836 2833872 2276416 142145592    0    0     0 518032 142033 838856 76 22  2  0  0  0
387  0 119836 2814536 2276416 142161576    0    0     0 483712 141435 829558 77 22  1  0  0  0
366  1 119836 2795480 2276416 142177020    0    0     0 499788 139240 827756 76 22  2  0  0  0
367  2 119836 2782504 2276416 142191912    0    0     0 514380 143289 824170 76 21  3  0  0  0
423  0 119836 2866624 2276416 142106232    0    0     0 504752 140524 835972 77 22  1  0  0  0
321  1 119836 2852472 2276416 142120156    0    0     0 507552 139950 828841 77 22  1  0  0  0
342  0 119836 2835624 2276416 142134888    0    0     0 511100 140823 830990 76 22  2  0  0  0
400  0 119836 2822860 2276416 142150080    0    0     0 514392 138797 826750 75 22  3  0  0  0
347  0 119836 2807912 2276416 142165568    0    0     0 475988 139870 836218 76 22  2  0  0  0
272  1 119836 2790872 2276416 142180032    0    0     0 541000 144020 837893 76 22  1  0  0  0
 7  3 119836 2851412 2276416 142086432    0    0     0 482260 136948 819674 75 22  3  0  0  0
428  0 119836 2915300 2276416 142082580    0    0     0 506800 137747 770450 69 20 11  0  0  0
139  6 119836 2898460 2276420 142096468    0    0     0 482364 140494 833118 76 22  1  0  0  0
402  0 119836 2884968 2276420 142111460    0    0     0 563792 144159 832042 76 22  3  0  0  0
382  0 119836 2864244 2276420 142127348    0    0     0 499948 142205 830106 75 22  3  0  0  0
163  0 119836 2853996 2276420 142141956    0    0     0 449896 138194 822876 76 22  2  0  0  0
82  5 119836 2837132 2276420 142157156    0    0     0 555160 141370 830928 76 22  2  0  0  0
procs -----------memory---------- ---swap-- -----io---- -system-- -------cpu-------
 r  b   swpd   free   buff  cache   si   so    bi    bo   in   cs us sy id wa st gu
114  0 119836 2818556 2276420 142172724    0    0     0 452748 141093 833333 77 22  1  0  0  0
154  1 119836 2800192 2276420 142188240    0    0     0 531304 141322 839903 76 22  2  0  0  0
172  9 119836 2791132 2276420 142202844    0    0     0 484300 140758 831417 76 22  2  0  0  0
164  1 119836 2775320 2276424 142217752    0    0     0 535836 140544 823004 74 21  4  0  0  0
298  1 119836 2858888 2276424 142134772    0    0     0 480948 141771 807728 74 22  4  0  0  0
374  1 119836 2838236 2276424 142149100    0    0     0 476164 141460 831719 77 22  1  0  0  0
145  7 119836 2824748 2276424 142164740    0    0     0 529244 142016 836475 76 22  1  0  0  0
433  0 119836 2808788 2276424 142179884    0    0     0 489212 142395 838656 76 22  2  0  0  0
463  0 119836 2795716 2276424 142195264    0    0     0 528052 140399 838725 76 22  2  0  0  0
104  2 119836 2776668 2276424 142210332    0    0     0 479108 141015 837578 76 22  2  0  0  0
372  0 119836 2867352 2276424 142123176    0    0     0 521204 141388 831422 76 22  1  0  0  0
304  0 119836 2849372 2276424 142139092    0    0     0 482516 140063 830785 75 22  3  0  0  0
228  0 119836 2818756 2276424 142153464    0    0     0 523756 144176 803818 74 21  5  0  0  0
362  0 119836 2802968 2276424 142168188    0    0     0 464176 140214 834961 76 22  2  0  0  0
349  0 119836 2787868 2276424 142183396    0    0     0 593756 142342 833168 75 22  3  0  0  0
311  0 119836 2769624 2276424 142198336    0    0     0 491520 141818 828489 77 22  1  0  0  0
123  2 119836 2992672 2276424 141961260    0    0     0 547752 143825 829756 75 22  4  0  0  0
427  0 119836 2975948 2276424 141975604    0    0     0 491068 142316 823541 77 22  1  0  0  0
126  0 119836 2954456 2276424 141990624    0    0     0 464540 141336 826912 77 22  1  0  0  0
290  2 119836 2940224 2276424 142005520    0    0     0 542552 144961 839951 77 22  1  0  0  0
249  0 119836 2924552 2276424 142021272    0    0     0 496372 140395 821008 76 22  2  0  0  0
procs -----------memory---------- ---swap-- -----io---- -system-- -------cpu-------
 r  b   swpd   free   buff  cache   si   so    bi    bo   in   cs us sy id wa st gu
224  4 119836 2903380 2276424 142036716    0    0     0 518084 139073 823994 76 22  2  0  0  0
274  1 119836 2886384 2276424 142051816    0    0     0 519956 140839 819876 77 22  1  0  0  0
433  1 119836 2871168 2276424 142066664    0    0     0 502304 142728 826074 77 22  1  0  0  0
321  0 119836 2854024 2276424 142082076    0    0     0 520124 142087 830437 77 22  2  0  0  0
306  1 119836 2837320 2276424 142097972    0    0     0 451252 141999 827338 77 22  1  0  0  0
246  0 119836 2818004 2276424 142112456    0    0     0 537572 141807 834713 76 22  2  0  0  0
214  8 119836 2808236 2276424 142127824    0    0     0 469364 138476 822077 76 21  2  0  0  0
181  2 119836 2793276 2276424 142142836    0    0     0 538604 142622 841246 76 22  2  0  0  0
424  0 119836 2870668 2276424 142034632    0    0     0 575108 140305 784645 69 20 11  0  0  0
163  6 119836 2925692 2276424 142048276    0    0     0 365168 135847 800319 75 21  4  0  0  0
474  0 119836 2903240 2276428 142062172    0    0     0 478640 139636 816802 77 22  1  0  0  0
464  1 119836 2886192 2276428 142076948    0    0     0 564052 141418 821359 75 22  3  0  0  0
194  2 119836 2870216 2276428 142092512    0    0     0 514308 141097 827580 77 22  1  0  0  0
450  3 119836 2851076 2276428 142107084    0    0     0 475700 140018 831215 76 22  2  0  0  0
349  0 119836 2840352 2276428 142121260    0    0     0 504452 142924 824346 75 22  3  0  0  0
441  0 119836 2821088 2276428 142136936    0    0     0 553920 140840 832756 76 22  2  0  0  0
290  7 119836 2802612 2276428 142152464    0    0     0 439508 139386 828100 77 22  1  0  0  0
186  1 119836 2783168 2276428 142167108    0    0     0 467108 138431 815184 77 22  1  0  0  0
50  4 119836 3009320 2276428 141932872    0    0     0 628928 143114 813935 74 21  5  0  0  0
211  0 119836 2997132 2276428 141947056    0    0     0 432416 135862 813816 75 22  3  0  0  0
271  3 119836 2966236 2276428 141963052    0    0     0 449656 139229 817174 77 22  1  0  0  0
procs -----------memory---------- ---swap-- -----io---- -system-- -------cpu-------
 r  b   swpd   free   buff  cache   si   so    bi    bo   in   cs us sy id wa st gu
425  0 119836 2951268 2276428 141977788    0    0     0 476792 141574 828867 77 22  1  0  0  0
315  0 119836 2931840 2276428 141992924    0    0     0 524796 144670 833264 77 22  1  0  0  0
203  1 119836 2918348 2276428 142008096    0    0     0 561160 146170 836646 77 22  1  0  0  0
382  1 119836 2904492 2276428 142022716    0    0     0 419236 139567 833254 76 22  2  0  0  0
294  0 119836 2888744 2276428 142038508    0    0     0 541440 143049 832505 77 22  1  0  0  0
425  0 119836 2872272 2276428 142053852    0    0     0 460888 138629 835321 76 22  2  0  0  0
113  4 119836 2831116 2276428 142067812    0    0     0 588640 144087 814928 73 21  6  0  0  0
146  2 119836 2814720 2276428 142084120    0    0     0 468408 138549 815942 77 22  1  0  0  0
358  0 119836 2798784 2276428 142097996    0    0     0 460364 143273 832340 77 22  1  0  0  0
273  0 119836 2785032 2276428 142114712    0    0     0 506408 141207 825133 76 22  2  0  0  0
193  0 119836 3011480 2276428 141875980    0    0     0 474500 139079 826803 77 22  2  0  0  0
498  0 119836 2994520 2276428 141889260    0    0     4 557084 144787 839687 77 22  1  0  0  0
177  0 119836 2982840 2276428 141905584    0    0     0 483036 142817 828352 76 22  2  0  0  0
356  0 119836 2964616 2276428 141920436    0    0     0 497488 139347 827333 75 22  3  0  0  0
136  4 119836 2954168 2276428 141935224    0    0     0 501624 141280 838909 76 22  2  0  0  0
218  0 119836 2939960 2276428 141950720    0    0     0 478404 141071 834376 76 22  1  0  0  0
249  1 119836 2921884 2276428 141965744    0    0     0 569440 145308 845004 76 22  2  0  0  0
409  0 119836 2903528 2276428 141981152    0    0     0 454116 141416 826367 77 22  1  0  0  0
394  1 119836 2891668 2276428 141995256    0    0     0 513660 143274 841035 76 22  2  0  0  0
85  3 119836 2871468 2276428 142011732    0    0     0 549016 143972 836230 77 22  1  0  0  0
318  2 119836 2859392 2276428 142027100    0    0     0 483288 139516 830483 76 22  2  0  0  0
procs -----------memory---------- ---swap-- -----io---- -system-- -------cpu-------
 r  b   swpd   free   buff  cache   si   so    bi    bo   in   cs us sy id wa st gu
434  0 119836 2841888 2276428 142041332    0    0     0 459816 140793 838042 77 22  1  0  0  0
171  1 119836 2824464 2276428 142056432    0    0     0 546320 143837 840132 75 21  3  0  0  0
163  6 119836 2781872 2276428 142070896    0    0     0 562532 142622 790435 70 20 10  0  0  0
360  0 119836 2819932 2276428 142086020    0    0     0 413208 138253 809751 76 22  2  0  0  0
426  0 119836 2801384 2276428 142101224    0    0     0 547272 144955 832858 77 22  1  0  0  0
330  0 119836 2778564 2276428 142115188    0    0     0 466996 141572 823591 77 22  1  0  0  0
471  0 119836 2867156 2276428 142031920    0    0     0 487036 139834 826247 77 22  1  0  0  0
223  1 119836 2844268 2276428 142047600    0    0     0 562596 144202 824666 75 21  3  0  0  0
309  0 119836 2832488 2276428 142060724    0    0     0 444292 137984 821175 77 22  1  0  0  0
250  0 119836 2818008 2276428 142076680    0    0     0 562696 143567 844521 76 22  1  0  0  0
451  0 119836 2802744 2276428 142091928    0    0     0 495992 142941 820344 75 21  3  0  0  0
334  0 119836 2779948 2276428 142106380    0    0     0 461772 139307 821647 77 22  2  0  0  0
326  0 119836 2869944 2276432 142021396    0    0     0 497864 140814 811609 75 21  4  0  0  0
433  0 119836 2851792 2276432 142035716    0    0     0 492088 142101 830172 77 22  1  0  0  0
170  1 119836 2833580 2276432 142050664    0    0     0 566056 142447 824831 76 22  2  0  0  0
445  0 119836 2818180 2276432 142066264    0    0     0 487480 141715 841220 76 22  2  0  0  0
164  0 119836 2803368 2276432 142079904    0    0     0 547048 141148 837725 76 22  2  0  0  0
51  1 119836 2786160 2276432 142095756    0    0     0 500600 140952 835867 77 22  1  0  0  0
411  0 119836 2771876 2276432 142112404    0    0     0 476940 138595 818439 75 22  3  0  0  0
153  3 119836 2860888 2276432 142021184    0    0     0 483416 138649 814904 75 21  4  0  0  0
295  1 119836 2846820 2276432 142037352    0    0     0 532208 142070 811577 73 21  6  0  0  0
procs -----------memory---------- ---swap-- -----io---- -system-- -------cpu-------
 r  b   swpd   free   buff  cache   si   so    bi    bo   in   cs us sy id wa st gu
211  0 119836 2826968 2276432 142051476    0    0     0 402072 138744 817235 77 22  1  0  0  0
258  0 119836 2808072 2276432 142064188    0    0     0 515296 142706 826273 76 22  2  0  0  0
367  0 119836 2794364 2276432 142082248    0    0     0 592836 146315 842794 76 22  2  0  0  0
130  0 119836 2782560 2276432 142097772    0    0     0 502076 139374 825021 75 22  3  0  0  0
412  0 119836 2859800 2276432 142006320    0    0     0 498580 140059 824033 75 21  3  0  0  0
181  0 119836 2846716 2276432 142021048    0    0     0 461280 137662 814699 77 22  1  0  0  0
166  2 119836 2831956 2276432 142038964    0    0     0 547256 142902 829887 75 21  4  0  0  0
187  0 119836 2811212 2276432 142050356    0    0     0 425816 137401 823406 77 22  1  0  0  0
321  0 119836 2794260 2276432 142066892    0    0     0 561312 143724 835265 77 22  2  0  0  0
255  0 119836 2777032 2276432 142083964    0    0     0 536920 141220 825629 75 21  3  0  0  0
308  0 119836 2863668 2276432 141998560    0    0     0 412948 138712 830942 77 22  1  0  0  0
425  0 119836 2846228 2276432 142015384    0    0     0 608868 145220 837771 77 22  1  0  0  0
438  2 119836 2831152 2276432 142031156    0    0     0 437880 137514 819528 76 22  2  0  0  0
183  2 119836 2815872 2276432 142044572    0    0     0 587912 142877 831169 76 22  2  0  0  0
326  0 119836 2793228 2276432 142059344    0    0     0 513688 141403 831209 77 22  1  0  0  0
435  1 119836 2779880 2276432 142072032    0    0     0 506244 138934 828302 76 22  2  0  0  0
376  0 119836 2859656 2276432 141990964    0    0     0 477656 140597 832443 76 22  2  0  0  0
341  0 119836 2808208 2276432 142005140    0    0     0 531876 140648 769300 70 20  9  0  0  0
248  0 119836 2857608 2276432 142017356    0    0     0 511728 140903 826181 75 22  3  0  0  0
177  3 119836 2833876 2276432 142033980    0    0     0 452276 140507 823121 77 22  1  0  0  0
218  0 119836 2811500 2276432 142050744    0    0     0 534424 143493 831762 77 22  1  0  0  0
procs -----------memory---------- ---swap-- -----io---- -system-- -------cpu-------
 r  b   swpd   free   buff  cache   si   so    bi    bo   in   cs us sy id wa st gu
187  0 119836 2797776 2276432 142065516    0    0     0 544824 140294 831139 76 22  3  0  0  0
345  0 119836 2779616 2276432 142079784    0    0     0 501796 140161 832761 76 22  3  0  0  0
398  0 119836 2868856 2276432 141991236    0    0     0 500588 139275 826565 77 22  2  0  0  0
474  0 119836 2855304 2276432 142002068    0    0     0 499444 141125 837375 76 22  2  0  0  0
111  0 119836 2839328 2276432 142019340    0    0     0 499896 141259 831353 77 21  2  0  0  0
312  0 119836 2826720 2276436 142035052    0    0     0 496776 138018 792463 72 21  7  0  0  0
442  0 119836 2809896 2276440 142047432    0    0     0 497552 139940 820115 76 22  2  0  0  0
270  0 119836 2792716 2276440 142063136    0    0     0 499436 140349 835938 76 22  2  0  0  0
214  0 119836 2769224 2276444 142080000    0    0     0 491816 140089 827366 76 22  2  0  0  0
237  0 119836 3100312 2276444 141746088    0    0     0 501524 141169 832635 76 22  1  0  0  0
236  0 119836 3088544 2276444 141761340    0    0     0 495852 140447 824417 77 22  1  0  0  0
348  3 119836 3071860 2276444 141777952    0    0     0 475736 137860 820473 77 22  2  0  0  0
207  0 119836 3053124 2276444 141790108    0    0     0 513108 142057 832902 76 22  2  0  0  0
157  0 119836 3037576 2276444 141806892    0    0     0 498792 141095 844241 75 22  3  0  0  0
329  0 119836 3020892 2276444 141822808    0    0     0 496636 151139 814148 73 21  5  0  0  0
361  0 119836 3004280 2276444 141835124    0    0     0 500900 139738 832676 76 22  2  0  0  0
245  0 119836 2991476 2276444 141851872    0    0     0 499148 142343 839204 76 22  2  0  0  0
235  1 119836 2976716 2276444 141868172    0    0     0 498768 142622 833881 76 22  3  0  0  0
343  1 119836 2962652 2276444 141879864    0    0     0 485708 142523 831477 77 22  1  0  0  0
372  0 119836 2922416 2276444 141896548    0    0     0 510060 142742 843967 74 22  4  0  0  0
105  0 119836 2904028 2276444 141913812    0    0     0 499344 142232 828329 76 22  2  0  0  0
procs -----------memory---------- ---swap-- -----io---- -system-- -------cpu-------
 r  b   swpd   free   buff  cache   si   so    bi    bo   in   cs us sy id wa st gu
301  0 119836 2894080 2276444 141926988    0    0     0 499468 142447 834294 76 22  2  0  0  0
141  0 119836 2872748 2276444 141942432    0    0     0 499876 142301 832982 73 21  5  0  0  0
446  0 119836 2860380 2276444 141958684    0    0     0 493444 138276 804686 72 21  6  0  0  0
325  0 119836 2849896 2276444 141969840    0    0     0 495352 139347 792991 71 21  8  0  0  0
233  0 119836 2831344 2276444 141985452    0    0     0 500204 141255 820381 77 22  1  0  0  0
316  0 119836 2813964 2276444 142003624    0    0     0 499236 141269 832775 77 22  1  0  0  0
394  0 119836 2799220 2276444 142016320    0    0     0 498340 139429 830597 77 22  1  0  0  0
334  0 119836 2779208 2276444 142033016    0    0     0 494560 143280 838181 77 22  1  0  0  0
404  0 119836 2767304 2276444 142049160    0    0     0 497508 141098 826621 76 22  2  0  0  0
340  0 119836 2861340 2276444 141961328    0    0     0 498196 140528 835243 76 22  2  0  0  0
347  0 119836 2841452 2276444 141977268    0    0     0 499640 142003 827756 77 22  2  0  0  0
173  0 119836 2789620 2276444 141993204    0    0     0 492756 138568 766528 68 19 12  0  0  0
353  0 119836 2836484 2276444 142005612    0    0     0 498736 141417 834118 76 22  2  0  0  0
377  0 119836 2817936 2276444 142021476    0    0     0 498020 141719 828069 76 22  2  0  0  0
256  0 119836 2802860 2276444 142038116    0    0     0 500568 140961 833695 77 22  1  0  0  0
166  0 119836 2784984 2276444 142050672    0    0     0 500248 142601 833377 77 22  1  0  0  0
370  0 119836 2770912 2276444 142067380    0    0     0 500020 142012 846461 75 22  3  0  0  0
297  0 119836 2854940 2276444 141983620    0    0     0 499352 140920 831894 77 22  1  0  0  0
507  0 119836 2842184 2276444 141996020    0    0     0 502344 140953 838971 76 22  2  0  0  0
500  0 119836 2825292 2276448 142012576    0    0     0 496736 141739 829773 75 22  3  0  0  0
94  0 119836 2809336 2276448 142028812    0    0     0 497440 141363 808376 75 21  4  0  0  0
procs -----------memory---------- ---swap-- -----io---- -system-- -------cpu-------
 r  b   swpd   free   buff  cache   si   so    bi    bo   in   cs us sy id wa st gu
309  0 119836 2796084 2276448 142041444    0    0     0 498512 138592 832788 76 22  2  0  0  0
484  0 119836 2776292 2276448 142058712    0    0     0 499008 142249 832131 77 22  1  0  0  0
145  0 119836 2866016 2276448 141966920    0    0     0 502552 141466 825698 77 22  1  0  0  0
128  0 119836 2855848 2276448 141977196    0    0     0 498176 140212 824541 76 21  3  0  0  0
483  1 119836 2840480 2276448 141993736    0    0     0 499656 140910 840580 77 22  1  0  0  0
497  0 119836 2824476 2276448 142009752    0    0     0 500328 142273 834924 77 22  1  0  0  0
389  0 119836 2806728 2276448 142023576    0    0     0 500484 138243 827550 76 22  2  0  0  0
387  0 119836 2790176 2276448 142039168    0    0     0 502164 141236 830342 77 22  2  0  0  0
149  0 119836 2866044 2276448 141953616    0    0     0 500308 137888 802196 74 21  5  0  0  0
378  0 119836 2851064 2276448 141964868    0    0     0 503836 139800 831507 77 22  1  0  0  0
211  0 119836 2834972 2276448 141982764    0    0     0 504264 142635 830519 77 22  1  0  0  0
501  0 119836 2820500 2276448 141998920    0    0     0 502528 138283 828419 76 22  2  0  0  0
470  0 119836 2786228 2276448 142011120    0    0     0 499792 136523 799458 73 21  6  0  0  0
312  0 119836 2770672 2276448 142027252    0    0     0 500348 143003 831213 77 22  1  0  0  0
338  0 119836 2855404 2276448 141941236    0    0     0 503348 141195 837354 76 22  2  0  0  0
283  0 119836 2841616 2276448 141953372    0    0     0 503320 142419 827113 76 22  2  0  0  0
422  0 119836 2826064 2276448 141970068    0    0     0 498572 138452 829347 76 22  2  0  0  0
310  0 119836 2806940 2276448 141987300    0    0     0 500948 143481 832298 76 22  2  0  0  0
427  0 119836 2791596 2276448 141998592    0    0     0 500812 144607 841335 77 22  1  0  0  0
111  0 119836 2769424 2276448 142016564    0    0     0 501188 139923 817430 77 22  1  0  0  0
361  0 119836 2863656 2276448 141929088    0    0     0 498540 141172 827706 76 22  2  0  0  0
procs -----------memory---------- ---swap-- -----io---- -system-- -------cpu-------
 r  b   swpd   free   buff  cache   si   so    bi    bo   in   cs us sy id wa st gu
257  0 119836 2850732 2276448 141938740    0    0     0 500044 140115 826552 76 22  2  0  0  0
477  0 119836 2834140 2276448 141955292    0    0     0 499336 140445 833837 76 22  2  0  0  0
359  0 119836 2821376 2276448 141970912    0    0     0 499176 141610 830820 76 22  1  0  0  0
151  0 119836 2808312 2276448 141984304    0    0     0 497288 140948 821920 77 22  1  0  0  0
338  0 119836 2790712 2276448 142001228    0    0     0 499228 141747 825342 77 22  1  0  0  0
249  0 119836 2909240 2276448 141900316    0    0     0 494928 137942 781729 70 20  9  0  0  0
173  0 119836 2890640 2276448 141913756    0    0     0 493120 141754 810860 75 21  4  0  0  0
460  0 119836 2871876 2276448 141930192    0    0     0 496540 142417 838132 77 22  1  0  0  0
255  0 119836 2851940 2276448 141945224    0    0     0 496732 140763 823658 76 22  3  0  0  0
324  0 119836 2840880 2276448 141959644    0    0     0 500008 141264 832758 77 22  1  0  0  0
362  0 119836 2819748 2276448 141975276    0    0     0 500020 140594 841206 75 22  3  0  0  0
153  0 119836 2802468 2276448 141990588    0    0     0 500028 143032 824115 76 22  1  0  0  0
326  0 119836 2792720 2276448 142005448    0    0     0 503524 140346 826708 76 22  2  0  0  0
211  1 119836 2779652 2276452 142020488    0    0     0 502208 141729 828758 75 22  3  0  0  0
199  0 119836 2865220 2276452 141930948    0    0     0 505000 140462 820102 75 21  4  0  0  0
349  1 119836 2848592 2276452 141946320    0    0     0 506220 141999 840489 76 22  2  0  0  0
353  0 119836 2836452 2276452 141960436    0    0     0 505700 142116 829405 76 22  2  0  0  0
296  0 119836 2822528 2276452 141975712    0    0     0 508424 140238 832871 77 22  1  0  0  0
269  0 119836 2801464 2276452 141990860    0    0     0 511224 140262 819961 77 22  1  0  0  0
416  0 119836 2786068 2276452 142006228    0    0     0 506508 141303 819835 77 22  2  0  0  0
138  0 119836 2772020 2276452 142021008    0    0     0 506372 139964 826329 77 22  2  0  0  0
procs -----------memory---------- ---swap-- -----io---- -system-- -------cpu-------
 r  b   swpd   free   buff  cache   si   so    bi    bo   in   cs us sy id wa st gu
146  0 119836 2863292 2276452 141934672    0    0     0 503948 141690 831034 77 22  1  0  0  0
363  0 119836 2848068 2276452 141949556    0    0     0 506208 140771 827755 75 22  4  0  0  0
513  0 119836 2812492 2276452 141963868    0    0     0 502400 141284 801767 73 21  5  0  0  0
395  0 119836 2801384 2276452 141979260    0    0     0 504924 141543 832610 76 22  2  0  0  0
400  0 119836 2785612 2276452 141994140    0    0     0 502584 140072 827372 76 22  3  0  0  0
196  0 119836 2770036 2276452 142009372    0    0     0 505332 140393 833489 77 22  1  0  0  0
440  0 119836 2836416 2276452 141924820    0    0     0 502812 142678 849359 76 22  3  0  0  0
118  0 119836 2821828 2276452 141939464    0    0     0 503676 139367 832257 76 22  1  0  0  0
89  0 119836 2803916 2276452 141955392    0    0     0 501576 141561 837669 77 22  1  0  0  0
169  0 119836 2788656 2276452 141970392    0    0     0 500920 141421 834515 77 22  1  0  0  0
163  0 119836 2767820 2276452 141985540    0    0     0 499716 142419 832845 77 22  1  0  0  0
145  0 119836 2864592 2276452 141889244    0    0     0 496548 141734 828984 77 22  2  0  0  0
449  1 119836 2855992 2276452 141898096    0    0     0 495436 142460 839981 76 22  1  0  0  0
231  0 119836 2837360 2276452 141913412    0    0     0 498508 142923 825083 77 22  1  0  0  0
167  0 119836 2824120 2276452 141928888    0    0     0 497428 141522 830866 76 22  2  0  0  0
213  0 119836 2806812 2276452 141943988    0    0     0 495716 141716 824627 77 22  1  0  0  0
204  0 119836 2793472 2276452 141958968    0    0     0 496700 140574 834430 76 22  2  0  0  0
395  0 119836 2780448 2276452 141974236    0    0     0 498104 140423 824448 77 22  1  0  0  0
227  0 119836 2784492 2276456 141969644    0    0     0 495808 139284 828053 76 22  2  0  0  0
310  0 119836 2819360 2276456 141902644    0    0     0 488180 133065 758487 69 20 11  0  0  0
201  0 119836 2855548 2276456 141917024    0    0     0 495312 140573 820056 75 22  4  0  0  0
procs -----------memory---------- ---swap-- -----io---- -system-- -------cpu-------
 r  b   swpd   free   buff  cache   si   so    bi    bo   in   cs us sy id wa st gu
466  0 119836 2840980 2276456 141931912    0    0     0 492812 139247 835484 76 22  2  0  0  0
185  0 119836 2820616 2276456 141946644    0    0     0 492688 143007 824366 75 22  3  0  0  0
156  0 119836 2808616 2276456 141961676    0    0     0 495084 140524 834532 76 22  2  0  0  0
371  0 119836 2793804 2276456 141976484    0    0     0 494680 139277 832780 76 22  2  0  0  0
123  0 119836 2776764 2276456 141991364    0    0     0 491016 140711 820608 75 21  4  0  0  0
451  0 119836 3005516 2276456 141756860    0    0     0 493224 140665 828760 76 22  2  0  0  0
190  0 119836 2988340 2276460 141771760    0    0     0 496016 141843 833355 77 22  2  0  0  0
269  0 119836 2970328 2276464 141786728    0    0     0 494320 139581 824289 77 22  1  0  0  0
457  0 119836 2952492 2276464 141801184    0    0     0 495200 140107 818957 74 21  5  0  0  0
94  0 119836 2934752 2276464 141816924    0    0     0 498320 141980 827537 77 22  1  0  0  0
390  0 119836 2918808 2276464 141831896    0    0     0 493140 140982 837937 76 22  2  0  0  0
296  0 119836 2905292 2276464 141847024    0    0     0 495700 142085 826014 77 22  1  0  0  0
363  0 119836 2894224 2276464 141862252    0    0     0 497208 138883 832071 76 21  3  0  0  0
303  0 119836 2880896 2276464 141877128    0    0     0 497796 141225 823141 76 22  2  0  0  0
508  0 119836 2862408 2276464 141891992    0    0     0 499176 140018 842853 76 22  2  0  0  0
149  0 119836 2850692 2276464 141906856    0    0     0 502856 139936 822265 76 22  2  0  0  0
299  0 119836 2837416 2276464 141922660    0    0     0 503668 140209 831075 77 22  1  0  0  0
254  0 119836 2804204 2276464 141936492    0    0     0 502292 141712 805736 73 21  6  0  0  0
383  0 119836 2789392 2276464 141952028    0    0     0 502148 141565 822901 76 22  2  0  0  0
207  1 119836 2774468 2276464 141967212    0    0     0 503720 142834 831983 77 22  1  0  0  0
394  0 119836 2861652 2276464 141881340    0    0     0 503620 142416 816238 77 22  1  0  0  0
procs -----------memory---------- ---swap-- -----io---- -system-- -------cpu-------
 r  b   swpd   free   buff  cache   si   so    bi    bo   in   cs us sy id wa st gu
264  0 119836 2829412 2276464 141895136    0    0     0 502144 137451 803153 73 21  5  0  0  0
350  0 119836 2816148 2276464 141910940    0    0     0 505568 141452 822699 77 22  1  0  0  0
217  1 119836 2800680 2276464 141925844    0    0     0 505988 141110 834601 77 22  1  0  0  0
291  0 119836 2784256 2276464 141941400    0    0     0 499308 141331 831328 76 22  1  0  0  0
434  0 119836 2771288 2276464 141956224    0    0     0 498288 137814 822125 76 22  2  0  0  0
125  1 119836 2856636 2276464 141871436    0    0     0 499916 139444 830693 75 22  3  0  0  0
264  0 119836 2842200 2276464 141886312    0    0     0 497044 142133 834648 77 22  2  0  0  0
302  0 119836 2827332 2276464 141901244    0    0     0 502940 142270 833936 76 22  2  0  0  0
244  0 119836 2809256 2276464 141917176    0    0     0 503148 143264 841654 76 22  2  0  0  0
257  0 119836 2791040 2276464 141931960    0    0     0 501916 143357 834997 76 22  1  0  0  0
197  0 119836 2776224 2276464 141946688    0    0     0 499388 139142 816921 75 22  3  0  0  0
242  0 119836 2865320 2276464 141857388    0    0     0 498280 143315 831085 77 22  1  0  0  0
263  0 119836 2854688 2276464 141869208    0    0     0 501220 141432 829074 76 22  2  0  0  0
277  0 119836 2806732 2276464 141883392    0    0     0 494380 137084 740738 68 19 12  0  0  0
224  0 119836 2847272 2276464 141897192    0    0     0 497536 140355 815161 75 21  3  0  0  0
226  0 119836 2831140 2276464 141912308    0    0     0 496744 143105 839656 77 22  1  0  0  0
476  0 119836 2818320 2276464 141927456    0    0     0 493204 141215 826807 73 21  5  0  0  0
330  0 119836 2798660 2276464 141942292    0    0     0 497720 141864 832220 76 22  1  0  0  0
496  0 119836 2776920 2276464 141957056    0    0     0 495336 138126 820433 73 21  5  0  0  0
154  0 119836 2864432 2276464 141869888    0    0     0 498072 139171 824165 76 22  2  0  0  0
191  0 119836 2850732 2276468 141884476    0    0     0 498728 142401 831228 77 22  1  0  0  0
procs -----------memory---------- ---swap-- -----io---- -system-- -------cpu-------
 r  b   swpd   free   buff  cache   si   so    bi    bo   in   cs us sy id wa st gu
209  0 119836 2830496 2276468 141899500    0    0     0 499104 139254 815967 76 21  3  0  0  0
277  0 119836 2815596 2276468 141914760    0    0     0 498512 140279 829867 77 22  1  0  0  0
103  0 119836 2793852 2276468 141928872    0    0     0 491860 135151 785238 71 21  8  0  0  0
125  0 119836 2783520 2276468 141943736    0    0     0 497320 139109 834308 76 22  2  0  0  0
194  0 119836 2769744 2276468 141959168    0    0     0 496284 139286 831526 76 22  2  0  0  0
324  0 119836 2867332 2276468 141863348    0    0     0 499152 141434 845149 76 22  2  0  0  0
187  0 119836 2851500 2276468 141877092    0    0     0 496364 139038 813107 75 22  3  0  0  0
341  0 119836 2837380 2276468 141892452    0    0     0 493888 144711 837027 77 22  1  0  0  0
475  0 119836 2825576 2276468 141907248    0    0     0 499992 138903 834491 77 22  1  0  0  0
264  0 119836 2810096 2276468 141923032    0    0     0 501896 140939 831590 76 22  2  0  0  0
388  0 119836 2792624 2276468 141937972    0    0     0 501824 142472 827345 77 22  1  0  0  0
358  0 119836 2774484 2276468 141952184    0    0     0 501364 136937 822153 74 21  5  0  0  0
307  0 119836 2864144 2276468 141870052    0    0     0 507808 140747 833234 76 22  2  0  0  0
114  0 119836 2850200 2276468 141884324    0    0     0 504400 138238 827073 77 22  1  0  0  0
373  1 119836 2833364 2276468 141899280    0    0     0 503420 139744 825081 77 22  2  0  0  0
251  0 119836 2793896 2276468 141914204    0    0     0 506948 140735 834591 76 22  3  0  0  0
424  0 119836 2782364 2276468 141928888    0    0     0 507964 141748 836605 77 22  1  0  0  0
399  1 119836 2866452 2276468 141845812    0    0     0 504952 138641 825520 77 22  1  0  0  0
298  0 119836 2850300 2276468 141860024    0    0     0 506872 141963 832463 76 22  2  0  0  0
273  0 119836 2836436 2276468 141875092    0    0     0 505080 141866 836417 76 22  2  0  0  0
277  0 119836 2815524 2276468 141890924    0    0     0 504884 144782 838386 77 22  1  0  0  0
procs -----------memory---------- ---swap-- -----io---- -system-- -------cpu-------
 r  b   swpd   free   buff  cache   si   so    bi    bo   in   cs us sy id wa st gu
516  0 119836 2797800 2276468 141906268    0    0     0 504532 140516 829650 77 22  1  0  0  0
61  0 119836 2785420 2276468 141920748    0    0     0 499564 138838 829707 76 22  2  0  0  0
353  0 119836 2771140 2276468 141936656    0    0     0 502280 139997 837139 76 22  2  0  0  0
254  0 119836 2858092 2276468 141851332    0    0     0 502896 138375 842747 76 22  2  0  0  0
144  0 119836 2840536 2276468 141865884    0    0     0 503124 139652 836669 76 22  2  0  0  0
232  0 119836 2823896 2276468 141880736    0    0     0 499588 139004 822298 75 22  4  0  0  0
148  0 119836 2806468 2276468 141896264    0    0     0 500764 141530 836402 77 22  1  0  0  0
324  0 119836 2864176 2276468 141802364    0    0     0 495856 137470 775100 69 20 11  0  0  0
387  0 119836 2906408 2276468 141814444    0    0     0 496628 140533 811347 75 22  4  0  0  0
487  0 119836 2887140 2276468 141829760    0    0     0 495076 142354 825798 77 22  1  0  0  0
179  0 119836 2869064 2276472 141844592    0    0     0 494600 139275 825540 76 22  2  0  0  0
391  0 119836 2855020 2276472 141859460    0    0     0 496256 142718 839687 77 22  1  0  0  0
191  1 119836 2837224 2276472 141875696    0    0     0 495844 140891 836933 77 22  1  0  0  0
499  0 119836 2817544 2276472 141890328    0    0     0 491936 141265 831056 77 22  1  0  0  0
209  1 119836 2806056 2276476 141905056    0    0     0 493760 139118 824328 77 22  1  0  0  0
300  0 119836 2788560 2276476 141920052    0    0     0 496092 141235 839660 77 22  1  0  0  0
334  0 119836 2774284 2276476 141935684    0    0     0 494296 140454 835328 76 22  2  0  0  0
433  0 119836 2867792 2276476 141844744    0    0     0 494304 138685 830583 74 21  5  0  0  0
426  0 119836 2853004 2276476 141858600    0    0     0 493464 140990 834802 76 22  2  0  0  0
130  0 119836 2835812 2276476 141873508    0    0     0 494124 141518 828615 77 22  1  0  0  0
253  0 119836 2819600 2276476 141888868    0    0     0 494160 143097 840930 77 22  1  0  0  0
procs -----------memory---------- ---swap-- -----io---- -system-- -------cpu-------
 r  b   swpd   free   buff  cache   si   so    bi    bo   in   cs us sy id wa st gu
182  0 119836 2805868 2276476 141903452    0    0     0 495548 143019 836210 76 22  2  0  0  0
450  0 119836 2790816 2276476 141919284    0    0     0 495884 142060 834462 76 22  2  0  0  0
192  0 119836 2775124 2276476 141934868    0    0     0 500936 141303 831810 76 22  2  0  0  0
165  0 119836 2863104 2276476 141850364    0    0     0 498960 140020 826088 76 22  2  0  0  0
125  0 119836 2847848 2276476 141864528    0    0     0 497400 138711 821874 74 21  5  0  0  0
373  1 119836 2830596 2276476 141878512    0    0     0 495552 139087 818166 76 22  3  0  0  0
132  0 119836 2810128 2276476 141893960    0    0     0 499260 137464 818976 75 22  3  0  0  0
330  0 119836 2799512 2276476 141909680    0    0     0 497804 141036 836167 76 22  2  0  0  0
415  0 119836 2784952 2276476 141923068    0    0     0 496540 138993 818752 76 22  3  0  0  0
363  0 119836 3016804 2276476 141688536    0    0     0 499748 140833 843319 75 22  3  0  0  0
167  0 119836 2995292 2276476 141703424    0    0     0 498024 141464 828165 77 22  1  0  0  0
180  0 119836 2977100 2276476 141718988    0    0     0 495600 141532 830563 77 22  1  0  0  0
345  1 119836 2959156 2276476 141734076    0    0     0 498148 140978 830036 75 22  3  0  0  0
435  0 119836 2939340 2276476 141749180    0    0     0 496128 143900 828494 77 22  1  0  0  0
245  0 119836 2919656 2276480 141764472    0    0     0 497972 143135 832026 77 22  1  0  0  0
392  0 119836 2907760 2276480 141778712    0    0     0 497280 139764 834240 76 22  2  0  0  0
180  0 119836 2890892 2276480 141795108    0    0     0 497792 140824 829796 76 22  2  0  0  0
358  0 119836 2878124 2276480 141809908    0    0     0 496828 139048 832445 75 22  3  0  0  0
461  0 119836 2862816 2276480 141823956    0    0     0 495760 143699 844059 76 22  3  0  0  0
505  0 119836 2843832 2276480 141839588    0    0     0 497480 138762 828648 76 22  2  0  0  0
499  0 119836 2828508 2276480 141854596    0    0     0 497756 140022 836705 76 22  2  0  0  0
procs -----------memory---------- ---swap-- -----io---- -system-- -------cpu-------
 r  b   swpd   free   buff  cache   si   so    bi    bo   in   cs us sy id wa st gu
214  0 119836 2809472 2276480 141869264    0    0     0 499344 140985 836333 76 22  2  0  0  0
354  0 119836 2862780 2276480 141781484    0    0     0 492764 135480 772525 70 20  9  0  0  0
201  0 119836 2907728 2276480 141795048    0    0     0 499296 140720 818880 76 22  2  0  0  0
313  0 119836 2893160 2276480 141810308    0    0     0 501584 140425 830933 76 22  2  0  0  0
475  0 119836 2871268 2276480 141825992    0    0     0 497692 140162 824846 75 22  3  0  0  0
136  0 119836 2856828 2276480 141840472    0    0     0 498136 142115 835694 77 22  2  0  0  0
475  0 119836 2833548 2276480 141856292    0    0     0 498880 138739 818589 76 22  2  0  0  0
381  0 119836 2817472 2276484 141870560    0    0     0 499212 141341 840234 75 22  3  0  0  0
203  0 119836 2803716 2276484 141885236    0    0     0 497656 140456 837405 76 22  2  0  0  0
383  0 119836 2786084 2276484 141900748    0    0     0 498484 139510 826817 76 22  2  0  0  0
179  0 119836 2865180 2276484 141820724    0    0     0 498352 142142 835828 76 22  2  0  0  0
137  0 119836 2851300 2276484 141834252    0    0     0 496940 140119 821249 75 22  3  0  0  0
419  0 119836 2835988 2276484 141849684    0    0     0 497168 139831 823416 76 22  2  0  0  0
504  0 119836 2812660 2276484 141864508    0    0     0 498256 139154 845989 74 21  4  0  0  0
29  1 119836 2797972 2276484 141879320    0    0     0 497524 139795 834215 76 22  2  0  0  0
293  0 119836 2781128 2276484 141894536    0    0     0 498788 141238 823474 75 22  3  0  0  0
224  0 119836 2865052 2276484 141809144    0    0     0 502280 138866 830341 76 22  2  0  0  0
136  0 119836 2847716 2276484 141824868    0    0     0 503764 138198 825832 75 22  3  0  0  0
204  0 119836 2834848 2276484 141839192    0    0     0 501932 142569 845795 75 22  3  0  0  0
397  1 119836 2800276 2276484 141854176    0    0     0 499840 140289 805622 73 21  5  0  0  0
429  1 119836 2786412 2276484 141868664    0    0     0 501616 141628 823091 76 21  2  0  0  0
procs -----------memory---------- ---swap-- -----io---- -system-- -------cpu-------
 r  b   swpd   free   buff  cache   si   so    bi    bo   in   cs us sy id wa st gu
370  0 119836 2773000 2276484 141883572    0    0     0 502980 141614 843034 76 22  2  0  0  0
176  0 119836 2862388 2276484 141797300    0    0     0 504120 138932 833969 76 22  2  0  0  0
314  0 119836 2844396 2276484 141812244    0    0     0 503936 144494 843413 75 22  2  0  0  0
204  0 119836 2807108 2276484 141826824    0    0     0 497792 141108 818952 75 22  3  0  0  0
324  0 119836 2791988 2276484 141841660    0    0     0 499132 145916 837182 76 22  2  0  0  0
313  0 119836 2777564 2276484 141856940    0    0     0 499300 142959 840969 76 22  2  0  0  0
229  0 119836 2857156 2276484 141768752    0    0     0 498468 143003 825179 76 22  2  0  0  0
447  0 119836 2846728 2276484 141784352    0    0     0 498408 144088 837157 77 22  1  0  0  0
475  0 119836 2830832 2276484 141798516    0    0     0 498148 141108 837232 77 22  1  0  0  0
166  0 119836 2816160 2276484 141813564    0    0     0 497860 138913 815421 77 22  1  0  0  0
398  0 119836 2801492 2276484 141829148    0    0     0 496720 141664 829502 75 22  3  0  0  0
268  0 119836 2787344 2276484 141843688    0    0     0 497152 143657 825937 75 22  3  0  0  0
206  0 119836 2774588 2276484 141859272    0    0     0 499204 142251 832513 76 22  2  0  0  0
156  0 119836 3107616 2276484 141523096    0    0     0 500992 142064 844274 76 22  2  0  0  0
428  0 119836 3089360 2276484 141536828    0    0     0 503256 139631 829593 77 22  1  0  0  0
463  0 119836 3068084 2276484 141552884    0    0     0 501892 145329 837491 77 22  1  0  0  0
302  0 119836 3012652 2276484 141568420    0    0     0 498020 140502 787593 72 20  7  0  0  0
487  0 119836 3062056 2276484 141581708    0    0     0 501020 141115 818711 75 22  3  0  0  0
224  0 119836 3043408 2276484 141597108    0    0     0 503704 139596 831252 76 22  2  0  0  0
219  0 119836 3025368 2276484 141611968    0    0     0 500740 142101 831553 76 22  2  0  0  0
203  0 119836 3011020 2276484 141627308    0    0     0 502200 142438 826091 77 22  1  0  0  0
procs -----------memory---------- ---swap-- -----io---- -system-- -------cpu-------
 r  b   swpd   free   buff  cache   si   so    bi    bo   in   cs us sy id wa st gu
315  1 119836 2987980 2276488 141642352    0    0     0 501320 141449 833355 76 22  2  0  0  0
156  0 119836 2972032 2276492 141657076    0    0     0 502896 139369 820007 76 22  2  0  0  0
176  0 119836 2962280 2276492 141671508    0    0     0 500492 143884 830892 76 23  1  0  0  0
394  0 119836 2948896 2276492 141686848    0    0     0 504052 142343 828037 76 22  2  0  0  0
343  0 119836 2926156 2276492 141702220    0    0     0 498420 138440 812555 75 21  4  0  0  0
430  0 119836 2916488 2276492 141716600    0    0     0 501764 141504 836185 76 22  1  0  0  0
158  0 119836 2902592 2276496 141732368    0    0     0 500444 138381 831703 76 22  2  0  0  0
238  0 119836 2873252 2276496 141746976    0    0     0 503464 142648 827709 76 22  2  0  0  0
376  0 119836 2855116 2276496 141762756    0    0     0 500040 140082 837889 76 22  2  0  0  0
255  0 119836 2841200 2276496 141777576    0    0     0 505252 140075 828950 77 22  1  0  0  0
508  0 119836 2826520 2276496 141792688    0    0     0 504168 141442 844019 77 22  2  0  0  0
448  0 119836 2814096 2276496 141807172    0    0     0 505288 140764 834607 77 22  1  0  0  0
272  1 119836 2801148 2276496 141822308    0    0     0 504688 141627 836144 77 22  1  0  0  0
196  0 119836 2786528 2276496 141838012    0    0     0 499048 135956 803040 74 21  5  0  0  0
406  0 119836 2769200 2276496 141852764    0    0     0 499696 140353 833723 77 22  1  0  0  0
272  0 119836 2868108 2276496 141763520    0    0     0 498908 139779 829158 75 22  2  0  0  0
16  0 119836 2853876 2276496 141778240    0    0     0 499420 139847 817066 76 22  2  0  0  0
468  0 119836 2837104 2276496 141792916    0    0     0 497864 139335 835987 76 22  2  0  0  0
199  0 119836 2807460 2276496 141807764    0    0     0 493856 140834 846409 76 22  2  0  0  0
154  0 119836 2793672 2276496 141822680    0    0     0 494156 142526 828122 77 22  1  0  0  0
101  0 119836 2779924 2276496 141838596    0    0     0 492616 140119 827803 77 22  1  0  0  0
procs -----------memory---------- ---swap-- -----io---- -system-- -------cpu-------
 r  b   swpd   free   buff  cache   si   so    bi    bo   in   cs us sy id wa st gu
175  0 119836 2864560 2276496 141754536    0    0     0 495916 140434 837792 76 22  2  0  0  0
112  0 119836 2846836 2276496 141769168    0    0     0 493348 141592 835174 75 22  3  0  0  0
503  0 119836 2831692 2276496 141784456    0    0     0 495208 144034 838529 77 22  1  0  0  0
149  0 119836 2818388 2276496 141799580    0    0     0 495488 141222 830162 76 22  2  0  0  0
95  0 119836 2798768 2276496 141813872    0    0     0 495956 140429 825473 77 22  2  0  0  0
132  0 119836 2781588 2276496 141829368    0    0     0 494060 139482 828237 75 22  3  0  0  0
492  0 119836 2867380 2276496 141744392    0    0     0 495968 141542 827117 77 22  1  0  0  0
312  0 119836 2853948 2276496 141758324    0    0     0 494320 139647 831741 75 22  3  0  0  0
277  0 119836 2836060 2276496 141773620    0    0     0 495076 138945 831841 76 22  3  0  0  0
189  0 119836 2820228 2276496 141788040    0    0     0 495304 139399 829518 77 22  2  0  0  0
165  0 119836 2771360 2276496 141802424    0    0     0 493732 141618 793612 71 21  8  0  0  0
476  0 119836 2813244 2276496 141817244    0    0     0 493008 141818 826880 77 22  1  0  0  0
80  0 119836 2792572 2276496 141832888    0    0     0 496044 138989 827781 77 22  1  0  0  0
460  0 119836 2777588 2276496 141847668    0    0     0 499112 139557 836796 75 22  3  0  0  0
356  0 119836 2860292 2276500 141764852    0    0     0 495984 139171 827162 77 22  2  0  0  0
314  0 119836 2842868 2276500 141780264    0    0     0 498272 141859 833022 76 22  2  0  0  0
175  0 119836 2828536 2276500 141795132    0    0     0 495228 141336 841770 76 22  2  0  0  0
495  0 119836 2817704 2276500 141808692    0    0     0 492940 138981 814488 75 21  3  0  0  0
243  0 119836 2802084 2276500 141822952    0    0     0 497540 140205 831832 76 22  2  0  0  0
49  0 119836 2787816 2276500 141838608    0    0     0 498000 141330 825494 76 22  3  0  0  0
377  0 119836 2772916 2276500 141854092    0    0     0 496844 140860 828094 77 22  1  0  0  0
procs -----------memory---------- ---swap-- -----io---- -system-- -------cpu-------
 r  b   swpd   free   buff  cache   si   so    bi    bo   in   cs us sy id wa st gu
129  0 119836 2855448 2276500 141759468    0    0     0 497448 140403 825364 77 22  2  0  0  0
360  0 119836 2839128 2276500 141774284    0    0     0 497552 139802 824705 76 22  2  0  0  0
361  0 119836 2825152 2276500 141789980    0    0     0 501360 140305 828268 76 22  2  0  0  0
211  0 119836 2806032 2276500 141804464    0    0     0 502580 141466 837349 76 22  2  0  0  0
98  0 119836 2790860 2276500 141819500    0    0     0 502908 140445 831319 77 22  2  0  0  0
343  0 119836 2775348 2276500 141834844    0    0     0 502964 141930 840022 77 22  1  0  0  0
297  0 119836 2861268 2276500 141748368    0    0     0 499848 141097 831583 76 22  2  0  0  0
194  0 119836 2829228 2276500 141762792    0    0     0 503144 140345 816175 73 21  6  0  0  0
165  0 119836 2812940 2276500 141776896    0    0     0 500948 141405 829234 76 22  2  0  0  0
398  0 119836 2799236 2276500 141793252    0    0     0 505852 137504 821613 76 22  2  0  0  0
283  0 119836 2789280 2276500 141807280    0    0     0 500764 140682 834627 76 22  2  0  0  0
152  0 119836 2866528 2276500 141714960    0    0     0 501844 141507 823465 76 22  2  0  0  0
288  0 119836 2852268 2276500 141729812    0    0     0 501544 139790 834285 76 22  2  0  0  0
381  0 119836 2827956 2276500 141743760    0    0     0 497332 141207 832265 76 22  2  0  0  0
168  0 119836 2813896 2276504 141759468    0    0     0 500732 140205 826022 76 22  2  0  0  0
95  0 119836 2794604 2276504 141775260    0    0     0 501756 140737 827047 76 22  2  0  0  0
179  0 119836 2779396 2276504 141789688    0    0     0 497864 143810 839321 76 22  1  0  0  0
258  0 119836 2765648 2276504 141803844    0    0     0 499524 140532 827670 75 22  3  0  0  0
367  0 119836 2865680 2276504 141707268    0    0     0 499088 141179 837172 77 22  1  0  0  0
281  0 119836 2847240 2276504 141721480    0    0     0 504080 140438 826995 77 22  1  0  0  0
408  0 119836 2828952 2276504 141736752    0    0     0 499044 140007 832216 75 22  3  0  0  0
procs -----------memory---------- ---swap-- -----io---- -system-- -------cpu-------
 r  b   swpd   free   buff  cache   si   so    bi    bo   in   cs us sy id wa st gu
122  0 119836 2812368 2276504 141752560    0    0     0 501360 142489 835594 76 22  2  0  0  0
346  0 119836 2800440 2276504 141766988    0    0     0 495892 139341 831029 75 22  4  0  0  0
228  0 119836 2787132 2276504 141781752    0    0     0 500780 141895 831089 77 22  1  0  0  0
270  0 119836 2766816 2276504 141796776    0    0     0 501868 141946 827464 77 22  1  0  0  0
134  0 119836 2912452 2276504 141671508    0    0     0 495640 138888 762396 70 20 10  0  0  0
86  0 119836 2899424 2276504 141684336    0    0     0 497280 138518 825908 76 22  2  0  0  0
413  0 119836 2885576 2276504 141700180    0    0     0 498660 139271 817991 76 21  3  0  0  0
218  0 119836 2872616 2276504 141715404    0    0     0 497052 139066 818937 76 22  2  0  0  0
420  0 119836 2852068 2276508 141731084    0    0     0 497592 140711 826858 77 22  1  0  0  0
212  0 119836 2841692 2276508 141744520    0    0     0 496748 139788 823906 76 22  2  0  0  0
470  0 119836 2814636 2276508 141759644    0    0     0 494044 143005 833701 75 22  3  0  0  0
203  0 119836 2802332 2276508 141775160    0    0     0 496432 143172 830658 77 22  1  0  0  0
313  0 119836 2788816 2276508 141790064    0    0     0 498424 142433 826339 77 22  1  0  0  0
505  0 119836 2776436 2276508 141805452    0    0     0 509424 138696 815469 74 21  5  0  0  0
189  0 119836 3005624 2276508 141571828    0    0     0 485876 139580 824726 77 22  1  0  0  0
227  4 119836 2965716 2276508 141584904    0    0     0 509984 140356 825945 77 22  1  0  0  0
60  2 119836 2952644 2276508 141600404    0    0     0 489048 140563 825510 77 22  2  0  0  0
320  0 119836 2936752 2276508 141616404    0    0     0 518164 140715 833078 76 22  2  0  0  0
135  0 119836 2922656 2276508 141630740    0    0     0 491116 140640 828052 77 22  1  0  0  0
232  5 119836 2911872 2276508 141645724    0    0     0 511860 140615 818702 75 22  3  0  0  0
162  5 119836 2898440 2276508 141662044    0    0     0 506432 140345 829998 75 22  3  0  0  0
procs -----------memory---------- ---swap-- -----io---- -system-- -------cpu-------
 r  b   swpd   free   buff  cache   si   so    bi    bo   in   cs us sy id wa st gu
365  0 119836 2881988 2276508 141676308    0    0     0 504884 143648 841192 76 22  2  0  0  0
258  2 119836 2857744 2276508 141690972    0    0     0 506156 139743 802522 74 21  5  0  0  0
415  0 119836 2844920 2276508 141706164    0    0     0 509296 140340 822504 77 22  2  0  0  0
372  0 119836 2828704 2276508 141720108    0    0     0 510048 141827 832648 77 22  1  0  0  0
104  4 119836 2804944 2276508 141735044    0    0     0 498968 142893 835953 77 22  1  0  0  0
196  0 119836 2774676 2276508 141752000    0    0     0 513600 141545 826762 76 22  2  0  0  0
346  0 119836 2863724 2276508 141665876    0    0     0 511116 142916 822604 75 22  3  0  0  0
453  1 119836 2850672 2276508 141681360    0    0     0 486240 139390 814019 77 22  1  0  0  0
242  0 119836 2837928 2276508 141696332    0    0     0 503524 145026 847166 75 22  3  0  0  0
241  1 119836 2823384 2276508 141711264    0    0     0 512392 146665 836401 77 22  1  0  0  0
405  0 119836 2804976 2276508 141725956    0    0     0 491412 142136 820569 76 22  2  0  0  0
287  0 119836 2787812 2276508 141741440    0    0     0 509560 144226 836719 77 22  1  0  0  0
288  0 119836 2767508 2276508 141756792    0    0     0 520432 146314 840280 76 23  1  0  0  0
421  0 119836 2861028 2276508 141671200    0    0     0 535188 142375 829432 76 22  2  0  0  0
466  0 119836 2844516 2276508 141684512    0    0     0 460616 142664 828917 76 22  2  0  0  0
121  2 119836 2829348 2276508 141700436    0    0     0 506308 140803 820958 76 22  2  0  0  0
92  1 119836 2813732 2276508 141714688    0    0     0 502248 140368 831192 77 22  1  0  0  0
357  0 119836 2796900 2276508 141730180    0    0     0 506620 140407 838627 75 22  3  0  0  0
 7  2 119836 2864408 2276508 141635236    0    0     0 556208 143518 802437 72 20  8  0  0  0
214  6 119836 2917628 2276508 141638528    0    0     0 446304 138780 814836 74 21  5  0  0  0
297  0 119836 2894192 2276508 141655572    0    0     0 457468 138349 825753 77 22  1  0  0  0
procs -----------memory---------- ---swap-- -----io---- -system-- -------cpu-------
 r  b   swpd   free   buff  cache   si   so    bi    bo   in   cs us sy id wa st gu
430  0 119836 2879168 2276508 141669004    0    0     0 514028 142163 822242 75 22  3  0  0  0
467  0 119836 2858880 2276512 141684908    0    0     0 508084 142730 832436 76 22  2  0  0  0
395  0 119836 2840900 2276512 141699488    0    0     0 477660 141097 819523 77 21  2  0  0  0
315  0 119836 2823680 2276512 141712296    0    0     0 518516 141586 819058 76 22  2  0  0  0
359  0 119836 2809648 2276512 141729296    0    0     0 507384 142126 837914 76 22  2  0  0  0
201  0 119836 2795248 2276512 141745412    0    0     0 497804 141623 830581 76 22  2  0  0  0
320  0 119836 2778352 2276512 141763152    0    0     0 507436 139558 830172 76 22  2  0  0  0
133  1 119836 2861192 2276512 141671632    0    0     0 504592 141158 828442 75 22  3  0  0  0
285  4 119836 2846008 2276512 141686708    0    0     0 495372 140808 835267 76 22  2  0  0  0
274  2 119836 2826608 2276512 141703224    0    0     0 447744 138072 825165 76 22  2  0  0  0
452  0 119836 2811800 2276516 141716336    0    0     0 521248 143249 835170 77 22  1  0  0  0
336  0 119836 2796720 2276516 141733108    0    0     0 504260 142640 828899 77 22  1  0  0  0
 2  9 119836 2784460 2276516 141744720    0    0     0 521148 142474 828233 77 22  1  0  0  0
270  0 119836 2864416 2276516 141665468    0    0     0 479596 137782 814885 76 22  2  0  0  0
77  2 119836 2849220 2276516 141681600    0    0     0 506184 139681 826451 75 21  4  0  0  0
75  6 119836 2836768 2276516 141694288    0    0     0 527104 141799 829532 74 21  5  0  0  0
287  0 119836 2802212 2276516 141710008    0    0     0 508860 139586 823590 73 21  5  0  0  0
274  0 119836 2786892 2276516 141726892    0    0     0 455668 138197 820007 76 22  3  0  0  0
159  0 119836 2772152 2276516 141738820    0    0     0 509744 140063 815830 75 21  4  0  0  0
175  0 119836 2860244 2276516 141648252    0    0     0 507608 143114 837826 76 22  2  0  0  0
464  1 119836 2825560 2276516 141665380    0    0     0 537056 141043 826080 74 21  4  0  0  0
procs -----------memory---------- ---swap-- -----io---- -system-- -------cpu-------
 r  b   swpd   free   buff  cache   si   so    bi    bo   in   cs us sy id wa st gu
359  0 119836 2813312 2276516 141677776    0    0     0 475928 139982 820569 77 22  2  0  0  0
381  0 119836 2796560 2276516 141694652    0    0     0 440936 137672 820094 75 22  3  0  0  0
146  0 119836 2778880 2276516 141711180    0    0     0 529188 143560 839632 77 22  1  0  0  0
256  1 119836 3015364 2276516 141473696    0    0     0 506952 138261 824408 75 21  4  0  0  0
211  0 119836 2994500 2276516 141490028    0    0     0 496860 140602 835583 77 22  1  0  0  0
199  0 119836 2977992 2276516 141507748    0    0     0 555272 143378 845245 76 22  2  0  0  0
320  3 119836 2964128 2276516 141518476    0    0     0 472296 138564 822827 77 22  1  0  0  0
437  0 119836 2946528 2276516 141535756    0    0     0 514232 141483 832595 76 22  2  0  0  0
164  8 119836 2929348 2276516 141553176    0    0     0 475128 141019 825393 77 22  1  0  0  0
257  0 119836 2914152 2276516 141565480    0    0     0 549316 143015 829502 76 22  3  0  0  0
128  0 119836 2897288 2276516 141581760    0    0     0 510456 140290 814230 76 22  2  0  0  0
310  2 119836 2883616 2276516 141598888    0    0     0 500396 141173 824126 76 22  2  0  0  0
164  3 119836 2829540 2276516 141610460    0    0     0 576464 141465 787572 69 20 11  0  0  0
440  0 119836 2868536 2276516 141626712    0    0     0 440828 139730 828975 76 22  2  0  0  0
182  1 119836 2849492 2276516 141643284    0    0     0 477908 141304 832394 76 22  2  0  0  0
190  6 119836 2837760 2276520 141655600    0    0     0 530380 144321 839149 76 22  2  0  0  0
262  1 119836 2820644 2276520 141672336    0    0     0 426636 135873 828418 76 22  2  0  0  0
308  0 119836 2804916 2276520 141689284    0    0     0 501668 145475 832041 77 22  1  0  0  0
124  4 119836 2790460 2276520 141701116    0    0     0 526800 143211 829838 77 22  1  0  0  0
207  0 119836 2770056 2276520 141718236    0    0     0 495708 139154 834255 76 22  1  0  0  0
346  0 119836 3011476 2276520 141484976    0    0     0 487084 141585 832673 77 22  1  0  0  0
procs -----------memory---------- ---swap-- -----io---- -system-- -------cpu-------
 r  b   swpd   free   buff  cache   si   so    bi    bo   in   cs us sy id wa st gu
171  1 119836 2995992 2276520 141498088    0    0     0 484904 139257 826006 77 22  2  0  0  0
82  1 119836 2983616 2276520 141513772    0    0     0 576604 142608 817718 73 21  5  0  0  0
307  0 119836 2969060 2276520 141529252    0    0     0 455028 138204 836676 76 22  2  0  0  0
333  1 119836 2952972 2276520 141542736    0    0     0 482676 136531 817593 76 22  2  0  0  0
198  0 119836 2937200 2276520 141559476    0    0     0 513892 140942 827005 77 22  1  0  0  0
396  6 119836 2917040 2276520 141575308    0    0     0 528948 140217 829577 75 22  3  0  0  0
174  2 119836 2902692 2276520 141587392    0    0     0 472732 139893 823477 76 21  3  0  0  0
324  0 119836 2886628 2276520 141604904    0    0     0 487928 140105 831669 77 22  1  0  0  0
279  2 119836 2874420 2276520 141620768    0    0     0 557000 144273 846020 76 22  2  0  0  0
53  4 119836 2859644 2276520 141634168    0    0     0 510532 142042 835293 77 22  2  0  0  0
203  4 119836 2847028 2276520 141649764    0    0     0 558516 139812 808584 72 21  8  0  0  0
214  2 119836 2834552 2276520 141665752    0    0     0 423116 138992 819074 77 22  1  0  0  0
354  0 119836 2817696 2276520 141679016    0    0     0 456332 138640 824419 76 22  2  0  0  0
82  5 119836 2799412 2276520 141694868    0    0     0 601388 144573 824515 76 22  2  0  0  0
266  0 119836 2866276 2276520 141609576    0    0     0 469468 140205 821367 75 22  3  0  0  0
273  1 119836 2861556 2276520 141617340    0    0     0 510212 143075 838365 76 22  2  0  0  0
311  0 119836 2844412 2276520 141634420    0    0     0 489236 139056 832411 77 22  1  0  0  0
403  2 119836 2828452 2276520 141647016    0    0     0 509144 140107 831220 76 22  2  0  0  0
121  5 119836 2814748 2276520 141663252    0    0     0 523696 142256 832330 77 22  1  0  0  0
301  0 119836 2795636 2276520 141679488    0    0     0 481512 143615 832366 77 22  2  0  0  0
353  0 119836 2779056 2276520 141692720    0    0     0 493816 139785 828088 77 22  2  0  0  0
procs -----------memory---------- ---swap-- -----io---- -system-- -------cpu-------
 r  b   swpd   free   buff  cache   si   so    bi    bo   in   cs us sy id wa st gu
340  2 119836 2866384 2276520 141609116    0    0     0 519532 143357 828644 76 22  2  0  0  0
110  2 119836 2849900 2276520 141619692    0    0     0 511132 142664 819872 77 22  1  0  0  0
435  0 119836 2838104 2276520 141631368    0    0     0 514528 140338 829524 76 22  2  0  0  0
204  7 119836 2819364 2276520 141649360    0    0     0 491748 137522 812539 76 22  3  0  0  0
206  2 119836 2807792 2276520 141664756    0    0     0 507608 140316 829270 76 22  2  0  0  0
448  0 119836 2793688 2276520 141677924    0    0     0 440640 138560 826563 76 22  2  0  0  0
368  0 119836 2863400 2276520 141573588    0    0     0 561072 146373 782680 70 20 10  0  0  0
386  2 119836 2909452 2276520 141586784    0    0     0 471572 139591 829308 76 22  3  0  0  0
97  0 119836 2897748 2276520 141599288    0    0     0 524292 140533 832836 76 22  3  0  0  0
352  1 119836 2882196 2276524 141616092    0    0     0 517360 138121 818822 76 22  2  0  0  0
412  0 119836 2864360 2276524 141631152    0    0     0 459452 137252 823387 76 22  2  0  0  0
299  3 119836 2848740 2276524 141644604    0    0     0 540556 142666 825459 76 21  3  0  0  0
267  3 119836 2834968 2276524 141661036    0    0     0 520812 142519 835492 76 22  2  0  0  0
190  0 119836 2816948 2276524 141677544    0    0     0 445472 139974 836320 76 22  2  0  0  0
187  0 119836 2805572 2276524 141690660    0    0     0 515588 141461 840864 76 22  2  0  0  0
69  5 119836 2790476 2276524 141707492    0    0     0 571188 143737 835368 76 22  2  0  0  0
163  0 119836 2781936 2276524 141707888    0    0     0 457704 137141 813399 75 22  4  0  0  0
327  1 119836 2854536 2276524 141636292    0    0     0 461200 140596 833170 76 22  2  0  0  0
224  2 119836 2831696 2276524 141651996    0    0     0 521904 139600 821401 75 22  3  0  0  0
129  2 119836 2814748 2276524 141668340    0    0     0 586896 145398 852425 76 22  2  0  0  0
241  1 119836 2801996 2276524 141680708    0    0     0 450588 137331 826491 77 22  2  0  0  0
procs -----------memory---------- ---swap-- -----io---- -system-- -------cpu-------
 r  b   swpd   free   buff  cache   si   so    bi    bo   in   cs us sy id wa st gu
94  4 119836 2782384 2276524 141696844    0    0     0 553968 142139 830636 74 21  4  0  0  0
335  0 119836 2767180 2276524 141713168    0    0     0 392756 137866 834537 76 22  2  0  0  0
285  0 119836 2863336 2276524 141617628    0    0     0 568808 143442 839291 76 22  2  0  0  0
398  3 119836 2845504 2276524 141634236    0    0     0 439568 138299 829303 74 22  4  0  0  0
390  0 119836 2822052 2276524 141646596    0    0     0 496912 138189 816699 73 21  6  0  0  0
393  0 119836 2803536 2276524 141662996    0    0     0 547696 140846 825973 76 22  3  0  0  0
144  3 119836 2786660 2276524 141678596    0    0     0 426040 137520 807347 77 22  1  0  0  0
121  2 119836 2773996 2276524 141691020    0    0     0 614228 143865 835391 75 22  3  0  0  0
344  0 119836 2861156 2276524 141595356    0    0     0 441336 138027 821499 75 22  3  0  0  0
486  0 119836 2845172 2276524 141611304    0    0     0 498952 138090 825929 76 22  1  0  0  0
95  3 119836 2828732 2276524 141624632    0    0     0 558020 142609 837154 76 21  3  0  0  0
439  0 119836 2810756 2276524 141640824    0    0     0 363688 137142 817254 77 22  1  0  0  0
301  0 119836 2789132 2276524 141656772    0    0     0 537056 142729 829935 76 22  2  0  0  0
115  1 119836 2775088 2276524 141669988    0    0     0 581564 143117 836124 76 22  2  0  0  0
364  0 119836 2862792 2276524 141583392    0    0     0 418112 137059 819547 76 22  2  0  0  0
164  2 119836 2851136 2276524 141593532    0    0     0 503460 139742 837113 76 22  2  0  0  0
104  2 119836 2835472 2276524 141607452    0    0     0 523592 141019 829888 76 22  2  0  0  0
